0.000000000000000000e+00,-0.000000000000000000e+00,0.000000000000000000e+00
7.176083775350349501e-05,-3.580093893959439364e-04,4.102535564377573791e-04
-5.360841418195372732e-04,5.943011876182228113e-04,4.643605233114044564e-05
3.784858625559227568e-04,8.997395690431311778e-04,2.454059684630359754e-04
-3.699644385349969280e-05,-1.294752029107236132e-04,-1.179358822903652480e-03
-1.007025232643618930e-03,-2.969148740874255512e-04,8.524607199104079595e-04
2.528169745894974290e-04,-7.061819286339207982e-04,-1.307308639500136954e-03
-4.201952244405510488e-04,-1.324723020193129810e-03,8.972052203530866748e-04
-1.407897598677686169e-03,-1.667840777458505638e-04,1.101250833411244546e-03
1.068123966900482238e-03,-5.004844001476003177e-04,-1.529342696527763576e-03
-4.639260510215164690e-04,1.918100551568525068e-03,-6.036672636194264242e-04
-7.367204271764521504e-04,-8.629441790561562242e-04,-1.876335689965154914e-03
-1.337119589718812956e-03,1.601671900102679498e-03,1.012363671899931808e-03
7.465794439597888896e-04,-1.945172308109669942e-03,1.275857795613761321e-03
5.416963542704654336e-04,9.883594268288969486e-04,2.304362706346999023e-03
1.880639631197321329e-03,-1.862477807703529463e-03,-4.549709788891055868e-04
-7.373774177466017399e-04,-3.648997995135572648e-04,-2.681200517108869950e-03
-2.521879157605206104e-03,-3.983377589938123711e-04,-1.421683268299387239e-03
7.591688965658632783e-04,2.001287067630489835e-04,-2.935712471315833193e-03
3.570508512699795611e-04,9.156499388444527430e-04,2.997523455642088063e-03
2.833564552916183329e-04,-3.254511540316831937e-03,1.284442764549735701e-04
1.908043176682980204e-03,-2.455775579855846383e-03,-1.332765113656954369e-03
3.092432034087781636e-03,1.122695185357929469e-03,1.185293446001191298e-03
2.010532997705496549e-03,1.819883890941779178e-04,2.992622766186169535e-03
-3.043177712642164672e-04,2.673496340731262248e-03,2.572099491645005957e-03
-2.628876822830760601e-03,-2.723895580969435369e-03,6.101779200934775863e-04
8.785363673712026514e-05,-2.812537406430287365e-03,2.766655473338736071e-03
-7.516750624931436238e-04,3.624540298985387543e-03,-1.662065911779311454e-03
-4.090290233307680365e-03,-2.144317644522953368e-04,7.769266337607349127e-04
-7.707473689205299877e-04,4.706588036727918823e-04,-4.183664028360184126e-03
-1.196394410987500689e-03,1.787034166180567578e-04,4.221062913811780837e-03
9.500686253515384407e-04,1.080066708696626526e-03,-4.265830986785330500e-03
3.959543882510693259e-03,-4.648313462411814189e-04,2.319978265875550626e-03
-4.201543797361395952e-03,1.105372535385428130e-03,-1.853571803595977343e-03
2.655523861906457141e-03,4.005948013259859851e-03,-5.195439440752485554e-04
-2.862210272410760630e-03,-2.650096074360625518e-03,-3.039376310565505487e-03
1.877109618762315760e-03,2.274419575026372185e-03,4.106758072280759786e-03
-4.388184540404877799e-03,-2.643212008975837687e-03,6.735662495743509944e-04
-1.744698843098392788e-03,4.600633273903895898e-03,1.909683921357419089e-03
-2.793043906949465769e-04,-1.217360513645871509e-03,-5.242435985615048061e-03
1.570257068006885746e-03,-5.083584542253126448e-03,-1.395517993736646555e-03
-4.644725536263964380e-03,9.025585623784238053e-04,-3.017884948246126343e-03
-4.237514498671898755e-04,-2.032919593559554591e-03,-5.333877219924242769e-03
9.801217825936333738e-04,4.865048705749207628e-03,-3.070437621606734047e-03
-2.225792693889252355e-03,1.096028649950734485e-03,5.405893991833869532e-03
1.587553358351366170e-03,2.387455362896607699e-04,5.843988072493351213e-03
6.084811291147115830e-03,4.848571792541094905e-04,-9.211258852036250961e-04
-6.071423610845614813e-03,9.461716976042087654e-04,1.326259395066526356e-03
7.861458087524036183e-04,-5.433628034750056374e-03,-3.288048547204113197e-03
7.756735156811317465e-04,-2.609006152873345578e-03,5.917087497674526284e-03
1.456993632562611743e-06,-6.233330097521288388e-03,2.250130051146740848e-03
-2.344577806389575372e-03,4.996066407846871255e-03,3.871333688506306894e-03
-2.447230467709411890e-03,6.158280260226372919e-03,1.757818765030204518e-03
4.950621734781749869e-03,-2.210197210357980717e-03,4.381696132801481645e-03
4.035384815389103826e-03,-5.801116142595393217e-03,5.262204614974462557e-04
4.749226600060843517e-03,3.416640994332667287e-03,4.199881545114057119e-03
6.362975789494536467e-03,-2.665267488513865021e-03,2.441806970656392427e-03
-5.390054864355417995e-03,4.519197913720129911e-03,-2.407611519037266331e-03
-5.558850701629722800e-03,2.666099428676715986e-03,4.360714128943724531e-03
-6.557312849591333953e-03,1.435601826454387673e-03,-3.708311355920867591e-03
3.225359180064804447e-04,-3.763340352636750964e-03,-6.809152019677792121e-03
6.002159609552286217e-03,4.873715273931001723e-04,-5.120843762159557611e-03
-6.069619491583728640e-03,-1.755163620248868231e-03,4.945300925813762155e-03
3.585336130426030818e-03,4.063995043317086830e-03,6.077191581636260005e-03
-4.566243900228135304e-03,6.853166084095198632e-03,-6.698502845137720716e-04
-5.187562489797240689e-03,-5.493298842235649036e-03,-3.629998005498936108e-03
-2.600885472017395485e-03,-8.092078141539092023e-03,2.316578223309993779e-04
7.405820554487362734e-03,-3.684043715576623256e-03,-2.440335634199005017e-03
-4.182669170707086458e-03,7.516566905881368749e-03,1.578546672801861431e-03
8.497224887757181405e-03,-1.167996286986823252e-04,2.533609998125448647e-03
-7.164135753305618699e-03,5.200535468729086848e-03,1.566757866104437303e-03
5.843341279230401981e-03,-6.982819578469657076e-03,3.871548649558259982e-04
-7.391094433088197212e-03,-5.371042977348399611e-03,-1.359142260464633184e-03
1.193163013061183768e-03,-6.989984473173227681e-04,-9.258590387694831669e-03
3.874495319553843825e-03,-3.971096825381218581e-03,7.694398744564058708e-03
7.503747563625971263e-03,5.998886925656706816e-03,2.922610435710923577e-04
4.231884422027627247e-03,-3.104904512421420310e-03,-8.201499294741815271e-03
-4.530018697363777207e-03,8.761738202200162681e-03,-5.724288935247245626e-05
-1.189300332766632731e-04,-9.989645340989993308e-03,8.547287823677010262e-05
-8.568669361975913765e-03,4.805575917912783407e-03,2.421772017139046679e-03
-3.392313867457168912e-04,-1.682974279555740594e-03,-1.010168410220908461e-02
7.667703781165415011e-03,9.892960089991976232e-04,-6.919196209345878160e-03
8.208456710771923348e-03,-4.468390985424642095e-03,-4.796294937547737787e-03
7.505654705168016486e-03,-1.933638499101784100e-03,-7.281791399052923650e-03
-8.004370237226823490e-03,-6.982986516545992665e-03,-1.749844524270292509e-03
3.576327836021493483e-04,-9.601904944182296231e-03,-5.139356247019002781e-03
6.026383845137416387e-03,4.919490656832477618e-03,-7.817328910452175580e-03
-2.833014260937686407e-03,-7.513180397332706179e-03,-7.752185067715729704e-03
-2.067568265990309736e-03,3.059493447963890309e-03,1.067358795676448362e-02
-5.122696853524214347e-03,7.734793620735122381e-03,-6.673283711114744686e-03
-7.011791971983208187e-03,8.746385457677176289e-03,-2.833595754635878042e-03
-4.419191541718438384e-04,-1.137582377639989768e-02,-2.689382117798588736e-03
2.394460018031403358e-03,-1.157829686258685445e-02,-4.930691103015287123e-04
-7.968597966234806582e-03,-8.668517087972407720e-03,2.154284412308835311e-03
1.003109434219018672e-02,4.170785456891308411e-03,-5.344842696349369482e-03
-2.893739266763714190e-03,1.189828716438914857e-02,1.264055790946723209e-05
6.262272193226238980e-04,1.154377553895519389e-02,-4.439022424947376699e-03
5.459369701697931905e-03,4.292715956372667591e-03,1.042076696515415769e-02
1.025182680245123167e-03,1.226573528477553285e-02,-2.975002194115589516e-03
-1.268401768581755955e-02,9.627908025044365362e-04,1.456529637787680768e-03
-1.282926006213081296e-02,-1.722548118223187711e-03,-1.293713471795475130e-04
3.119181323585451353e-04,1.160038679601358390e-02,6.050423477510984832e-03
-1.117926349931044720e-02,-6.814919548905915524e-03,1.901229745412922733e-03
-3.256544654434262095e-03,1.272181195828610105e-02,-2.530724087788482034e-03
3.388263689104154246e-03,-7.275246671413748353e-03,-1.087779306870708361e-02
8.561346829659553792e-03,-6.994059157471947327e-03,8.029094825436918978e-03
-9.891331528227910799e-03,8.502551511431430745e-03,-4.533765137751526696e-03
-8.925840675450937359e-03,1.068687235513511927e-02,9.368938303898699874e-04
9.371485245268132772e-03,3.528308594143516035e-03,-9.930730896762151108e-03
1.120359089103547916e-02,7.857229421706225791e-03,3.979649553670304082e-03
6.244176009835154112e-03,1.382586851556592920e-03,1.290194663679106180e-02
4.079602760417052124e-03,1.245025812070957479e-02,6.328039499428580669e-03
2.642351913312009602e-03,-1.107870652706407187e-02,9.294042454081408514e-03
9.316649809780962535e-03,5.150895785317001485e-03,1.035563446744469825e-02
7.619660544509461279e-03,-9.674712492792116383e-03,8.570495757268044301e-03
1.504903785671278700e-02,1.783393615565607038e-03,2.671395821028327375e-04
1.095045106104950219e-02,5.708799033856521397e-03,9.050257175588214895e-03
1.121944343061421351e-02,3.243013236093214390e-05,1.064378861298486897e-02
1.447003788364857255e-02,-1.187534181409485596e-03,-5.762460833310238152e-03
2.190746014999785194e-03,-1.210866062938887938e-03,-1.557685117125347241e-02
-3.411206149317494961e-03,8.014918216777324605e-03,-1.334203665408771437e-02
-1.411992651466283458e-02,7.485552411995207399e-03,1.880781717626657090e-03
-4.148825663900955127e-03,-1.562266461397220259e-02,-1.672837550319262968e-03
-1.349786476667818105e-02,-6.110955680140504843e-04,9.312749279641222011e-03
-9.444020680177899266e-03,5.030133862604728098e-03,1.265287785459776916e-02
6.885520796315786757e-03,-7.566739940518615523e-03,1.323993524068278749e-02
2.504735041862789398e-03,1.001852348845635662e-02,-1.337063449717657698e-02
8.544778118697957114e-03,-5.576452683020036334e-03,1.366922562217962045e-02
-9.413557931767735365e-03,-1.184712957580798818e-03,1.437228331266003287e-02
2.017136690893771983e-03,-1.385730240376622201e-02,-1.030513845570637903e-02
1.689639465529673562e-02,3.804456328787919964e-03,-2.849923969140467396e-03
-1.631946146484152677e-02,-6.674667360208826755e-03,-1.757821251156160662e-03
1.204282928623543261e-02,-8.333906717807159498e-03,1.026900454726629650e-02
-1.231675102526164425e-02,-5.994816341736107761e-04,-1.318841443920735178e-02
1.067945050457538153e-02,-1.428727478038595809e-02,3.737602787742522713e-03
5.488170866192122917e-04,1.396043087154491547e-02,-1.196637745765419258e-02
6.715825759580591921e-03,-1.075841320493026989e-03,1.727613494492285032e-02
-1.487458402830286325e-02,-1.121091756155663012e-02,-2.053424681344881864e-03
1.013025417989728977e-02,-1.479846901872701286e-02,-6.005261841786736256e-03
8.158576614223140080e-03,2.551492534583844028e-03,1.706545137850609337e-02
-1.633610209309757991e-02,-3.555025850180756376e-03,9.566395770187037517e-03
-2.759617905653418812e-03,1.901159900186931775e-02,2.964041515671575911e-03
7.380508560695684360e-03,1.016109205274859199e-02,-1.506792587163190665e-02
1.027390208697489919e-02,-1.467367115464918506e-02,8.421072276633677703e-03
1.513061414033799353e-02,-5.436980418347584117e-03,1.184960701144189242e-02
7.764402770277527635e-03,-2.852250242386795281e-03,1.837710476740184867e-02
1.214858881773882120e-02,-5.479899727051482268e-03,-1.535765258669824322e-02
2.011560747425385903e-02,5.223152718528473919e-04,4.000943269091031436e-03
8.061242827727575430e-03,-1.831498013180812151e-02,-5.295996087626556048e-03
2.948781006422324189e-03,3.889088125013004903e-03,-2.030544611435569288e-02
1.919539429395656152e-02,7.339839672680203118e-03,-4.644166960927708851e-03
1.143572183403632897e-02,-9.404732035119661368e-03,-1.525011934102744535e-02
-5.661926453475812741e-03,-1.895745566725570014e-02,8.267337359063519839e-03
-6.503537378290294262e-03,-1.173976263403857939e-02,-1.696436794043120963e-02
1.132357564249819029e-03,2.167214367713876308e-02,2.275414102241567552e-03
8.945445473746375248e-04,2.036751926336152416e-02,8.298078864267066299e-03
-1.018244193362084554e-03,7.422383708030296998e-03,2.090068326502591417e-02
3.941372887801688346e-03,-4.131606039375379166e-03,-2.165542678565510540e-02
-1.510446491824209495e-02,-1.383150448749493645e-02,9.530223631706115361e-03
-2.255287344477305278e-02,-2.992757709720825048e-03,1.239101940543542620e-03
-1.207192889534521377e-02,-1.313782418547306853e-02,-1.448310789112933553e-02
1.552315723127103975e-02,-1.535505277205080274e-02,-7.774754532210477985e-03
-1.522617445247622346e-02,4.563488925152034068e-03,1.713941583282591399e-02
1.795155452412508165e-02,-1.547549204604192806e-03,1.520290584704966745e-02
1.425295331968542793e-02,1.712756950094031574e-02,8.293054067268011698e-03
1.327206573619983156e-02,-7.542832789439278887e-03,1.848949802798504488e-02
1.580811978729165443e-02,1.385051605787464453e-02,-1.195556115834954872e-02
1.165045695401527130e-02,2.109103228286487303e-02,-3.742714297369659996e-03
-2.209024134635938913e-02,8.682250171966056709e-03,-6.423127627527963450e-03
1.420775593177601992e-02,-2.022594687385914983e-02,1.963090562876434932e-03
1.825929149999106979e-02,1.643521202979648932e-02,4.649208378123857906e-03
-5.246159049064076825e-03,-5.953654248173504381e-03,-2.392991205772169658e-02
-1.020707145150611013e-02,2.198590531741918819e-02,7.659500522804338525e-03
-7.859921671099587975e-03,2.392944163695153587e-02,-4.754854245567892608e-03
-1.559055164051125451e-02,1.341481246237161834e-02,1.564950403605340143e-02
-8.622819558806987111e-03,-1.164802417736567411e-02,-2.165589048234205574e-02
4.791440114064172387e-04,-2.113658204180834249e-02,1.559664320825516169e-02
3.810558540728448476e-03,-2.345089966278421020e-02,1.171174808372226275e-02
-1.451786377095112823e-02,1.901575009338718827e-02,-1.186643869609843062e-02
-6.533726561818698451e-03,-2.059934890970606045e-02,1.605825042256726204e-02
-2.714322041030954938e-02,2.820246729956497843e-05,9.471016552588253058e-05
-2.356830075880447101e-02,-4.695117935419751594e-03,-1.308795921248161881e-02
1.941941872882358561e-02,-8.946138185531993595e-03,1.743167649689555260e-02
2.432002947815677801e-02,-1.290283041029189996e-02,3.929413058165626485e-03
-1.474953896398350009e-04,1.096708999998464475e-02,2.579993670448058399e-02
1.141620097539133329e-03,4.917399023832072849e-03,-2.780600340546636115e-02
-2.437929070086973168e-02,3.346619351198843340e-03,1.435293819756631485e-02
-9.734371015849478323e-03,-3.015447293451579101e-03,-2.684739492944115610e-02
1.047536274729257179e-02,1.962982723998702925e-02,-1.851561153487501707e-02
2.312982584476729053e-02,-1.316477259128282125e-02,1.195959074687670889e-02
-1.814718195672115550e-02,-1.726913476433219324e-02,1.540826544673476114e-02
-4.702432135344000209e-03,-1.510632433750250074e-02,-2.506905660480549664e-02
1.447671273325676182e-02,-4.218068318690420572e-03,2.579550046757586243e-02
1.581591165486914349e-02,1.722788589297113634e-02,-1.897440715552896687e-02
-2.345179425477350588e-02,-1.449049221788105586e-02,1.270437607306210311e-02
4.052431374812345659e-03,5.428739731990523017e-03,-2.983382397801022379e-02
4.702881227492746764e-03,-1.603213670032449523e-02,-2.591509350826781688e-02
-2.641291863359953793e-02,1.531439202619974075e-03,1.630157799680963249e-02
2.594621819006382932e-02,9.273060669948070614e-03,1.489055022593941367e-02
2.380656420357940214e-02,2.052268104953074504e-02,2.897290327072375108e-03
-2.961205986471321383e-02,9.031665956419064958e-03,7.314035103626004460e-03
1.060690053367932366e-02,2.706403225099292958e-02,-1.352027115327973129e-02
-1.516776973747736151e-02,-1.912506483760844506e-02,-2.116548461363660857e-02
-1.376886000841841089e-02,4.780508681354644733e-03,-2.911411421161240812e-02
1.730934511577941412e-02,-1.118157497650336396e-02,-2.553244236556462959e-02
2.042602156415152317e-02,3.038193495064415474e-03,2.582242482899206257e-02
-1.424290127893225802e-02,3.005920533405196174e-02,1.940358577719670597e-03
-1.183187303340398934e-02,2.088378102874427489e-02,-2.347797565730380676e-02
-1.863778342100558955e-02,-2.806226127235663878e-02,3.142524356652809988e-03
-3.046680979561790584e-02,7.436017699599462190e-03,-1.337308188625820245e-02
-2.370945897188235507e-02,-1.333060196783175102e-03,-2.482559268929233204e-02
-1.878766675256627813e-02,-2.243791743934802491e-02,1.849041583339993550e-02
7.813598953791599461e-04,-2.224837277070516178e-02,2.685297133660273505e-02
1.312194226113183766e-02,-1.710120207551617602e-02,2.776047672165201513e-02
-2.880139393785907404e-03,-2.952469957817251134e-02,1.934232794393576579e-02
-1.990020683727143982e-02,-2.155285745342740145e-02,-2.031468675390344161e-02
-1.756946255969538129e-02,-2.921647176832118872e-02,-1.141492271624650751e-02
-2.953177315572641862e-02,8.137498807801584258e-03,-1.933552055741398143e-02
-3.128085958366867009e-02,-7.165443909643109607e-03,1.738540768289305316e-02
-1.191518876603426917e-02,-1.830460492629649299e-02,-2.958387393775687227e-02
-6.132641718934661243e-03,-1.420611820760011440e-02,3.366348576923035990e-02
3.186702313756657745e-02,-1.457550233422947629e-02,1.286046475662848410e-02
-1.942830186562808162e-02,-3.191038884789067220e-02,-4.310375910035911182e-03
2.016987546005957407e-02,-2.404844753557388443e-02,2.122278666870817607e-02
-1.370040732243323588e-03,-2.157914256011114751e-02,-3.145715674831199571e-02
4.997407053087996390e-03,-3.791931519378746035e-02,4.007291623901687756e-03
-3.482342002346344723e-03,4.972070761233723067e-03,-3.826443796114963047e-02
2.769983415255001385e-02,-2.740827340321402503e-02,2.218990747988903566e-03
3.678342065234006374e-03,1.871484125426239181e-02,3.438522144558862903e-02
3.204650881878449986e-02,-2.250351013679368489e-02,-5.977850463949556555e-03
3.464128597978086144e-02,1.936487383564970341e-02,4.172802689430631269e-03
8.187850017573375903e-04,-8.648719829077131408e-04,-4.018243532266627810e-02
-3.904167420446721243e-02,7.063519294707154388e-03,-8.113645283396980420e-03
5.430117657595848364e-03,-3.823206300804128654e-02,-1.315475003023723437e-02
2.229978268365871014e-02,-3.412906670939572923e-02,-5.169058861223759654e-03
-1.043008813897326574e-02,-3.851134201110394117e-02,1.103521098237267989e-02
7.537730483275005382e-04,-3.400402178894065819e-02,2.412606232281562860e-02
-1.148957612084021418e-02,-4.034781039238687084e-02,2.123210792321318739e-03
-1.300881463113824632e-02,-3.987612208331654112e-02,5.569807869686114327e-03
2.253201218459677246e-02,-3.410188614313357930e-02,1.208144752376463446e-02
3.718221925684166151e-02,1.591047277173924818e-03,2.140380680776023115e-02
3.988823083722260743e-02,-1.669450748580149357e-02,5.696976912339990528e-04
-1.562567192802713500e-02,2.816658854522791772e-02,-2.932351402832941711e-02
-1.556350573060734897e-02,-4.098720376048452241e-02,1.690199052056090209e-03
-2.044909647476793671e-02,7.179671181395010440e-03,3.851394518673664086e-02
-3.381654762672241981e-04,-2.665558499019128266e-02,3.564796330888399950e-02
-3.240350426422140134e-02,1.554118030567875133e-02,2.680752733717242653e-02
2.034396678985168211e-02,3.948716540797872487e-02,-8.134477950830935888e-03
-3.918527055312227142e-02,-2.216157745495419412e-02,-6.493670139384510875e-03
-4.009801873428335550e-02,-2.013741251023442799e-02,-9.236578835541403923e-03
6.015889069575234421e-03,4.551549071793721535e-02,-4.594940208178095037e-03
-5.285451104205796807e-03,-1.096112577783335366e-02,4.485043503879697357e-02
-4.058968537997850734e-02,2.192665634639808653e-02,-7.900853283928211887e-03
6.132608006739374146e-03,3.512171993034856471e-02,3.083936917416896240e-02
2.217789138649912950e-02,-3.233873892651117909e-02,2.676668405590127559e-02
4.573025078550427280e-02,-6.516998102230327043e-03,-1.235697282008478906e-02
-3.805489909380127544e-02,-8.322530790409312512e-03,2.831460542776314745e-02
8.214716905856418033e-03,4.754580642833015208e-02,4.922683411262084030e-03
4.020357731226782694e-02,1.734528055774721064e-02,2.165005372529149597e-02
-2.848105730662713400e-02,3.140855866055356632e-02,2.494540564830390744e-02
-1.319987232085237557e-02,-4.468802187386144292e-02,-1.682730746275262063e-02
2.253712570920468616e-02,2.846099935001506626e-02,3.422549413772738719e-02
1.185073161516616430e-02,-4.679750974376536282e-02,-1.393780907245770716e-02
1.464390437094948566e-02,4.843140705236713417e-02,-7.054261517600036438e-04
3.824197531304440734e-02,1.529020174126264654e-02,3.001003354944437040e-02
6.862927488322216488e-05,2.132684272378986001e-02,4.667730735969286698e-02
-5.049343994309144629e-02,-6.170510891033405623e-03,9.120995993630930804e-03
-1.968007003377486921e-02,-4.328188788046652413e-02,-2.116496781408969477e-02
-4.262802855788932338e-02,2.926202151019194342e-02,8.566443435100953505e-03
-2.814835556675812644e-02,-2.561575357493474370e-02,3.656517524181915335e-02
-5.028920154730277120e-02,7.635700850951769808e-04,1.717941977279313984e-02
-8.123834309635688533e-03,-5.250299209450635940e-02,6.471128006883987774e-03
-1.850170740946155412e-02,3.972298069779710630e-03,5.046358996248997281e-02
-5.243408110029881830e-02,6.728759965678349740e-03,-1.228031732185507971e-02
2.070283508655489102e-02,2.493317316855367567e-03,-5.051599573853143843e-02
-3.755428029593350925e-02,-3.942379435352982853e-02,7.996055939959041334e-03
3.224828539505487229e-02,3.687368744913579934e-03,-4.491428542610371305e-02
3.013025010922010249e-02,-6.241939228279555149e-03,4.655038435020117382e-02
4.633864480575954070e-02,3.014518292275464306e-02,1.005844825924858375e-02
-1.126255933689168306e-02,3.292156907181956887e-02,4.461502677655590499e-02
9.714375660977027371e-03,-5.377167054677091385e-02,1.612391658496697619e-02
1.053492751117579389e-02,-5.332235895794418951e-03,5.613790401240598138e-02
2.265780879975072548e-02,5.313168715759189475e-02,-4.982462287088240552e-04
-2.574335706814135163e-02,6.874663503881948794e-03,-5.170033958613319547e-02
4.734254710062943405e-02,2.826922663051159926e-02,1.973171136864610917e-02
-2.352697767411152455e-02,-5.406525068082027041e-02,8.587876358066627060e-04
-1.719093192954214769e-02,-4.807967964044252557e-02,3.030237059891875001e-02
1.302428620578519047e-02,-1.766748651226574679e-02,5.560909430442130541e-02
3.332916975915583419e-02,4.207747226067199559e-02,-2.724235890954388242e-02
1.120232344174762994e-02,-5.946406110020193564e-02,-3.465264417954305731e-03
-8.465198678111863703e-03,5.912725972141787828e-02,1.250610968438351997e-02
-6.101531459792227524e-02,1.967773817307621293e-04,-7.242615968176205864e-03
-2.117571472809507901e-02,4.468404045958406651e-02,3.717809963646017540e-02
3.511594602808143506e-02,-1.097797527908596707e-02,-5.026157137211208215e-02
4.177672112290319734e-02,-4.244358411649596513e-02,1.965644476397890653e-02
3.471682741419508667e-02,-2.662745069074421225e-02,4.552785100908116056e-02
-5.916436690888150080e-02,1.852818590024997436e-02,1.407027493192448096e-02
-6.040194011791225753e-02,-7.798127657442728046e-03,-1.969273624964826969e-02
3.465946062742072953e-02,-5.208809423679987283e-02,-1.544624353641501149e-02
4.833527819074161236e-02,1.931495139554126675e-02,3.873507918666781874e-02
-4.053840255518313673e-02,4.268062087013819311e-02,2.832377334644501157e-02
-1.982771828032510453e-02,3.049707444645482352e-02,-5.479247649376987189e-02
3.421926086408987738e-02,4.534061716012723064e-02,-3.402393110675480670e-02
-4.696780148703712937e-02,-1.261936475228497487e-02,4.559402829717506406e-02
5.320208485902470225e-02,2.584522490497525790e-02,3.171813076497419920e-02
4.882664357732760529e-02,-1.135112912799347840e-02,4.530777782895384354e-02
6.583719277621745414e-02,1.001452952654967136e-02,1.388671529888745558e-02
-1.110600297900787674e-02,2.561854939508257864e-02,-6.253626412540949642e-02
2.043222031307712766e-02,-5.638178934024104527e-02,3.402384593809534147e-02
-5.259152749677544446e-03,-3.583656597669371974e-02,-5.921535072926681353e-02
4.121699305559462650e-02,-4.932869424939358843e-02,-2.741173187544370185e-02
-5.304012689522038387e-02,4.608948398496048870e-02,-3.475839078745122934e-03
5.454426622068245939e-02,1.558228100019658745e-02,4.240921834659560491e-02
-6.977793618596143943e-02,4.362183313178591947e-03,1.400473002279360203e-02
5.057503830459236793e-02,-1.418915339466954653e-02,-4.892347598854774465e-02
-6.851166843334170753e-02,6.099880280259199761e-03,2.215929279216567738e-02
-3.450854463668456829e-02,-5.374054673037050728e-02,3.483534646326569978e-02
-4.828263718308459934e-02,3.823163352425201778e-02,3.963206481901036110e-02
5.307458327022354649e-02,6.253190735644975108e-03,5.079016336256835656e-02
-4.672548532253027742e-02,-5.501183058999641051e-02,-1.729378691648962921e-02
7.059726433998085582e-02,-2.446482679368057467e-02,2.454945997281686746e-04
-2.861081902674510527e-02,4.978412425117373363e-02,4.858364272018191043e-02
4.131192896493555283e-02,3.859978189016551042e-02,5.036447210226024929e-02
-5.774999829406166768e-02,-2.869182048099250953e-02,4.064063818966066888e-02
5.634430245246194180e-02,2.289677621241329591e-02,4.678369555520691531e-02
5.157034279905070573e-02,9.048429198107886193e-03,5.678885453745724510e-02
4.115010962821816914e-02,4.171413937423029683e-02,-5.111388725742433553e-02
4.174879102592794766e-03,-7.275465809673968554e-02,-2.856650869175051191e-02
-4.847962431894010937e-03,7.827519669305034455e-02,-7.609604672195673970e-03
-5.616462859778845185e-02,-3.271617419514561559e-02,4.545689203487801588e-02
7.795451837428156450e-02,1.694596023695147183e-02,3.292020040334243426e-03
-4.317730491139896987e-02,1.811346978184837433e-02,-6.532497527777336721e-02
3.815311409160190154e-02,-5.703052829675555463e-02,-4.286576703350169354e-02
1.522366917299369272e-02,7.915962947290697271e-02,-1.160052109976090172e-02
-4.962175497629844195e-02,-2.636080540983723117e-02,-5.969442171677750292e-02
-7.654031270910990892e-02,6.885104888772084104e-03,-3.006610826914940526e-02
-5.973199667181934569e-02,-4.139829235991560746e-02,4.022864321570328999e-02
-4.462253861941030408e-02,-5.889113424967205163e-02,3.914266076557591095e-02
-4.754529156975509374e-02,-3.672252269900172506e-02,5.894864433719416985e-02
4.695172429377381801e-02,2.233222227386575179e-02,6.689218808345119560e-02
2.359793119811305628e-02,-7.933854891320969716e-02,-2.052266693076634438e-02
-6.008512656228408300e-02,2.708010299926589051e-02,-5.500155880581879958e-02
4.468046228544018256e-02,3.976228411979488425e-02,-6.235883164292815861e-02
1.728301912740347682e-02,7.668516527693218510e-02,-3.721811008855780561e-02
6.275847097783278372e-02,5.149897244526319140e-02,3.276378313467547682e-02
4.208425667552812693e-02,7.623230866280919504e-02,-1.351899168916176341e-02
-3.361096967806672525e-02,7.148112766938725937e-02,4.035100216630075481e-02
2.459715872174465107e-02,-2.678120945463938196e-02,-8.153965942410322520e-02
6.103297263911315607e-02,6.451604470706316652e-02,-1.372719920712671578e-02
-1.250284725726533673e-02,8.551127270263420010e-02,-2.670954877934831467e-02
-3.142136749604720891e-02,-5.914473752287483649e-02,6.167609404297549197e-02
8.690393355194091229e-02,2.482241042785087934e-02,1.515526250173882677e-02
4.287557225516370335e-02,-3.951080334197579896e-02,-7.147622978397029370e-02
5.427709641776397309e-02,4.239920307721010452e-03,7.520508788252899812e-02
-1.617757706443228791e-02,8.636467030107264353e-02,3.181385091261599435e-02
3.010007259433926732e-02,3.378285112735397722e-02,8.246034962845240346e-02
-3.849806599188988765e-02,5.176080246379802935e-02,6.929257195742496989e-02
-7.371612912990650746e-02,-5.664881476211371808e-02,-2.089893897427961070e-02
-3.062997903194658242e-02,-8.880903980649011709e-02,1.932146011438669320e-02
7.943664515096979239e-02,-4.447871460805347815e-02,-3.209577303458705649e-02
-8.611381009482156623e-02,1.834489731105413274e-02,-4.108724689512729955e-02
9.165539286748167203e-02,2.852885116423340556e-02,-1.867624364548697499e-02
7.138590985857977411e-02,-1.394598984308036312e-02,-6.631458427178336945e-02
5.790902412685770134e-02,-4.619284438372502771e-02,6.578018833531379395e-02
1.300213350854245199e-02,-9.259692152294853040e-02,-3.462361563365079498e-02
-6.971848971166595688e-02,-3.605220627332243744e-02,6.253776020354444298e-02
-6.261227450285872242e-03,-5.387074240865683677e-02,8.521213942457803170e-02
-1.839488529973404285e-02,9.944947957246372261e-02,-1.031464920247454099e-02
-5.820912961516959416e-02,-6.284486312625159332e-02,5.595912459621638774e-02
6.327816028040796070e-02,6.130442131202677725e-02,5.331746612098955257e-02
-6.178015395491903705e-02,-1.954168347808133213e-02,8.089522864796125368e-02
-1.002125210154340279e-01,-2.884957096537498281e-02,2.674985354433214498e-03
-7.744684214893796104e-02,2.801184420123255595e-02,-6.511799464264880766e-02
-7.931252081979633939e-02,-2.406200174416497917e-02,-6.554654764013505275e-02
4.069920666771174173e-02,-4.847670750776914700e-02,8.546306005561166153e-02
1.019129365669906168e-01,1.067354443810125501e-02,3.092760182589180187e-02
6.801315092037917009e-02,-5.639719294255625404e-02,6.163120130624673287e-02
-3.176377863947582592e-02,-7.576451983478573425e-03,1.033851093085985801e-01
-2.150704286297810963e-02,4.840910798881689625e-02,9.539741852081758122e-02
7.204777662822180184e-02,-7.641474227929782870e-02,-3.209809327421229291e-02
7.141069818767324662e-02,4.241272240741063293e-02,7.292241340931890359e-02
4.886732069230056291e-02,8.498088164550532397e-02,5.257174002300311899e-02
-8.468488295858142556e-02,3.060503378975407140e-02,6.651956171962769560e-02
7.210207380805232213e-02,-8.634664335261180157e-02,-6.329795951566619810e-03
-5.747013911046811724e-02,-8.809255068100076136e-02,-4.236588732397978535e-02
5.788083372653213265e-02,8.684575010302769682e-02,-4.616375549259307126e-02
-3.022967851569276221e-02,1.094034768488118259e-01,-1.755114528788144154e-02
-8.207596957713339525e-02,7.866376145782125184e-02,2.088404819764856299e-02
-1.070649101735801911e-01,-4.289022322073435256e-02,1.515989649760699637e-02
5.104392093438225864e-02,7.213606339494246789e-02,-7.679197864694772835e-02
-7.834773712363553300e-02,7.286953945364098295e-02,4.933276735390231676e-02
2.331713665731266483e-02,3.912789577887216402e-02,1.094783447228225709e-01
-4.559986735875758146e-02,1.011829933107984275e-01,4.385396201002700334e-02
1.148798911810028217e-01,-3.393882060605809409e-02,8.592680791046367408e-03
-9.744923777951486343e-02,6.549739101942959885e-02,-2.866368806694648969e-02
-5.011921891661841322e-02,-1.002918100447135197e-01,-4.716530730009536876e-02
-1.123700636215766574e-01,2.343118728700362488e-02,-4.252392008662014833e-02
-7.283055224555440299e-02,-6.813001186836462053e-02,7.231920424582204132e-02
-9.934691716262572525e-02,-5.472395953156965892e-02,-5.005611766716588223e-02
-5.693093178387331754e-02,8.444401801961463894e-02,-7.207416481593832691e-02
4.367523489625245448e-02,-1.177150950269844482e-01,1.062864890871427796e-03
1.152152222612185806e-01,2.336653461036332369e-02,-4.632813939493500566e-02
-3.803953091203185304e-03,-1.263628063022126102e-01,1.373417194457911966e-02
5.405560942728838969e-02,-1.143976066116412921e-01,1.918750799343404284e-02
-1.269561542837719659e-01,-2.084574380577318073e-02,5.782324092078532443e-03
-3.382332997254079016e-02,1.172083298694486103e-01,4.376605644232871989e-02
2.659482352406595390e-02,1.197656173972563853e-01,4.427440116900875633e-02
-1.226579874086452249e-01,4.628036104468777334e-02,-6.412514268236728203e-03
-5.218067533078244585e-02,9.527197365743451940e-02,-7.515137331603770343e-02
-6.503322277197041978e-02,4.964333795945435196e-02,1.047642190064149298e-01
-2.725691015714353307e-02,7.425000279980654982e-02,1.078798877664694511e-01
5.765007872050854215e-02,-3.729407127060302418e-02,-1.157894776759829797e-01
-4.693846208212204552e-02,-1.103715498616620987e-02,-1.265971903250374397e-01
-2.099733639441247676e-02,-1.252050613421274231e-02,-1.341169906303310844e-01
-1.134370258918741131e-01,5.827719395645951372e-02,-5.056502470438817287e-02
-6.444844488752213274e-02,-8.352357269798363348e-02,8.905117873477340351e-02
-3.761205657780149897e-02,-3.874680698734579709e-02,1.280067998011971409e-01
-9.648820789237042006e-02,7.129550010858091980e-02,-7.178779532072243619e-02
-5.999187942987566080e-02,9.028091635172789953e-02,8.969186429207946787e-02
9.016091959397262712e-02,-9.159751651894020366e-03,1.087760811662947386e-01
5.508945092346671790e-02,2.596593342255703804e-02,-1.288019971849840295e-01
-3.471250109854413270e-03,1.089395852479207866e-01,9.314593204614897426e-02
8.303714137850469468e-02,-6.576394710814222055e-02,-9.795993719689979895e-02
-1.440852319326924869e-01,1.785852243790301760e-02,-2.917236183734398815e-04
-2.565598951155119434e-02,-1.408575243562086021e-01,-2.910452253206252324e-02
-1.618501709331323160e-02,1.449102146922384704e-01,-1.884314961906640579e-02
2.162193672885948104e-02,-9.782616330382175318e-02,1.088653825821334492e-01
-2.271651827325299466e-02,-1.469966024219345746e-01,6.448970184098578445e-03
-1.332920557468351141e-01,-5.673735018049071155e-02,3.820482393653654163e-02
9.987202859237157004e-02,-8.380459947440022095e-03,-1.126239567996533408e-01
5.451390466018814218e-02,-8.256713633229949278e-02,-1.150064377897590251e-01
-1.336499370068355286e-01,-5.412069486555196041e-02,5.014479173383602079e-02
-1.154448230099411610e-01,7.893137721247811545e-02,-6.357682956249996464e-02
6.328830814734495713e-02,-2.984885079174415604e-02,-1.378431695300242343e-01
3.296035910967023280e-02,-6.364283321610043898e-02,-1.380629012075537398e-01
-6.114889398536937914e-02,-1.216071824854805632e-02,-1.435821265519073020e-01
8.466456972365724032e-02,-1.321975246109490798e-01,1.292610581842100134e-02
-1.567639656483013622e-01,8.923400583599078520e-03,-2.165691989215218216e-02
-9.952391718460368297e-02,1.146995165593750338e-01,-4.877137296751719864e-02
-8.902071025065133592e-02,-1.308873706062583797e-01,-2.652078148506721231e-02
8.375639158956145816e-03,1.182584958945651944e-02,-1.608519630684890622e-01
-1.258973453360529848e-01,-4.889975879415058013e-02,9.038692275532822507e-02
1.374165866785186374e-01,7.944085350801632917e-02,3.935385217258285245e-02
1.598487997815873085e-01,-3.285822529721683059e-03,-3.893940170827756009e-02
-5.849663326504132149e-02,1.236879863777970434e-01,9.326336984716773748e-02
5.116430250462349061e-02,-1.348291492563038485e-01,-8.346262973748545810e-02
3.953527025661622563e-02,1.511913945285665029e-01,-6.073782965692237079e-02
-6.548488186466155936e-02,-1.149247302390049297e-01,-1.047258688875548904e-01
-1.696526903129119968e-01,-5.883020935730033478e-03,1.907016867992347578e-03
1.575979316859015267e-01,5.716156088521213985e-02,-3.281603090414763474e-02
-1.570004387324361317e-01,-2.980073382605060925e-02,-6.332288579864239764e-02
8.677055074269952872e-02,-1.721623437871739118e-02,1.486321089658713956e-01
-4.533188755831774747e-02,1.578978056093889026e-01,-5.748795949239117464e-02
-9.727423720961105025e-02,-1.437084470782966084e-01,2.358523130944034304e-02
-1.640372859519834414e-01,-6.415833614156159215e-02,5.463457727832401675e-03
-5.270742494816037238e-02,-1.406259414298118016e-01,9.428167150070795866e-02
-1.252756596591990956e-01,1.029378704216684509e-01,7.446935726042891446e-02
-1.187046418979351703e-01,-7.164738541502302382e-02,-1.140598460892759541e-01
7.868585057579428887e-02,-1.338831320579072538e-02,-1.620673638609319844e-01
-1.046729855674362886e-01,1.318449161124323754e-01,-6.859066962505511178e-02
-1.017262506510498432e-01,4.547538310766242181e-02,1.450536890293386560e-01
1.054557414758130161e-02,1.784903712794265462e-01,-4.363978331786641518e-02
1.012112702221998756e-01,1.323576355474970212e-01,8.083878308882579133e-02
1.453433256698415110e-01,-7.779584407096408472e-02,8.688016175964737020e-02
-6.485656652407417733e-02,1.584834272168520186e-01,7.638544738805656820e-02
-1.745224542433185810e-01,-3.605407918502688547e-02,6.195531099841728589e-02
-1.610678082661948507e-01,-8.927598748454806943e-02,-4.612017794655367403e-02
6.800919730180663217e-03,-1.630618630273832081e-02,1.902026011024380847e-01
1.311827835531681197e-01,1.034474653027832314e-01,9.504417097934730885e-02
-1.562848270261303352e-01,1.122889426506052946e-01,-1.923507086662039692e-02
-6.563935608965834612e-02,-1.435691091568602751e-01,1.137926423562046208e-01
-1.279169981957410385e-01,-8.065351666025846744e-02,-1.243902238407773725e-01
-1.489100455398778000e-01,-4.720105415285699019e-02,1.200648054808048093e-01
1.510432836814230573e-01,-1.027056498116868388e-01,7.705837068185948657e-02
-1.756666524605223281e-02,9.519295709430265068e-03,1.984691269463587648e-01
-1.766936462596678248e-01,1.906701210568982965e-02,9.327175931299690192e-02
-1.081323360246386617e-01,1.669329115143402542e-01,3.500344995588194896e-02
1.055854815497053317e-01,-1.509300897939584718e-01,8.580767378854547989e-02
-1.118859193426060827e-01,1.685483142959096348e-01,2.961423904101806448e-02
-1.411228464829755169e-01,-1.412119018247759150e-01,-4.966503797071746690e-02
7.621893875308444199e-02,1.311623799977006469e-02,1.920080496792255231e-01
-1.863093864529156707e-01,6.302497667490646049e-02,-6.853372981473369874e-02
1.282777348717273613e-01,-1.639179869296460146e-01,-2.437476677569372363e-02
1.963656302056493719e-01,-3.977521546041199590e-02,-6.573902477034937464e-02
3.882425073012123889e-02,1.025030621589003016e-01,1.816598198165183253e-01
2.877310445691984298e-02,-1.688893143403497402e-02,-2.108539590644093187e-01
-1.439413392809556214e-01,7.277888039034319245e-02,-1.418500661758231585e-01
1.892765423525070156e-01,-6.048046758286299007e-02,8.500272831924220174e-02
5.427291807251249933e-02,-7.467142058767402280e-02,-1.968912497958586472e-01
4.946914077996692610e-02,4.144954393853175073e-02,-2.090642541961465761e-01
1.083770305610925050e-01,1.697926319096682846e-01,8.882955499275679845e-02
-2.147672200201645731e-01,5.321065675464448086e-02,1.045675265033610760e-02
5.907053444182624319e-02,-7.813382222400820643e-02,2.001963808710764403e-01
-5.119137298390907115e-02,-6.863965582914144381e-02,2.072567165453492177e-01
2.174949927715114639e-01,4.305988678420981375e-02,-4.184514593647594566e-02
6.841433905827350170e-02,3.275993769370891262e-02,2.139742419838963072e-01
1.401395477638786857e-01,1.904082520861073713e-02,1.793715660258330125e-01
-1.366206712443350790e-01,-7.929250189118544623e-02,1.669374246828752573e-01
1.833529227852800647e-01,-1.324751663402040369e-01,-4.801316040647737177e-02
1.613516871253403151e-01,7.897654438112149122e-02,-1.478583174248533638e-01
1.086987186187835311e-03,-2.066052991521632742e-01,1.100696317261428969e-01
-2.015538655999853379e-01,1.210771077554585323e-01,1.397250966540190126e-02
-1.476752543009659246e-01,-9.589465879827124839e-02,1.586186700689263540e-01
-2.350728197903912964e-01,2.656920234164969127e-02,-2.985922078802049490e-02
1.697132739869658402e-01,1.634724579467279060e-01,4.508158482663515015e-02
1.992738794385858214e-01,1.233805358115663414e-01,-5.775207844949249714e-02
-1.026445644516276318e-01,-2.144884165254673514e-01,-4.945187080844804656e-02
2.026489529000405909e-01,1.796680470951834974e-02,-1.353680098879574412e-01
1.541013668357727818e-03,4.763648577435523890e-02,-2.412018133433148082e-01
-1.392087666574493288e-01,-1.182897102345296381e-01,1.668032072737556382e-01
1.188485338734679986e-01,1.524302053707391746e-01,1.568082689952943198e-01
-1.971315560787597343e-01,6.019782579542091311e-02,1.422223225857989215e-01
4.075161132732468133e-02,1.771767228499278590e-01,1.744471244127731024e-01
2.028232272505053890e-01,-5.558878929232203420e-02,-1.415567364442574805e-01
9.407599730679620798e-02,2.089686558216819479e-01,1.119756155512094953e-01
-2.060168256384846963e-01,-1.423067898654798713e-01,5.624216417790655481e-02
1.979724711049252461e-01,1.313676590571102032e-01,1.010794394442894456e-01
-5.698212350131758724e-02,1.907591908419149496e-01,1.668881371920634404e-01
-1.110599319601853346e-01,4.551200933477493604e-02,-2.321895858339305674e-01
1.102278774519081517e-01,1.946704592185946603e-01,1.382421101991644641e-01
1.423995981169283997e-01,-1.939544073811027280e-01,-1.100538016131600849e-01
9.904421894892441458e-02,-2.308077395802320686e-01,-8.823965345745507505e-02
1.243393729450286284e-01,-2.130883277736750694e-02,-2.362724252394130531e-01
6.502760246736113969e-02,-2.589474314432587687e-01,-3.657807499833103104e-02
9.339739111861004861e-02,2.206590245832881769e-01,1.268810083647976816e-01
3.828176175905963902e-02,1.913809416657388240e-01,1.905854865138801313e-01
-5.783148541977106011e-02,1.561654734145083712e-01,-2.181661363494701855e-01
-1.234254254878359019e-01,2.405256861291519832e-01,-5.627429489925797612e-02
1.992202567282713166e-01,-7.159158953812803580e-03,-1.935176213084937591e-01
8.983628058840935349e-02,-2.643643803555657534e-01,-1.330558510449616171e-02
9.915980537555507679e-02,-1.455241264052108408e-01,2.192822309768781008e-01
2.046891848814866299e-01,-1.880293348040954493e-01,-5.302846959257601772e-02
-7.071325955185586709e-02,2.718237617821201435e-01,4.645392260143169777e-02
-2.256637898611285609e-01,1.509361554068757716e-01,9.129205482399753435e-02
8.669647254532505953e-02,-2.267697903160286743e-01,-1.552575080885343628e-01
1.850611921507427649e-01,2.141961377625818119e-01,-6.273601362935168901e-02
-2.867878923312028872e-01,3.420395315966499872e-02,4.094179877739004270e-02
1.786546914261426811e-01,-2.303677081048055852e-01,-3.389798571292960278e-02
2.246357240800878063e-01,-1.867585173285830624e-01,-4.302189919211435454e-02
8.317629610103678683e-02,-2.680225366993489455e-01,-9.748927803323495511e-02
-6.676855917435482735e-02,-1.417046069947468512e-01,2.545601458833108843e-01
-2.874415529306977857e-01,6.477647532864765079e-02,-6.011702500966070034e-02
-1.511832573694910260e-02,-3.020597891596476514e-01,8.413312205046078254e-03
-1.343853943095076608e-01,2.667494234210999182e-01,5.869309600445699743e-02
5.566329712124545859e-02,9.462074009868050306e-02,-2.859050218469216809e-01
-2.693645309542823663e-01,3.755487066794539058e-02,1.448199099137700840e-01
-2.764477295785174316e-01,-1.340149391460635220e-01,4.145057740505213306e-02
-6.337512994931866935e-03,2.692683180114183172e-01,1.572608393866123666e-01
5.224328632302811110e-02,2.541485506754599943e-01,-1.764792605589544927e-01
-2.572415149101210385e-01,-2.087063477358976418e-02,-1.818255496345079769e-01
2.152059750448638842e-01,-1.897905279558758651e-01,1.362104322224472752e-01
2.323067611424669832e-01,1.906501732355884993e-01,1.086559295201810077e-01
-5.006739550418699836e-03,-7.897989008677555600e-02,3.116162288547893455e-01
2.730365355106569303e-01,-1.426383923081609995e-01,-9.866841371876974853e-02
-1.393165477809318598e-01,2.986729070609073916e-02,2.925862449339090565e-01
9.787441341113421820e-04,-1.169312577884164817e-01,-3.058220370085413808e-01
-6.193784880219887351e-02,-5.784034496985572538e-02,3.183204122019339666e-01
-5.884704631467101849e-02,3.076530319497953192e-01,-1.082624851674781341e-01
2.600192538682112309e-01,-4.494302874723266755e-02,-2.038249709699561374e-01
-1.376484906173359307e-02,-2.733831407064356012e-01,1.939154462850836147e-01
-2.184330500608789583e-01,1.307579250087176626e-01,-2.215698692592479591e-01
-2.528289537560689942e-02,1.533580192754914473e-01,-3.018861936594575135e-01
1.446323393882522068e-01,-5.879574720198496585e-02,-3.038482867523391029e-01
-2.274440311336747567e-01,7.128786601671598111e-02,-2.476074593503322929e-01
-1.840630362709979873e-01,-1.553124593785462915e-01,-2.481151347659683037e-01
1.512054830399028049e-01,1.791642535124124136e-01,2.570150824504350839e-01
-2.488034038095615352e-01,-1.424329097150081047e-01,2.007594016551922655e-01
3.385090548008884981e-01,4.902140684017477351e-02,8.364081262089204105e-02
-2.463483158793574601e-01,-2.443024810485343035e-01,-7.160080163917131868e-02
-2.657531512649056737e-01,6.759733751098749577e-02,-2.276675184150799558e-01
-3.162659897408707232e-01,-7.749165589191714387e-02,1.501487520670040099e-01
-1.252225069944626346e-01,-3.333892274729677863e-01,5.753667580771091444e-02
3.249426847962541554e-01,1.017076978313769392e-01,-1.256657429860013053e-01
9.801832953718361136e-03,8.326762523263268878e-02,3.553844603406925429e-01
-2.974914382403419655e-01,1.326249954152067256e-01,1.698823680145595261e-01
3.247676884873525460e-01,1.383029392606110741e-01,1.095042801552822548e-01
-2.220298502157985743e-01,2.380440179382264099e-01,1.797021006217195127e-01
-3.026145090794021830e-01,5.731197844433669197e-02,-2.123132867101561461e-01
-2.141750972986848633e-01,-2.592606845483391709e-01,1.689744093019703020e-01
-8.408332864114421989e-02,-3.586581834640929500e-01,-8.750123907133759704e-02
-3.345668417365305625e-01,-1.581581180331653180e-01,-9.031410207557594161e-02
2.834387116547447127e-01,-2.487068145047658385e-01,-6.839144769077286357e-02
4.227001740772191873e-02,-1.620797133179697203e-01,3.472735950127712745e-01
2.761465286036302036e-01,1.138157445433760906e-01,-2.474906400382352600e-01
2.998095058979840521e-01,1.537537252937672128e-01,-1.968890696562831943e-01
-3.572985746293567688e-01,3.449704102930636201e-02,-1.590270498638107766e-01
2.507498481687939762e-01,-1.027094621016509945e-01,2.873849103671314853e-01
-4.395359132889552212e-02,2.634946439007849195e-01,-2.941918314206147245e-01
-2.258087833331046956e-01,2.878008504429229175e-01,1.612742066822677178e-01
2.547937038800175413e-01,-9.686262259535381725e-02,2.957486415602274543e-01
-3.556316446306166945e-01,8.391744956984736881e-02,1.738329826675138190e-01
1.583558409386707708e-02,-2.597214898364482716e-01,-3.130749494785106668e-01
3.221948179129541789e-01,-3.587127536985060955e-02,2.502750163722276544e-01
-1.888327873473126528e-01,-3.634257390998404946e-01,4.509743752513913073e-02
4.413685107257948187e-02,-7.472959549937114448e-03,4.121000236306480713e-01
5.691391156132477591e-02,-3.020170693948269758e-01,2.818900932687901650e-01
3.242738452795622672e-01,2.487237971825765337e-01,-9.491409394374711317e-02
3.885895721267215719e-01,1.511684415107296120e-01,-6.563165789044951570e-02
-2.330922135826897779e-01,-2.960202907694611807e-01,-1.958632770834812520e-01
2.776921082575306010e-01,-3.227905961962595494e-01,3.468159726378086671e-02
1.360612289088057314e-01,3.575740928818366693e-01,-1.958338759818908925e-01
1.980374487316688414e-01,1.904418166105694143e-01,3.338798217830071247e-01
-4.109074782372025836e-01,1.124595624168511915e-01,-8.796170942873646204e-02
9.118224856784915011e-02,-2.983976330260695864e-01,-3.068679275877818635e-01
2.488895571597082024e-01,3.322227101158258811e-01,1.467199592443043932e-01
1.950105626646479740e-01,1.248296684860416422e-01,-3.776008087348272646e-01
-3.617540680108596862e-02,-4.102445604992012163e-01,-1.701825344421866171e-01
4.190210339671662232e-01,1.577483048776150698e-01,2.267427533441526699e-02
-4.023566903045945331e-01,-1.630585458610374627e-01,-1.222008565846764705e-01
1.271310538140358604e-01,3.556209709203888014e-01,-2.514904004043507224e-01
3.248563142877940874e-02,4.292937034812949193e-01,-1.517270389902349859e-01
-2.901791637717263117e-01,2.839404201466487199e-01,2.146317017307377006e-01
-3.368925155028905105e-01,1.071380163190790435e-01,2.974413938921162681e-01
2.296317487516578160e-01,3.126589633183985972e-01,2.560163486142977840e-01
1.678468502910854254e-03,-2.091928804445729873e-01,4.181883122577041423e-01
4.599176337419200733e-01,8.327215824389203047e-02,5.323538328741286157e-02
-6.981441423020726122e-02,1.809200953360178832e-01,4.316996804471455174e-01
4.272690666284004180e-01,2.014082673749651442e-01,-5.964019903832946251e-02
-9.354745634316127822e-02,5.833746824206383595e-03,4.697220090180235230e-01
1.329189164944125090e-01,-4.159089521462213668e-01,-2.038428762096691493e-01
4.433974805481303849e-01,2.238924774807204976e-02,-1.946945059014830726e-01
1.019138412557294288e-01,4.340763440756059688e-01,-1.975916070904054911e-01
5.060884974017335058e-02,-4.132489115477186448e-01,-2.595994440577297224e-01
-4.128728637911622257e-01,1.454118425143440321e-02,2.701174608111702180e-01
-6.285483804003569319e-02,4.428847981140193180e-01,2.156088672137382589e-01
2.323324382135890931e-01,3.979952804207076422e-01,-1.928406221105435914e-01
-3.594620147149216183e-02,3.415220416238826662e-01,3.669518120803679229e-01
1.762488914750638680e-01,-2.399890135502536215e-01,-4.086291156294774018e-01
4.343125784929409150e-01,-8.678005114123060748e-03,-2.646187352882872768e-01
-1.765327747342743669e-01,3.592414198936822456e-01,3.188012274604548058e-01
4.884097272195311312e-01,1.106485047319182291e-01,-1.192869105801471069e-01
1.492933687869226478e-01,1.637135216297443963e-01,-4.681109437992033717e-01
8.451638059696624239e-02,3.792956818641937677e-01,-3.470598611635709041e-01
2.091008817964634947e-01,-4.001382212631868773e-01,2.662782267723433627e-01
4.596585806888727199e-01,2.399777737187934190e-01,-9.581685106328634294e-02
3.994354049831397302e-01,-3.823323551363519944e-03,-3.490716479425681196e-01
-3.259297602523258397e-01,-4.212347764826357421e-01,-3.381700349798918981e-02
2.317930264000373775e-01,3.459039348386096502e-01,3.389305670806689874e-01
-4.362012674682795299e-01,-1.700180606032020147e-02,-3.180738173138228375e-01
4.390523785643341004e-01,-1.366377787298077573e-01,2.895106693186447200e-01
-7.257214152540453211e-02,-4.850856831485786946e-01,2.413345227661591874e-01
-3.529269245744623973e-01,1.403396301464088572e-02,4.215084282929671966e-01
-4.140679140696116312e-01,5.941927145470789901e-02,3.620642531149970700e-01
5.101221038740182401e-01,3.889405154146098609e-02,2.191562494654139270e-01
2.242020393093135111e-01,4.470069593815827885e-02,-5.111160458499193204e-01
-1.404265782904331461e-01,2.289581529597252696e-01,4.951213235207209129e-01
3.224903494547274874e-01,1.422302908517253731e-02,4.657378872881270393e-01
-5.771237922682915383e-02,1.895053554192789036e-01,-5.345506567139353127e-01
-2.921736122348963516e-01,-3.805027176415457513e-01,3.142599280368874592e-01
2.165818838252970557e-01,-5.253485074393755561e-01,-9.987390267463838733e-02
9.788795883474078058e-03,-2.120934140615039210e-01,5.401926448012868143e-01
-3.047174368933361355e-02,5.617556154673055691e-01,-1.563701003686074620e-01
2.842312447524665275e-01,-2.029736548556283493e-01,4.723074844644097880e-01
-1.103686703277320380e-01,1.649122091320175676e-01,5.566349816626560143e-01
-3.338424735569596735e-01,-3.976451321978752840e-01,-2.895803828811737146e-01
2.130255928045440839e-02,5.069460282289570685e-01,-3.166085493252039362e-01
3.217389936163839170e-01,2.777014686698586199e-01,-4.258705221151599107e-01
2.457431877357364181e-01,7.210649019984344266e-02,-5.484277624655037320e-01
-5.006298799460432436e-01,2.058841193859809737e-01,2.788511527117048527e-01
-4.138700454954855057e-02,6.005997519406360841e-01,1.131847503280897921e-01
-5.084056424767593452e-01,3.471893100719454783e-01,2.734316647724088778e-02
1.923849337631724776e-01,5.728999490696651958e-02,-5.865534332644799509e-01
2.744690296691634779e-01,-3.801738374603961801e-01,-4.112213543824579376e-01
-4.308933006284146328e-01,-4.485171132917789572e-01,-8.256185330989503079e-02
7.295830450051200844e-02,-2.644220714765752045e-01,-5.684644656777604332e-01
-5.056951308600893258e-02,4.911015610363166084e-02,6.310483929517531898e-01
-3.539401932904159831e-01,4.831193577816715878e-01,2.221888500382605824e-01
-5.202850396530549898e-02,5.505732799131423105e-01,-3.272929604183263397e-01
6.382817187271475623e-01,-1.967949862371233885e-02,-1.006935258051760984e-01
3.904001718701809454e-01,-4.326226726690010627e-01,-2.887666878798454406e-01
5.573237198545717419e-01,3.163970787092341697e-01,-1.316624494661102207e-01
9.273843868177412963e-02,-3.297457479373521738e-01,5.620239937878224179e-01
6.188470943697480520e-01,-5.893428271595023415e-02,2.279737595579887643e-01
4.450961597245908785e-02,-3.735704961767419841e-01,-5.496877725565307848e-01
-4.411246275551912177e-01,4.073202891675830606e-01,-2.975409319805619734e-01
-9.780306979700442715e-02,3.386927096525901848e-01,5.745917215863056704e-01
6.148360760688152959e-01,2.749505126595053750e-01,-7.924440291413027693e-02
-4.356064278706099635e-02,3.504929396573733813e-01,5.836868718287056002e-01
4.812285891161373341e-02,-3.208356086006066699e-01,6.047977531027464160e-01
2.973455379034019574e-01,-2.575087404740233343e-01,-5.674255906967641261e-01
-4.030291465016632713e-01,-5.054061084005952165e-02,5.634208463649034160e-01
6.095261034429263480e-01,-6.672500496201487497e-02,3.350478372361928581e-01
6.098630389375274685e-01,1.615317339022718512e-01,-3.099623701197465886e-01
3.264013454383472013e-01,6.254357781189211485e-01,4.832405319766113622e-02
-3.709788872503727020e-01,-5.878592353549381144e-01,1.511653726175851697e-01
8.610657080825501186e-02,4.174248780589301933e-01,-5.748743630350707789e-01
-3.112536463660579567e-01,5.319900203424746676e-01,3.720248118206126997e-01
-1.591456409963746543e-01,2.490438969193803642e-01,6.611915499078790948e-01
3.406127535953193952e-01,5.891421902403889410e-01,2.602365773548984684e-01
4.140504572179448117e-01,-5.569866588165213184e-01,-2.356611641780473054e-01
-3.823292152429270951e-02,-7.050545462932233942e-01,-2.123677636474088914e-01
5.204184063348875622e-01,-5.213924353548264889e-01,8.666637694367063105e-02
-3.339536643122321680e-01,3.620691001085879490e-01,-5.605248242520045610e-01
-6.875627503959418352e-01,2.673782213031416499e-01,-1.387917527145237362e-01
1.794819297563042537e-01,-6.186255917751435351e-01,-3.941508810803303064e-01
2.296945794655319839e-01,-6.241644725259506421e-01,-3.671181469185538226e-01
-1.607482223055032577e-01,-5.208428597989908093e-01,-5.356598212255558877e-01
-1.617333711293572965e-02,7.677225592808032406e-01,-3.747082965811423388e-02
5.540500966312178477e-01,-3.125859297941450954e-02,-5.387147137457324320e-01
-3.734309057897070572e-01,3.686010057773210780e-01,-5.744807442417755317e-01
-2.341685776212030778e-01,5.196411370678707398e-01,-5.364258487494718564e-01
-6.457188324449552042e-01,4.481800843394666556e-01,4.639121142800129577e-02
-3.734297909346992461e-01,8.658065259257739787e-02,6.931579444621037700e-01
1.205948885254464753e-01,7.876567593428008829e-01,-3.247643173123061604e-04
-4.646807011432091961e-01,-6.322666070562988905e-01,1.639497813353977262e-01
-6.163803865969414569e-02,5.968448061224392864e-01,5.387569819219100165e-01
-7.950022643405211253e-01,1.554332015105619469e-01,4.358131894223220976e-02
-5.129236594593309384e-01,-3.596018259602011824e-01,5.230504337399063397e-01
1.078592000558045438e-01,3.634521440174236506e-01,7.281810149222626150e-01
6.888005320060928138e-01,-1.459795523797856043e-01,-4.316370888177552545e-01
5.828935071610206187e-01,-4.263963699984080757e-01,4.106978222186690175e-01
-6.031243199806576305e-01,-5.537998223779708740e-01,-1.675723712313461344e-01
-3.046729354817606650e-01,-6.489175024017538318e-01,4.393122629440879279e-01
3.705117994876526433e-02,1.271375089101361155e-01,-8.353796393438326362e-01
-1.315355574332245925e-01,6.847496247400658431e-01,4.876417737087893611e-01
5.780840254920240895e-01,9.433656888832008328e-03,6.311835511075583049e-01
-4.159445527485379768e-01,5.610087274233276355e-01,5.036967429225680526e-01
-1.718717565052687579e-01,8.390164354651056255e-01,-1.298294692485554014e-01
-7.384060660498684703e-01,4.566274438671814040e-01,-7.477440760683076726e-02
-7.047502430565566467e-01,3.940261866596837526e-01,3.413507574638397490e-01
-1.824572197542922436e-01,-7.223677799809958833e-01,-4.717617871958285636e-01
-2.172829373688687365e-02,7.005050378729708038e-01,5.438847930647762174e-01
6.244547572093879229e-01,3.850869713355769552e-01,-5.081246522361066997e-01
5.797443513108087032e-01,-6.816784427044036976e-01,7.201528296042976340e-02
3.615876630901895261e-01,5.648265836846044774e-01,-6.048662833818907458e-01
8.905799317037593754e-01,1.636372604085236382e-01,-7.420319814570415506e-02
2.480190495691272090e-01,2.487435832378752931e-01,-8.437556673913485517e-01
-4.393592765558724800e-01,-7.189503044105801655e-01,-3.679631646720282756e-01
-8.274052183087876600e-01,-4.061297941916897636e-01,-7.690356699587444500e-02
8.166407748104556052e-01,3.930943810970654595e-01,2.104338255917636014e-01
4.070970002516047237e-01,-7.860436883950656650e-01,3.041219008715755345e-01
-4.194567790406684149e-01,8.019979297988475420e-01,2.596860724258236996e-01
-6.869708023941103470e-01,-6.474648496742019255e-01,7.788349917499946817e-02
4.016681461980238788e-01,-5.058966903126405068e-01,7.004907522274536058e-01
-9.050545305219588332e-01,2.234738406561637691e-01,-2.230931926580478897e-01
-4.347315503314932439e-01,-8.082995428008094008e-01,-2.958101455658819212e-01
4.493105316768515323e-01,5.347552438050298118e-01,-6.731566792662126986e-01
-1.410977032204483450e-01,-1.026222765384029317e-01,9.601123253261371060e-01
4.389707448252324062e-01,-6.411109725996609887e-01,5.999532424550182430e-01
-4.518957080675329863e-01,6.223461389448419201e-01,6.194198408292143077e-01
7.644186591494768201e-01,2.354471412170056344e-01,5.891643610034638101e-01
8.474763202298086773e-01,5.273573727769089725e-01,4.882327435209359023e-02
8.016051510208858089e-01,-2.231932525132997169e-01,-5.641632810565301304e-01
1.719382885456516019e-01,6.337423125003566193e-01,7.691406619981475679e-01
-2.704260060647115105e-01,-9.624455568929756177e-01,1.886405001439197815e-01
7.906395398077830095e-01,-3.948747601880508995e-01,5.161137425993957972e-01
-7.841304213910710308e-02,1.026209847763897454e+00,2.638658645782146830e-02
2.587382085850684632e-01,-1.178997198071475433e-01,9.958897183037541678e-01
-1.176691202897912070e-01,2.352640743588439443e-01,1.008111504026953487e+00
-9.278170070647349943e-02,8.627415148069474959e-01,-5.878329427687656317e-01
-2.122779613934402398e-01,-9.918874186765113121e-01,2.876215216748740366e-01
1.063319770447091195e-01,-9.682115937483494195e-01,-4.197559325684617759e-01
-4.221962253476072707e-02,1.580335569645894556e-01,1.054344911018771480e+00
6.589214111399965823e-01,7.132083630637417460e-02,8.442521739316071194e-01
-5.314783983914594945e-01,9.056031874310499497e-01,-2.514503788614683155e-01
7.837812864141170399e-01,5.757224351125390660e-01,4.837318221225755388e-01
8.666482625926994476e-01,-6.627238136846753669e-01,-6.001897005957905484e-02
1.083120736468866863e+00,1.141362105068510213e-01,1.483017217127771681e-01
-2.091085965941600899e-01,4.705387463361936917e-01,-9.785166211683146154e-01
-3.340987838331770932e-01,-9.409552487577405033e-01,-4.901410583642855090e-01
7.418197270071870131e-01,5.478173436525208828e-01,-6.337666153439173167e-01
-2.445672821059279890e-03,-9.646937385521290320e-01,-5.800002491970760454e-01
1.665611547186842123e-01,-1.962781673541748595e-01,1.102692530425728012e+00
-9.011193491611153572e-01,-2.466853987348784361e-01,6.516652894000128926e-01
4.902352272481130813e-01,7.698566460294669067e-01,6.928558159830794372e-01
-1.098465902958358775e-01,-1.045873785477589912e+00,-4.720670217873363939e-01
-2.413699923870039343e-01,-1.133981455363458846e+00,-2.203905370991890433e-02
5.490292501715514639e-01,-3.934270893749858278e-02,-1.028475138792767529e+00
-1.119556471430928069e+00,3.228520353073126015e-01,1.391993983541665314e-01
4.284672099329928652e-01,1.087977269817657078e+00,-1.618835867342296453e-01
-2.133583338323349066e-01,3.340776125153832044e-01,1.119383715363925669e+00
3.759191482740030232e-01,3.792414483040030260e-01,1.068584714425860005e+00
6.801084550653631045e-01,2.119375437635110659e-01,-9.677868762728233376e-01
-2.592065637953739343e-01,1.178585479262850733e+00,7.135710069633849351e-02
-8.135005618226947011e-01,-9.038236309824229098e-01,1.166569507031032550e-02
2.226047850364151481e-01,6.690362659632242970e-01,9.996673917521552433e-01
-6.064090526514945845e-01,9.473770362041260551e-01,-4.991328478850483030e-01
1.056941719477421243e-01,7.019414713485599977e-01,-1.014199318957460072e+00
6.754910744072990525e-01,9.438644392758628598e-02,-1.041929231859523242e+00
8.217160881320754173e-01,9.455836738834506594e-01,2.459535438464901212e-03
1.001292481960496916e+00,-2.457383341177748204e-01,7.246633807196817267e-01
4.478293181183823912e-01,-2.632323837460223137e-01,-1.156395737301249449e+00
-1.462557090210284960e-01,5.993090323710033029e-01,-1.116127230913174229e+00
9.714412488739569973e-01,6.510598031991942092e-01,-5.274110059084536895e-01
-1.051818636014367536e+00,-1.336491297652479815e-01,-7.356789718978233861e-01
8.351957818398253464e-01,2.064003223021436961e-01,-9.721923403576354650e-01
-1.030320890486061992e-02,1.228669412093138291e+00,4.423983420103190789e-01
5.296097875031040569e-01,6.182334409414321774e-01,1.031082733717323840e+00
-1.247375634517063486e-01,-1.267694184237074584e+00,-3.519163455040687505e-01
-1.311332842372087359e+00,-1.904200475550937022e-01,-1.070861365681441135e-01
-1.080198033332460783e+00,7.028216245186253985e-01,3.572834018170129022e-01
-5.190234591092253158e-01,-6.298208160387800403e-01,-1.069460449596552509e+00
3.860380643951840662e-01,-5.133139588767486883e-01,1.191180449864002178e+00
-8.261314247490595397e-01,-5.420196732278642626e-01,-9.364980745681786845e-01
-4.629427651142058453e-01,-2.555071487283324116e-01,-1.263268500581838261e+00
-7.143934857454070642e-02,-1.337016451906891001e+00,-3.242442381028828313e-01
-4.120686616742803565e-01,-9.242008870088874728e-01,-9.468756175043141488e-01
-1.084802267653937724e+00,4.702824804093424516e-01,7.385797193530723170e-01
-1.014009864841666220e+00,7.170966124765111305e-01,6.513304680929364876e-01
2.270862865078681903e-01,-2.622197469656235569e-01,-1.367419926036443911e+00
8.881767799300948063e-01,-8.480725953729577674e-03,1.106799000303763547e+00
9.359059411742893797e-01,1.704977978538766703e-01,-1.064423206219534457e+00
-5.140590698094543720e-01,-1.340891247583038126e+00,-8.870017804519752039e-03
-1.034580821015874452e+00,-8.393379778340238628e-01,-5.586656244570513685e-01
1.308942504284521302e+00,-2.676086421175738472e-01,-5.717775189688114601e-01
-1.270874160285465182e+00,1.981505286950010214e-01,6.947716618691546220e-01
-1.449231757142995791e-01,-1.457243514070695856e+00,-1.343473970248098559e-01
5.549271416097368848e-01,4.555065495994424229e-01,-1.293445849284202698e+00
6.507995406701380103e-01,-1.057112786553818795e+00,-8.206913329158227466e-01
1.316417791993139907e+00,-1.194120975083322600e-01,-7.026997331879553110e-01
-7.072535429640753879e-01,1.049324027914227297e+00,8.163751421363683036e-01
2.003726689971566666e-01,-3.700413523528275211e-02,-1.501103481355573477e+00
-1.356067997735968422e+00,-6.439379848045598820e-01,-2.620098162968323985e-01
-6.928685958254843236e-01,-1.749371402805844911e-01,1.356199592139497812e+00
1.510886367079782300e+00,8.375313895853132851e-02,-2.969957398503992874e-01
-9.852403243650085241e-01,-3.976968938678778209e-01,1.130275463269932112e+00
1.001335099207866675e+00,-4.447121890592714011e-01,-1.111155292210980194e+00
1.940125049869421137e-01,-6.085353081654820695e-01,1.433951108452271361e+00
-5.606641282778548341e-01,-1.319005471740497759e+00,6.629199644262688818e-01
1.190575813347143352e+00,-1.049840353459700948e+00,6.089122073126524565e-02
-1.065189191828504606e-01,1.592595730034024770e+00,7.583314436005812731e-02
-1.165117508744250685e+00,2.115894877904700155e-01,-1.087042940179876460e+00
-1.732554522038626255e-01,9.022615592609594115e-01,-1.330666625273190462e+00
-1.288413348416904025e+00,3.466380323989798895e-01,-9.304852661499581901e-01
-1.735771072324402142e-01,1.224970540747764458e+00,-1.070916341743485267e+00
-2.658542967805663793e-01,-6.891140766475323254e-02,1.622980582721078591e+00
8.905669189820738518e-01,-6.498487245888815433e-01,-1.235479749132782468e+00
-1.376615736648022725e+00,-2.686516017963173075e-01,-8.984947690905454865e-01
1.116019484753235924e-01,2.433334375380584169e-01,1.654078261633542990e+00
4.729193401960200549e-01,1.269407565245463498e+00,-1.003040510642619454e+00
3.951295782488046804e-01,6.141009550592667621e-01,-1.530289900721131247e+00
1.262733672807674623e-01,-1.599673844569437398e+00,-5.783013490668248435e-01
1.554669369764093423e+00,-7.249481770765379141e-01,-3.865804585593260456e-02
7.038296586275054612e-01,-1.434757892192236151e+00,6.521157788400575583e-01
-1.021208371015891236e+00,3.396330735459512362e-01,1.362527895630397667e+00
-5.688315618375999749e-01,1.003816411513503093e+00,-1.311275526918667111e+00
6.668460037648973326e-01,-1.577940055865284519e+00,3.904746293415131131e-01
1.343476429507945102e+00,-9.518794999525886924e-01,6.425471451699039660e-01
-1.492533354858664563e+00,8.288363707884479625e-01,-4.964919848457935991e-01
4.740772050183475472e-01,-1.535261883351466849e+00,-7.855280484059451451e-01
-9.328787349423356412e-03,-4.215751244126756947e-01,1.749048645264499768e+00
2.517383512997151823e-02,-2.106487032586702723e-01,1.797382042485471176e+00
-9.204598764449066772e-01,-9.055587908828374166e-01,1.283499097543495449e+00
-8.197279155929985128e-01,1.290281653523470906e+00,-1.008663144369330800e+00
-1.210828389912691039e+00,5.477054113494169707e-01,-1.275968029729885878e+00
6.448930703330386927e-02,-1.794389871785800672e+00,-4.589792865842703407e-01
-1.803670929487578789e+00,2.136742723766825447e-01,-4.203886518495941749e-01
-1.482028632972352877e+00,1.144571457395796132e+00,1.029701411820351103e-01
1.749099208105812320e+00,6.938556818099932411e-01,1.349374762309505926e-01
-1.876904854774804177e+00,1.884866074589447715e-01,-2.076726844395914706e-01
-3.186747774787325738e-01,-1.411326487276616470e+00,1.245379751648816313e+00
9.559452872197036211e-01,1.662765625008412407e+00,9.589782054898844665e-02
6.253037824448929305e-01,1.264116539221886049e+00,1.320147394769569438e+00
1.142622975561305543e+00,1.256502969232084377e+00,-9.443981147730110548e-01
4.302575996912962331e-01,-1.569092251284749162e+00,1.083569094482801143e+00
1.949883394920122637e+00,2.473701394704859724e-01,-6.009610505605475494e-02
2.819843186662154277e-01,1.873132683012910915e+00,-5.699158203692924474e-01
-8.642754027292590679e-01,-8.007902948314246094e-01,-1.603543837723256704e+00
-9.493945055334152006e-01,-1.301786575853261629e+00,-1.187767258425112660e+00
-1.736641456402833850e+00,8.265877037561208951e-01,5.961368649218454774e-01
-1.893705386272210300e-01,-7.107978526360173577e-01,-1.887268868672484334e+00
-1.513797353652040822e+00,-1.064630168825876355e+00,-8.525034225536209931e-01
5.369322344310176742e-01,1.545349632800482542e+00,-1.234854271897622535e+00
4.965006492429831220e-02,1.949705558462611510e+00,-6.689717554676443134e-01
-8.634313132052600093e-01,-1.869354992720298592e+00,-2.490123151115426481e-01
2.759938768471166259e-01,-1.073207929049446729e+00,1.767860919805031239e+00
3.018965609564526753e-01,1.678296193238716150e+00,1.223659014041205806e+00
-6.188688145239145122e-01,-9.389790606395158612e-01,-1.786890752835188279e+00
-1.570611921665897651e-02,-1.534365283815149139e+00,1.468420032495628025e+00
3.722240662940386469e-01,-1.282586088951814141e+00,-1.667620088796411215e+00
-1.281790459772184920e-01,-2.141656376285062890e+00,1.257200425927117449e-01
1.330659525515268005e+00,1.703908151369341706e+00,-3.040777744833535277e-03
1.232839479782021685e+00,1.200852451241124719e+00,-1.329556771916424518e+00
1.440256897841513339e+00,-9.426291107206982156e-01,-1.350232430308257348e+00
1.586766767976262704e+00,1.400999871895643123e+00,6.020083158344150531e-01
1.163540040812568233e+00,1.193789063781692139e+00,-1.456636512314191556e+00
-1.605338437006987196e+00,-1.051672939063727830e+00,1.129606364020022680e+00
-1.402598934676370757e+00,1.011058399189477708e+00,-1.424324290101553814e+00
-1.572746224082883115e+00,-9.437890325566500316e-01,1.309099351945900880e+00
-1.625026331347410258e+00,-1.239178874486801751e+00,9.809344897767128257e-01
-1.219190125519058698e+00,-5.720656699984907334e-01,-1.840119746605393791e+00
-1.389435389837798129e-01,-1.858455448469338522e+00,1.337350829321958923e+00
-1.188913596726304922e+00,5.124417078697223182e-01,-1.910036233495479463e+00
1.906721928304583757e+00,1.459650891147702516e-02,-1.323622045374374778e+00
1.450277237280984233e+00,1.801288793341246086e-01,1.821045542268441730e+00
8.713500695972420385e-01,-7.822168063119763204e-01,2.036120503634168077e+00
3.691577270877853256e-01,-2.263517194850161118e+00,-5.681801996776266739e-01
-2.290944272723163255e+00,-2.649486602914373767e-01,5.748821543912773224e-01
1.356133841362431980e+00,-8.431815382269872705e-01,-1.779422944776505755e+00
-1.115409433344755286e+00,1.495362307074896480e+00,-1.517972507531301751e+00
2.133206099825653013e+00,-1.102382535992844526e+00,2.959190251494738244e-01
1.973032388341934285e+00,-4.010511397145301582e-01,-1.367260097941269681e+00
2.186645865827854696e+00,1.243901267808861233e-01,1.093960726468462763e+00
9.442353567083502375e-01,-7.265667718192291014e-02,-2.273360153674307327e+00
2.083106000884862752e+00,-1.340651219982067488e+00,-2.409707802509386543e-02
8.770906092897178263e-01,5.553685157782646264e-01,-2.265529655477379833e+00
1.403679331338224534e+00,-1.569645798204913456e+00,-1.360221196297948465e+00
3.445632821126451417e-02,-1.011529414102206426e+00,-2.309710795984817100e+00
-3.749125163503811975e-01,2.508501797046876813e+00,4.158713546039088937e-02
3.359938800693239025e-01,1.757985163235126214e+00,-1.818816573372207035e+00
-9.370657038217107271e-01,1.684302396705183114e+00,-1.695307890343258350e+00
3.140495358627868328e-01,-1.247283807014445856e+00,-2.239006751241557236e+00
6.664435312710385029e-01,-2.510450980836764323e+00,1.940053920826965983e-02
2.014823950162971666e+00,-1.054139025227287307e+00,1.287050399005799983e+00
1.797575544391512015e+00,-1.906101024793620091e+00,2.097977989701839685e-01
2.028993130965333069e+00,-1.483638101990084390e+00,8.202291166536070932e-01
-1.996899519643178911e+00,1.682328037479231320e+00,-5.061325399406323422e-01
-5.242663567808856229e-01,5.636701031653903460e-01,2.562352441942403747e+00
2.294364701597656264e+00,-8.252122009101240385e-01,1.139460153789556562e+00
1.377672820555020383e+00,1.108233707765168052e+00,2.050250546468343149e+00
-6.729354001952024544e-02,-2.219155983565897827e+00,-1.577267421551685755e+00
-1.794190259928713838e+00,-1.058572867434762532e+00,-1.779201691989866996e+00
6.531701588578689988e-01,-2.125433672005254682e+00,1.628036657350623084e+00
-1.499620421879232224e-01,-1.142665560806810809e+00,-2.521277575080755895e+00
-1.510740373904160050e+00,-1.760998025928000255e+00,1.546948173128128712e+00
-2.097642627752390521e+00,6.677361288601719735e-01,-1.738705160264159666e+00
6.018892998826019802e-01,1.866830661204182285e+00,2.028649068710646652e+00
2.687147771800977303e+00,2.944849569466750916e-01,-8.660518897274621652e-01
1.581888008363075082e+00,-2.371877776025405726e+00,-1.589619292648119520e-01
-1.099010176251528081e+00,-1.958191436066107460e+00,1.791133107818686954e+00
2.411212774152136917e-02,2.367490260902951060e-01,-2.879595255014554489e+00
-8.843256751839896346e-01,-1.382005468954964789e+00,-2.399187733746296569e+00
1.362269215461063832e+00,2.176612066690750247e+00,-1.398287751963654513e+00
1.870859943797278602e+00,7.191565394812710066e-01,-2.152457043430507255e+00
5.540451155261456595e-01,2.498389723337830937e+00,1.484727081069296295e+00
-8.097677577651885006e-02,1.650143679217247694e+00,-2.475475927597688308e+00
2.844014847940633306e+00,7.847244138801920954e-01,5.086436248013584960e-01
2.118463164697529599e+00,-1.914393156069051249e+00,-9.575047032827256333e-01
-8.409308981457671583e-01,-2.850995335698043753e+00,5.849806379465147810e-01
-1.661650522055597712e+00,2.049839049426481541e+00,1.524414793353964681e+00
-2.062898933240304711e+00,2.042965005947525725e+00,9.838822910117087650e-01
-3.044803251999721461e+00,3.001372989946639036e-01,-3.849749472164712971e-01
-1.555009440065408644e+00,-7.790832302544469234e-01,2.568511494277359031e+00
1.020865606592875841e+00,2.177827223624040354e+00,1.987884380509722826e+00
-2.710976266536820223e+00,-1.407007492876291899e+00,7.235927365442630377e-01
-4.466144536799905862e-01,-1.189830879088973337e+00,-2.890455000846347655e+00
2.042359224298992415e-01,2.424365389066334586e+00,2.041878684560891610e+00
-2.086179170872421718e-01,-2.961119650959369132e+00,1.181872794199116505e+00
9.955619501296028018e-01,-2.790056279398767547e+00,-1.246791454299322810e+00
-1.507040139610156704e+00,2.649859179888559346e+00,-1.077050801036844252e+00
2.758909848677709498e+00,-1.656210367024402608e+00,-4.719339678111691416e-01
-3.046569314965023256e+00,6.375730623808607556e-01,-1.007525515963444862e+00
-2.165855663837580547e+00,-9.903213848694966126e-01,-2.271315349262859051e+00
-1.257403817586226324e+00,-3.054662112823823161e+00,-2.176640226783140841e-01
-1.627709836418329781e+00,2.182302356525273268e+00,-1.917788497719873586e+00
3.274062980479796270e+00,7.071878038247750853e-01,-4.620388246289746509e-02
-2.782009085782623625e+00,-2.254107172223906996e-01,1.888084478576264713e+00
1.477352176478093027e+00,-2.581228103871383794e+00,1.626356512260037190e+00
-5.831777372398887493e-01,-6.326180820750058054e-01,3.299506406704095784e+00
1.578531185849233021e+00,9.183345640310196512e-01,-2.903492791634764369e+00
-7.919312917446096334e-01,-3.357331596283947395e+00,8.066740860536497637e-02
2.283052761873124226e+00,3.180440663573772669e-02,2.614120819829626186e+00
1.321666165083432265e+00,1.843278994642403967e+00,2.654393347098355171e+00
-1.071226377180183320e+00,1.511995247849334367e+00,-2.983562266227447690e+00
-1.839133958626780752e+00,-2.941355514430550322e+00,-6.693673307704244291e-01
-2.992982375555110153e+00,-1.908069695536107169e+00,1.784589979750033917e-01
1.325373266332415367e+00,3.226452679204908858e+00,-7.836812541086946027e-01
2.615421506585605460e+00,2.232216849517210999e+00,1.053364644984196019e+00
8.781241324837989470e-01,3.501855414090981888e+00,2.292222461741249273e-01
7.452178242165208299e-01,-2.121935459019639314e+00,-2.860828789876673550e+00
1.416451192660278524e+00,2.403952889779727986e+00,2.369491862855929831e+00
7.089466310959958717e-01,-2.661006258931905233e+00,-2.444512384382673709e+00
9.530686884516295088e-01,3.556613161293059822e+00,-4.032889478526907601e-01
-1.254613227287415533e+00,-2.941071553628320068e+00,-1.913038773282604410e+00
-1.346650939721760976e+00,1.179488799432682589e+00,-3.293044807296244159e+00
-1.294263498036450244e+00,-3.064062123429214690e+00,1.775473655879318935e+00
-2.361305159860663583e+00,1.356773794234110930e+00,2.639769655350062916e+00
3.076586393887205784e+00,2.242524483374366717e+00,-2.485341152948757903e-01
2.012121490794274714e-01,1.982276972341549648e+00,3.280134322358032151e+00
1.746997759375103154e+00,-2.808403541263966741e+00,1.991289708308328299e+00
1.421029418590451288e+00,-2.665165447745854621e+00,2.441145740606843528e+00
3.748549575358257169e+00,1.022879309472008336e+00,4.038331627074051577e-01
-3.704289844122965913e+00,-4.226310883113300332e-02,-1.311080308087091195e+00
2.595135553571975340e+00,2.023547035815150608e+00,-2.190127725387365221e+00
3.249846171505591297e+00,4.638249605020124955e-01,-2.243953632622671002e+00
