-0.000000000000000000e+00,-0.000000000000000000e+00,0.000000000000000000e+00
-4.438612543698300882e-04,-3.029804763230836803e-04,1.952794674854542019e-05
1.508003241750971186e-04,-7.626875714741383674e-04,1.195844072925123647e-04
-7.053481095939661280e-04,3.854210700244760672e-04,-5.764118502720091399e-04
5.014187530766109612e-06,-1.079507160136391726e-03,-4.463213193051413126e-04
-6.750278918933070660e-04,1.080484469288805344e-03,3.906290016343037796e-04
1.999221818821174683e-04,-1.472666205573133682e-03,4.405548731089557236e-05
-4.652651761983749804e-04,1.565505517519891546e-03,3.827383515997883674e-05
-1.466566473666670433e-03,7.063140354657365628e-04,7.069816649613427971e-04
-1.783272195287055649e-03,6.804273413145732257e-04,-9.826178303074729783e-05
-1.956097583965494895e-04,-1.481462912844023257e-03,-1.394670621845140682e-03
-5.787158370540050395e-04,1.996393906589156129e-03,6.365116644419825317e-04
-1.559628895289831389e-03,4.106094521578640866e-04,-1.641423081479783785e-03
-6.358698886142973320e-04,1.613205651033236803e-03,-1.697162668146398991e-03
9.044545825068921793e-04,7.400238500135294245e-04,-2.266160096654438062e-03
-1.907021130720549682e-03,-1.799617707126524970e-03,-5.120132454492585389e-04
4.372979492252104892e-04,-1.247369351700010169e-03,2.459505740273198061e-03
3.225801951627687496e-04,-1.407639962812483412e-03,-2.528291884786802203e-03
-1.722283995545331519e-03,-1.070538772166558777e-03,-2.251599166116855476e-03
2.485584211505135772e-03,-1.330101222104289153e-03,1.400704106152468771e-03
-1.728799121784101080e-03,-1.639651481681801215e-03,-2.232163422723960552e-03
-2.110215941132122675e-03,-1.239057682993154660e-03,2.333545926904455337e-03
1.763519112888424587e-03,-2.369964903657946226e-03,-1.872071965295084859e-03
-7.707262267486880833e-04,3.429597108608023991e-03,-8.348004809417328533e-04
2.239707428275919138e-03,-2.768751193005750122e-03,-1.103040535813295869e-03
2.433391727364285582e-03,1.448277035640237924e-03,-2.598181418950311263e-03
-1.900798068110798398e-04,-3.909148059877857323e-03,5.892466485457483307e-04
-8.519169196878942883e-04,1.601353928776489766e-03,-3.646255947795521909e-03
-1.370580184974736415e-03,-3.776388068783270626e-03,-1.179690632843410436e-03
3.320897182873230186e-03,2.312774533990935751e-03,1.458009311052516337e-03
-9.557918214343315766e-04,4.175812367500890930e-03,1.072426739206861759e-03
-1.690758664081150634e-03,-3.945570783225213658e-03,1.448908650687478561e-03
-3.533725636258316146e-03,-3.014417583638754217e-03,5.437419179464874415e-05
1.233015085630487792e-03,-4.102278435182998145e-03,2.075203764941941243e-03
-4.424046931121567924e-03,1.825208902354195743e-03,9.263497186120043516e-04
-2.004041066041068690e-03,-9.445316566163071978e-04,4.470749830186799070e-03
4.355529167237804679e-03,-2.659931491880384875e-03,-1.125875978615360599e-04
-2.687400759534825170e-03,-2.555705270232613759e-03,-3.673719690668931538e-03
5.547685616913730720e-04,-5.245854254944897106e-03,8.024019781187405201e-04
-3.206458461237773373e-03,2.150190775866862684e-03,3.849178444141534722e-03
-7.834069879173843464e-04,1.711943206824123207e-03,5.239916100826497170e-03
6.720198955896146669e-04,4.282429353170834514e-03,-3.677119127373797234e-03
-2.639750532991811446e-03,3.446090187498862967e-03,3.848370387994013049e-03
-3.724100942948436067e-03,3.342963680215809905e-03,-3.159523507808069485e-03
-2.924938614428539488e-03,2.768081337642030147e-03,-4.496040457052256044e-03
-2.813739962713291028e-03,3.891884762779357007e-03,3.847770138995574088e-03
-5.430345154060021301e-03,-3.134648221262093578e-03,-1.570827165433490266e-04
3.134653014036195649e-03,-5.492442756528305436e-03,-9.218201417505881082e-04
1.475054412005233698e-03,-8.623898447330400003e-04,6.281750131260765285e-03
-6.525048877812409005e-03,8.596382632472892270e-04,-7.975427855447552632e-04
-4.652905728962056231e-03,-1.642595014893341501e-03,-4.605418010742671521e-03
3.039335878666156541e-03,-6.122448290072813812e-03,-6.907228630038839091e-04
-1.293125195537526116e-04,2.105910871538263333e-03,-6.665192035677409282e-03
6.458885055884810815e-03,2.760025244690792953e-03,-1.120323501494779623e-03
3.705752225407653571e-03,2.951849489417593571e-03,5.467599223630534300e-03
1.551869766451654739e-03,-7.155220953680396269e-03,7.233397562014045896e-04
2.901376537404526043e-03,-1.125296005140755898e-03,-6.802242026049983362e-03
2.050900740883625315e-03,8.017116402493770430e-04,-7.278082828875909703e-03
3.458681634389533868e-03,-6.910364579822775299e-03,-8.730954921011115978e-05
-3.241275534377265587e-03,-3.369313273477043177e-03,-6.309411021791411570e-03
3.718225768502848947e-03,6.760062812040545759e-03,2.031518698782134539e-03
-2.704067450017266609e-03,-3.112107204230218915e-03,6.976990434186988201e-03
5.845769261648499533e-03,-2.317598410431444614e-03,5.310154663575635502e-03
2.457534614232034960e-03,6.146742446470241598e-04,7.964505690663864837e-03
-6.641001043852947858e-03,-4.907421654620248985e-03,1.953567196652798883e-03
-8.471130354753957439e-03,2.107253278457737078e-04,-1.546795994824118380e-03
-3.719193620413891680e-03,3.888199311683652581e-03,-6.890978629833558432e-03
4.853033704725057476e-03,-3.144640986186256551e-03,6.728983142042521855e-03
-8.627401731858060085e-03,-1.792591903497925626e-03,1.844929807869891570e-03
-5.563622013045489006e-03,6.886534390186804452e-03,2.246420337617299843e-03
-2.091882032809290644e-03,-8.965224576532575956e-03,-1.046757652100667024e-03
-6.948178150879880804e-03,-5.907365136742797132e-03,-2.267728851003256683e-03
3.533597065855755611e-04,-8.088660670821961468e-03,5.028270902702755910e-03
-7.864415675540968251e-03,-1.761319884272564366e-03,-5.333907112380255854e-03
-8.820068877748480154e-03,2.298373554506255405e-03,-3.597564116998041173e-03
-5.056459348974894248e-03,2.776459238631542262e-03,8.087602382524381253e-03
8.328381147526202344e-03,-4.404278953957690805e-03,3.555931002269690101e-03
2.148787503808153709e-03,6.001222842336989723e-03,7.971367702329062999e-03
4.594639939573943142e-03,8.289117356803430911e-03,4.144594340262628546e-03
-1.653386951203413523e-03,1.742412540078389169e-03,-1.020318025970098734e-02
1.825346774767686465e-03,9.863554622260328406e-03,3.490567981225863991e-03
-1.202948158733660699e-04,-6.787100739428277192e-03,-8.349414112811861730e-03
9.046768162220863649e-03,-5.725623768857194054e-03,-2.051193494424059620e-03
-6.567832123613049494e-03,4.535783891105339520e-03,-7.630433027303670443e-03
9.101545191386502948e-03,3.961044443183577880e-03,-5.153836738338391475e-03
1.003724674826131369e-02,4.599419010856101164e-03,-2.530685018641248667e-03
-1.104506187129234741e-02,1.703832630527454643e-03,-2.585273472242199683e-03
-6.031562554585443402e-03,9.583378801835776631e-03,-2.587318748108484358e-03
1.582822152301026613e-03,1.014882908679438055e-02,5.727765751477679676e-03
2.884113404416363460e-03,-6.968712386058981828e-03,-9.213504124651564209e-03
-3.642545794865155971e-03,-1.072153787168484557e-02,-4.131780883056088149e-03
1.992636874881653338e-04,-4.378279993716716230e-03,-1.138716277147907262e-02
3.055818658513066634e-03,-1.778333666216945106e-03,-1.183327282251714178e-02
6.202290854630278932e-03,6.686620874589197829e-03,8.547734315632864871e-03
1.297131242980783259e-03,8.658542187247493527e-03,9.130897050243681409e-03
-6.005086498209525475e-03,9.807654758608756393e-03,5.623701141876468086e-03
-1.527856262828677404e-03,-1.975921284545025837e-03,1.271056379520456303e-02
4.418752927044547647e-03,1.232041111103559378e-02,-6.847720393296382289e-04
-1.089084496820539455e-02,-7.442959231965468395e-03,1.356243520042908508e-03
7.829686974274205347e-03,-7.488287339658484219e-03,7.912130937911666592e-03
-6.411581398048109628e-03,7.071507909142500312e-03,-9.647354182032788494e-03
-9.735476932899842298e-03,-4.638860339756997568e-03,8.495141720316649533e-03
-1.117346440052470295e-02,7.941117082599990357e-03,-2.216639475490260729e-03
1.333336521639669724e-02,-8.764057674299743006e-05,4.412068979205178640e-03
-1.020598260510960538e-02,1.727936893716382419e-05,9.879235275536343841e-03
8.494487097780860016e-03,6.476492872985403076e-03,-9.604584022714626398e-03
-1.418764001546807783e-02,3.019829054945292589e-03,-7.798936019137772116e-04
-1.441609074818970930e-02,1.496965154765707686e-03,2.387581582446382088e-03
1.045324186580466781e-02,-1.040201844897119428e-02,1.767320704748022919e-03
1.020635261248588072e-03,1.480217482695901123e-02,2.315928348795527267e-03
-6.574104826430837711e-03,-3.664341747647116305e-03,-1.318566907663493507e-02
-1.046841223805555256e-02,5.075857340791605464e-03,-1.001201824420393585e-02
-1.506103747755609124e-02,1.892807252166207876e-03,3.216581739323590670e-03
7.513110131712176466e-04,-1.512001067877770562e-02,4.104222143282250032e-03
-8.231123517013728616e-04,-1.038008361509970383e-02,-1.195615868584904741e-02
1.123380358618083358e-02,9.107893730541544511e-03,-6.903757106196299967e-03
9.857902781732718472e-03,-1.615402872584420241e-03,1.274986476102243742e-02
9.467096450968489913e-04,-1.554787844144546460e-02,5.033947402868835068e-03
4.391188861948392731e-03,4.741702442589165387e-03,-1.522920807437936827e-02
1.593033606307698441e-02,-4.502623603217473236e-03,2.337507828629461441e-03
-1.513096359526925477e-02,6.142143251450643375e-03,-4.330954363272988654e-03
-6.486515572198130880e-03,-1.566718165801964102e-02,1.977110293858071795e-03
-1.661526043381211792e-02,2.439191306450139846e-03,-3.942579473670984255e-03
6.968292640209964965e-03,8.582421500835681755e-03,1.347455630285355338e-02
-7.862857198026793754e-03,-4.865451640495353607e-03,1.498677974842764667e-02
7.249118706864021017e-03,-1.412280223878963764e-02,8.032724295136194764e-03
-5.251605732269347925e-03,-1.110381665748868922e-02,-1.312203490398338411e-02
7.421665443689502706e-03,-1.655201682669660973e-02,8.086005808286732743e-04
-3.998448066221187321e-03,-1.378154109516410188e-02,-1.142532105609431713e-02
5.685489496680884956e-03,-1.751884438082597015e-02,2.021246097937523956e-03
-1.686382680549354182e-02,7.585477798561016984e-03,2.892895491748322546e-03
1.365722659590662587e-02,-2.353874431452266866e-03,-1.285799427840253820e-02
-3.213257846886456975e-03,1.436740696934847919e-02,-1.215932635820031991e-02
-5.630716406299455905e-03,9.670248989414575655e-03,-1.570681764093090349e-02
1.538384069737976610e-02,7.305885557780740676e-03,9.451471138340460099e-03
4.537212519164388232e-03,-4.455803383341984392e-03,-1.861440168186401581e-02
-2.575927304146773296e-03,5.125419620406836130e-03,1.901899200990754893e-02
1.086651912289474456e-02,6.214015402041086870e-03,1.567635953936668061e-02
7.881990164405872773e-03,1.308956735798204318e-02,-1.330127692488854672e-02
4.601509740413916964e-03,1.964864937409878734e-02,-3.348883213396517018e-03
6.855160261041359435e-04,-1.916918322442103667e-02,7.663764546376463163e-03
1.142511865919762157e-02,2.117498786849336331e-03,-1.731989254295337663e-02
-1.148933736794993665e-02,1.074875585986403113e-02,-1.399730882495613463e-02
-8.155167888609466884e-03,-1.476750931057844995e-02,-1.294160141014863256e-02
1.235116180718417306e-02,-1.792564354260286650e-03,1.746570594152019665e-02
-1.743754545273163564e-02,-1.193953957272470348e-02,-4.804098500834367604e-03
1.344528857038449106e-03,-2.167796215506550064e-02,-2.642940604594750439e-03
-1.447252024831652967e-02,1.289714149193472471e-02,-1.058811841497986350e-02
1.295069924917915775e-02,1.695727495597892931e-02,-6.476612117116614664e-03
7.588483701074821060e-04,-2.184138579038483793e-03,-2.239054587355650272e-02
9.697209233702496628e-03,1.481667515954479888e-02,1.423834482900466179e-02
1.327205591914235906e-02,-8.219409336311319508e-03,-1.680369928516919908e-02
-2.393651564136240872e-03,-1.522715851280439375e-03,2.297711139297453978e-02
-6.762879359970473854e-03,6.860525361119101766e-03,-2.129026330539794329e-02
-2.094744734976025299e-02,-4.705238323689797122e-04,-1.083070256200101972e-02
-1.829827149894640336e-03,4.448678981048804983e-04,2.373139709540872389e-02
-5.570781710036659153e-03,-7.446065786144226949e-03,-2.215437747391507325e-02
1.635264519934319372e-02,-1.766537843520830584e-02,2.924808480806043512e-03
-7.436895746561558024e-03,6.431992047901587302e-03,2.241105326106495807e-02
3.650544803962765209e-03,-2.442373562031801768e-02,-4.042991655702795999e-04
-1.840681670600609679e-02,1.013678327188407245e-02,-1.340495910531778329e-02
-1.082578565548379321e-02,-3.570340882001390732e-03,-2.242184185063696156e-02
2.182584022560254966e-02,-1.136671819641435661e-02,-6.222459613471514536e-03
1.252016734778204493e-02,-2.175785853616214391e-02,-5.090741037522107139e-03
-4.439715165359807772e-03,1.994292312091530510e-03,2.538417708742363860e-02
-9.070222942234057451e-03,-1.600105707375626754e-02,-1.849050225056388802e-02
1.635099183056260008e-02,2.058083591165805679e-02,1.273477746341323668e-03
-2.305876317206156934e-02,5.373987658749930681e-03,1.202078373786949657e-02
-2.137255210105809891e-02,-4.747797243630611126e-03,1.544314721144104605e-02
-5.884914494477554159e-03,2.043894578409449075e-02,-1.668430342508080491e-02
-6.172203468014342796e-03,-2.608529944672444839e-02,5.033930428898459979e-03
1.360841215665550309e-02,2.064105517136446966e-02,1.208185641564039903e-02
-6.002433029177905478e-04,2.693830253985418990e-02,-6.687364949482834699e-03
-2.214780271696572406e-02,9.338769430616301534e-03,-1.437930894454129277e-02
-2.468535776192928508e-02,1.340238978125605357e-02,3.077724378516117319e-03
1.687813359835113255e-02,-1.884339572156849135e-02,-1.314132448117709233e-02
-2.062269379558957436e-02,1.270933078460873347e-02,1.549873825819431637e-02
-1.760860916415056890e-02,1.263577647905016416e-03,-2.302149023004494699e-02
1.510049837915219051e-03,1.183258031731031397e-02,2.672448583695520921e-02
3.935301707606961297e-03,-2.629772480930052045e-02,-1.282569724392215206e-02
-1.598469992239257703e-02,-2.430178512015811546e-02,6.384814806086745904e-03
-2.471975634325532939e-02,-1.211727687812678284e-02,1.202041210281860548e-02
8.941365108430215924e-03,-7.448048529161901011e-04,2.894220855861469321e-02
-1.959550754786868604e-02,1.524014888769505442e-03,2.340635468810935149e-02
1.081908712564139173e-04,1.625785843911873793e-03,3.078575926978920421e-02
1.076861353825256558e-02,-2.850587561173270959e-02,6.194457122921119899e-03
-2.425997036037813232e-05,2.887594181223901435e-02,-1.224137016020509540e-02
1.365690833064679525e-02,-7.799792210374218750e-03,-2.744687424910553439e-02
-1.141159063580462200e-04,3.130310830995835375e-02,6.168180903992620014e-03
-1.292235256346611211e-02,2.185025045810894823e-02,-1.977499762850270029e-02
-1.720938247738648674e-02,-2.682916641650093248e-02,6.107111104544776618e-03
6.335249677119248954e-03,-2.045238303420198259e-02,2.475662351412429713e-02
-3.074571599046367967e-02,-9.871455253297564680e-03,-6.849535169267286297e-03
1.520994129740614424e-02,-9.528419575345529677e-03,-2.803818318083440078e-02
2.703889379943150498e-02,1.669809912560596063e-02,1.082762092268885375e-02
1.783535281968067626e-02,2.784636052912127513e-02,-7.267994233208737755e-03
-2.634330594627350142e-02,-1.050712522336421685e-02,-1.901158620570845420e-02
-1.097900817776232760e-02,-8.567126903448648786e-03,3.149023648871860509e-02
-2.150563785780626458e-02,-1.971752550023410377e-02,1.882425184932549553e-02
3.436728339527522769e-02,1.042239923403525228e-03,-6.617171789580214396e-03
1.488298256062886701e-03,-3.248199196532083888e-02,1.376051161785126625e-02
-3.928621738233575161e-03,3.537751630718081325e-02,-7.852743263244096363e-04
1.410423988362857067e-02,1.809484318309584686e-02,-2.761437001573260538e-02
-2.448783998917915608e-02,1.592198080031469176e-02,2.138569821014919478e-02
-3.534909398829860772e-02,4.021025678030051278e-04,9.095066867599588267e-03
2.563099249320124548e-02,-2.914957737313594865e-03,-2.625360287812694704e-02
3.044456193616620204e-02,2.082693274013166368e-02,-4.080701565203308581e-03
-1.812586009492276815e-02,2.570356158647705419e-02,2.027288114518488449e-02
-5.186073252142010641e-03,3.661653822255232088e-02,7.470601276265199410e-03
-1.958706678177843039e-02,-3.152971986452956371e-02,8.325414745172411354e-03
-1.706961002296333504e-02,2.573393527329023711e-02,2.274743849801747972e-02
1.295144293785324176e-02,-1.094497675250284859e-02,3.475400264853889531e-02
8.462690082316707413e-03,3.182948756247768601e-02,2.086434525155855813e-02
-1.525658698062812985e-02,-3.340584725776930830e-02,1.401383580988050347e-02
2.775287083763858242e-02,-2.827277281223378180e-02,-9.740619251103125979e-04
3.405045917692926111e-02,-1.483778763847590047e-03,2.084898260616875262e-02
-1.865668504326631338e-02,2.397551692284953170e-02,2.644985843892484062e-02
1.330383888744775776e-02,-3.417574228038438439e-02,1.743796992241967991e-02
3.324612792781609510e-02,-1.161428349189156349e-02,-2.087621014060511357e-02
2.203131206445301665e-02,-3.489936714229877057e-02,-1.505841615605462119e-04
-1.234035213338371094e-02,1.738077802166714328e-02,3.573163156944341584e-02
-3.347893419124696544e-03,-4.131058329938160772e-02,6.443582710353435578e-03
-3.652310629365418393e-02,-7.640582769224489590e-03,-1.988865918394531335e-02
2.548882471795869964e-02,1.090015324732021389e-02,-3.237875634696198851e-02
-4.526769736608408749e-03,-2.591089731383907843e-02,-3.397705916282476452e-02
2.078829422926545267e-02,-2.470412075256675499e-02,-2.887424405550896578e-02
-9.205158175146919064e-04,-4.334740776725089229e-02,-5.159856675600874715e-03
1.081525087444855674e-03,-9.459604088235722477e-03,4.297162562060256874e-02
3.378790001586504804e-03,-4.390877790423391991e-02,-5.386416481999833049e-03
3.999326151384901412e-02,1.983840639805603545e-02,-2.653371653883094660e-03
4.436150184260796020e-02,-6.265528329906301305e-03,-4.998079428641062638e-03
2.919936825520831267e-02,7.650428493001978567e-03,3.396520417167468719e-02
-6.752273629286895638e-03,4.484676073084508524e-02,6.403547362730005639e-03
-4.481829072970322514e-02,3.591483220153480430e-03,1.047850726687927017e-02
2.120634690432958436e-02,-4.141946691535559888e-02,3.633812166737357256e-04
-3.853045676888394548e-03,-2.711453311547033090e-02,3.807758747854569914e-02
2.775059803812697859e-02,-2.164411723337013316e-02,-3.156611727583583799e-02
-2.306205102631335695e-03,-3.999737286643142986e-02,-2.579577872603525460e-02
-1.673309537054811641e-02,3.529270258569717350e-02,2.794681316816451794e-02
3.415593633106766419e-02,-3.045600945616288094e-02,1.577939201392460425e-02
2.313781781138046605e-03,4.286784571045827025e-02,2.317977899532724928e-02
-7.124722438098956417e-03,4.778722968958688117e-02,9.142689981069892710e-03
-1.514299155401295678e-02,-4.717448763438379655e-02,-1.198429388461194406e-03
1.065991099366022689e-02,-7.552512328878513773e-03,4.821066481060656134e-02
-3.172115257845665483e-03,-4.147125318526635046e-02,2.836091014398950394e-02
-7.259012395904756478e-03,-2.443432775355474512e-02,4.386838247123810153e-02
-4.870109336359836755e-03,-4.640646793379486074e-02,2.091317115174747346e-02
2.032596289527437844e-02,2.865152277879995033e-02,-3.770470666412745198e-02
-2.999816423612109914e-02,4.223680520922205167e-02,-3.676490488474692259e-03
1.265522187655219490e-02,3.599858278387455673e-02,-3.582678836975718845e-02
4.968552236305050218e-02,1.083122190175537548e-02,1.401830660503389399e-02
2.524324329691160149e-02,5.772360761361173577e-03,-4.642655804782044870e-02
-1.389259303598323371e-02,-4.271978793921615142e-02,-2.919071051616073040e-02
-8.790805346445934934e-03,-9.541616923335063949e-03,5.240718550305462770e-02
3.177116512355970812e-02,-3.633601159931679203e-02,-2.511012378243755727e-02
-4.188717948210214648e-02,2.354691011296325756e-03,-3.530158795991725912e-02
4.485180802461676691e-02,-4.171893317041470528e-04,-3.226667976227245993e-02
-2.067889569738198124e-02,2.236606385446957002e-02,-4.661037676366935889e-02
3.008792937210172467e-03,4.481305514127942140e-03,-5.585086463058692302e-02
2.917187000191501928e-02,-3.229766039386251786e-02,-3.609816713020613799e-02
-6.169059647864520018e-03,-5.625104896851230302e-02,6.666189092576601215e-03
-4.777150626918349324e-02,2.759253973625684642e-02,-1.591799863846364571e-02
-2.795492449462793835e-02,4.213168084213818332e-02,-2.812798587293049990e-02
4.575467866206542333e-02,2.348520153833075913e-02,-2.746483332249415391e-02
-4.742246386511257683e-02,-2.708535059862418604e-02,-2.166146116710409089e-02
4.307984690245995202e-02,-4.047625594675368504e-02,3.261608015188551847e-03
2.407274857504054441e-02,-4.797803447324254511e-02,-2.602544736922746127e-02
-5.619242631516166431e-02,1.409611798053578453e-02,-1.603338343844531999e-02
-5.660145436295741829e-03,5.318178716013274854e-02,2.843319939547782338e-02
4.854038924141186595e-02,3.264788106646058369e-02,-1.740556697185091303e-02
-5.399197739990204553e-02,1.532955522908639560e-02,-2.513767951395359107e-02
2.373389412525460027e-02,-5.026159606356542936e-02,-2.739243445182518860e-02
5.805615617642127801e-02,1.586331104980884601e-02,1.662452586231336071e-02
-9.433556118838268278e-03,3.234291151388108548e-02,5.313175976402401135e-02
1.124165592571142042e-02,-1.690874355815110558e-02,6.005090706578201931e-02
-4.815078382382152050e-02,-2.904612616891762145e-02,3.028909468615267539e-02
-2.623757128996581645e-03,-2.319375697015438331e-02,-5.997379109970768507e-02
-9.954009857934349639e-04,-8.522844003848948843e-03,-6.427309227094360478e-02
3.465708335725392001e-03,4.582495377716403612e-02,4.643909279879425422e-02
-6.058362438645086001e-02,2.318837616617050457e-02,1.119046164396344731e-02
6.449496454676022228e-02,-5.007263854010344725e-03,-1.463991646975783961e-02
5.414970448778045481e-02,-3.915877781291534493e-02,1.782236432426681733e-04
-5.291918274913432786e-03,3.977098194627069067e-02,-5.406917548877648166e-02
-2.368192443613599540e-02,-5.779495435039350842e-02,-2.646998367576500893e-02
-6.501637155695171033e-02,1.715199545570090731e-02,1.224513711915662696e-02
-2.660225804994973547e-02,4.170874836640926786e-02,4.790054713340594073e-02
-4.569629626801932631e-02,-4.851227525479651081e-02,-1.927873335526961510e-02
-5.526335966068213201e-02,-4.251717350688206942e-02,4.901701015509134403e-03
2.075610398006506527e-02,4.267862072682330338e-02,5.202919230738172612e-02
-3.325603833456877018e-02,6.214638579675401536e-02,-8.109492782606881472e-03
3.666339084385540625e-02,-3.421224917562793594e-02,5.093976138346684168e-02
-5.891185118478009519e-02,1.664729876978080295e-02,-3.792774662888848125e-02
-6.518787807076835417e-02,3.125531460932100269e-02,-6.139661647484430038e-03
-1.920163797922880278e-02,-4.193717583135928885e-03,7.040352833333088367e-02
-4.398290362826417360e-02,-4.822227491786742343e-02,-3.410390564912969824e-02
-5.105659249771186264e-02,-3.372864628970525386e-02,-4.194885851777488406e-02
6.025996601587765150e-02,-3.571761990494294603e-02,-2.606496657805382547e-02
2.818022651987829238e-02,4.671796814821858879e-02,-5.189559929118267578e-02
-8.640941532687722998e-03,7.360282731753850505e-02,1.619986325692320331e-02
-8.570824496887747418e-03,-9.942450657535380557e-03,-7.528606257124045853e-02
-1.769687745685152858e-02,3.958681078725378305e-02,-6.361637435346916003e-02
2.137400341966745956e-02,3.925437235739397124e-02,6.338649035904826701e-02
5.444511012797472599e-02,3.432161159300470971e-02,-4.430422899144065285e-02
-5.836814379883853432e-02,-5.116719014713716485e-02,-1.307494060695664310e-02
2.811877906013122638e-02,1.264619706645652179e-03,7.413269762208450631e-02
1.160076830653249298e-02,-7.518491035431151825e-02,2.437037869205203877e-02
4.762104712375237608e-02,3.987580249704576578e-03,-6.474762283960694420e-02
-3.796749531637366726e-02,8.177062239413872106e-04,-7.162197620181355584e-02
3.840410961590180056e-02,2.306638136697409039e-02,6.828111202214151576e-02
5.845862902314385989e-02,-2.449828758618468119e-02,-5.244398660696827918e-02
3.781574185835439705e-03,3.089106888395987127e-02,-7.680809181141173836e-02
2.732016744194275260e-02,-7.878595633144351573e-02,3.990134873296095376e-03
-2.949107724065108075e-03,-4.034900207089457680e-02,7.372736165521577567e-02
-1.561393189327707660e-02,-3.744802809504713809e-02,-7.436855169408822241e-02
-5.942644530541619369e-02,5.741284089489474135e-02,-2.132901741104500579e-02
-6.155016651271554701e-02,-2.447619028099509708e-02,-5.479483343947420121e-02
-6.230523049685607329e-02,5.660774023306271163e-02,2.030823409381216083e-02
-7.249780197010483040e-02,-4.792253541673604372e-02,-7.526532887116959593e-03
-6.475380406240985320e-02,4.852498006454789188e-03,5.919831643454478987e-02
-5.068538924102070076e-03,-5.269639345674512892e-02,7.093590768671793889e-02
-7.866584453682307077e-02,3.699879639775058293e-02,1.980722176647585139e-02
2.894158525755154490e-02,-8.427413319476126374e-02,-1.124573914732032720e-02
6.791111827992805938e-02,2.540307008266125266e-02,-5.410422721165292909e-02
2.866659696237897764e-02,5.708636234566604600e-02,-6.499094769331865973e-02
-8.094012451427064214e-02,-2.750346322862067677e-02,3.344143070884356139e-02
-7.365414977155618215e-02,4.260314575162794937e-02,-3.618612381790632659e-02
7.077957102528757705e-02,2.423783859185064601e-02,-5.547273226411671143e-02
7.239875352333166592e-02,5.782025797144877549e-02,-1.471314959521513241e-02
4.084964160539190231e-02,-8.518376529886645399e-02,-2.199111460174952085e-03
2.490269023754142219e-02,-9.179057876755471190e-02,3.808981457750263387e-03
-4.283714736188053845e-02,4.368905877015509878e-03,8.566348657064662420e-02
8.385822986417411362e-02,-4.779210741916140037e-02,3.174290518454271452e-03
-2.807146373642304890e-02,-9.270489881983742797e-02,-8.947132763314184431e-03
-3.531114131380466009e-02,-4.668528400553731417e-02,-7.857258413717856105e-02
-8.999554051752793604e-02,2.740932888169885645e-02,2.982083595419326646e-02
-1.741216728126426805e-02,-8.894902050326833343e-02,-4.082025548003319348e-02
2.423443582569447322e-02,7.147834265671816623e-02,-6.579187782249312777e-02
-1.957876608650361075e-02,-6.446385102565455050e-02,7.504494637335196172e-02
5.201524736161201867e-02,-8.725095301446089691e-02,-1.986673288425921342e-05
-3.700331262322004849e-02,2.600474056413142401e-02,9.177436187854683125e-02
-9.925959565546212116e-02,1.246747185151486463e-02,2.473687552541228504e-02
8.881506874106562255e-02,-3.068845695784122585e-02,-4.408882797845978252e-02
1.652834656862037926e-02,8.915890164270977303e-02,5.203144328553654246e-02
-9.165406235994237594e-02,-5.041382739114964179e-02,-1.208137708738289164e-02
5.687559916228946549e-02,-3.452272171754415531e-02,8.259383286662061452e-02
-2.023387491987717682e-02,3.326066752783290309e-02,-9.947538806433942060e-02
-8.570061485131760803e-02,-5.946048353623105409e-02,-2.637783676762353244e-02
-2.357204192565438144e-02,-7.768624113108211181e-03,1.054852220540985763e-01
-3.938947778523634730e-02,-7.170874094906204421e-02,-7.224237792303477013e-02
1.037462190445447192e-02,-1.447794398239090480e-02,-1.084769809743513502e-01
-1.138050060064602596e-02,-1.003853182875530797e-01,4.529921616611919805e-02
5.257309464165475787e-02,-1.333480868213589125e-02,9.743543643448919489e-02
-7.836445415992802921e-02,1.069558854121748816e-02,7.974423441821593128e-02
-5.735927535392740945e-02,-6.459327680182856690e-02,-7.303249925634182349e-02
-5.548134381297174095e-02,-9.903785694212538515e-02,-9.672726980489059281e-03
-9.892760631377107983e-02,4.224341801626053938e-02,-3.994654039758451652e-02
6.264158569412450750e-02,-4.739619723527535577e-02,8.476902243613182453e-02
-4.863585098562380610e-02,5.754613984245597613e-02,-8.871878470109782755e-02
4.693937441863439003e-02,5.192246665930132232e-02,-9.403886455765311791e-02
9.989158864432719567e-03,-6.947949995290769211e-03,-1.174381505093793909e-01
9.514888346518550477e-02,-1.417943869708287660e-02,6.989535142633741815e-02
1.476825618708510479e-02,-4.730199596755176039e-02,1.090268902235190657e-01
7.160458745443400164e-02,9.333083973132337563e-02,-2.664771134005235534e-02
-1.071678260879144057e-01,3.477098150693525014e-02,4.541322427169221937e-02
5.960941971839051057e-02,1.060925539445185806e-01,1.259581148899929608e-02
-8.829438961580111933e-02,-8.451581814839761314e-03,-8.552427013057868621e-02
1.551801563965783844e-02,9.442712466503801194e-02,7.900354160975765760e-02
1.774831857930990117e-02,-6.486304397858534687e-02,-1.053411282932515403e-01
7.221821796233636459e-02,6.666232473451030871e-02,-7.863074715279978755e-02
-7.247429438102645505e-02,6.266167934499033976e-02,8.300218765114909802e-02
-7.253014803376048314e-02,-1.017937032200826319e-01,2.598378080161951181e-02
5.136959133206935729e-02,-1.174891408845426949e-01,-9.366656671705640008e-03
9.136199750586058987e-02,1.791842474566044882e-02,-8.998845144951896080e-02
7.594694191547251942e-03,6.682105190834639052e-02,1.117240529489364892e-01
8.954736161776366554e-02,8.126092591715523838e-02,5.123684961155951928e-02
6.326229238513861319e-02,-1.051431060915179461e-01,-4.935300971564946654e-02
4.859419168459497285e-02,7.732502773827412690e-02,9.696065047693736005e-02
8.321210447501592097e-03,-1.123240216560102978e-01,-7.285904065029087662e-02
4.130971710468747671e-02,-1.284955744986673865e-01,5.717193313995157754e-03
1.341299625426021214e-01,-1.843724446873928891e-02,-1.337766594979025205e-02
4.138600230246266588e-03,4.537068202851893273e-02,1.292173999195453393e-01
-6.390881869650116842e-02,5.561455844376903684e-02,-1.089132282168527310e-01
1.473004852703025530e-02,-1.381083987348640241e-01,4.338029664110932236e-03
1.005910422337207843e-01,-7.913210129375779223e-02,-5.659780160666753879e-02
-1.260940942840657955e-02,-1.348376031037105682e-01,3.900498341816580061e-02
-4.783195006426744361e-02,4.673009744110801639e-02,-1.251862475269076014e-01
-2.237988429857898365e-02,-5.305665625590783030e-02,-1.308160111831912220e-01
9.863970028138092927e-02,-9.597081160090696617e-02,4.216561067572057592e-02
7.015322833638268363e-02,-1.069296362131224726e-01,6.823570871953787975e-02
1.184998769275033004e-01,-5.102794812744294861e-02,6.828546105804082778e-02
-7.723793952242592742e-02,-1.198959608253364131e-02,1.245032402780096997e-01
-1.381625982637141618e-03,9.170082339818645678e-02,-1.162120047997586419e-01
-9.029982517460576064e-02,-6.368700219623361740e-03,1.184543543044740271e-01
2.107398839200763305e-02,-1.260366187558862039e-01,-7.880888102993707789e-02
-1.318522808425023063e-01,-5.016589497919145962e-02,5.437815800854829684e-02
-3.574218661464143715e-02,-1.465962492681101570e-01,-2.033411430144142773e-02
4.011805983948830978e-02,9.405113650873883624e-02,-1.142524057385494313e-01
8.988278988570187755e-02,-1.251409140466620551e-01,1.006286072404705308e-02
1.639903978958809350e-02,1.529289619181806170e-01,2.281490673162515220e-02
1.016093016514735131e-01,3.812447042677260395e-02,1.128702557253934008e-01
1.049834648413701249e-01,-2.301769919875824161e-02,-1.153770256894283697e-01
-8.424452154082956445e-02,-1.308113965230900122e-01,-3.169793924603684504e-02
-1.242501110608743714e-02,2.876517126539384142e-02,-1.568018736326871887e-01
9.219745014180118214e-02,5.270836123478515184e-02,1.210375735855022394e-01
1.486120255281472013e-01,-1.850039630387322054e-02,6.217525818449737285e-02
-1.117915774308416918e-02,-5.036454366655816056e-02,1.549255559668263615e-01
5.337514073413157298e-03,1.628872164185279081e-01,2.185749849190400315e-02
-5.885207559439151193e-02,-1.466842291278112886e-01,-4.938408371663850077e-02
-6.113068341506678466e-02,-1.435343636185562322e-01,5.886325901697954388e-02
1.148333293646301156e-01,-1.215336779575670878e-01,1.540926665851259127e-02
1.624836586290128171e-01,4.651937227293816840e-02,5.054459833319155729e-03
5.593260700136558350e-02,-1.594605063621760965e-01,2.087617872225127486e-02
1.014055055595037003e-01,-3.368885264137671393e-02,-1.340924625762940359e-01
-1.571252118410713383e-01,-2.022345475116741481e-02,-6.865807343485402781e-02
1.155048314746658644e-01,8.516075072570569726e-02,9.816120727100471899e-02
-1.312039291543790898e-01,2.271669550787614247e-02,-1.136777605518052153e-01
3.066454555534726609e-02,1.478374752838665374e-01,-9.103035887046406760e-02
6.478564983739351635e-02,-1.505973720270588345e-01,-6.812850415766191770e-02
-6.724603257631305182e-03,1.023110818406597067e-01,1.464476047917539492e-01
-6.105342221255595503e-02,-2.435364580398222817e-02,-1.675903633847457552e-01
-2.642539311172518307e-02,1.647921140120993111e-01,7.075306413825625806e-02
1.661074281922673146e-01,3.798691065899086061e-02,6.546634411902539641e-02
1.043187729752958204e-01,1.513062293758490051e-01,-3.257834804904893855e-03
-1.594174457333696338e-01,-2.804565747001735998e-02,8.976943327239213233e-02
5.368040976271922643e-02,-2.764230117763409947e-02,1.763299164349475534e-01
-2.722764109266657614e-02,-1.387578678723306314e-01,1.234028502455005033e-01
1.420746658543506902e-01,-1.165319575814453418e-01,4.416453293208415926e-02
-5.326182962331523114e-03,-1.427638503168180972e-01,-1.257151817558644080e-01
-1.010298754616469619e-01,-1.624074403657379539e-01,-1.168618836624934001e-02
1.648857300875099519e-01,1.826850294925090254e-02,9.854555001218280597e-02
-1.791588509445194988e-01,-8.602124159608018697e-03,7.469845643827228987e-02
-8.778675064788214744e-02,-1.717122018550388818e-01,3.296553521876785520e-02
-5.982100962425043744e-02,-2.095378656072825058e-02,1.865327332403055316e-01
-1.521451072099391233e-01,9.766682051447347912e-02,-8.164661013759050290e-02
8.731910630202886769e-02,-1.395630275054263458e-01,1.131329310438604629e-01
1.763328057832526108e-01,9.565255947476743181e-02,1.465427736213264880e-02
-1.031814474229487792e-02,2.952784489583372765e-02,2.001063055230977161e-01
-7.159836458750856725e-02,-1.569721618804477969e-01,-1.087449331235401523e-01
6.141194043920818191e-02,1.498437938835875671e-01,1.262790439218656469e-01
1.915611831383934593e-01,7.594754050204165219e-02,1.714935950319102648e-02
-2.028383337585466517e-01,1.137776470035396781e-02,4.560482773534033779e-02
-2.077984329854938306e-01,-1.168597141746220876e-02,2.527497876006221111e-02
1.223631220787323864e-01,-1.521874284969921588e-02,1.713545361325594374e-01
-6.353398569863964729e-02,1.572278018336445149e-01,-1.281758246166131154e-01
1.177228551398674765e-02,3.986496830310884421e-02,2.099673679987472119e-01
6.780279534898779603e-02,-2.042093751713532912e-01,1.232345751306533101e-02
2.107235014180358079e-01,4.024328109654977392e-02,3.273779431427262937e-02
2.117612063161626312e-01,-5.314599175507792733e-02,-9.070825539916210073e-03
-1.933896409927935434e-01,5.663369481838646108e-02,-8.834853167256154216e-02
-9.112601392185769311e-02,-5.797066109067047779e-02,-1.934416487861480571e-01
-5.339436865621544070e-02,-2.013752653710319251e-01,7.976361051348092313e-02
1.476349576741283962e-02,-2.184296767267153994e-01,5.025874112063258986e-02
2.212003911685903046e-01,1.233672479997439779e-02,-4.553288999118822178e-02
1.427046726087788930e-01,7.894496124630102918e-02,-1.589568016152002050e-01
1.656675609361050738e-01,-2.968769695340553461e-02,-1.557430054830871435e-01
1.683869422579384600e-01,-1.010574003984760494e-01,-1.214281148958807066e-01
-1.915650507996409235e-01,2.422927104672084608e-02,1.294827860165599365e-01
-7.650416986290724253e-02,-4.968472444702703300e-02,-2.155854102213276280e-01
-1.870169512626086161e-01,-1.423753028023049538e-01,-1.763939741866649147e-02
-1.985038320340147266e-01,1.087258714022765749e-01,-7.142217883987928007e-02
-1.473880116794610007e-01,1.198291475831902153e-01,1.449945299268261822e-01
4.403096022518461494e-02,2.197135589004217682e-01,-8.765234314086721434e-02
-6.552388928111151090e-02,-2.111218774373412599e-01,-9.914966781598927303e-02
3.115347431351226173e-02,-1.388474368345485876e-01,-1.981388164998793278e-01
1.797194730429729492e-01,9.406554825996774061e-02,-1.385041737996344224e-01
-3.385452326081951624e-02,2.362133782444008345e-01,-6.497530435057512210e-02
5.821108780504092445e-02,-4.748361438871760709e-02,2.374165868630244980e-01
2.458127529466685168e-01,-4.917282207781490527e-02,-4.964107702081374529e-03
-2.167044827495882148e-02,-2.429827485364667305e-01,6.499679752855963555e-02
-4.963870710405627468e-02,-2.491794719864108831e-01,7.776602161850849210e-03
-1.645483809231381434e-01,-1.311683088239377626e-01,1.456901365245486246e-01
7.964526368444115045e-02,-1.138792358824747691e-01,-2.170234888636029258e-01
2.267295256805133830e-01,1.041945272811242301e-01,7.116648529331590090e-02
1.697219121300303779e-01,3.847009839264567410e-02,-1.948609979592987318e-01
1.446198748269344470e-01,-2.164118581403453312e-01,3.806212535648956230e-02
1.568093639330477851e-01,1.152871218631084521e-01,1.796430985887166321e-01
-1.673488119074333647e-01,-1.387138852906669162e-01,-1.545054418780172634e-01
1.177804341138519867e-01,-2.136577430025186353e-01,1.121495143886433732e-01
1.285547991950863056e-01,2.370536374212093012e-01,-1.929207111996104201e-02
-2.182948383815043747e-01,4.705483415922956381e-02,1.556701624205170387e-01
1.235584246914909062e-01,1.580625768272815590e-01,1.867357274791682786e-01
1.210865680655125037e-01,1.747045650583060605e-01,1.759874776593568224e-01
2.617344680434196547e-01,-1.313709287727782282e-02,-9.233788053493265091e-02
1.095220619959199337e-01,-2.356379126472862573e-01,1.036642157968248046e-01
-2.312222516665949912e-01,-8.262838051131163319e-02,1.380310900146284880e-01
-8.557864641801225802e-02,-1.895855373215173389e-01,-1.927930540301370788e-01
2.014850147070027520e-01,-9.243550433433199431e-02,-1.800044031394906485e-01
-1.511787370616446691e-01,-2.112874638202415500e-01,1.231514756994733922e-01
1.228057263715100628e-01,-2.050165308390794819e-02,2.613405634420915002e-01
1.244306178674547091e-03,2.173198206105153574e-01,-1.942245263860794269e-01
1.130686071113722463e-01,-2.655972779971815245e-01,-5.285799023738562558e-02
3.063184300355488096e-02,-1.221982583446195626e-02,2.936262001631137486e-01
-1.379915320298944759e-01,2.610458276619350149e-01,3.629062820426875308e-02
1.947910544744684280e-01,-2.272237848557543682e-01,1.205219567291472040e-02
4.531214801017154070e-02,-2.915702641719516430e-01,6.233276805444256524e-02
-1.526492934970031246e-01,-1.212325139285978376e-01,-2.328125075090297369e-01
2.103266683643714441e-01,-2.188788400483053231e-01,-3.635184410309839909e-02
-2.895298546645132531e-01,9.100985358841696959e-02,5.137542132366638981e-02
7.419516263219461116e-02,-4.204281146408082870e-02,-2.979558079896895695e-01
-2.287217301424922244e-02,2.371623225613411490e-01,-2.014921813411292284e-01
-2.044919012028927618e-01,-1.972801131163231525e-01,-1.340435637028089821e-01
1.482635333229443131e-01,7.047220196772592538e-02,-2.703878357284024148e-01
4.188562758338727765e-02,2.432313838074369183e-01,-2.012817069382032975e-01
-3.175013455156995290e-01,-3.397974918311019027e-02,2.931421949077586686e-02
2.933394089754412515e-02,-1.322138691793824927e-01,-2.930694317730994647e-01
2.000648149912301332e-01,3.989155502517596069e-02,2.530654214942245628e-01
6.849726243431104866e-02,-1.740631057364441792e-01,2.685471131839894943e-01
8.700562802010636254e-02,-1.388136971201544556e-01,2.858946840596240935e-01
-4.710820172477261231e-02,-1.708976027691846145e-01,2.804233674833692125e-01
2.811711024553316673e-01,2.586099397726441748e-02,1.784489195642676163e-01
-8.020744500806702149e-02,3.686455010022202800e-02,3.245084102731693454e-01
9.380031993582746419e-02,1.330048449505248087e-01,2.969137011162775175e-01
5.986795243950870232e-02,-3.351670364223259257e-01,-1.717414974651074178e-02
-3.646147709356099831e-02,-3.376046449903183366e-01,-5.000475353357813901e-02
2.062794453736923883e-01,-9.745921087504626212e-02,-2.595564465104322482e-01
7.663018637934009003e-02,1.913821545603715812e-01,2.802744645836545700e-01
4.719553603202233938e-02,-1.638901305133662056e-01,-3.059768150756347893e-01
-1.388067481885564558e-01,1.025860348202727312e-01,-3.075654229321059252e-01
6.662385485167804378e-02,2.471460329246971677e-01,-2.461076352161857272e-01
-3.431834843071390195e-01,9.925454254312432445e-02,1.366208875898731849e-02
1.822008746417050074e-01,3.102519510334775799e-01,1.034568304054796738e-02
-1.487373418107155489e-02,-3.231747218470518712e-01,-1.633045751921475552e-01
-1.972712266884415755e-01,-2.345836461436004092e-02,-3.060396219611197233e-01
-1.620724100949265667e-01,-6.464767322416949125e-02,3.232629038245447561e-01
3.270885662303089081e-01,-1.523107412643012193e-01,8.126486853674047550e-02
-2.982079566019851247e-01,1.597025233803466282e-01,-1.556446751342966672e-01
-2.588999602091257568e-01,1.526268566913684677e-01,-2.241158320678468263e-01
-4.333555196250174490e-02,-3.447121972113265653e-01,-1.475366421312229170e-01
2.307999481722342039e-01,-2.606931555254413807e-02,-3.007801431535968573e-01
-3.187282940992925973e-01,-1.200530886765125843e-01,1.743218328551200125e-01
3.650035705564269595e-01,-1.008601737885930355e-01,-7.061483220243573722e-02
-1.113748563441028377e-01,-1.009446273391149083e-02,-3.713567212073797252e-01
-1.450112106953138358e-01,7.763881469426552051e-02,3.541307705123287741e-01
5.378460524173346580e-02,1.963549982408112349e-01,-3.362987333364922393e-01
1.996264163402411973e-01,2.216900778522184201e-01,-2.601077649959010474e-01
1.581228226774159529e-01,1.733675502322341577e-01,3.220728155920221103e-01
-3.663946779632822059e-02,-3.116781230806298097e-01,2.499398861334558575e-01
2.675529155698801453e-01,2.450583805291241535e-01,1.775170705453023301e-01
-3.017310945532921673e-01,-1.797451394944376835e-01,2.049998925170385122e-01
-2.481190462406868136e-01,3.256731819521368476e-01,1.813692165126431187e-03
3.653852753962728572e-01,4.699196707247998289e-02,-1.849312939547364532e-01
1.107124743886239299e-01,-3.947238154182610564e-02,-3.980132903653890164e-01
-4.116085685486634699e-02,4.000539110339995652e-01,-1.133113162427820675e-01
2.544006834752439716e-01,-3.292962050313534839e-01,-6.164133903558756400e-02
-2.536584322471056030e-01,5.544255844819865470e-02,3.345885528282602217e-01
4.172181267455041809e-01,-3.212531779851517111e-02,8.189080294369681379e-02
-2.671327781921441491e-01,3.180539134224877884e-01,1.084756156816088640e-01
-4.303064603847173153e-01,2.731452727412791298e-02,2.974706172461285755e-02
3.919820307412483773e-01,-1.521200682760181222e-01,1.120154953827511152e-01
1.543296276054520744e-01,3.867452955372185919e-01,1.361098894312497698e-01
-4.125820005184109851e-01,1.330426357236772217e-01,-8.126200220588755685e-02
3.468543252250253645e-02,1.899811850319931827e-01,3.998491532506520674e-01
9.017967926265038625e-02,-9.610971744220807300e-02,-4.271873312369650066e-01
1.785035475532825988e-01,4.127269894476528478e-01,-1.925451767500004768e-02
1.374475861735051374e-01,4.444312045570046610e-02,4.294959692728403389e-01
2.818524072299262162e-01,-3.239300532472490501e-01,-1.541281646642149172e-01
-7.009703745669647323e-02,2.103892219668980490e-01,-4.022194634693238569e-01
-2.755790898139686140e-01,1.442514544358897699e-01,3.421612249074927337e-01
-1.539279506158712785e-01,3.415443073329385570e-01,2.763835144517167164e-01
-1.608506860695473328e-01,2.232425199209598088e-01,3.794347522213059598e-01
-2.802159216916408346e-01,-3.595752808108401144e-01,1.218686468069813122e-01
1.214032500458737118e-01,4.228131763086433459e-01,-1.793996149856784128e-01
-4.517263771522475047e-01,-3.929928561960457228e-02,-1.521847713108140931e-01
-3.661756599212908636e-01,-2.184924743818965898e-01,2.237107493887698917e-01
-1.515782918689415060e-01,1.837433199654066041e-01,4.222357988614327540e-01
2.717720427658368854e-01,-3.062045386032214989e-01,-2.656923049966760098e-01
-5.389438212791878430e-02,2.820786070719833449e-01,3.987188497981908886e-01
-3.947251972030192402e-01,1.977912991557975175e-01,-2.231588239929617190e-01
2.886963774950613293e-01,-4.971601612241296347e-02,4.027849161571904757e-01
-2.931720823731378545e-01,2.437907486124548662e-01,-3.256342225000093404e-01
3.431553326582006958e-01,-2.845304300293161059e-01,-2.369010795810799486e-01
2.148902854465353784e-01,-4.000856978142379727e-01,2.281417268930235887e-01
1.574860535721652466e-01,-4.356727407307970368e-01,2.172298394239446651e-01
-5.045483895133031638e-01,2.169805903115315862e-02,-1.015630759751068868e-01
-1.272956618045869848e-01,-2.277375548578963738e-02,-5.022285176268829199e-01
-1.351446408618806327e-01,3.501516622194491002e-01,-3.629543955349925355e-01
-7.573828168555896134e-02,-2.206764933817665642e-01,4.710315384078978540e-01
4.381386356106861113e-01,1.619300438494995498e-01,-2.487308664482920095e-01
-6.453910532057459404e-02,-5.195956765003907352e-01,9.852949866495948339e-02
4.716126363127108312e-01,2.193909669194854251e-01,1.309673538172985707e-01
4.373033690590671929e-01,2.742111758489463313e-01,1.586802423351279245e-01
5.333378118606195706e-01,1.413466173293475648e-03,-1.053983205623242048e-01
1.322028734965718655e-01,-4.687315464858926028e-01,-2.497618177197639400e-01
-3.536026428702208069e-01,-4.214144417235894946e-01,3.169518548763972099e-02
4.047922491186629057e-01,3.792601936037057198e-01,-7.130281738337103728e-03
-4.556438160390971492e-01,2.906237691719983918e-01,-1.408693088318306308e-01
-4.295030020913122581e-01,-2.144923542508432035e-01,2.926869676001808140e-01
-3.237589916168611692e-01,-2.518372340448561952e-01,3.901131644585147384e-01
3.912606443447763094e-01,-3.262518523031436302e-01,-2.554355464555477240e-01
-4.188977243103078618e-01,3.875011973271870747e-01,-5.950394893603085100e-02
2.270755255146878759e-01,-2.474435219390858365e-01,-4.699377720204355735e-01
-1.012074967494381722e-01,5.125122630784824107e-01,-2.554235585331444125e-01
2.494423231790013629e-01,-4.681851215864990534e-01,2.476183296399145917e-01
-4.912304734946960072e-01,1.168960538162021612e-01,3.039799141506021596e-01
3.156005840001418483e-01,4.950303345378914699e-01,8.614954038415532922e-02
-1.359517465248829549e-01,-2.361815285492447625e-01,-5.315861295463661929e-01
-1.088488331975929202e-01,-4.556840817782591424e-01,-3.770734049751061634e-01
-4.631025710053123245e-01,-4.665610517555743297e-02,-3.872164449078559501e-01
-5.871724834560725359e-01,-1.565838188264779274e-01,4.743545488243340602e-02
-5.093586216203277450e-01,6.450917101096814710e-02,3.360981864169378386e-01
4.340733530401535423e-01,-1.279113447187375241e-01,4.205778554702924166e-01
-2.388639309944036448e-01,-5.665377973642060638e-01,9.386833838629426996e-02
-4.733320325367671444e-01,-2.414524854238028484e-01,-3.312473771842947556e-01
6.038199865739639627e-01,-1.809497833366680020e-01,5.596148729147723544e-03
6.209656030419323791e-01,-1.236734228672603936e-01,4.308125353399658991e-02
6.066665661185786096e-01,1.048010653681650944e-01,1.707944041816025216e-01
4.217662566489295273e-01,-9.578579922942619118e-02,-4.760869275819786250e-01
-4.182800476093688213e-01,-1.836359088400476430e-02,-4.939852019458572663e-01
-5.466304317179990768e-01,1.084786549004479878e-01,-3.382541753515334593e-01
-5.437686086195224755e-01,-2.756583479455524954e-01,2.430313663660573775e-01
4.259096605892414567e-01,1.159889987908633707e-01,-4.916386252591507522e-01
-2.965776523408805154e-01,-5.420496160785779338e-01,-2.463496372942768353e-01
-2.510949768817785088e-01,1.961061500382480782e-01,-5.890164986813413162e-01
7.400498076590263097e-02,2.596841010580435705e-01,-6.177354213345677136e-01
-4.485593904215804395e-01,-2.857270506124622855e-01,-4.216734056249171747e-01
-4.463945285394885776e-01,2.090561963045613758e-01,-4.731894039592149936e-01
2.769522831482085778e-01,5.862032004600226109e-01,2.299010685912749874e-01
-6.574747286657246503e-01,-1.946902533736697138e-01,-9.700094049896064441e-02
2.590607090631797393e-01,5.570241952624720438e-01,3.296653090678045017e-01
-8.505926799445547026e-02,-6.960321679959418084e-01,3.065824127897426657e-02
-2.691175970066757017e-01,5.908821521342609850e-01,-2.787941112367843255e-01
-6.950847559929083097e-01,1.492316316715599223e-01,-2.500024886746543898e-02
-1.017253176459287714e-02,6.757661822621419123e-01,2.368772558084512314e-01
6.548660528880073661e-01,-2.998253866836748105e-01,3.252030854801018361e-02
9.108427030460941598e-02,-3.879841114940134617e-01,-6.066263440165293730e-01
1.488165658563487051e-02,-7.288639299039091357e-01,-4.974805954477239112e-02
7.505302542432448765e-02,7.167276348293312171e-01,1.477107250737405009e-01
1.376628709281801921e-01,6.016796019929313566e-01,4.092533122992254024e-01
4.524735590741182922e-01,3.527798833495487257e-02,5.915122113270375737e-01
4.715099123788026869e-01,3.592574580332285050e-01,4.604142976448267754e-01
3.407535510089643727e-01,6.326387564112053719e-01,2.337308381199793283e-01
-7.540400398083718647e-01,6.871261476610004970e-02,7.338402683975842056e-02
-2.220116376235516942e-01,2.532495822444142952e-01,6.878009187851138462e-01
9.535687063349271297e-02,-6.424811345204277657e-01,-4.153746885006820988e-01
3.691530459609962400e-01,4.639166581475185347e-01,-5.009402550629834527e-01
-2.527392378700947240e-01,1.409944436288779190e-01,-7.258151270524020315e-01
5.632730004460724249e-01,-5.423942518787036038e-01,8.564841083872498650e-02
-5.929290171391015107e-01,1.165311281345886296e-01,-5.118685321665094046e-01
6.643439457562156925e-01,2.848521484570737949e-01,3.363364656736637648e-01
-7.443113471639780654e-01,2.859868772333684084e-01,-9.167141516429253012e-02
-4.791485106646091729e-01,-5.187041196012648347e-01,-3.927403989036109544e-01
-7.742219491224113792e-01,6.583803842314486787e-02,2.406976885151282664e-01
-6.022902072223974557e-01,-4.998577609508123021e-01,-2.408400361030716141e-01
-2.013630400038768017e-02,-2.081205700309241569e-01,-7.974590016857832087e-01
-5.257474080435267094e-01,-3.029208434622590040e-01,5.662647709370570714e-01
4.762100408680985941e-01,-1.939975075028005369e-02,-6.862685035641790110e-01
7.679711285577451862e-01,-1.147322609251998637e-01,-3.234005915834002320e-01
-1.038424400024132860e-01,-7.907633070329489478e-01,-2.845730164838335963e-01
-8.432408486679635606e-01,1.243366153870015534e-01,1.501662462391988723e-02
-1.739485924695740801e-02,3.234697951244762670e-01,7.947346674605796357e-01
5.007234534832742945e-01,-6.411316724927984545e-01,-2.910229834658232262e-01
1.801721692931194108e-01,-4.811929936517581052e-01,-7.017993694598935184e-01
4.214863916031104107e-01,-6.733972715494419559e-01,3.682584173785360404e-01
7.727800966895793655e-01,-2.104658197152247945e-01,3.682100362202883614e-01
-3.370030285908180989e-01,-3.471240466644480716e-01,7.439561012031333798e-01
-5.031074586535743132e-01,6.417059072611994708e-01,-3.650300820578768479e-01
2.815142535680121294e-01,8.426991507505310341e-01,-1.396942387379534745e-01
2.010518377453776317e-01,-8.283445875490728083e-01,3.053364262307569632e-01
-2.066517352486907100e-01,6.997058927729814526e-01,5.464065795054060537e-01
-6.062965176625539909e-01,-6.843536340237542648e-01,7.818371534600639106e-02
-6.858681715008629887e-01,6.167334890424365224e-01,5.116111415061715822e-02
-4.214146093839626211e-02,-8.940125656468647097e-01,-2.526960769294419040e-01
6.584295807427855696e-01,-6.464238312109401585e-01,-1.585794063570523660e-01
7.521090227801536798e-01,5.611299229964791246e-01,-8.839226872657826584e-02
7.934422377177053898e-01,-4.676711537410251918e-01,2.281373286418604263e-01
-8.654641238055127417e-01,-4.042307332865600622e-01,-2.982543720116094619e-03
5.337581763608605367e-01,2.985042329273705428e-02,-7.993367662347956593e-01
-5.156449139806394341e-03,9.642633145323866728e-01,8.573855634257267211e-02
6.856125859781148080e-01,6.689662519368538840e-01,-1.795027668725071301e-01
6.971769340721472030e-01,-3.432635483615258387e-01,5.989203896474643019e-01
5.165340148309862656e-01,-5.346033707901918230e-01,-6.503414018906107374e-01
1.985436885280641162e-01,8.224379903884642129e-01,-5.223628133268529705e-01
-6.333552499618835263e-01,-7.591217533291345632e-01,-1.568208325720779339e-01
7.585281732990489800e-01,-6.551531348485972739e-01,1.043839802305961961e-01
-4.068945159790073318e-01,-5.476927506322298855e-01,-7.507503585970529691e-01
4.757575771691745503e-01,7.080346097958374330e-01,5.615616672557098843e-01
3.845466740057604804e-01,-7.536114939872875507e-01,-5.841594191792707225e-01
-3.022346489753727772e-01,-4.720240342756332752e-01,8.701282742280483928e-01
-4.742722720021398941e-01,-7.658296642685501476e-01,-5.237023310733195380e-01
-9.593694468277824683e-02,1.019666191690214996e+00,-2.266744177971934393e-01
-3.473393538771843980e-01,6.065687031755711001e-01,-7.915433426356228708e-01
-3.600657352757737351e-01,-2.051281313209834811e-01,9.789746572726319984e-01
-6.699937205654515893e-01,7.523733977450164367e-01,-3.610612353355636683e-01
-1.051793454702235620e+00,1.187044680450801970e-01,-2.009287208024060356e-01
9.123853137443731498e-01,-2.330539373069273890e-01,5.381338275918267078e-01
8.649093147289279582e-01,-4.104244307949866249e-02,6.651483393390666965e-01
1.934656432724981279e-01,4.398515652253647268e-01,9.885921438266946915e-01
-5.814791671447705479e-01,-9.347210419349294419e-01,1.124459528532059521e-01
1.064145255156988767e+00,3.183683106471382196e-01,-8.469098852793500998e-02
1.033341523409526896e+00,4.316372720350238890e-01,-5.934509497813691969e-02
-7.953139488549855196e-01,7.687974665881267544e-01,2.257615993870908666e-01
6.825174365269648380e-01,-7.767790324328333051e-01,4.716649987689746082e-01
-4.587618142544527822e-01,-4.799883503610700708e-01,9.317743761668149105e-01
-4.734590870554727382e-01,1.039533615837515690e+00,1.478678630951037742e-01
1.514668106650334800e-01,9.305917422791886162e-01,-6.749481795077487689e-01
2.090971405304759279e-01,1.068463147702462646e+00,-4.210009361215515944e-01
-1.166315285679721425e+00,-8.100496164376783104e-02,-1.185099414645756633e-01
5.073538947368387841e-01,1.037271029789772481e+00,-2.571475663453114957e-01
7.778950109197360074e-01,-4.151147255837026595e-01,8.005236632794885399e-01
1.082947416166119448e+00,-3.084368670786162281e-01,-4.116280197848910527e-01
7.081693570058010812e-01,4.063513424244821759e-01,-8.888437419398567130e-01
8.703670549255572153e-01,-3.804789324222999092e-01,-7.575926687616379995e-01
7.203185773089355592e-01,8.158476334962226906e-01,5.582355889613561661e-01
1.475726484924160496e-02,3.530481133785972614e-01,-1.179551494656509103e+00
4.129146554972976113e-01,3.125948701700739102e-02,-1.168377264682787686e+00
9.208373006488830281e-01,-8.343697809890971984e-01,1.145355722273895538e-01
1.243494091680721197e-01,1.108363361091874832e+00,-5.781251555273639875e-01
-1.119448870006541030e+00,-1.705817486402208191e-02,-5.881432559444149666e-01
4.538882885094888686e-01,-1.188544213558023976e+00,-4.700830503649794379e-02
-2.409658014251536695e-01,-1.258377374355605705e+00,-3.261694144681246549e-02
-1.071139290524378562e-01,1.169511583814990541e+00,-5.343063058666537302e-01
1.220299237175773266e+00,-4.426970868101424150e-01,-4.439112872762147194e-02
-1.142959742801299416e+00,2.862272789123792571e-01,-5.669793241943998918e-01
-8.107356198420314630e-01,3.585223499477176445e-01,9.730820446570561666e-01
2.593410693381305310e-02,-1.216482456423634284e+00,-5.248763992839915460e-01
1.055765412988290519e+00,-7.858099382382861542e-01,-2.178288485816506082e-01
2.587497082842059315e-02,1.332133474809148899e+00,-1.680592974828602482e-01
1.342622703452416966e+00,-3.529736940781146720e-02,1.543932052594347015e-01
-7.819076367806655492e-01,3.122814476209656576e-01,1.069284741545758699e+00
1.356385925203485776e+00,1.854084946392701994e-01,-5.467133678778561545e-02
-1.325335005777215525e+00,-2.622247520865729209e-01,2.776425300535682039e-01
1.251715506585167059e+00,-4.632847812797976639e-01,3.827337939357995378e-01
-2.501401260167028240e-01,1.370788326414783764e+00,1.103203692757261933e-01
1.128598043092518211e+00,4.694132336171989994e-01,-6.971063479716340661e-01
-7.466707132008868486e-01,8.741021279028445834e-01,8.276819793717808960e-01
-5.399080435161637270e-01,5.140803184109851154e-01,1.215646081684162549e+00
1.120628046618093121e+00,7.745792109467992681e-01,-4.528804908927837602e-01
-8.995154670820328935e-01,-2.540709856984106341e-01,1.102212576456204740e+00
-1.106233060911612442e+00,-9.446571083125541168e-01,-2.159382072856167248e-02
7.149922453658033028e-01,9.595578133363046325e-01,-8.444213590113635037e-01
7.667862221412691248e-01,-3.089986259394770785e-01,-1.220806818772244728e+00
9.813209887761278893e-02,-1.262744755505849081e+00,7.738474138113228262e-01
-2.236225191674335311e-01,1.303481039560289378e+00,6.953404411152666054e-01
6.661315507571426986e-01,-3.469711225459209958e-01,1.303233659640037345e+00
-6.343941895438806045e-01,8.935740311731296126e-01,1.044977885743055834e+00
-1.465842470162446398e+00,3.360611851943661188e-01,2.491098298151984136e-01
3.977234416956046403e-01,-8.113444917123646682e-01,-1.240327680918857478e+00
9.087181903887722179e-01,-1.239353942594080715e+00,-1.572154077407577344e-01
2.623858809697531824e-01,-1.013916879201641891e-01,1.529505504138680250e+00
-6.713389054915392951e-01,-4.685455319810323260e-01,-1.334444318052715905e+00
6.149277573261265895e-01,1.199443471022956675e+00,-8.167403956041210389e-01
-8.938688769207349116e-01,-6.911944711003736863e-01,-1.113753875643911373e+00
-1.248627980906569790e-01,-1.333685243812309240e+00,8.698686782981317478e-01
1.134540965348853625e+00,2.604728963226780047e-01,-1.109135159748970478e+00
8.360024806507394546e-01,1.384534316947919841e+00,6.375254993448306595e-02
-9.988924366869632587e-01,1.101652567298923913e+00,-6.660549795460163347e-01
-5.215473390099467643e-01,-1.124396566038653678e+00,1.074429517615056229e+00
1.176294268533446985e+00,6.771451947931709237e-01,-9.405239444036357366e-01
-7.724810965492280579e-02,-1.496405243184860234e+00,-7.198384110074781406e-01
-8.606887551047223139e-01,-1.171584109871167678e+00,8.288802669169463844e-01
-1.506378466838090117e-02,-1.617875402492616743e+00,4.693175967165688078e-01
1.311780750383046090e+00,-9.991546412252995113e-01,-3.962329019578084144e-01
-1.590280001947634303e-01,-1.468505446572971218e+00,-8.560742006010371163e-01
1.618782544189057093e+00,-4.144386059614624807e-01,4.019242360162572081e-01
1.463245751058681376e+00,8.675775944714264609e-01,3.155973619562248977e-01
7.870429920940044677e-02,-8.867064337725628631e-01,1.497026888150595259e+00
-1.123803290238293062e+00,1.283248887244757608e+00,4.056591085778111228e-01
-1.342134968084399027e+00,8.167080882133078701e-01,8.044349333062197349e-01
1.184831556174139156e+00,1.172612108294760258e+00,6.151371530663990450e-01
9.641425068873276105e-01,-1.765373156180269909e-01,-1.496277478101612601e+00
-1.589800671057180148e+00,4.314597400050804166e-01,-7.272338836606737633e-01
-4.445745637556608454e-01,1.697890359797005644e+00,-4.533199581383781096e-01
1.577650144866551862e+00,6.839307936857356163e-01,-6.109844889404285606e-01
-1.498719673582967093e+00,4.285916583182582396e-01,9.720327005686631994e-01
-1.620420159531896220e-01,-1.298644365111456311e+00,1.306605269617188814e+00
1.034958855302440028e+00,1.506709164952449553e+00,-3.528431304123336720e-01
5.239496022978966661e-01,1.351428269424898243e+00,-1.188023999257627361e+00
-1.168249776398017747e+00,-8.762384786593390151e-01,1.194476790228645280e+00
-1.414839072569062273e+00,1.263878516017223896e+00,8.911414470356315842e-02
8.281896377769527584e-01,1.717465160107048083e+00,-1.409865436156542695e-01
5.157838867681737716e-01,-9.477133074213937025e-01,1.593824733328458532e+00
-1.062756353950366162e+00,1.610911340613048415e+00,-1.721886327748176904e-01
-9.954710365733615562e-01,1.506589884567745674e+00,-7.373523846575577023e-01
1.119620926743042588e+00,2.857199814635332791e-01,1.587538771656507697e+00
1.279087543030151597e+00,-5.450172484143697149e-01,-1.405005984352296400e+00
-5.558393853146973429e-01,3.598680446420852719e-01,-1.876449767566985338e+00
-7.069260711384850460e-01,-1.874030330015763246e+00,-2.946479818856401894e-02
-3.544856629022670180e-01,-1.041047224117058745e+00,1.690251162556447806e+00
8.650649314599572204e-01,1.133063248595696182e+00,1.445241924832417979e+00
7.048254550449485345e-01,1.823148348033888366e+00,5.962210647654730966e-01
-1.426065275037327496e+00,5.640150108765216164e-01,1.371249988173557144e+00
-6.887194067554436305e-01,-1.688315988296510861e+00,9.818748450357384083e-01
-3.016529865660576015e-01,1.316790365310152477e+00,-1.587883063595304289e+00
4.373010505468335474e-01,2.545604293172852306e-01,2.036791609750387533e+00
5.732285998585560094e-01,2.032864155706277209e+00,-4.953667109793549739e-02
-1.520695032488791787e+00,-1.006462132704086132e+00,1.094495282458091134e+00
6.783290199950912092e-01,1.743808973867683410e+00,1.040681059197140934e+00
2.322186398123113893e-01,-2.063944359336282730e+00,-5.758937920330667870e-01
1.410837820493136552e-01,1.504584769250269849e+00,-1.556924992523545548e+00
2.122184393387437140e+00,-4.866332534691191758e-01,-1.740668631552443613e-01
-1.895720561413095917e-01,6.442081770044127964e-01,2.093743552315428857e+00
-1.962593389087732287e+00,6.415096928904219231e-01,-7.976071638103958694e-01
1.244416236636406992e-01,9.989968146245257197e-01,1.987876130314846890e+00
-2.191996595571935824e+00,3.891398007784200863e-01,2.745506340454699212e-01
1.841465871512695252e-01,-2.228113167552411067e+00,-3.172905636877618729e-01
-2.264456806984484483e-01,-2.257406185417668354e+00,1.422228839787401389e-01
1.487673303448739492e+00,5.559693510894309076e-01,1.647526495945112135e+00
-1.000978848133664334e+00,-7.096707620232112212e-01,-1.949661885260382643e+00
8.071839126443508539e-01,-2.193687514193521371e-01,2.162914161306058958e+00
-1.256772818409152448e+00,-1.029582565307235686e+00,-1.676422415240890862e+00
-7.992652929624110003e-01,9.185678846382432372e-01,-2.010056156717116238e+00
-1.331406329211598294e+00,-1.870314756488285379e+00,-5.711227930999575042e-01
2.101415083929178085e+00,1.014233613642811616e+00,4.767169303299186311e-01
-9.880640301428873506e-01,-1.585562585852170914e+00,1.502521308726697535e+00
-7.871684844848869655e-01,2.280163473943966679e+00,-7.785237042867897139e-02
6.101955652500039295e-03,2.000250875596330413e+00,1.379065065376626764e+00
1.721130782015071192e-01,-2.432877353446253554e+00,1.827836455911851787e-01
8.165946275836817314e-01,-2.919987741436123052e-01,2.304334124090087421e+00
2.465837375856250180e+00,9.524818094355599896e-02,-2.319734933257735776e-01
1.546975530027554280e+00,1.947610006354326462e+00,-1.979834365424420206e-01
2.145348411844670178e+00,1.294570620615802081e+00,1.745284685168133898e-01
-2.176803842429568370e+00,5.453723457353989446e-01,-1.165109207537166069e+00
2.432979274653078061e+00,4.965198971192584243e-01,5.595419816278022207e-01
1.734881469776742513e+00,5.175781829810965906e-01,-1.813304487040172441e+00
-2.572143417167216839e+00,-1.195160974818915492e-02,1.940002910600234776e-01
-1.103040661230280772e+00,-2.275014856198096513e+00,-5.919557137269194635e-01
2.300899131658526997e+00,-9.005075275220942865e-01,-8.532558735074458056e-01
8.258317319928673572e-02,2.461303701564549140e+00,9.272328525642860031e-01
2.139165061967701398e+00,1.523603196500340484e+00,3.463040109430075009e-01
1.846858063382118276e-01,-3.155545486054393001e-01,-2.641514727188537748e+00
-8.757299741305815122e-01,1.912562740081371393e+00,1.667844033500993861e+00
4.107690122726336823e-01,2.148309646343413259e+00,-1.587145140167086632e+00
-1.222918981352340673e+00,-1.944259862745351564e+00,1.457772321890240086e+00
-2.472315387714224766e+00,-9.450409163412052393e-01,7.031507619566953471e-01
1.219039189055908912e+00,-2.174216961635090151e+00,1.177711624587259864e+00
-1.183584150350307507e+00,-4.154180242162010539e-01,-2.475599569923749410e+00
2.746738034271299256e+00,-4.412018219338001979e-01,2.567573587172049532e-01
1.587573957508595202e+00,-1.509027960224750720e+00,-1.764112116247495088e+00
2.713702362547228741e+00,-2.243747369924343205e-01,-7.752516176107113743e-01
-2.195018362045826343e+00,-7.191644088533709622e-01,-1.669593840721046440e+00
2.375507582967478104e+00,1.607237546844323628e+00,7.307012323546080435e-02
-2.594071241536753725e+00,-1.233774861840979398e+00,-3.006276000955468430e-01
2.167847856222949510e+00,1.677734452716293623e+00,-9.690684168982856006e-01
1.292326927876120468e+00,-1.428047408751488501e+00,-2.203901762739961079e+00
-2.590603441781212712e+00,-5.113151589922988460e-01,-1.307139960600175455e+00
2.481683769572085918e+00,1.615381594952283617e+00,1.711080471526993940e-01
-8.129213133454942231e-01,2.091780482217232340e+00,-1.969482747100292919e+00
-2.576163260858195247e+00,-1.545512316350197146e+00,-9.672835910908615664e-02
1.826606077000899386e+00,-1.374639140556101369e+00,-1.982268195367710595e+00
6.237302511463085342e-01,2.849704568277749317e+00,8.764692461911285370e-01
1.961814770066524938e+00,-3.397316307389928736e-01,2.331973661038191814e+00
-2.317396704661015772e+00,1.759870375080071048e+00,1.029857508045672665e+00
2.063094653076927631e+00,2.073300390217929223e-01,2.314358682861073824e+00
-9.002503649171548217e-01,-8.183331041815702367e-01,-2.881789320492617712e+00
1.398570370999820733e+00,-2.320597970580778602e-01,2.811749251833856267e+00
-4.878829280548845349e-01,2.202227592044724958e+00,2.227252564470003193e+00
2.023833242596442705e+00,-1.697205823377956557e+00,1.790687159482541313e+00
8.978650432621967936e-02,-2.286337053372986983e+00,2.254738706460367226e+00
-1.977718096639061951e+00,-2.371152196145592139e+00,-9.610469845820496237e-01
-1.459148141195261372e+00,7.757618508718244765e-01,2.804704316750731952e+00
-2.098709707608364283e+00,-2.493000699558084676e+00,-3.456363844796425111e-01
3.183156456930641198e+00,-6.110333710484097125e-01,6.139716866516988780e-01
1.229598703760847123e+00,2.924132647659394846e-01,-3.070996368202921101e+00
-2.825264198167255714e+00,-1.739743911986049163e+00,4.088836505625401130e-01
2.281425710525149253e-01,-3.278571227440776781e+00,-7.242110763147971975e-01
-7.655476784698930226e-01,4.824419621285488402e-01,-3.264704049265455765e+00
2.517388312953857898e+00,1.700566739236248237e+00,-1.549679350962510194e+00
-8.801849588404168090e-01,-3.275295803711607778e+00,5.329282791199033698e-01
1.821677413367104315e+00,-2.933994685386384305e+00,-1.310359936589132190e-01
9.524798933919337296e-01,-1.661848417301157621e+00,-2.904282406499806957e+00
-1.698660921373468691e+00,-1.858190210341667425e+00,-2.434633599091705847e+00
-2.804070555106943807e+00,-1.890049654432560455e+00,9.973822776740094431e-01
-1.549328946278277996e+00,-2.185885571832590468e+00,2.327586324937145346e+00
2.250653425590960488e+00,1.346836000357214846e+00,-2.425961970639136656e+00
-6.182115382214223853e-01,2.761221402870003505e+00,-2.220123392571374144e+00
2.322539443994029895e+00,-2.686976996115840954e+00,7.032081435977576289e-01
-3.500791416895317809e+00,-2.793962756052506199e-02,-1.013699859317484853e+00
1.622449015710159870e+00,-3.289561039581496260e+00,-8.984073551996711593e-02
-2.563177455312568132e+00,-1.900022217724961493e+00,1.860578141628838500e+00
-3.286922555860539163e-01,1.907548143586145883e+00,-3.174497143863139748e+00
1.962185015676123578e+00,-2.871965937904394028e+00,1.382312304844140138e+00
-2.799257849355665684e+00,1.610583033085470905e+00,-1.940806440258469268e+00
2.351873783188550338e+00,1.911283109908738620e+00,-2.280821934365839798e+00
1.210331863570988098e+00,-1.131732978875719525e-01,-3.619557777453937586e+00
2.064902085253373709e+00,-5.522524182748816957e-01,-3.194546258698737873e+00
-1.990419560150676226e+00,7.818040447790561842e-01,-3.224680847337746847e+00
-1.926378483850599288e-02,-1.177017635422014985e+00,-3.712960829091441095e+00
2.535076180455651418e+00,-2.504901541046743674e+00,-1.635120225415241269e+00
-3.650056311512297036e+00,1.460885719380615955e+00,3.511636624105957116e-01
-1.658194154829768507e+00,5.152755191675714164e-01,3.574031070429098733e+00
