0.000000000000000000e+00,0.000000000000000000e+00,0.000000000000000000e+00
9.046378413353180561e-05,1.874487412268922002e-04,1.010889241566080260e-05
1.695917893170255006e-04,1.444063363820780618e-04,-2.076770186652141740e-04
2.173589148239205981e-04,-1.170651780993991114e-04,2.923921796938940844e-04
-8.715223229017091231e-05,-8.521616046878240525e-05,-4.349238571308689763e-04
2.404033262956684449e-04,5.396121339821161153e-05,-4.522107014979461393e-04
-3.533676237810452563e-04,-3.373606816249001138e-04,3.019138585248162961e-04
3.963486028222806056e-06,-2.192981629982845610e-04,-5.913563820764955719e-04
-5.050038000587386226e-04,-2.941089430971086647e-04,-3.571166205668217125e-04
5.985767855462440163e-04,-3.816778679350758862e-04,-1.989196307547002988e-04
2.899715518202533159e-04,7.293618321007861545e-04,7.189097679385725661e-05
3.147801858016939817e-04,2.195701220845811463e-04,7.448387166301680216e-04
-1.316062887676988397e-04,-8.756169654470684956e-04,4.576141584447233923e-05
-3.561937305242436191e-04,-8.593187698467174901e-04,-8.960642980534743623e-05
-5.210414849372413783e-04,-7.956245910118406610e-05,-8.281982193038185279e-04
4.826221814187760402e-04,-6.168156694230940472e-04,-6.662801299232751521e-04
3.222566291706581583e-04,-9.514761137627320182e-04,3.807315210650765954e-04
-3.147424703544950608e-04,-7.256929628173130770e-04,-7.927459569308167864e-04
7.645647365366902196e-05,4.825997737698473544e-04,-1.057671712571411644e-03
-1.549193779954262720e-04,9.460671788156001108e-04,-7.381937885094671907e-04
4.867693883295497377e-04,-2.673439636786493017e-05,-1.155930363987110092e-03
-2.904834506988850226e-04,-9.824539194185273085e-04,-7.983949978161601147e-04
-5.348419934440960680e-04,5.383568371513805864e-04,-1.108021582546130524e-03
3.268323773035563358e-04,-1.002212672993071365e-03,9.012845081654697992e-04
6.781327297935028833e-04,-1.235222597029784564e-03,-2.476505892887111192e-04
5.317165810505242131e-04,5.184039872247973163e-04,1.273729665362102574e-03
-1.484495843583935951e-03,2.325131516156318345e-04,2.155478827677324632e-04
-9.989309721927133560e-04,2.779967591716341665e-04,-1.167502159853044379e-03
1.035835146236858051e-03,1.161498548847195080e-03,3.920811592114112690e-04
1.054741769621818847e-03,1.196040359089050426e-04,-1.261020454649684937e-03
-1.091131008934822242e-03,1.136359048303238776e-03,6.164118319438170908e-04
-1.264103496626696292e-03,-1.127821882941410728e-03,-3.748605936943195894e-04
8.867394543298880508e-04,-1.521748380426386641e-03,-2.466460922826980268e-04
-1.632549190266926412e-03,-7.349120979231578638e-04,-3.373056915474976895e-04
-1.377120576740765729e-03,-1.070135692941213794e-03,-6.614711043315525760e-04
-1.375772939607032954e-03,-9.430568270305271289e-04,9.279687263108547107e-04
2.024189099429561341e-04,-1.326659447232937531e-03,-1.417834441594215383e-03
-8.932543687711666080e-04,-3.233834896897416137e-05,-1.784477263555674488e-03
-1.481292226418705555e-03,-1.385417494418738921e-03,2.141128336916441478e-04
1.354643212933233538e-03,-1.527748581549224789e-03,-4.131193199612098028e-04
1.301962937864275865e-03,-1.369250913857290863e-03,9.768704293093908968e-04
1.658418335585713018e-04,1.845932962878320911e-04,2.156710773366547068e-03
1.298677992700253733e-06,-1.786534035656349396e-03,-1.309327677316112371e-03
7.088651576550154907e-04,2.134901182052058137e-03,-2.078290188082239180e-04
1.886815381577399689e-03,-2.378196497581237237e-04,-1.299512770815482252e-03
1.656529846195236016e-04,1.658224376394766184e-04,2.335980006820489573e-03
-7.870942653374484203e-04,-2.257985455907766080e-03,-6.828469007073681202e-05
4.201750574241434649e-04,1.943768277251479385e-03,1.408353373499650037e-03
9.787472635290043901e-05,-2.290567978950440540e-03,-9.498489502260432397e-04
8.032288255650937327e-04,-7.036541808858810983e-04,-2.289802801950481786e-03
-8.349517592664579832e-04,-2.053663179520726686e-03,-1.303325325151200162e-03
6.979396748082744312e-04,1.897766526306216223e-03,1.661149638859450803e-03
1.406159579552184163e-03,3.033906057400383768e-04,-2.240180095738545166e-03
-2.033818616509970633e-04,1.116242285337968236e-06,-2.700200719901325441e-03
2.290626027643132175e-03,-9.094964273871676292e-04,1.228051829455236669e-03
1.771029105035803975e-03,4.147658154922433853e-04,-2.128068370554542232e-03
8.018743151865359966e-04,-2.706213358222271572e-03,3.617887578371249083e-04
1.001359150182427752e-03,9.480629595729820583e-05,2.711334063410892996e-03
2.433477868016245983e-03,1.490996741767731297e-03,6.993635057410066283e-04
-5.203348120359371992e-04,1.712927502412414345e-03,2.388630419801233799e-03
2.995691798316141470e-03,-4.617822571154803733e-04,7.066796660931563953e-05
2.764087253511003997e-03,4.685818472172989524e-04,1.272899399168777972e-03
1.895740589307212546e-03,4.399985180542762193e-04,2.446613090637840809e-03
-1.780772278924333193e-03,-1.331245632359680893e-03,2.264752184667601174e-03
-1.930373150462358052e-03,-2.440442339866164424e-03,8.338857880014957907e-04
-4.941335540817124849e-04,-1.399849865453114332e-04,-3.228724127161975918e-03
2.632470047263990066e-03,-5.908642837834901691e-04,1.930390806385113992e-03
2.391677005021304158e-03,-1.429689865557561869e-03,1.887970594245904970e-03
-5.266199926119041102e-04,2.887237315281652311e-03,1.744836530670678884e-03
-1.862555136813806274e-03,1.861202938776912712e-03,-2.249533548688467232e-03
9.721555071897951998e-04,-2.369600555127417910e-03,-2.403239970988093905e-03
1.071090800611645196e-04,-3.557807863283733631e-03,1.214234725746094829e-04
-2.345991897802272809e-04,3.352027315743986123e-03,-1.322206537451880342e-03
1.189324960893989444e-03,-2.241818523479145904e-03,-2.638357279637360171e-03
7.237740313974118508e-04,1.751847552355384691e-03,3.190132818671050693e-03
-2.724641813367215028e-03,7.858407466868380089e-04,2.470629590155004086e-03
2.021996883740580578e-03,2.681343750198268185e-03,-1.802660614509070565e-03
-3.519866376943083484e-03,1.121117783151079177e-03,-1.127296086096952555e-03
-2.887656535736746362e-04,-3.757821476860866497e-03,-1.053196091863034924e-03
2.161408926559922183e-03,-3.048304859792634169e-03,1.324356182237892152e-03
3.708692385565046015e-03,-1.005363462207856844e-03,1.167874686818274515e-03
3.199297163132198323e-04,3.677947283731477536e-03,1.708283160582167032e-03
-3.735591024902389524e-03,-1.716270943825736958e-03,2.721030399350480460e-04
-1.177407452170143258e-04,-4.061734233192786266e-03,9.469940478428540750e-04
-2.665305157518265116e-03,8.163320148691949763e-04,-3.174898509406601319e-03
1.919137978083891452e-03,-4.347031085615616383e-04,-3.798417259471342528e-03
-3.979753073288517552e-03,5.033001863377300046e-04,-1.632824436426032850e-03
-8.354023328300968793e-04,-4.304169426258885878e-03,7.967855901313231507e-06
2.085901423746758850e-03,-2.474579884536390502e-03,-3.037027796149362018e-03
4.018131302827146478e-03,1.991973279043418327e-03,2.595026566534956269e-04
-2.953186776596954284e-03,1.952481019961309946e-04,3.451427324695232907e-03
4.330716868383019218e-03,-1.234982917355362383e-03,-9.440424437539020851e-04
-1.903785875505483068e-03,-2.068698007470982491e-03,-3.711611186958598853e-03
1.331519694248806856e-03,3.007207714282293491e-03,3.373581512207893349e-03
-2.632411176144773112e-03,3.720458919937910409e-03,1.397213807825385809e-03
3.896516670555862615e-03,1.811691569375509941e-04,-2.836084650536057315e-03
-4.464020729198019642e-03,1.827936469177588114e-03,7.313579716392445106e-04
-3.779749536547471599e-03,3.066347447628395371e-03,8.177881668536058669e-04
2.945256596957306332e-03,9.343815410675105357e-04,-3.920934626210540071e-03
2.197244088660231607e-03,-4.536003811554457574e-03,-3.022059933229661959e-04
-4.479087997905781965e-03,2.060720795224666325e-03,1.329935562763578114e-03
-4.219683934724819362e-03,1.437228754409243005e-03,2.607503646740513738e-03
4.900343594683624973e-04,3.865706232947359756e-03,-3.477007474460316796e-03
-3.033895148907323099e-03,-4.298902828342103521e-03,-4.488652135171291137e-04
-1.845528779695156454e-03,-9.493555738185752635e-04,-4.919636529775229562e-03
4.282738748064254981e-04,5.318279880867212046e-03,8.225315916337739165e-04
-2.407342502738667352e-03,-6.804696878564781091e-04,-4.850812395476313509e-03
-8.458220964680373145e-04,1.781507610276330655e-03,5.153150697568714168e-03
-2.852039432367670969e-03,-3.930957515252585938e-03,2.742983718875982666e-03
-4.311746628123033602e-03,3.555062469374939416e-03,7.472288056478722630e-04
2.651461777538435469e-03,-3.268126148047429888e-03,-3.842628627044084467e-03
-1.144449451661750609e-03,2.708189334213006397e-03,4.953055739477256816e-03
2.863218833179278448e-03,-4.776507289073595938e-03,-1.695718808261345145e-03
4.333188959102997513e-03,2.918626206857872097e-03,2.704999625940022936e-03
-5.479866553713141214e-03,-2.075128616151217589e-03,1.006056776279058793e-03
7.051309903883197418e-04,5.058737988504920929e-03,-3.163319027542084872e-03
-1.181102879515263200e-03,5.421883085269702494e-03,2.462197998925388324e-03
-3.024368794361507930e-03,-4.446121701375557386e-03,-2.951516475434604395e-03
8.403352905105781557e-04,5.679445394219018520e-03,2.334219902964568358e-03
6.677332679628519927e-04,4.960931180377618245e-03,-3.761845847031175874e-03
-3.016941154083933201e-04,3.177152132588557140e-04,-6.310824246276484917e-03
5.025530809001713117e-03,-3.697042266058775048e-03,1.384835702365922426e-03
-1.827051428067095334e-03,4.040188711278451181e-03,4.692258577447636081e-03
-6.302790317633010994e-03,1.206690321407310335e-03,1.160786826549804101e-03
3.228034640610594804e-03,-5.712920510203632618e-03,5.786659030457354290e-04
5.344075172885415399e-03,3.916249277069927016e-03,-6.116066925529175732e-04
-3.118204109675361095e-03,2.688883774520314622e-03,5.311182311859101272e-03
-1.184695558223637819e-03,-6.093988410918584585e-03,-2.743672594480153423e-03
2.025765704161405951e-03,4.159906413152267279e-03,5.057649909101321131e-03
4.109823538287104422e-03,5.444322129425519484e-03,1.179897203630335747e-03
1.247745283281227009e-03,-1.839813045511969232e-03,6.628091737275207916e-03
2.508871826676772367e-03,-1.193422273592693612e-03,6.489967066065780582e-03
-5.901753221818209667e-03,3.440775255317519380e-03,2.036907951803276946e-03
-3.613383606324674889e-03,-5.298343980260128774e-03,3.268846789197404207e-03
6.960848057769586372e-03,2.076831201692103026e-03,2.431830542798373853e-04
5.385661887719467300e-03,-9.852567993444594392e-04,4.886411616536410693e-03
-3.571440604210943375e-04,6.930125756533115321e-03,2.596607523717382737e-03
4.075158466939181497e-03,4.976934639795267679e-03,3.818322433712119032e-03
-6.330554336365061194e-03,-3.694424987256959749e-03,1.818813473029030946e-03
-6.261149341881583515e-03,4.349934416631492939e-03,-4.539616954335059471e-05
-2.781986075143346154e-03,-5.340995588084916992e-03,4.792759871317430267e-03
-5.314688789372301603e-03,-3.818032399498256374e-03,-4.188133535377546249e-03
-2.021841233868532529e-03,7.473593228324552570e-03,1.251539847931958452e-03
-2.925029840782769792e-03,3.720848729217844219e-03,6.345949189255723107e-03
-1.418402484660870278e-03,3.885556190082465906e-03,6.836883207743761626e-03
4.737419613499488716e-03,-2.939766952854992732e-03,-5.828040769194536667e-03
3.709789703161627244e-03,3.574897455993614019e-03,6.302900375340443791e-03
-2.486381477932423419e-03,-5.885559527926091140e-03,-5.165596640094138881e-03
-3.158433407341498193e-03,4.073161851862070956e-03,-6.495711375828698390e-03
-2.811432895086002273e-04,3.801908022020065569e-03,7.449944205556496314e-03
-4.476771643710322941e-03,3.159656886242197520e-03,6.426853041042577923e-03
-6.145540695267448332e-04,1.084525253448003716e-03,-8.431455136113527593e-03
3.596718752838386299e-03,7.763911931235965153e-03,-8.732851877115788228e-04
-1.773393654883413184e-03,2.384521562921562352e-03,-8.154806260527345044e-03
-1.948017907447752379e-03,2.731615808956156140e-03,8.090133746902854889e-03
2.082595480913968389e-03,-6.560324531456652314e-03,5.543252737016206994e-03
5.186380098311330414e-03,-2.184847805638955465e-03,-6.917208376362859491e-03
-3.569168028689078623e-03,5.894224353750781263e-03,5.785990355856129690e-03
7.526741941927254063e-03,9.210707444113380889e-04,-4.991869158410741462e-03
-5.451371603293562670e-03,6.747913263170493342e-04,7.329987448406701141e-03
4.528524900435984372e-03,7.992280196070842765e-03,-1.011119428145194421e-03
-9.255151061804876844e-03,4.784167124176073914e-04,1.023410839144728735e-03
3.197533413982460090e-03,-8.091089131995958528e-03,3.576977789218842903e-03
-9.144982907172170133e-03,1.912130728263415885e-03,-1.664848564426814337e-03
-4.382038910832244255e-03,-8.294942725345160264e-03,-1.909958934882130272e-03
3.563485589076087305e-03,4.233127677924144604e-04,-8.966617567528839539e-03
-8.821310576126036376e-03,-4.117478024367329272e-03,-3.931552737146985430e-04
4.981633573141748539e-03,-2.431208852414632610e-03,8.115833477237884008e-03
-1.336385181552326605e-03,5.511706215623390567e-03,-8.131716700633759981e-03
-9.211690619679318084e-03,3.122239635903141085e-03,2.325245421596620551e-03
6.974755570783543711e-03,3.696002736453844403e-03,-6.280853917954474890e-03
6.664872822904902711e-03,-5.657870321180049310e-03,5.205490384434416709e-03
-3.660838631689491973e-03,5.336267341323195842e-03,-7.965575482867862794e-03
7.812415846315103572e-03,-8.062330985846053811e-04,-6.743104430187888548e-03
8.185685234618607364e-03,-5.717833413189478582e-03,3.050695832171597659e-03
1.000808741691311919e-02,-2.576661932651198080e-03,-2.021073336907563446e-03
9.128715195139453994e-03,-2.393094370039586770e-03,-4.871666521349266032e-03
-4.665746351850144635e-03,9.535175490878160937e-03,1.428509474025698150e-03
5.023926454130887148e-03,-4.970320289902801711e-03,8.170065484826991714e-03
-5.760450940527842966e-04,-8.373850150846507551e-03,-6.945080429572395193e-03
-5.432484816113700501e-03,-9.003233474103318479e-03,-3.184340610539108333e-03
-6.028241755311394313e-03,1.283728778737776776e-03,9.207334523012674146e-03
5.653032645134543552e-03,-4.603708583401512622e-03,8.467257064874387715e-03
-2.649997586021786509e-03,4.284203137497083480e-03,1.007877527425196477e-02
-1.984277531253756267e-03,3.117720644696895301e-03,1.074454590657106072e-02
4.125980323187321969e-03,8.888932378784375823e-03,5.936461355084660108e-03
-8.211813971049421526e-03,1.773442288041327409e-03,7.931382754906788832e-03
4.091209946418106376e-03,-5.397734446211318281e-03,-9.479026233853930783e-03
-1.128254631998075116e-02,-2.944823428041967381e-03,1.424770876354080566e-03
-8.649728503411091216e-03,6.159424940381827245e-03,5.248518251926161116e-03
-6.582164738534761715e-03,3.623197633932162282e-03,-9.283847798958957606e-03
-6.294351887979023757e-03,3.150172134513710195e-03,-9.771022186924627553e-03
-1.307963936927343746e-03,4.700311865588345343e-03,1.111841460623714910e-02
-7.774557845584327033e-03,5.024283232464254491e-03,-8.011125798672729531e-03
-8.250994329086646165e-03,-1.900954441324198161e-03,8.980570773354901171e-03
-6.786135241459540293e-03,-2.755156549577806365e-03,1.006053863864611597e-02
6.916804782998624626e-03,-2.542531522259539219e-03,-1.015383904381211670e-02
1.096506937043930340e-02,1.134241869870709126e-03,-6.202810790995255848e-03
5.135777593724460445e-03,-1.013310153717087748e-02,-5.793317340643640116e-03
7.096496782832423765e-03,-5.352267560509564072e-03,9.288362849161893239e-03
9.580225814931902714e-03,3.362252257617801259e-03,8.055796666854105406e-03
6.043600070017221722e-03,-6.818520375699500813e-03,9.365014751808098045e-03
8.695647526174580394e-03,9.887376174755874506e-03,-3.538886122375661022e-04
1.236806459956234575e-02,2.781695334858452426e-03,3.951167889698033349e-03
-9.829491434780505965e-03,8.237908656801719298e-03,3.833518272197148236e-03
-2.019896201545315784e-03,-5.329826684144571905e-03,1.223074874022860720e-02
1.072255880417150899e-02,-3.206983466468249716e-05,8.369340905029084079e-03
7.845638845759821817e-03,-1.022853529483001497e-02,4.671961340727209117e-03
-7.908209944618709020e-03,-7.403751580411119422e-03,-8.583450335520772037e-03
9.791566003843484370e-03,7.214643947858855391e-03,-6.795225545672954962e-03
1.049476103880089307e-02,-8.570582873497968601e-03,-3.690513173435794238e-03
7.477728813295943938e-03,-1.046608650152672237e-02,5.909117507660125931e-03
-7.745046143659320773e-03,-1.184583553124687536e-02,1.807431628101626667e-03
-2.077086944852822407e-03,1.422371714646504873e-02,-4.437134384975428944e-04
1.051263845472048472e-02,1.936410874348211408e-03,9.790567892884080928e-03
-1.262696951666731965e-03,4.597347956636341215e-03,1.381059350982380765e-02
-3.768814321644288999e-03,1.405061784999525956e-02,-2.286525133832824352e-03
1.412359381762742262e-02,6.159829993245548004e-04,-4.520433389762673441e-03
4.067619210105431039e-05,1.355137399795582932e-02,-6.335192243184272105e-03
-3.584640175090149893e-03,1.281122405835307364e-02,7.094699157567481949e-03
6.501321371250795740e-03,-1.341918621388214078e-02,2.925065623499486112e-03
-1.096301094927593436e-02,-1.066443113262717513e-02,-7.852847906731154392e-04
-3.362532200768616900e-04,5.708116117212734368e-03,-1.433620455478742950e-02
8.670264446449910470e-03,1.229495011311558701e-02,-3.952629727358654248e-03
-5.793982422306749938e-03,9.092638644550713259e-03,-1.138021106297459721e-02
1.155012992436648192e-02,1.075722193514756612e-02,6.918380230863114665e-04
-3.608629826627930519e-03,1.549367903027622749e-02,-6.529418590250594002e-04
1.001608115359781635e-02,-4.490204752349186991e-04,1.252735953108971741e-02
1.616798050961467878e-02,-2.554310627499911039e-04,-2.597738315009042644e-05
1.296703575135907220e-02,-1.473513704517155415e-03,-9.758173070672530522e-03
1.781448505706864768e-03,1.038438765913527947e-02,-1.259575259570252202e-02
-7.275902845965853682e-03,5.551902330636206834e-03,1.378703880186136869e-02
-1.453568917537081950e-02,6.700689000838396317e-03,4.679828201900371881e-03
-8.235884898644303675e-03,4.149113810981328379e-03,1.404785666787636104e-02
-8.851354103891496614e-03,1.013280391727982427e-02,1.028242380490847034e-02
-1.540190697995053211e-02,6.851045283611247386e-03,-2.648609114426273264e-03
-9.632759736997799013e-03,-1.332819528292182067e-02,5.022348354497501929e-03
-4.356056464206872238e-03,9.944120192371215181e-03,-1.350336693116331935e-02
1.474296785844969940e-02,8.940612339354638699e-03,-2.742698104541484855e-03
6.357335765364059005e-03,-1.048310597220353940e-02,-1.261647962861193323e-02
-4.175114293453406275e-03,1.317469172731959050e-02,-1.110057103213172615e-02
6.315735617854320930e-03,-3.216545181489754990e-03,-1.639506462478169946e-02
8.037427966540766676e-04,-7.551315124124585894e-03,1.631678567674831395e-02
-3.461287299300415030e-04,7.729943366009148307e-04,-1.811434303634271159e-02
1.085841658422735841e-02,-4.996590933720290294e-04,-1.468678069992956567e-02
3.869969246839020157e-03,8.831819549933591154e-03,-1.568304864818904215e-02
-1.812107360360560920e-03,1.840875339074655309e-02,-1.385527293031011461e-03
6.152280943624325801e-03,1.586391005097884110e-02,7.732583652893638797e-03
4.453704840107754366e-03,-1.788940469348119025e-02,-3.838576668928242452e-03
1.760861377864790869e-02,-5.960343233409910214e-03,3.792007935651478187e-03
1.390335274413025471e-02,-6.471104548935314831e-03,1.141190709853683732e-02
3.416250331818309390e-03,1.864116162034727686e-02,-3.429794532818373088e-03
-9.778035452871555386e-03,-8.507386035491738482e-03,1.444074381442296030e-02
1.154760055961265297e-02,1.598107141165293951e-03,-1.569364709071691816e-02
3.429193886135087268e-03,-8.647361170642898359e-03,-1.736101044491940998e-02
4.604238363535917596e-03,-4.829306410178263974e-03,-1.868819086369925830e-02
-4.765677419441972755e-03,-1.446932091267486530e-02,-1.294627527388476571e-02
1.126765415135211681e-02,-1.434452451487099349e-03,1.663286321613158952e-02
-1.011765090154395988e-02,-1.464551414039647406e-02,-9.740912325326993651e-03
1.870310025934036197e-02,-7.578911373033626366e-03,3.264152234864714681e-03
-1.020578881008550685e-03,-1.348326979520874519e-02,1.553391357194632352e-02
1.145263474260803556e-02,-1.704877133540495801e-05,-1.730050614248876406e-02
-7.459660866277455921e-03,1.810725353759065279e-02,7.305244568349649262e-03
-1.657411333045713878e-02,-1.273968086990165394e-02,-2.527534971484239092e-03
1.710713707111223211e-02,7.747980775233346933e-03,9.863901889750730997e-03
-1.585674799425955059e-02,-1.236604286046449029e-02,-7.232550549717625503e-03
1.035758755000564316e-02,-5.079063636219679351e-03,-1.817591500172930502e-02
8.542252010528533085e-03,1.016286841596177873e-03,1.990742588208216715e-02
3.428773167405669599e-03,9.604360343351513174e-03,1.932021280007370154e-02
1.358296556100633753e-02,1.728857190609901784e-02,-9.679661033423322047e-04
-8.419980003694217761e-04,-9.090826251027801612e-04,2.213476298692359373e-02
-5.003531629356813490e-03,-2.111972802681269870e-02,5.259026518988325384e-03
-5.608308381195270011e-03,-1.933736146373923881e-02,-1.003497270995459649e-02
9.130879595417924766e-03,1.021190486544766400e-02,-1.805224947467770277e-02
-1.865622027049292650e-03,-2.274977826643443876e-02,-2.468683632273743073e-04
-2.272997758724441819e-02,-1.462302937733102716e-03,-3.156130045865411776e-03
-7.011025700545071328e-03,1.949080676939128620e-02,-1.036664860475250936e-02
-5.104207736911783692e-03,8.091714363129984267e-03,2.128033584426590810e-02
-2.151304121464388611e-02,1.624989961686782965e-04,-9.461475966013183081e-03
-1.734816585622407301e-02,2.745397087274193629e-03,-1.587277519301585546e-02
-1.754407382720982221e-03,1.541983564396624297e-02,-1.810486578812278702e-02
-8.111984849507857323e-03,2.239452623144203361e-02,3.101995576178803206e-03
6.266262499840472705e-03,1.230961235931744488e-02,1.986373667004942556e-02
1.138171780448161974e-02,1.799558147884569928e-02,-1.185368904586103431e-02
-1.283994052445819843e-02,-6.273198454788296227e-03,1.995813551593174362e-02
5.861598572794028336e-03,-2.313075814896607598e-03,-2.390822256485097483e-02
1.955365105170340720e-02,1.458977590921657630e-02,-4.999160577744296736e-03
-1.896546881374467156e-02,1.352878959820789755e-02,9.299929701874291507e-03
1.689225913994475345e-02,1.803054720715197706e-02,5.280769619377539970e-03
-5.643923041650952994e-03,7.665308373318828992e-03,2.360039015065874476e-02
-2.384334199809503077e-02,8.876365748901106703e-03,-3.110243246032377146e-03
-1.184096796904742996e-02,2.067529250212515185e-02,-9.939748275634079783e-03
-9.760534772388152532e-04,1.584964059462130870e-02,2.058995654236314005e-02
4.790533201103151957e-03,-7.368062509607481089e-03,-2.467059692087285663e-02
2.405135040660436735e-02,7.258083404132324203e-03,8.039075923582252037e-03
-2.176693566334890820e-03,-5.544376634321137448e-03,-2.589069182145405795e-02
2.099263374442079597e-02,-1.404495278450991654e-02,-8.833032431813280655e-03
2.397944365377336143e-02,3.796330710330107338e-03,1.169843199074127073e-02
1.959110264910993507e-02,-1.491430397054581240e-02,1.142261068162356459e-02
1.450324314571615168e-02,2.193303251147313629e-02,7.477139356037798903e-03
7.035871173065207096e-03,-9.550472190958560550e-03,-2.484599298630898317e-02
5.495201380221600637e-03,2.467787583700001633e-02,1.138934661819825458e-02
-1.196345276346509395e-03,-2.256571872582476684e-02,1.641004274115208730e-02
1.332536206225389507e-02,7.100940588475449823e-04,-2.475948239721640493e-02
2.822332570534340571e-02,2.131777883260496491e-03,1.149161799260795241e-03
-2.584495579063516776e-02,6.837730749591552221e-03,-9.958771782128414060e-03
4.865283291298655097e-03,-1.838482975638829411e-02,2.153711548658062899e-02
-7.344020021125643484e-03,-1.266935698613193793e-02,2.495709330245957785e-02
1.125020185758824308e-02,-6.467896197481376626e-03,2.609300896718147467e-02
-2.085954870454831411e-02,2.005438914653737831e-02,4.904014475554202730e-03
3.876861890622167704e-03,2.434534318003207798e-02,-1.630608754693959467e-02
-4.903975818364463522e-03,1.239551337531174385e-02,-2.661479144675252262e-02
-2.406654831657436058e-02,-1.643683816276348547e-02,-7.019552856570786606e-03
7.321687265533650957e-03,2.920393519040464722e-02,2.220928419912653311e-03
2.536755923431755280e-02,1.177378517163769379e-02,-1.192530091322893324e-02
2.365707310518519804e-02,-7.479350106575088225e-03,1.794051944356174488e-02
5.382651774264456818e-03,-2.768926660907684856e-02,1.245310114408152043e-02
-3.910539800207187174e-03,-1.459618660316306347e-02,-2.712698988434095529e-02
1.056637940971461194e-02,2.040119112196683501e-02,-2.121331209410704660e-02
1.872694989429390944e-02,2.323531710175302453e-02,1.005549345855702610e-02
-1.248032301505857221e-02,1.269643119322391364e-03,2.912621551935572900e-02
-8.749735967552029620e-03,-1.750761973241704919e-02,-2.523559677590592534e-02
-2.819958676855940233e-02,-1.530205909850733577e-02,-2.221161993080758394e-03
-2.140121211334965190e-02,3.662757629769705561e-03,-2.403043017436376147e-02
-5.992212427707692413e-03,-2.301721942359520254e-02,2.231527335235936049e-02
-1.022072401297974102e-02,-2.733762720435163607e-02,-1.506121772664086207e-02
-2.572647837828247706e-03,1.967812863488277442e-02,-2.645715980897941563e-02
-2.040484983511202041e-02,-3.252811359388006751e-03,-2.612033767903041911e-02
3.038148840347805468e-02,7.491926173805261296e-04,-1.418457984074609872e-02
9.886045364356174669e-05,-1.999807966516595550e-02,-2.721509546214460201e-02
8.408078369980283642e-03,1.575340747379573580e-02,2.894366350032226767e-02
-1.406921355791955356e-03,2.997682807076873426e-03,-3.408601399806974325e-02
-1.018028719334855819e-03,3.295850326240062217e-02,-1.009750606064206344e-02
-2.219981690086464052e-02,2.404633403568250116e-02,-1.161280565348366683e-02
1.588236578891282988e-02,-8.699698784685835906e-03,-2.991420236906794719e-02
-3.488364969125747062e-02,-4.791849592600175463e-03,2.578688900884092464e-04
-4.242875441533345594e-03,-2.842861836910370171e-02,2.076151453320037449e-02
-1.099889575634668999e-02,2.878512433568867351e-02,-1.803419346392539507e-02
-2.517893249179486981e-02,6.495485287312623840e-03,2.482775825235341779e-02
-1.335934107131460380e-02,3.182724287838210354e-03,3.349655369072434413e-02
3.178249410728650054e-02,-1.283351673995776661e-02,-1.241241635436161027e-02
-2.618788186749906877e-02,1.237765327229144001e-02,2.254770922307784350e-02
-3.426159534244452298e-02,6.198604652003314539e-04,-1.385396363322390426e-02
4.297459839452994097e-03,-3.690828999232194374e-02,-2.120315650996876852e-03
2.478069431540615847e-02,2.523769952828424160e-02,1.238654742855984682e-02
-1.730970697237751987e-02,2.805188280826016733e-02,-1.836948218438843802e-02
2.701693771242661898e-02,-1.752499876802878637e-02,2.016710025890084551e-02
3.094485695211947329e-02,7.730205138568393280e-03,2.112949129001887028e-02
2.478093380140055160e-02,-2.929325913435372117e-02,-3.451851988281689695e-03
2.280056985122623850e-02,1.232554084876730585e-02,2.885998945184699641e-02
2.296436735517711977e-02,-6.128491580890780589e-03,3.099379598516812870e-02
-1.969028026513306578e-02,2.046055903916953883e-02,-2.720887761750189274e-02
-1.470787849963351747e-02,-2.962427752218035892e-02,2.177507787864338754e-02
2.070746666869664049e-02,-1.013017744705685917e-02,3.253223944492199954e-02
-2.562187107588548285e-02,-1.000805526980418254e-02,-2.924218040042447439e-02
1.346690509605524486e-02,-2.065661700898071412e-02,-3.203068464702239770e-02
-1.092123822692569503e-02,-1.984835612858674644e-02,3.381351848659733261e-02
3.662055515908214237e-02,-1.241399492809437156e-02,-1.357489801214775520e-02
2.922069065086063330e-02,-1.277240012058526372e-02,2.618464111775894651e-02
3.463070663158958340e-02,-1.994868549890063680e-02,1.135153645561327862e-02
2.984795536056047277e-02,-2.336253762023675004e-02,-1.769661518504081141e-02
6.919896781278974708e-03,2.215495609676950903e-02,3.514615090698747918e-02
-2.127025305984351841e-03,-2.856351015686417472e-02,-3.127298433962952262e-02
4.122880776050789897e-02,-5.957855390031759242e-03,9.371716098903472639e-03
2.948552376391709931e-02,-3.126090618976852531e-02,-1.252266556344670779e-03
3.795790413223896348e-02,-1.652071993661199945e-02,-1.264404995520111881e-02
3.606188535808975415e-02,-2.080422290713911104e-02,-1.288678071059537640e-02
-2.277716294247815118e-02,-1.413107985507507970e-02,3.474094769049726472e-02
4.201443218319740602e-02,9.993182717551375716e-03,-9.314706567406095053e-03
3.748658688907422626e-02,4.748684750880843158e-03,-2.346943760676889826e-02
-4.343847283783874164e-02,-1.620404637337568394e-04,-1.089970424251834359e-02
-6.378628561280354561e-03,4.404483498670547920e-02,7.250947050523566875e-03
-1.145999696235163769e-02,-6.431947514020868763e-03,-4.345516693008410342e-02
-7.986722319998142486e-03,-3.227963805031689587e-02,-3.136080067703136270e-02
-2.790821076769624612e-02,-3.373680475548034019e-02,1.417052822404931724e-02
3.755442766687691202e-04,-4.103370879257838000e-02,2.151501933813434672e-02
-2.455251482100346931e-03,-8.798565475304742992e-03,4.574602941058090316e-02
-1.927729067593845005e-02,-3.873419185184649727e-02,1.827339852136454501e-02
-3.544250523876792819e-02,2.882869590746097929e-02,1.219515235418585329e-02
7.143897457912695139e-04,-4.567853797612488054e-02,1.339634407166448438e-02
2.692761819940206816e-02,3.775484309918677051e-03,-3.947235297139289889e-02
-3.956268019179580431e-02,2.016634541396782054e-02,-1.889057090637617786e-02
-4.708274298459723395e-02,1.154187533996442645e-02,-3.236774373664291771e-03
-2.736172328415329563e-02,-2.567650761231500892e-02,3.137964815904666777e-02
-2.155850153950455983e-02,3.933625716994997717e-02,2.032473966484321312e-02
-3.814374229249974102e-02,-4.930717734260007222e-03,-3.128821473387789071e-02
3.385270760090064793e-03,-7.502512003623122878e-03,-4.923311770540508836e-02
-1.814991994629250663e-02,-4.629014971393577427e-02,-7.302586919135049121e-03
3.841390672187770111e-02,-3.253655710850182625e-02,5.058898516247467558e-03
2.463301972308163182e-02,2.239502079840244644e-02,3.855255454024376915e-02
-2.880595711351394139e-02,-4.173748932819311419e-02,-7.619154303984606094e-03
-3.165633990563894093e-03,-1.520304723168427845e-02,-4.923811621753001327e-02
-4.455767133167978788e-02,1.344029982354807973e-02,2.314476520760143721e-02
-3.369907389590445779e-02,-3.519672630131439467e-02,1.907635638009058665e-02
4.882459291812100283e-02,-1.974296159884550081e-02,1.355179597094596832e-03
-3.976049276100403901e-02,2.014938893310458390e-02,2.874320270620158227e-02
1.863013836296727871e-02,2.994592502294793693e-02,4.009144084057725266e-02
-5.364380245168026695e-03,5.306599583595142389e-02,6.707088819335361649e-03
-2.119545564435921028e-02,-3.138200832544005975e-02,3.866247900112862457e-02
5.288659696105782460e-02,-1.207659922816105985e-02,5.064076371540556822e-03
-5.446116727371939914e-02,3.752470393145225513e-03,5.340124580294108685e-03
-1.248387267094413187e-02,4.955139628879524222e-02,2.093060349056944172e-02
-1.468754023364869134e-02,2.003944437956544852e-02,4.973096716710776605e-02
-6.897726491505338890e-03,4.787131327675914205e-02,-2.815963002445549118e-02
-5.115297055990245673e-02,-1.745611709720797100e-02,-1.591049788983179419e-02
-4.661295405452801216e-02,3.537439153837546729e-03,3.212536937170784590e-02
-4.978843700335744415e-02,2.503418977946902588e-02,-1.245455387827559303e-02
1.675831843441735400e-02,-5.175721079751829240e-02,1.857491908990616114e-02
-1.479512778870794611e-02,4.628446705708201547e-02,3.143354945058639965e-02
-5.052592890008323484e-02,-2.045523921111636056e-02,2.056818295522444204e-02
3.122157131733968236e-02,-3.332265582058868691e-02,-3.680844335027752545e-02
-3.950843749838519464e-02,1.928483910207145352e-02,-3.941490262524156851e-02
2.850981680611131344e-02,-8.143822015490243199e-04,-5.215167939480746390e-02
4.813852724964575586e-02,-7.750382874143266557e-03,-3.469022878609200750e-02
1.993474305542899949e-02,-8.207816242790259842e-03,-5.625108805427675440e-02
1.868989824472087544e-02,3.755452354692942474e-02,-4.379578483473033773e-02
-5.775600003119360981e-04,5.123360792052089607e-02,-3.319525071319981424e-02
3.468181857835260506e-02,2.050048489774692478e-02,-4.641232043101903293e-02
-2.281696087812024737e-02,1.205716053121459741e-02,5.623102384466889536e-02
2.955718531966959953e-02,-5.354384945983272498e-02,-1.177807711040299195e-02
-3.209130197865222439e-02,1.117855302330304085e-02,5.269279348263351120e-02
1.565618182379152320e-03,-3.611975892554789014e-02,5.173955533249429556e-02
5.635548525727547553e-02,2.133893113764334312e-02,2.015427431949495113e-02
1.852090990031573375e-02,4.636187165328260057e-02,3.998938655119946284e-02
-5.003968178558529378e-02,-2.102865683662697230e-02,3.464452294468473720e-02
1.287103917596927119e-02,-6.129316920844191108e-02,1.671630536331051090e-02
2.145127013619210418e-02,3.867660625532708812e-02,4.798096026342890674e-02
-1.421132480173312174e-02,-5.831132937257880317e-02,-2.670259310237753717e-02
-2.998053995071409128e-02,5.880662114375413002e-02,3.985591940104638367e-03
6.171657711874857337e-03,-3.902931862201575869e-02,-5.357281992746423804e-02
6.319854716908779313e-02,-2.079593489303985937e-02,-8.009173828603657549e-03
6.272835677857269143e-02,-2.367366066903651978e-02,-7.443611867133517919e-03
-6.123580880097716922e-02,2.822640621411777809e-02,-8.058924962021355234e-03
-2.050876249846974100e-02,1.572666730807268862e-02,-6.328632977071896315e-02
-3.958510329513222070e-02,6.986616024461273465e-03,5.585429648361443788e-02
-2.602447387595559214e-02,9.453691914470015514e-03,-6.349851535308240202e-02
-7.307885477077605794e-03,-2.816776342942624821e-03,6.929214959114808614e-02
-6.587574957757875993e-02,2.140234782727028565e-02,-1.139888777499249890e-02
3.087010173790104284e-02,5.214430256594478064e-02,-3.635011060401375366e-02
6.480293921582565286e-02,-2.162186602995788340e-02,1.982331285711544724e-02
4.893314370947208364e-02,-3.018193255400795916e-02,4.268397980642137796e-02
3.127342760540999939e-03,-6.611307004864279413e-02,2.854674752766164433e-02
-5.205626410509422292e-02,4.555499277793052804e-02,2.190258233244881531e-02
-3.899868272869800451e-02,5.184298067750255784e-02,-3.356103844672320841e-02
5.819640681945845162e-02,3.583300414800742739e-02,2.711311454516416100e-02
5.495790228232201764e-03,-7.575377676333072338e-03,7.341860775935894756e-02
2.505098882127150539e-02,-6.838488728635711868e-03,-6.983147832255816312e-02
-7.072787661326278286e-02,-2.902236279691900161e-03,2.477325933423562415e-02
-2.049639103810578858e-02,-7.261394371328321051e-02,2.541648053374644632e-03
8.473804025158557240e-03,7.451623480368720076e-02,1.227277189529041648e-02
7.649504308072951897e-02,-3.965303249857786579e-04,4.237807104716648557e-04
-7.191746220526308575e-02,-2.406097626183727536e-02,-1.336062351538050766e-02
-3.715704484907171503e-03,5.783938365101913733e-03,-7.720775372923370516e-02
9.038502621680594498e-03,-4.551582626843732327e-02,6.272698563726786247e-02
-5.555597505771810857e-02,-4.403954597614072319e-02,3.380694521033638517e-02
-5.739064961292676681e-02,-5.346172370280088959e-02,9.942929090227349553e-03
-5.521033643416317638e-02,-1.163994668454893834e-02,5.612436380880433257e-02
-6.697054800373485051e-02,4.383348052174981802e-02,-3.342319593335111357e-03
-2.517287712212015055e-02,-6.216648870943586314e-02,-4.476973241224083133e-02
1.059767385507008261e-02,7.002477246124616528e-02,-3.966201109707828687e-02
5.613754147266400429e-02,-5.901641519400421115e-02,-6.464632934499336091e-03
3.097360593806124888e-03,-2.049132572706202984e-02,-7.959330670347296299e-02
-5.964354929691094431e-02,-4.898562595060111657e-02,2.995355254035021036e-02
5.432764518770374224e-02,3.995124354593730664e-02,4.896227114756224186e-02
-7.931916153480220166e-02,-2.330071593230851126e-02,-1.422539536157789962e-02
-3.317750797170828519e-02,-3.703635201062419752e-02,-6.824575979350157307e-02
-5.972084066651556916e-02,-5.181418796486109840e-03,6.025620970611393623e-02
1.732212844834916943e-02,1.720355319239013150e-02,8.199850904380805161e-02
-4.232134549747443991e-02,-1.883830627904960198e-02,7.259869958882228524e-02
2.143023817094085598e-02,-8.086149387416413648e-02,2.273197021276375865e-02
-6.191773995849563644e-02,4.801383083701011439e-02,3.840239622506524259e-02
5.101788565525036678e-02,-5.089042233829903228e-02,5.021757680796363338e-02
1.694842169000759097e-02,3.030076054888938830e-02,-8.130786521571389813e-02
6.454079015063395042e-02,4.627944155364809020e-02,4.015299154740525206e-02
-1.644910953963485759e-02,1.127444095675897125e-04,8.805409004951211815e-02
-8.365257999070613293e-02,-7.425965372709529555e-03,3.281933948528074213e-02
-4.064275026953169390e-02,-8.113728720285894036e-02,1.478592325712294086e-03
2.908654061028802598e-02,-8.626254462157537106e-02,-7.660591761000490503e-03
7.352708009038005921e-02,4.975845926813172310e-02,2.395554728718049531e-02
9.050647510781258120e-02,1.915352736693184607e-02,-3.035599306425605746e-03
-1.903255861712745828e-02,-2.695973035775899376e-02,8.712842532206097057e-02
-2.502151103115671585e-02,-8.960713084527566208e-02,1.180290720301268616e-02
-1.704161629534376582e-02,-9.281681868956229153e-02,-2.306247228275377318e-03
6.970112602547835767e-02,-6.254473030676589718e-02,-1.606178229472743704e-02
-4.218292752433549370e-02,-4.886953207317316222e-02,-7.056438656847807689e-02
-8.517195950032178942e-02,-4.231891875250134993e-02,1.490769704462526629e-02
8.777971595375596778e-03,-9.177562327229153716e-02,2.982553324944237777e-02
7.588440920246050658e-02,-2.618817136042141808e-02,5.539567679176865544e-02
-3.102144472311627738e-02,-6.420581309321721220e-02,-6.747881645022978103e-02
-2.281636386658819626e-02,-7.344258848744820989e-02,6.205229412649104770e-02
-3.192315730868360707e-02,8.428817059052027064e-03,9.382522949507526855e-02
3.050005761843738519e-02,-2.000563226627507032e-02,9.323575894111753304e-02
-5.417651920821780695e-03,9.332245752978447773e-02,-3.763925602820675925e-02
-8.391111803781804712e-03,-7.333138799342378555e-02,-6.957517563639956104e-02
3.641976347677743087e-02,-9.400168816237478020e-02,-1.615793393195512351e-02
-3.274593223776952472e-02,1.247588321058816160e-02,9.660634165859763312e-02
9.585040363490338056e-03,-6.158929623100874336e-03,-1.028086867882072458e-01
3.427254583477180178e-02,9.709970429577738371e-02,1.539368614019362598e-02
5.536640673011514885e-02,-1.733960417498605841e-02,-8.727046022384812862e-02
6.464529519603960661e-02,-5.820107579157191013e-02,-5.966574365265912838e-02
-6.687033364392544477e-02,-7.532531446164852929e-02,-3.356848843940928723e-02
-1.000587030314340764e-01,-3.595194929829902131e-02,1.077004594813608940e-02
-4.544958473057987558e-02,7.862352084108781280e-02,-5.764338409487984594e-02
-1.857802738759637209e-02,9.874717034478450173e-02,-4.031961513845152417e-02
-4.684890352344420195e-02,9.802541921729213126e-02,8.468152370419835054e-03
1.091616290771718623e-02,8.768036475540634533e-02,-6.499369810287008997e-02
9.379297678833850571e-02,3.106315365841678597e-02,-4.926290973399926471e-02
-1.445159913030903687e-02,-8.908988013899295233e-02,-6.482855840542690873e-02
1.013977572248574294e-01,4.531020967661151394e-02,-1.326118495021558902e-02
4.418099245882698561e-02,-8.410811620017492884e-02,-6.039961021383596224e-02
-8.685640520706436329e-02,5.150865365180267580e-02,5.141064482245535916e-02
-1.725190717520670713e-02,1.083877801178019379e-01,3.102926518736407943e-02
5.370947343357064530e-02,6.058485936119065857e-02,-8.138435692553749878e-02
-4.290371141976800223e-02,3.749259411478316709e-03,1.072210271417004673e-01
1.154704544608855937e-01,-1.386985958266760167e-02,-2.170031589173861499e-04
-3.407531929311490709e-02,-8.491234776426231923e-02,-7.301764314142840384e-02
-1.071471176304353012e-01,4.813944019049059414e-02,-9.173097401623937081e-03
6.205182775022380359e-02,-1.010312951068436244e-01,2.420895252938980689e-03
-1.117522171286095337e-02,4.432318127651434236e-02,1.102636804987893737e-01
7.178805616020542124e-02,9.493908959585144192e-02,1.633462972608903593e-02
1.114660299630472889e-01,-4.390583119951795010e-02,1.643304857081467202e-02
6.413064288907249777e-02,-5.644536394673763113e-02,-8.668749999763253333e-02
8.072995911281537207e-02,-7.584852967935669377e-02,5.231420254006886872e-02
-2.445705768478671077e-02,7.181758504019285227e-02,-9.719692633904514212e-02
-6.017489864473225120e-02,-1.076238612634994318e-01,1.406490339462830932e-02
-8.577088838714157226e-02,6.751213013156687204e-02,6.073170619224234346e-02
9.387073501980275347e-02,4.898809904066474957e-02,-6.778681845453385368e-02
8.764888919862175165e-02,8.763210088081509197e-02,-2.551941911271305222e-02
-9.428568330909820050e-02,-1.498277654677946692e-02,8.430711386073015678e-02
-8.436758927596403265e-03,6.723587688900582726e-02,1.088201355024901312e-01
1.177978800820328603e-01,-3.863951164189639853e-02,3.575944752459008641e-02
2.406663468013820611e-02,-1.258497113289652469e-01,-2.116423700192377605e-02
6.740382943550905781e-02,1.104313875772687387e-01,1.862506848982094579e-02
-6.295388641168259136e-02,2.686929020143479646e-02,1.123517910008070275e-01
8.094828837201334393e-02,-8.643415265730244879e-03,1.044338264906071734e-01
8.095336443589387643e-02,6.593612672382029305e-02,-8.283311701997124465e-02
-1.193962283946827935e-01,5.194596617745426276e-02,-3.224951751579533538e-02
-2.340340649565808215e-02,1.329217063446811176e-01,-3.533102358285555075e-03
8.158570806105713835e-02,-1.081312429120129814e-01,-1.083117342034760518e-02
-1.017673201028265334e-01,6.709305621152665544e-02,6.203566390519975327e-02
-9.464953753479153631e-02,8.419975974070775804e-02,5.387050406847310874e-02
1.264909573714436408e-01,-3.006614104868736773e-02,-4.788571424268024679e-02
-4.888291893076477518e-02,3.622092792942498835e-02,1.254809431320640378e-01
1.630145837851951912e-02,-1.387555345474997537e-01,1.346578994454650062e-02
9.385308843268656831e-02,4.924669115871891517e-02,9.339690507900574867e-02
-6.639800501311586556e-02,-1.062332132053073891e-01,6.724719495904497857e-02
8.610731128182701200e-02,8.221666947184066987e-02,7.940668359105416962e-02
1.339524197576069942e-01,2.899952492480378091e-02,-4.429137702491327266e-02
-3.693826379994883530e-02,9.111483387127171374e-02,1.065340560739452686e-01
-5.520630871201789164e-02,1.496568371904299921e-02,1.342293525127800646e-01
5.846007837209284824e-02,1.894351015355758353e-02,1.333779516340834470e-01
-1.011612422945433604e-01,8.247281175076012771e-02,6.936281984628858699e-02
-1.472956943587328156e-02,-1.337471424867705703e-03,-1.480265683738313243e-01
2.430545888972185722e-02,1.435457116031293723e-01,-3.495982701280531818e-02
-6.835384427678696528e-02,4.884506531389496559e-02,1.251064630849001436e-01
-3.750030369017514492e-02,1.348002321629422351e-01,-5.854471801032456318e-02
4.240359185965515004e-02,-4.604076991013543452e-02,1.392335390872550815e-01
-7.737971811104339681e-02,4.677063123436605435e-02,-1.242234263429807667e-01
-1.450853974677801805e-01,-1.702282354895826716e-02,-5.073154807465551225e-02
4.320124390246379842e-02,-1.058791265263266390e-01,-1.055798670005296397e-01
8.774445189710808335e-03,1.513481205356799475e-01,-3.943598282902233132e-02
-4.454512176533877675e-03,-1.547365568203285247e-01,2.989704511342416646e-02
1.087215935991802523e-01,4.715147667094984896e-02,-1.055280082118469215e-01
1.376401946982303004e-01,-4.380163560917210708e-02,-6.814157732005125812e-02
-3.197523777918843957e-02,1.415149115597713059e-01,-6.920163637627348152e-02
-7.140026251244888100e-02,-5.918792469456051614e-02,1.325589199941272778e-01
1.023649381629681554e-01,-7.167918384777340057e-02,-1.043849482651056787e-01
8.896762382737567754e-02,-1.171521401233246024e-01,7.222762673411474432e-02
-2.577991095334252608e-03,-8.360794292552566065e-02,-1.421554178387091638e-01
-1.584329540288489935e-01,1.923811364547846001e-02,-4.568225602001776270e-02
1.434832079395262916e-01,-8.558200602473160779e-02,-1.915962208609164235e-03
-1.491742782885912832e-01,-6.973789500297629396e-02,3.407399357280584129e-02
-1.439667664394935209e-01,6.602760721363719332e-02,5.964849049575549067e-02
1.109227687788264388e-01,1.002598697475874101e-01,8.160552267607212862e-02
-1.368958666832957305e-01,-2.339006036985922382e-02,-1.005181675356700138e-01
-1.310661123771142689e-01,-8.884816878641031701e-02,6.855720603141522707e-02
1.336719335763762451e-01,7.480677131377701239e-02,8.181687296601362902e-02
5.227269837735849106e-02,-3.132794296627430808e-02,-1.638143494993719029e-01
1.655987083469042387e-01,5.758182595372857149e-02,1.435992201288046298e-02
1.055828923599481765e-02,5.464533621489162801e-02,-1.680716625127809949e-01
1.247948772530502598e-01,-6.571864461933986379e-02,-1.088989554302244589e-01
-4.249052702156951716e-02,-4.965143286875226686e-02,1.670095586271869159e-01
-6.829636208878517301e-02,5.435976462126105961e-03,-1.669893774610348991e-01
1.169624444570341593e-01,-7.466570054794398337e-02,1.172435476762193340e-01
1.457486415602453345e-01,-1.022788042336681413e-01,-4.153136272626112985e-02
4.286489948441384035e-02,1.771987505819882514e-01,-2.498802458513092739e-02
-7.191173263069584876e-02,7.939553725370226966e-02,1.510778686271642135e-01
7.482979496496035277e-02,1.129944328589065905e-01,-1.279692292395574194e-01
6.496998308873722094e-02,4.170478834768877319e-02,1.709753195831046624e-01
1.635109921097810393e-01,-8.960714538069562696e-03,9.397955914523015153e-02
-1.230282883404897748e-02,5.745459180620271500e-02,1.807127362881361943e-01
2.578655152604548972e-02,4.651234489968169433e-02,1.837069320568073261e-01
-1.723653138827646314e-01,8.277578825491645198e-02,-2.209151688610385897e-02
-1.183132607163566163e-01,7.910502671509172731e-03,-1.531933889462302467e-01
1.565602007262155149e-01,-6.795804272779834565e-02,-9.425878258946111810e-02
1.232867676322869366e-01,8.193630276837826631e-02,-1.288116346301091952e-01
-1.765642263407479207e-01,7.948968984066799581e-02,-3.885738445348246167e-02
1.666286693871711633e-01,-1.061831451610953936e-01,2.162521992624946363e-02
-1.309252112893836140e-01,6.214822265949089541e-02,1.378929410468367200e-01
-1.694400165703491834e-01,-9.661674338988342908e-03,-1.083152982175859674e-01
-1.643263656488334334e-01,1.185305091171996589e-01,-2.580151123453246036e-03
-5.544708818485078600e-02,1.556029855864925482e-01,-1.195958119240761591e-01
3.437431461346197870e-02,-1.027363424726607244e-01,-1.743295964994650837e-01
2.981679970255608769e-02,1.785532993725833240e-01,-9.950402104291260208e-02
5.043894307704919339e-02,-3.132011470439431677e-02,-1.992423705776652787e-01
1.759413783699796119e-01,4.712011186655570838e-02,1.029812223301537766e-01
4.505737989640498653e-02,-2.047692367597891139e-01,1.963658541358444601e-02
-1.986500932107437278e-01,4.768070273675092258e-02,-5.642281270095811374e-02
1.710176663848326506e-01,-1.264293375521821639e-01,1.635227262327679579e-02
1.813884870415091027e-02,-1.814242687910767593e-01,-1.133244668099688685e-01
-1.531379490297382906e-01,-8.271463454775321300e-02,-1.280164041836798772e-01
4.740813323823836467e-02,-8.367170430315696433e-03,-2.120522195468097504e-01
1.381270269376822790e-01,-1.652041007179210486e-01,3.901886921577946837e-02
-7.059283914077139899e-02,-5.251075629499223074e-02,2.019190094681282965e-01
-1.628501606443460703e-01,-9.450439524454697093e-02,1.169903639476974760e-01
-1.192741006117242764e-01,-1.824998125331271925e-01,-4.732344816632033657e-02
-1.634823065913940388e-01,1.422862456949743060e-01,-5.867093466292416792e-02
1.137906886143277424e-01,5.662371883603991435e-02,-1.868418859333424997e-01
1.426348834440186730e-01,1.490466255548996977e-01,9.572624071963947712e-02
9.104054836294427078e-02,-1.936197551467370992e-01,-8.132172590401696988e-02
-1.626161055381054529e-02,1.153144289463984597e-02,-2.294960419531365259e-01
1.301988785386360391e-02,1.402609180179460457e-01,-1.841398541438536707e-01
1.829797953657548437e-01,-2.174377178299348283e-03,1.447647545579221207e-01
1.443839339022346402e-01,1.838194086490876622e-01,2.255617527351373025e-02
4.604428371528647423e-02,-2.178904225916318826e-01,7.911798604965744608e-02
1.699400932204925274e-02,1.190945252156598577e-01,-2.051917511025173335e-01
2.090126014943762545e-01,2.023319577782616008e-02,-1.149326303795530635e-01
1.727414561473301913e-01,1.124647679171911080e-01,-1.247227234444784755e-01
-1.426944645044599669e-01,2.637313639740200902e-02,-1.942535013861822479e-01
1.551403499594266044e-01,-3.016474995253914590e-02,1.859322138162337601e-01
-1.750945891467722004e-01,-1.058457916059104935e-02,1.718904458907885013e-01
-2.335360616706311510e-01,-7.270552944367762727e-02,-3.561388712237556486e-02
-1.891350962526139323e-01,-3.183107095667979392e-02,-1.584147579309462817e-01
6.914643763203126570e-02,2.310555629130839062e-01,-6.715433057194231115e-02
9.319714701767413401e-02,5.086663758845574868e-02,2.284989058263671435e-01
-2.424756142009015791e-01,-1.839659449433197688e-02,7.189997718448981612e-02
-1.264903600666557604e-01,-1.912892290049848509e-01,-1.119782751002833671e-01
-2.638918377019519243e-02,2.092641086118601501e-01,-1.465649982368258386e-01
-3.765760046332188027e-02,9.453062978785546633e-02,-2.376223609873004405e-01
7.768657170823095592e-02,-1.718256222587080662e-01,1.792191464355159525e-01
-9.690395168531983072e-02,-3.810245098244959688e-02,2.402244947588475232e-01
-8.631762008783368245e-02,-1.101113939569884626e-01,2.232870381116767167e-01
-2.239424211380734164e-01,-1.413562509650435339e-01,-1.393589505437065230e-02
-2.313463494422753064e-01,-7.945418106216156628e-02,-1.067566791329062348e-01
1.069972243312622279e-01,2.358240640424418277e-01,-7.131863995344618623e-02
3.083362184362998040e-02,-2.246119254610978444e-01,1.472239428969837061e-01
1.162443083726773761e-02,2.494865786347636172e-01,-1.078780934980709261e-01
8.039123253949619075e-02,-1.715546799483227414e-01,-1.976736465031702361e-01
-7.392522562890987969e-02,3.477974813946548005e-02,-2.631700949894230090e-01
1.002955936934924741e-01,-2.013721173763070582e-01,-1.621724453040731817e-01
1.334476895200581437e-01,-2.409780791649668019e-01,-4.494855641429977566e-02
8.818220219379714619e-02,-1.253203351212713590e-01,-2.354139055808892045e-01
1.486999002650490065e-01,3.691757050307949845e-02,2.375734293602899116e-01
-2.012481721941039026e-01,-1.016758652163029381e-01,-1.735066878342139407e-01
2.411789836870909531e-01,3.070077772664763990e-02,1.512426914059448457e-01
-3.826210418090639914e-02,-2.780041528969834363e-01,6.548289088681651104e-02
-2.736312948370209774e-01,3.584805008966703704e-02,8.914440776891931206e-02
-1.799073838569315298e-01,-1.859124508349326854e-01,-1.351185337287490185e-01
2.828787621031558785e-01,1.921669583672663481e-02,7.676260153236376393e-02
-1.699994005584865853e-01,-2.233913328874193860e-01,9.267000772964106847e-02
1.287661345781352940e-01,-2.580810841719444748e-01,7.299222042573939861e-02
-1.044251167838866449e-02,-1.577380483629652885e-01,2.542865620676106331e-01
-2.987763036618884538e-01,-3.816189465627064376e-02,-8.971341420037382344e-03
-1.676769774689718662e-01,1.841619867671158983e-01,1.730309518831409932e-01
-9.831025207324112225e-02,2.215259663842032711e-01,1.855100715712473258e-01
-2.959486582054110873e-02,2.456484756011539650e-01,1.820177024938939847e-01
1.832640963477104312e-01,2.328237390660802542e-01,8.814175528338603904e-02
-1.099635554590017578e-01,2.903426255593070660e-01,1.995922490781619832e-02
-1.438062030078855746e-01,1.060949075343210618e-01,2.570916688734024569e-01
1.752494930939594089e-02,3.145815898512260844e-01,4.790244983018068781e-03
2.360013533321636825e-01,1.379371249093497842e-01,-1.607594772753965506e-01
2.636536887369871907e-01,1.680229146263262086e-01,-6.413635792068887731e-02
-3.803789748719159369e-02,-1.899980598609304558e-02,-3.183686597003093643e-01
-8.371977953205159140e-02,-3.121347264184465842e-01,7.357562126193100023e-03
-1.062764747694188716e-01,-2.956699000146615908e-01,8.436532730143016245e-02
-2.675814078325879364e-01,1.542910765061017708e-01,1.085639958044486847e-01
1.360025806197056111e-02,-3.292127923294537739e-01,-1.345802552761919462e-03
-1.022407893377710875e-01,1.939455125347520903e-01,-2.487840994768356628e-01
1.398537705496041839e-01,-2.277006839308849395e-01,1.999160248771345294e-01
2.369738596460101709e-01,-1.894521284886738488e-01,1.440622373411758750e-01
-6.514166912485014338e-02,2.664249722630775974e-01,-1.975468323760359302e-01
-1.302442613644472780e-01,-2.149931902211772716e-01,2.291966583090572496e-01
-1.671486498774603646e-01,8.520781312493948267e-02,2.863611732193184212e-01
2.599554261742695327e-01,2.230529707705575237e-02,2.250142036580241311e-01
1.270148801290393314e-01,-6.344521715852934063e-02,-3.163397645571973116e-01
7.071706590865094177e-02,3.147956699455167762e-01,1.329448466440348031e-01
-6.052124424075709663e-02,3.153127068492743712e-01,-1.422987973781472681e-01
-2.799727491766111354e-01,7.140417075599804486e-02,-2.035505932813901631e-01
-1.376907133725335519e-01,3.196217643777039541e-01,-7.349695829963735771e-02
-2.945776336389846484e-01,-1.405344276329255904e-01,-1.470225317567659673e-01
-2.343905499397098691e-01,-1.609356329324726498e-01,-2.212373539976396630e-01
-2.710766417586433219e-01,-2.108747682742078133e-01,1.161855609402096534e-01
1.623430234653314153e-01,-3.050394804020915562e-01,1.171807505885632261e-01
-1.729693217764999291e-01,-2.471111937644710627e-02,-3.229768344057145635e-01
-4.787283372125794578e-02,-2.912351254389017874e-01,-2.224017511929254620e-01
2.881736540004996294e-02,3.636739258336347258e-01,7.234870647589142223e-02
-8.648215795914421244e-02,-3.633509886504818209e-01,-2.437215688166922273e-02
2.872632182858725347e-01,4.892216654997227215e-02,-2.387044497891546158e-01
2.354110650472012733e-01,2.863527055769367613e-01,-7.934907019611822654e-02
-3.646922665493712579e-01,1.119740008000015691e-01,-4.034092724960224204e-03
3.733305462784590190e-01,-4.484501290119519840e-02,7.767897809179889757e-02
-6.285929074967409880e-02,6.872884619519671612e-02,-3.750140768156715043e-01
-1.534841924907377197e-01,-2.165156564062496736e-01,2.842321185649211990e-01
-2.689818752015375458e-01,1.756622361154259182e-01,-2.235041313668249541e-01
-2.703268816463490487e-01,2.445689901644241271e-01,1.491138117245123795e-01
5.008974811341012495e-02,-3.766326496060313778e-01,-1.129266583347563191e-01
-2.837236248026520080e-01,-2.803679052744870726e-01,4.658064399499542776e-03
1.313045616678192584e-01,3.111819073781764144e-01,2.170045308165239883e-01
-2.718906765421124083e-01,2.657673400246136630e-01,1.366539782267629233e-01
1.913731400803109772e-01,3.113215750106566593e-01,1.782632029469703727e-01
-1.352916550286600295e-01,3.752195339614592395e-01,9.136282780781165846e-02
-3.415963172703240791e-01,-8.589687602302867320e-02,2.133530591931556142e-01
-2.048855135055030474e-01,-7.737402204303486797e-02,3.518430718335639473e-01
2.939319326044332881e-01,-1.648388672299670732e-01,2.457453093591862314e-01
-1.403942394554841544e-01,-2.066285903578237715e-01,3.373143510772371179e-01
-9.754537996376774767e-02,-1.947677127143771780e-01,-3.619309996399723284e-01
1.574512992533402267e-01,4.332248458020680065e-02,3.925065256488768917e-01
2.417402201081971236e-01,1.685165718108856403e-01,-3.101735272051975856e-01
-2.786741664791300699e-01,9.452118048195924660e-02,-3.143158125732295471e-01
8.053292056188965375e-02,-4.229578561617960974e-01,-4.881766573682397303e-02
1.705281225452677241e-01,-3.221459147044924420e-01,-2.393921537970319091e-01
-2.483866107854603711e-01,2.722192028899190763e-01,2.383322646600994077e-01
3.209632346478253351e-01,2.713554095528699639e-01,-1.357070701064514717e-01
3.773375529065616241e-01,-8.007733845731912839e-03,-2.347708644094385344e-01
-1.350018139945934892e-01,2.371292871768105118e-02,-4.258012652995775693e-01
5.749353968910837082e-02,4.267296317699966202e-01,-1.313487021098304619e-01
2.390204980856249634e-02,3.763538087519157083e-01,-2.510716941527420532e-01
-3.559829967014053187e-01,-2.289357172743016755e-01,-1.695359741899919170e-01
-3.813105697381267284e-02,-4.218735634462649764e-01,-1.763732912933269059e-01
3.098840102958141940e-01,3.247610092471200915e-01,1.083321458680689409e-01
7.560164591816580237e-02,-3.956044070537121371e-01,2.318284341516251013e-01
2.340675649995954677e-01,-3.757141060102984764e-01,1.509244094303708594e-01
-1.525029664920720118e-01,-4.378248581976886822e-01,8.110726238031998325e-02
4.140886894991976930e-01,8.251215792304644747e-02,2.146704464577559035e-01
-2.856893286377852892e-01,1.001245494109296863e-01,3.682239523654452507e-01
-7.122850472721424520e-02,3.306403844810117953e-01,3.402107256665352075e-01
-3.069138728353943968e-01,4.908461244841245963e-02,3.694309878170639050e-01
2.930641289523623350e-01,3.043454719782799911e-01,-2.399046724708890355e-01
-2.338941609302076508e-01,-3.987733022287255347e-01,-1.592505010769189877e-01
-4.474423341441499148e-03,4.903622791506777601e-01,4.087803624125307261e-02
2.241328487428620730e-01,4.165329538886602956e-01,1.466588292347550115e-01
-3.367432377220158091e-01,-1.154116370159606886e-01,-3.488058704199518689e-01
-1.854101845096969292e-01,1.949628032450772264e-01,4.232863042182851698e-01
4.757841498941751679e-01,-1.594705039474252350e-01,-5.454511247272166713e-02
-7.968818668566760022e-03,4.922260049558745965e-01,1.252417178988245450e-01
3.760774291362465327e-01,1.366806223586723434e-01,3.181509208294968638e-01
-2.403858801442634030e-01,-2.931135519707859238e-01,-3.478180304920504562e-01
1.606826098352540366e-01,4.006991947220173156e-01,-2.858052531651841255e-01
2.758648680291372335e-01,-1.837348217341203960e-01,4.020344599804271390e-01
-4.981124417823290518e-01,-1.630525343769089752e-01,1.616816168881615376e-02
2.067126190752617831e-01,-2.626309982124291342e-01,-4.083804283348578812e-01
-2.567197151701411939e-01,4.637118759972418403e-01,-3.327163947949315220e-02
-2.769430175102748359e-01,-3.626259782319725122e-01,2.783021119870751070e-01
8.264838624191822580e-02,-4.954021767404158116e-01,-1.924717508226941320e-01
3.314628593083421282e-01,-2.638785062222385180e-01,-3.368959039489942686e-01
5.213353957973770186e-02,-1.834114740454180215e-01,-5.102810067631058377e-01
-2.731497034773985311e-01,-2.355793019024865140e-02,-4.747340547376275866e-01
-2.292348838711649184e-01,-4.527666775800344157e-01,-2.164116227739815157e-01
3.426845477955021285e-02,4.981229575237319795e-01,-2.428385686382980857e-01
-5.082558839178994425e-01,-2.016604074469005581e-01,-1.149830125855032248e-01
-2.321013458651742523e-01,3.465058920809545584e-01,-3.771811037230203834e-01
1.442561232911784841e-01,2.528572227680020990e-01,4.852814668075757232e-01
9.368764741522973838e-02,-2.466308629797881458e-01,5.047116063518540807e-01
-2.346356988026488677e-01,-2.655874336342748387e-01,4.504362150751078930e-01
2.865484234752082027e-01,-4.992959418603364341e-01,3.570970085069751637e-02
2.659132756668813879e-01,-3.068174542262789295e-01,-4.148331390607595814e-01
-5.679898460635834923e-01,-6.447632445321185846e-02,1.202896586914654065e-01
-1.113471094444500042e-01,-5.747790999684035951e-01,-5.320569474412925604e-02
-2.133256918946460079e-01,-1.567569640821445676e-01,-5.290895762229386179e-01
1.588483517772117104e-01,-1.245777588302302286e-01,-5.601219215843352695e-01
-2.205180540231274633e-01,5.234746643582290915e-01,-1.906951516778501443e-01
1.148082649264612481e-02,-7.031002807178594882e-02,-5.987742244863333285e-01
2.300213110427385410e-01,5.490391773983345214e-01,-1.178889669123628636e-01
-1.240446770603424037e-01,4.716042804860359761e-01,3.676396178822374794e-01
4.619501190914573341e-01,-2.501012131834071117e-01,3.190186790863292488e-01
-8.153259021219995406e-02,5.417450319273320325e-01,2.870745325302825890e-01
2.353668730945826515e-01,-5.643532292018051955e-01,-1.163699160324604687e-01
-5.031171761580577328e-01,-3.731396481337164728e-01,4.828832413854959767e-03
-2.342788520363647820e-01,1.539353141192291441e-01,5.646353819741842806e-01
3.955147484274649794e-01,-4.205915129906336869e-01,-2.629502995498074203e-01
-6.023429614433307711e-01,6.051690121667315653e-02,-2.028140637292608628e-01
1.184802987292192175e-02,1.759944045321251704e-01,-6.178226688789966170e-01
3.684539889086434206e-02,6.196306337437699208e-01,-1.810862909414794608e-01
-5.501049367738456430e-01,-3.240162958808070481e-01,1.258165621598855977e-01
-6.254850804710336554e-02,-5.685978917052786352e-01,3.187848921334004992e-01
5.785710965113849413e-01,-2.782695712208851369e-01,-1.487883688399794235e-01
-4.091512155056136607e-02,-2.532050527773306303e-01,6.116176271899484984e-01
8.975747094018966810e-02,2.702019496429544643e-01,-6.036676563786490535e-01
-2.381672621453636285e-01,-1.237978032307582299e-01,6.157266525820471736e-01
-4.498564413404381179e-01,5.007201324270096343e-01,-6.195606590385527995e-02
4.453091817557722903e-02,-6.539421742792856929e-01,1.820472532510301333e-01
1.355543374395839495e-01,-4.992229737321580152e-01,-4.484137346286503067e-01
-1.306000367122349959e-01,-3.465263570940262938e-01,5.809652874159844105e-01
3.952877414200676731e-01,-1.928469364283784404e-01,-5.359809167690688936e-01
1.216745962094151895e-01,-1.262006360497627822e-01,-6.753695948830465978e-01
-2.179992009417078824e-01,4.189493748430264120e-01,5.196430000925273962e-01
-6.135355999260131421e-01,4.693227208498323977e-02,3.474728003587165270e-01
2.669887886927261450e-02,3.654338684837350471e-01,-6.094966621592989853e-01
5.785201959042047815e-01,2.731317133299814362e-02,-4.204348810356858257e-01
-1.498585753757482875e-01,2.484028215962985897e-01,6.592222477306013406e-01
-4.686281154192892817e-01,-2.830738272948557510e-01,4.749885253082624659e-01
4.868501062849753813e-01,1.933331949270785388e-01,5.076046195912710113e-01
-3.715663465709151958e-01,7.053952363636992184e-02,6.291400642681410638e-01
-1.188492869812086405e-01,-2.365646180799952925e-01,6.896698486294952080e-01
4.316536476602499395e-01,-2.555770986810141920e-01,-5.486833383657100383e-01
7.575530540095321008e-02,-1.898921746489274920e-01,7.196903372990023362e-01
6.136867765114987217e-01,2.536316788074885475e-01,-3.549022078730582619e-01
-3.482740783372430537e-01,5.825468396850498332e-01,-3.368610356788472315e-01
2.755560203144699627e-01,-4.869508829166848685e-01,5.180789500677643877e-01
-2.602749988439516104e-01,6.264534179215024423e-01,3.587359565055201482e-01
6.262348396206782741e-01,4.461549273175880459e-01,7.189575698565922601e-02
-7.197447440987592149e-01,-2.433038985793634645e-01,-1.636292770810468256e-01
-7.743781576457827720e-01,9.155014490517730807e-02,-6.056645220503143606e-02
-7.198495915994597150e-01,2.967334414258942510e-01,-1.152503774352413718e-01
-4.907824716569623713e-01,-6.178542123986098256e-01,6.935778322905092330e-02
2.545390998440751340e-01,2.258767936089414452e-01,-7.208445568300043682e-01
-2.124244092824484620e-01,5.181513635056570477e-01,-5.743952507674002783e-01
-5.087961756726219198e-01,-4.753015661130540748e-01,-4.086079762265962256e-01
7.272493206841608160e-01,1.341856469789311224e-01,-3.363978494335131963e-01
8.015832870085531914e-01,-3.554858488879615586e-02,-1.571067817971218972e-01
1.705312806589234509e-01,-5.492029342380423396e-01,-5.884773327939529786e-01
3.680716345970238557e-01,-5.954422900685086839e-01,-4.422883890531897344e-01
-4.700312751709213033e-01,6.791064104641778565e-01,-1.108116502969187095e-01
-2.673948610945900417e-01,9.590553129088107143e-02,-7.890212151133085827e-01
-6.946481387053569101e-01,-2.131825534706511815e-01,4.292324702779105050e-01
7.223209833048628292e-01,-3.269569190359942201e-01,-3.044012393769645608e-01
7.260339527281766125e-01,2.326234213240319648e-01,-3.863553229290955238e-01
6.585979310139260523e-01,5.176812148350407039e-01,-1.951468438875473832e-01
7.601393420753158603e-01,2.310007578254954022e-02,4.134229325320236681e-01
-4.085626309023233094e-01,-4.379673925780109833e-01,6.325202016655422366e-01
-4.227792277021246159e-01,-2.387512484210892183e-01,7.299004005255749217e-01
4.482503734386932281e-01,-4.748954529527429913e-01,5.931665036190365559e-01
7.620423651535653820e-01,7.454815080573749808e-02,4.494006252621802200e-01
2.679738423361431865e-01,8.523262564260168928e-01,3.092615486145114997e-03
1.752630551664144040e-02,8.973659033296280674e-01,5.373537721993358607e-02
-7.394343230968979386e-01,-4.672225185781636592e-02,5.194462046698509194e-01
2.773714810573734146e-01,1.655309373824422614e-01,-8.513967757359929278e-01
1.870936218096020953e-01,6.186214161837902958e-01,-6.496843651419837995e-01
-8.765950120214417440e-01,-1.483554882790069814e-02,-2.861053863622036175e-01
5.787821419668483236e-02,-7.239380830904612596e-01,5.778444554451614978e-01
-6.351333570689308150e-01,6.746369634681697036e-01,1.174492362116669325e-01
-4.990673158925945097e-01,6.379652084638444132e-01,4.768427643469036470e-01
7.415133104810039955e-01,5.293619503247023461e-01,2.542545934307433586e-01
7.451339270728926101e-01,-2.887677567631800543e-02,5.916595658453779327e-01
5.177589950627884408e-01,1.303386565564980393e-01,-7.953679315020255602e-01
-5.998857984758227957e-01,2.096226637308877261e-01,7.249608987805005178e-01
-3.191034980786782160e-01,4.285020137207148916e-02,9.151824471885885437e-01
3.708599701554833317e-01,5.191097617728434033e-01,7.390602075082899347e-01
-8.044560563138244413e-01,-5.518798879615084418e-01,-1.168493618771619669e-01
8.029771824219462673e-01,5.769798026300180238e-01,2.005469307920705602e-03
3.255097631338013109e-01,-9.136643874825096656e-01,-2.222764460167853118e-01
-4.711842950601827229e-01,-2.335012915032840530e-01,8.521919566301034976e-01
-6.323970706543844411e-01,3.977450832406744796e-01,6.763317534731214664e-01
-9.147086995760179695e-01,-2.576519206146352658e-01,3.541486008307957456e-01
9.992788137930181946e-01,1.765112443254902297e-01,1.090597575411728637e-01
-6.331882227221771187e-01,-7.254482013195900914e-01,3.573282393584000793e-01
1.438924933881390034e-01,2.765650141700758957e-01,9.854638940914919321e-01
-7.810339160668305913e-01,-5.333586416303516264e-01,-4.329716974451164879e-01
-7.343171940829597011e-01,7.056881309634631672e-01,-2.419158598784960645e-01
-1.430400361122261821e-01,-9.693192900413355462e-01,3.868678962920814035e-01
-4.643302110922563064e-01,2.689463763147298958e-01,9.142846794289597456e-01
5.554696389854443250e-01,-2.680110388378527109e-01,-8.705163894387142332e-01
-1.194014293970313834e-01,1.055472007307485027e+00,1.562167700260163328e-01
-9.240710720467161243e-01,1.714940528816449178e-02,-5.596168293231463808e-01
-5.426389448424806528e-01,-9.419115225994554308e-01,2.441193570190863110e-02
-9.344810301786155016e-01,-3.080394675642951219e-01,-4.787215523901135472e-01
8.966822598946317946e-01,-5.344008198608927174e-01,3.506465331391814266e-01
5.267475154342734500e-01,2.796163823239227186e-01,9.340134156275602395e-01
5.847764849191714465e-01,-5.938963976205738904e-01,7.409470336473350516e-01
6.875699232672851657e-01,1.106179079290549316e-01,-8.800789886996935873e-01
-8.909933556479414651e-01,-6.782545282635168427e-01,1.472406539428886274e-01
-9.833483080630129880e-01,-2.377532763673237126e-01,-5.180080182211768136e-01
9.848622601892069728e-01,5.807719689848761524e-01,3.231925013652057338e-02
-4.662329161447072157e-02,7.693740436043458031e-01,8.549006044585556463e-01
5.390756786779674625e-01,9.912568587014675137e-01,-2.620218750281360087e-01
7.930068692172681510e-01,-8.346862924578363208e-01,1.827154346007186791e-01
-2.840043311784752264e-02,1.168652623288010117e+00,-9.851827192488291085e-02
3.055612410840509718e-01,1.138289339549625412e+00,-6.875139367522224709e-02
8.328006502990997761e-01,-4.143560490823394171e-01,-7.391264767428062932e-01
7.873335962187352211e-01,7.438983205765620221e-01,-5.062228788648995836e-01
-7.319321864259544785e-01,-5.647170505694742992e-01,7.701454040918316313e-01
6.964092193654954910e-01,-3.334450829916307257e-01,-9.327528193039917870e-01
-9.147032850298643103e-01,-5.336625549417032266e-01,6.028277695166185390e-01
-2.613704736683092333e-01,-1.197559826532333727e+00,3.650512636630298680e-02
1.008836404258439456e+00,-6.635782644457558499e-01,2.546917720254227580e-01
-6.577086177675469658e-01,9.770831905848753607e-02,1.048918160028279312e+00
9.227523006670277361e-01,-8.423124299166777629e-01,-3.230455434546188054e-02
2.493594458668827174e-01,-7.257595210954737031e-02,-1.230632748235452656e+00
1.360900691342575852e-02,-7.725550899324351573e-01,-1.002511683895149552e+00
-1.232955104112591904e+00,-2.775071170400370546e-01,1.589842996208288839e-01
2.310091978846198421e-02,-1.162351583478367090e+00,-5.399421355773460496e-01
-8.900146250257362501e-01,-1.827344111616144851e-01,-9.157211692898391542e-01
-1.053660551576867777e+00,-5.580899486687109778e-01,5.134152952011843407e-01
1.446080654528505427e-01,-1.234546878416712623e+00,-4.021311135720549990e-01
-4.677283863150309973e-01,-1.228007490019489722e+00,4.116387638141085631e-02
2.128628890159199941e-02,-2.693909626210917729e-02,-1.322612647440857492e+00
7.725586396571758330e-02,-5.691451941238905299e-01,1.201201362328811806e+00
-9.798342081246658175e-01,4.654082879076518187e-01,7.865618257102691135e-01
3.841413525638734949e-01,-6.947124136585852705e-01,-1.089971004999355841e+00
1.163376364359884341e-01,-8.772856674048938874e-01,1.028698330327566746e+00
3.923457882493298632e-01,-1.183341349522613495e+00,5.573200066587444823e-01
6.037760454602399962e-01,-1.035312381000305981e+00,-6.724368789070598318e-01
1.314732742667688248e+00,-4.178703194667197640e-01,-9.748826715398059561e-02
-3.880491828737217541e-01,7.766255766491665380e-01,1.087782794842292233e+00
-5.464886380385431952e-01,9.927339372605405998e-01,-8.231034691804183234e-01
-4.322181763636242513e-01,-4.464983888717550808e-01,-1.265100471953778838e+00
-8.304914391744191438e-01,9.679446917643100279e-02,-1.145804471341629549e+00
-5.156263638611520150e-01,1.674846295616165825e-01,-1.320474827805093065e+00
7.589939358498586364e-01,8.427269762919505913e-01,8.816252635269234972e-01
2.787755539005671527e-03,-5.264959651742880942e-01,1.346326917387382416e+00
-8.726399626133933829e-01,5.614397073953659723e-01,1.019656520545774825e+00
-4.017269940967859582e-02,-1.156076219145114603e+00,8.973513351452588882e-01
-1.017919797827869122e+00,1.001785961422931859e+00,3.618334919099602809e-01
-1.131432440804053474e+00,-4.512738285709529396e-01,-8.452886093126391609e-01
-1.083007112454540399e+00,-1.458573023025039883e-01,-1.015930136603923284e+00
-7.132114240875858657e-01,-1.318452393720753957e+00,8.748780400929069556e-02
-8.447876892750041389e-01,1.045060798383319778e+00,-6.910370309935754962e-01
-1.087671328534831394e+00,1.012955006394995472e+00,3.214311653388590151e-01
9.106928999741141784e-01,-1.351593789666255541e-01,1.222390769733597171e+00
2.035771570821326149e-01,6.902408230750050055e-01,1.361547389374596406e+00
-8.928592965835125961e-01,-8.877690778031657737e-02,1.263647919655878971e+00
6.755311339370896340e-01,1.020298573986508472e+00,9.670136926636918595e-01
1.018289319528741466e+00,7.640476944338934207e-01,-9.180172938610015043e-01
-8.660788955292690883e-01,7.297326591401517293e-01,-1.100999567934414891e+00
1.179380971220845564e-01,1.407527405800444997e+00,-7.290564089598855491e-01
4.536147893106629025e-01,-1.484145355911151931e+00,3.876593596411414544e-01
-1.597673303657761057e+00,-4.850001196488077163e-03,-1.967911151282622784e-01
-1.036779725919879880e+00,1.229856731382816371e+00,1.919412195429805457e-01
1.616051045025135524e+00,2.117733285292041356e-01,-3.525364647278889790e-02
-4.858881864980661436e-01,6.755634609760200471e-01,1.413886083367406732e+00
1.363098370935210468e+00,7.742893324949020606e-01,5.179302800461255130e-01
-8.302974843727529697e-01,-9.309734756974881176e-01,-1.097455648619219737e+00
-7.030559132117225607e-01,-1.390508310129582981e+00,6.065115596946351051e-01
1.522061490389369220e+00,6.026653491066843449e-01,-3.890633522846944081e-01
1.498656843927603566e+00,7.449016419447398452e-01,2.577567694689152367e-01
-9.104588444057498675e-01,6.031925078503017623e-01,1.308057162162505893e+00
-3.960546792885646927e-01,5.213516266025181034e-01,-1.584956815335321734e+00
-1.606942046805425184e+00,-3.599933806288900251e-01,5.160735658150021887e-01
6.687317332274814730e-01,-6.009750058001748219e-01,1.485842466863232625e+00
-1.325592849352191793e-01,-1.090395974474450691e+00,1.359396450991238625e+00
-1.338068418415390815e+00,-8.086763467253397231e-01,8.055997123101551471e-01
-5.321478768383590685e-01,-1.621751818650999155e+00,-4.684985654829813551e-01
-1.713960451978605359e+00,9.334908819558383752e-02,-4.756608872218843209e-01
6.945145589926321472e-01,-1.545410065205237604e+00,5.851227591668207717e-01
7.130432441792047271e-01,-1.481862010669787733e+00,-7.413250681953663657e-01
7.316524096490540918e-01,-1.659076750720329230e+00,8.645721679395011738e-02
-6.370935799772435848e-01,-1.202516731678895612e+00,-1.218743179124276432e+00
1.484000831733731429e+00,8.429925656900346675e-01,-6.832656738280632469e-01
4.424400393930595921e-01,1.252040378217492256e+00,1.288179344319944963e+00
1.541586866931903943e+00,3.808536554019812947e-01,9.720026548410092282e-01
1.109557406065546425e+00,-2.825616358603997846e-01,1.483067227125842713e+00
-1.072889313970622371e+00,1.175628258160424267e+00,1.010907126343877360e+00
1.114896566090068264e+00,-1.493135560295270281e+00,3.576672528692803055e-01
-6.817963024069183531e-01,-1.339685114105316321e+00,-1.177537468586273617e+00
6.270738877257872046e-01,-1.376327528315895554e+00,-1.185370537059594609e+00
-3.765742899766322815e-01,-1.617561226805525498e+00,9.905985741006777534e-01
-1.748564242231987365e+00,5.332423583731275007e-01,6.673581667221170077e-01
9.664830698469646375e-01,-1.472778311594292289e+00,8.557009557184225290e-01
-1.358631429590456907e+00,-1.034046605677040542e+00,-9.844130646183008038e-01
-2.995611666726449296e-01,-1.719145774624544210e+00,9.425675624918823381e-01
-1.033769372549072640e+00,-1.166119119536051629e+00,1.247068638585489664e+00
1.398160609675645594e+00,1.032572305357148945e+00,-1.006643623860655534e+00
-1.543617594171418972e+00,-8.876386815954142584e-01,-9.565949446503255738e-01
1.417563664507067500e+00,-1.383165279919990054e+00,-4.637812219525079271e-01
1.515036947312030424e+00,1.358995839922816806e+00,2.194875402372954698e-01
1.359374190499103241e+00,1.388795790813118325e+00,6.834138307767333442e-01
1.378392222273354895e+00,9.587438967768937559e-01,-1.215958231170019666e+00
-1.001806474289112847e+00,-4.827934346731849180e-01,-1.765132662514109052e+00
-1.177216830173460904e+00,1.639936920108597151e+00,5.766727446117125844e-01
-3.047979130972011674e-01,-1.861355261341553602e+00,-9.520126245298763390e-01
7.652005935145081983e-01,-1.704462985164505229e+00,1.014864296327421034e+00
-8.207591882995485255e-01,-4.272746432630355473e-01,-1.929246185804885272e+00
-6.372925178994820472e-01,-1.485316274634561617e+00,1.422726210398274516e+00
-1.434989943137993551e+00,-6.396622871838473223e-01,-1.492343363726939209e+00
5.438247030526222048e-01,-1.498262522778994077e+00,1.488174564737760219e+00
-1.057119629845418629e+00,8.226082252670311457e-01,1.738251879434959069e+00
1.285719291850192514e+00,3.856638924432824189e-01,1.753616470108890102e+00
-8.546386888867578413e-02,1.575168260438828405e+00,-1.565431909374126018e+00
-1.416461907695892641e+00,-1.325977111656145402e+00,-1.112339983848984026e+00
-2.160819501206051374e+00,-4.923763860061367570e-01,3.923609814164135123e-01
-2.037551356373959344e+00,-5.765876530013338552e-01,8.036824900381367431e-01
-2.248042991885789432e-01,-2.262346129407606821e+00,-1.627841522581227607e-01
-7.618538713021372200e-01,-1.930763824922542504e+00,-9.762563729934790047e-01
-2.102699556782618107e+00,5.026808439960988029e-01,8.088601995838788916e-01
-1.607561322403754822e+00,3.386882944494993275e-01,-1.642290379719275828e+00
-4.861198054436693394e-01,-8.413234953057260324e-01,-2.126169709973218414e+00
1.520088476769777097e+00,-7.830508750800391216e-01,1.615680966208747016e+00
-1.018976397422125535e-01,2.221990544030111536e+00,8.105854513249298732e-01
1.918149274066561327e+00,-6.920168438493526919e-01,1.231988776863062851e+00
2.128486295167949738e+00,-5.742053079352934519e-01,-9.423521704894254336e-01
2.090464798362798415e+00,-1.150863156088651085e+00,-3.560831490199082849e-01
-1.180833172790862307e+00,1.503096270134719914e+00,1.497237346001878855e+00
8.469622344630892696e-01,-1.472293222210414587e+00,-1.756529249497314149e+00
-1.313506741181491799e+00,-1.826950074402280633e+00,-9.916131601629689651e-01
-1.364774813550072019e-01,-1.627586634846512226e+00,1.858924500864113538e+00
1.936746232495478059e+00,-2.531480431890671956e-01,1.544698716817614281e+00
-7.914470191305282842e-01,-1.485594380541723769e+00,-1.856522200947682055e+00
-2.463237203403397524e-01,-2.473509554230659102e+00,-4.254661716405526151e-01
-7.811540742180493879e-01,2.355143570811971898e+00,-5.328711989623079459e-01
1.632173445207639295e+00,-1.938674711811988027e+00,-3.167675945366189572e-01
1.015249153051606124e+00,2.189724850082855223e+00,8.832577459551258503e-01
6.236353219379144885e-01,-2.088930302358454671e+00,1.391852209093199066e+00
9.723341549311109722e-01,2.289069271551530615e+00,7.678757914718375988e-01
1.424890164398329162e+00,-5.937930957764100404e-01,2.116172579905800433e+00
2.037799742999209407e+00,8.744968821020800975e-01,-1.425129878927367200e+00
1.088943573468794224e+00,-2.089372298473764378e+00,-1.218803405668528628e+00
8.691676769027141258e-01,1.734327398702419254e+00,-1.833827908489299441e+00
2.989815649939271958e-01,-1.642629811448952593e+00,2.104589352292090432e+00
-9.280791974347185613e-01,6.467997965996971632e-02,-2.538347323959299739e+00
2.202521917435650955e+00,7.550073438419779848e-01,1.407320996543964586e+00
9.477595122331188282e-01,-2.441018283455485438e+00,7.993900252662630157e-01
4.909178974373470949e-01,9.971154585047331542e-01,2.521101249474917871e+00
-1.196781383623634731e+00,-2.315909562409487421e+00,9.444727598304903937e-01
-2.252163134390517296e+00,1.338782664532344402e+00,-9.596674942904644956e-01
9.231677334663526135e-01,-1.551120410846803965e+00,2.150896866013387143e+00
-1.866376240960119004e+00,5.868606855655741361e-01,-2.038895455982205451e+00
8.928626531706209679e-01,1.604285387017639897e+00,2.171517872952819506e+00
1.678345551024505999e-01,-2.647690383577855577e+00,1.072775952259272136e+00
-1.558723945763062613e+00,-2.379458878671288247e+00,4.494435426268716394e-01
-1.600302536851933466e+00,-1.090321821798381441e+00,2.156191539360677645e+00
4.325554898373095147e-01,-1.503393125482236137e+00,2.461394944682858021e+00
2.724241106195404161e+00,-5.341899292007660227e-01,-9.524169657162085967e-01
4.807072822215519015e-01,-1.940584606221631869e+00,-2.174065323376157544e+00
6.767485364963908845e-01,2.645858043601267084e+00,1.172991493550021636e+00
2.521701344029602776e+00,4.049579244641478004e-01,1.556874594248934152e+00
-2.787183511747008957e-01,-2.801354941524858866e+00,1.065526474235378274e+00
1.960694642680730571e+00,-7.848263925390990270e-01,2.171539459970707853e+00
-2.733377534780114804e+00,-1.307828988450350671e+00,-3.328580788025727322e-01
2.994224079143974926e+00,3.914474016381516153e-01,-5.405023738614275208e-01
-3.023238935346704626e+00,5.611421646354647352e-01,-2.749321091754649005e-01
-2.105597200369146715e-01,-2.627381555651373546e-01,3.088411674001605434e+00
-2.214629630408891270e+00,9.934112391484258842e-01,-1.970521608492188825e+00
-2.104104588472821558e+00,1.985963483758836023e+00,1.235884803265263177e+00
-1.204344464912392443e+00,-2.620103944180751210e+00,-1.307371729229700019e+00
-2.053801501278200436e-01,-3.163818301998352567e+00,3.165073001397585850e-01
1.551484750357769338e+00,1.722759072753057508e+00,2.214997508294116457e+00
-2.073015066572438947e+00,2.429798247946147516e+00,-4.589787340196007648e-01
2.056079103656517582e+00,2.166417479851594052e+00,1.274191221264002527e+00
2.007461375421252470e+00,-2.466977324967322360e+00,-7.500739073072797414e-01
-1.371137851793774232e+00,-2.756495040241363714e+00,-1.155858854775436706e+00
-1.550474527716064532e+00,-2.699572940260657639e+00,-1.122568003241408263e+00
-1.576217776785856728e+00,2.933693312215806426e+00,-9.169136174599018876e-03
-1.886339305981732162e+00,1.674648960116666530e+00,-2.206677816490668853e+00
1.660739909919334734e+00,2.933168529568104255e+00,-1.160145121117082956e-01
-3.026974206324106298e+00,1.167480001181650628e+00,9.970301866847522954e-01
3.269655667408799982e+00,9.755212619460008616e-01,-1.544600919250072313e-01
3.175224206517833103e+00,6.960886080117846264e-01,-1.117102512278232540e+00
-2.811273672851979932e-01,1.716274777241511840e-01,3.443292256368301274e+00
-4.363421957615262747e-01,3.130458113191775471e+00,1.458335124475879097e+00
2.065947007364580257e-01,-1.891223149268673520e+00,-2.941357699444299367e+00
1.012729863236390138e+00,2.561330335060124419e+00,-2.200227894640507387e+00
-2.693225151517431581e-01,3.522123792122274555e+00,-3.273783699294896543e-01
-1.850710667289134248e+00,1.700048712430415998e+00,-2.535706963969467154e+00
1.911248357427768996e+00,1.031179064267078838e+00,-2.861988326421970097e+00
3.002045510933314620e+00,2.014703744695202747e+00,1.266651171423266789e-03
-1.460458286923919990e+00,3.289442437268193409e+00,-5.330652349678545177e-01
-1.948890102490608678e+00,-3.099133889459122937e+00,-5.528239167099513462e-02
1.515482192053816402e+00,-1.813641145448098069e+00,-2.826720682308131671e+00
-5.054073522669189078e-01,-2.119988364853520935e+00,2.999863396128686244e+00
1.381432780718184539e+00,-3.451702930110570389e+00,-3.181031361425180615e-01
-5.685685905196405932e-01,3.653775485868643091e+00,-6.538405178713511123e-01
-1.856547152074753182e+00,-2.376728228406132182e+00,2.276961272800510638e+00
3.713156196056463187e+00,8.208112046420223962e-01,2.191095787974602083e-02
3.049292962298754794e+00,1.369293838264690866e+00,1.863458560674542408e+00
-1.732744503818090198e+00,-2.787779366610274590e+00,-2.014383739489776115e+00
2.460337363910245212e-01,-3.326732730367917945e+00,1.973010646017385517e+00
3.512390731977711233e+00,5.021553052673277673e-01,1.619381913531597217e+00
-2.291191073214606522e-01,3.792045640445712795e+00,9.862861005763398081e-01
-1.689283438121861547e+00,-3.528305298508505494e+00,-5.460101378290448393e-01
-1.344064712703996189e+00,-1.620820673330832573e+00,-3.371281913493626270e+00
