-0.000000000000000000e+00,0.000000000000000000e+00,0.000000000000000000e+00
1.692366859918340472e-04,-7.753000012434506892e-04,-5.478286939889494105e-04
-1.221463055355381192e-03,5.902304310179619547e-04,-3.493731054741592364e-04
-8.577292949181225838e-04,1.315666055042865722e-03,-7.763672972271938415e-04
-1.094853898838576501e-03,3.717302085974957967e-04,-1.704234050110275305e-03
-1.356112726402173684e-03,-5.009377107538921748e-04,-1.839235341938432909e-03
2.350766703231740428e-03,1.097084869752528802e-03,1.753608164453311570e-04
-9.474742685150623058e-04,-1.480918138654352010e-03,-2.238572411261921524e-03
1.760584663050121035e-03,2.246794060587959004e-03,-1.161075252692638643e-03
1.418055453749212345e-03,1.541591224491275103e-03,-2.559929576020557925e-03
8.235315676725868481e-04,-3.271192213008626386e-03,1.027887905937717103e-03
2.089096076901236169e-03,-3.098359422285901742e-03,1.243814099644444322e-04
7.861260775613102946e-04,-3.627966385969596391e-03,1.338826769688610148e-03
9.765596143139123470e-04,4.003688708871190952e-03,4.803798523777010445e-04
3.868088887627141922e-03,-7.180412736795622943e-04,1.850873681116890594e-03
3.396822908423049320e-03,-2.600271153395329344e-03,-1.530028527974391971e-03
-1.604801363791442817e-03,4.455362359204625283e-03,1.766023808509465244e-05
3.519864905983174485e-03,3.423189521024986269e-03,3.887626716047845512e-04
4.330640941259699707e-03,-2.648552967927402923e-03,-6.083449651807550096e-04
-4.671519663095463908e-04,-5.255518537067792838e-03,-4.784846706868121262e-04
-2.812683650505261486e-03,-4.577482830150281755e-03,1.085912831973806763e-03
1.871057268392438454e-03,5.344800567684140392e-03,1.853872603649873518e-06
4.600761499253906966e-04,2.830707236493448320e-04,-5.817904841865231651e-03
2.070986989096523789e-03,2.205811398690301489e-03,-5.206295836807647154e-03
-5.852781727952501706e-03,1.828206649339217567e-03,-9.118272266468683022e-04
-4.344616492831274851e-03,-2.289177928276578747e-03,-4.065728978971556822e-03
2.505897432718564959e-03,-5.714563633089517203e-03,1.994156939014244800e-03
-2.928347397496210407e-03,7.288642575348861776e-04,6.010103541744985824e-03
3.923961302999044373e-03,-5.606279451977981554e-03,-8.745120834577089835e-04
1.069018294498225857e-03,-6.990237435958290141e-03,-3.029091135889031789e-05
-2.284812878908106665e-03,6.676490270998198910e-03,1.635786422440598529e-03
-3.856025182767802966e-03,6.326817895770592455e-03,-2.983974465352508287e-04
-1.306155403411505623e-04,-8.931155386240104002e-04,7.532428590895387174e-03
-7.094135623374333384e-04,7.037399503013390227e-03,3.184428376106962413e-03
-5.666204371020198277e-03,-1.905647698901331236e-03,5.205721644609511561e-03
-6.259485156866566140e-03,4.787627465672440741e-03,1.858553490052239007e-03
-5.489537385724312796e-03,5.979480179244932823e-03,1.561914323522051781e-03
8.298240203798606593e-03,-7.830791149705130377e-04,1.295910284902501274e-03
8.116138907996599955e-03,-2.856291993814789962e-03,2.945725476026462772e-05
-6.701829590545364639e-03,-4.397701643831788618e-03,3.564784449277084381e-03
-1.391593007102069797e-03,-8.621438730657444635e-03,-1.918618358555584718e-03
7.130508427069130739e-03,-2.105430357180917370e-03,-5.263931203703202215e-03
6.475723491721670395e-03,-6.633913844264577482e-03,-3.687915025865581321e-04
-7.700477909814500491e-03,-4.588980465862404524e-03,2.978717345883657303e-03
6.615579399499265170e-03,-4.317149429436555920e-03,-5.479953331389330121e-03
5.293562690360625357e-03,3.389126366352855722e-03,7.495759243318060421e-03
-2.808353387310674829e-03,-4.621717331369052002e-03,8.352527667379110524e-03
7.294531129632800953e-03,6.991929968669277629e-03,-5.377051718121897764e-04
-9.438551551388346325e-03,3.061351479283500824e-03,-2.713012381145102347e-03
-9.809560855664490805e-03,4.345077263358371167e-04,3.590622780710011740e-03
6.406866938542674561e-04,5.137059260470497844e-03,-9.276740920417938380e-03
-4.630905481418082746e-03,3.883530949689138582e-03,8.940848414614666756e-03
-7.180766049725659239e-03,4.947495055555693397e-03,-6.640221793598236576e-03
1.106921327949955160e-02,-1.039148263972894479e-03,-5.043455372304331101e-04
4.578192875920980738e-03,-5.242295603110700385e-03,8.899942183202199167e-03
8.768141698888039584e-03,-1.027631808672976443e-03,7.318763412416249420e-03
1.424426739270844098e-03,-1.091861351921502750e-02,3.763984155214713644e-03
-2.724945917669249502e-03,7.532327063032501213e-03,8.673288930972246694e-03
1.305688141076504589e-03,9.772377546109160124e-03,6.798575329588247597e-03
9.695592530950274471e-03,7.298271028338298994e-03,-5.067225355647711656e-04
1.934417892296108436e-03,-1.101597445506814071e-02,-5.157309776710659877e-03
-9.256735748270560407e-03,-1.814316807443556447e-06,8.380611866868337145e-03
-8.304555578598167564e-03,9.533161259263770240e-03,-6.089007828213986338e-04
-4.287895550513991065e-03,1.195481002576487088e-02,1.809931092806030305e-03
-7.445397559765015889e-03,5.558521598689488254e-04,1.064260145850336702e-02
-1.218169637087567272e-02,-4.432953410986318656e-03,2.336428419583402513e-03
5.543038395355914588e-04,7.243588029297535341e-03,1.119333076127975064e-02
7.431842446390399606e-03,-1.093306928533275581e-02,2.817013107208998779e-03
-1.318383586086757479e-02,3.653119666680411642e-03,-4.926131444208782864e-04
4.606044100541671453e-03,5.364711173227934039e-03,-1.192381048381391424e-02
7.801120902917724025e-03,-1.132312653634669208e-02,-2.818594028327336357e-03
-2.115821819587789497e-03,-2.869804470230885585e-03,1.375558299580849179e-02
1.281690580231367987e-03,-1.394540457061012491e-02,-3.285853877032173485e-03
4.922636378968944966e-03,-1.129931272005684720e-03,-1.365513628070412662e-02
1.009912265486248573e-02,-9.325967368159718968e-03,-5.304450190475466613e-03
9.266865902441792299e-03,1.132610615750157153e-02,2.855343790206269113e-03
1.409133475084943868e-02,-5.086822901751097796e-03,1.774000098449601305e-03
-6.562588106906110975e-03,-1.270861400862552740e-02,-5.326132222677705183e-03
-8.630286088799583172e-03,1.272750682953148992e-02,-1.380075656974043014e-03
-1.172619495200118329e-02,1.006734196796282149e-02,2.242666280581556617e-03
2.020683367661167251e-03,-2.541991181440054343e-03,-1.545723369906040409e-02
-6.787724485280158260e-03,-1.101149219371401651e-02,9.370677876549781543e-03
-5.972476889653597319e-03,-9.341625382163092073e-03,1.174492788191279849e-02
-3.143173987831328862e-03,-1.076077399956259714e-02,-1.187560298507629904e-02
5.557047373631652382e-03,-1.513347393992675420e-02,3.564497841264181385e-03
1.436116374283359295e-02,-1.591666484949041038e-03,8.355731986145958218e-03
6.440095336364596613e-03,1.508588668117190681e-02,-3.950243167477430345e-03
-1.044597519681963668e-03,2.239891909974563080e-03,-1.687325048840888561e-02
6.391201574994150383e-03,1.165512130505091254e-02,-1.097092286469244192e-02
-6.671533128566161513e-03,1.414300597549298169e-02,-7.670515010176619242e-03
-3.996300721647512086e-03,-6.353511479948733588e-03,-1.591977138441350720e-02
1.528344004372928985e-02,5.841745645372251917e-03,6.968456549201169394e-03
8.996093881517012308e-03,9.049904753734266949e-03,-1.264981985630836761e-02
-7.515494697795234089e-03,-1.444636471053130887e-02,-8.020966233460687447e-03
3.115557272379309781e-03,-9.321733442313809292e-03,1.548131563437906040e-02
-5.228745464995327753e-03,1.536651387854203257e-02,8.924648906916564720e-03
1.140523911028158352e-03,-9.989811975629384055e-03,-1.577842743613160417e-02
1.253105924815206551e-02,-1.146681949904878456e-02,-8.280646513296760144e-03
1.219369513194811828e-02,-2.119983110127677574e-03,-1.452670036917488861e-02
1.761467732820663767e-02,-7.601167011738222193e-03,-1.834493667563375646e-03
1.604501168349878673e-02,-1.101204081153983605e-02,1.456128404643520190e-04
-8.903684815847011727e-03,1.773616244333806654e-03,1.742731185600402896e-02
-2.348292417559009592e-03,-6.978188684645386143e-03,-1.842343368776830012e-02
2.197248239539090989e-03,1.029287208718093413e-02,1.704284096660932390e-02
6.494060437075503678e-03,1.914059160169058471e-02,6.241116864588495093e-04
-2.017668605389595290e-02,-3.099752737529905093e-03,1.070026075301983389e-04
5.832239570821640302e-03,-6.942384405341622475e-03,-1.850407438116332889e-02
2.581840989450417175e-03,4.822928439678964008e-03,2.006690683916123250e-02
-2.009277384292928320e-02,2.131846378597445670e-03,-5.695580740932858037e-03
-1.371391301905919291e-02,1.305729052723432482e-02,9.504697171597754554e-03
1.520021035694952422e-02,-1.502408544329144821e-02,6.613546049033633585e-04
-1.195259664345356019e-03,1.142060680842742378e-02,-1.826899878240953110e-02
-1.598255305838494275e-02,8.548070863660122212e-03,1.206722418773207954e-02
-5.735917278491571699e-04,-3.451635415142342150e-03,2.169119061689090550e-02
-1.137797205667917012e-02,-1.504777043554027423e-02,-1.164414025265050542e-02
2.079596790649186275e-03,1.707477237717994895e-02,1.429843331312066930e-02
-1.148450114775493268e-02,4.233054127641907444e-03,1.895925801770417460e-02
-1.094022467933890817e-02,-7.645756003876573621e-03,1.844394863587522221e-02
-5.731910510120580109e-03,1.922603360209209841e-02,1.118041930490727177e-02
1.235411838659752556e-02,1.723320547486814625e-02,9.336715531458100389e-03
-1.404020210963476296e-02,-2.805047408104298801e-03,-1.847121161096198366e-02
-1.440373874291159435e-02,-1.819872923809491908e-02,-4.127309672728991449e-03
7.405130748979935583e-03,1.754655986281903821e-02,1.423411239375287941e-02
8.762853971813167400e-03,1.371782136789528352e-02,1.760996315748960400e-02
-5.868540999793348152e-03,2.242327394375199026e-02,-6.906688228355551719e-03
1.715238154478561372e-02,1.610743903525688192e-02,6.424946230977797608e-03
-6.266211402294085027e-03,2.333305329633023062e-02,-4.620236571622022941e-03
-1.073145814389464547e-02,1.657324241753530556e-03,-2.230167110171669270e-02
1.519547145950148406e-02,-1.687324568704608521e-02,1.048915562083090232e-02
6.364007283552510982e-03,2.439893568170504665e-02,-5.504869219081627530e-04
9.455880731443126394e-03,6.702769558489378790e-03,2.263575592603990147e-02
-1.762916048304348504e-02,1.836580756674417378e-02,3.059717509912540569e-03
6.723924734124054779e-04,-2.555387953868455339e-02,3.855059420629124503e-03
1.859038103585639035e-02,3.578534136488702687e-03,-1.791363182367479434e-02
1.338522655506251165e-02,-1.780210457534349422e-02,1.394095297611608851e-02
-1.495034898330440364e-02,1.979752033737117514e-02,9.286005626828264595e-03
-7.261247575483359071e-03,-2.548643017829296809e-02,-3.284752210150398543e-03
-6.156996737964329919e-03,-1.646057742953120975e-02,-2.038965006385501724e-02
2.706579565596635428e-02,-1.476127171244344155e-04,-1.917732849040597494e-03
2.027324816940129226e-02,1.831577724814642885e-02,1.257644889785672262e-03
3.077683996985798934e-03,-2.427142156574771392e-02,-1.270495400142003344e-02
1.594396641465691336e-02,-1.996943581913745991e-02,-1.091226446609384892e-02
2.019398163937271076e-02,1.834083369535661340e-02,6.332486020677538692e-03
4.533935377655217569e-05,1.499000320380964972e-02,2.391529912796985444e-02
2.831758494341530402e-02,-2.542440720136463026e-03,-8.936959486020369962e-04
1.063498776599281631e-02,-6.570407360280741335e-03,-2.579777543534542833e-02
1.107216652762950046e-02,2.668269614010119334e-02,-1.907995324906894957e-04
-5.223972717702599945e-03,-1.495588535161157702e-02,-2.442483726451484191e-02
-2.787615117221564978e-02,-4.191942732336068241e-03,-8.123068818918648820e-03
-4.904677400163199967e-03,2.153394805584866664e-02,1.964984220061780085e-02
-1.051044152347490462e-02,-1.747157133712195359e-02,-2.171536945713669481e-02
-9.700693470917535685e-03,2.303396096319634823e-02,-1.661834014692714287e-02
-6.744735814269952646e-03,9.486984506687823381e-04,2.946445014599535089e-02
2.467130290713540064e-02,-1.774533718066916704e-02,2.200361096626328970e-03
1.932151764427152141e-02,7.456192830906151550e-03,2.266100309985717015e-02
1.303747032517354500e-02,-1.623191095425819547e-02,2.287294730396887549e-02
7.910558208981077061e-03,-2.410483051202643931e-02,-1.809280579193663779e-02
-2.193803665167832345e-02,1.508837658621629829e-02,1.662959039793543425e-02
-2.978629687819384086e-02,3.610252656718883259e-03,9.994885453811230142e-03
2.249291859598351664e-02,-2.223306739027565426e-02,3.841383563418446310e-03
2.255181260848902053e-02,2.269401234857050531e-02,-2.530664106908388136e-03
2.896316840030810011e-02,1.273917744847175015e-02,-6.635843001048974052e-03
-1.870730248223959752e-02,9.458893251572236469e-03,-2.492194021416951899e-02
1.170288840877536062e-02,-7.884491893034306642e-03,-2.961313559978804438e-02
1.555921963070036433e-02,-2.621371539108605792e-02,-1.274796752696027817e-02
5.778100029295020826e-03,3.272907729953596773e-02,1.747692948361930995e-03
-5.640053144416843842e-03,-2.569152527681777681e-02,-2.078030654168615265e-02
2.935964555061566436e-02,-1.664882622694092290e-02,-8.635289049779152140e-04
-7.118789483974235187e-03,-6.443946855018727569e-03,3.262100079242832157e-02
2.207553719545859300e-02,1.856782313911891150e-02,-1.846170129770638088e-02
2.322406726399057347e-02,1.013670052934708375e-02,-2.340083654995530477e-02
6.877309223734775351e-03,6.441671856428432021e-03,-3.343478069189444873e-02
-4.695739232616649023e-03,3.459767500584074590e-02,-2.187303859127667695e-03
2.918600053050467852e-02,-6.645327061648944114e-03,1.857947399663849655e-02
1.621126748211522417e-02,1.278717462786654706e-02,-2.885136526874362492e-02
-2.606724144228914075e-02,8.841484605267990390e-03,-2.277669080017589998e-02
2.146052240273087219e-02,-1.501737277759623412e-03,-2.883694252417096787e-02
-1.270644320507733141e-02,2.869833222483147289e-02,1.809574421421953835e-02
3.688039391619158704e-03,-1.257090618157412007e-02,3.404701823668573185e-02
-8.826997206073114791e-03,1.671528279886044105e-02,3.149664016010319395e-02
2.205794068023217078e-02,2.882663427407209863e-02,7.110320027162756254e-03
-2.303080508224767189e-02,1.091531770370424842e-02,-2.715615178638335417e-02
-1.513524690272029238e-03,-1.648262005325277016e-02,3.364807235299057536e-02
-2.249987979649378800e-02,-5.649842886327356532e-03,2.978834679864633336e-02
1.137003279394054045e-02,2.911171398987147038e-02,-2.164031077202504746e-02
6.863037879628445821e-04,-1.906267244917214318e-02,3.318118146974872312e-02
3.314736769310348830e-02,-2.906596741023163152e-05,1.964912826612945709e-02
3.626296658167581927e-02,-2.799451652623676564e-03,1.349830633005746731e-02
-3.557390073642375389e-02,1.424711027259841813e-02,-7.549001387709585419e-03
-1.207620795078472378e-02,-3.716774749165559916e-02,-4.340623219327733109e-03
3.202495560198808430e-03,-2.150078732671667492e-02,3.308244302799551867e-02
1.059675336427699094e-02,2.867033551410675188e-02,2.556960314644195209e-02
-3.997376638393878440e-02,1.018180002010606782e-03,-3.235563612415686199e-03
3.182077871958762655e-02,-2.475604055072591972e-02,-2.353174169007246543e-03
-1.914784929668334607e-02,9.839598224030828358e-03,-3.448606066673825382e-02
-3.743506307711575581e-02,-1.279423798217655707e-02,1.047325673765104811e-02
3.758310699711721672e-03,-1.390221033248336888e-02,3.859565924092245998e-02
-3.686265684590553371e-02,8.700885020851701062e-05,-1.899085173902599968e-02
4.108812073144710308e-02,-4.089828167034310208e-03,-6.106566238907093665e-03
1.097806519270568514e-02,-2.673492841210742613e-02,3.049515185638008302e-02
-1.091491274118331842e-02,2.298988017549877250e-02,-3.377546650697053898e-02
-4.238929824016715586e-02,3.085546030655125348e-03,2.355838015588142612e-03
-1.729834530404739112e-02,3.304190732343424003e-02,-2.108658143045420361e-02
4.112953697658193464e-02,-1.171483373233703738e-02,5.544516645162355165e-03
3.695522093241069509e-03,-1.630750779445395635e-02,4.005314414113421428e-02
2.887413958085248075e-02,3.278056360118066642e-02,2.239400562111859615e-04
-6.440506544853301721e-03,3.737212308827226465e-02,2.224681272727917561e-02
2.908379757675822602e-02,3.050116178996062702e-02,-1.348685242774503440e-02
5.931688342661536363e-03,-2.259698563473964278e-02,-3.791498489997694593e-02
-3.847935503912975480e-02,2.145635287028732976e-02,-8.237554684326532303e-03
-3.302594427218815548e-02,7.244951187997516334e-03,-2.985797527476565655e-02
1.754488883457739137e-02,6.986944890507911475e-03,4.128123455970956340e-02
2.585323326554620979e-02,-1.538133764522283883e-02,-3.438255423069263433e-02
-3.763670201362291634e-02,-1.650576695981160677e-02,2.061080075146758117e-02
-2.014120441370763695e-02,-3.892069132317918512e-02,-1.483879138101593977e-02
2.730117878460706221e-02,9.359673354094971004e-03,-3.653647269091892663e-02
-2.718489136182687324e-02,3.081142206065633563e-02,-2.251640004804386641e-02
4.187439627626993871e-02,-1.942759346578360607e-02,-9.603133872176225147e-03
-6.574669439272787415e-03,2.280756394207873695e-04,-4.698824345312889450e-02
4.365248262480985603e-02,1.312030535422078516e-02,1.420709160654216527e-02
-3.766404995541906831e-02,8.709470273392227666e-03,-2.852600915016534344e-02
3.437263253271344993e-02,-2.015782527854021215e-04,-3.399403573575252024e-02
-3.736420984104033005e-02,3.040198049840708155e-02,6.781888746319871160e-03
-2.456149474754035049e-03,4.588573355589876945e-02,1.686342985494083263e-02
3.793497207769272461e-02,1.576565874503902190e-02,2.716886675810411406e-02
4.040421711646949299e-02,-5.957546303157503637e-03,-2.807025454654437507e-02
-1.444390787239580205e-02,-3.342365855222437232e-02,3.406823461519017937e-02
-3.322196594270278303e-02,2.553275607193031607e-02,-2.759686343930348174e-02
2.935992856781823729e-02,2.482544473141871585e-02,-3.271106260511175839e-02
6.596325725524871189e-03,3.964694241464426089e-02,-3.105424390379045441e-02
4.064890442161930850e-02,2.310206053631069095e-02,2.062715618561494074e-02
4.718668907151913998e-03,3.194084227247705882e-02,4.001403838164979687e-02
3.502945861027036839e-02,-8.425746723051633774e-04,3.805591530587799920e-02
4.355364964064700750e-02,2.839379638234856840e-02,2.377071449020765580e-03
-1.361446886006468376e-02,2.369721616309483983e-02,-4.466493752148101987e-02
8.128857211762019128e-03,4.971959497421272328e-02,-1.540071597857685728e-02
-5.198147953780418717e-02,-2.804888749061017813e-03,-9.956415055504187761e-03
2.270133710948403147e-02,-4.337931008240848013e-02,2.112052005127690313e-02
-1.332771762298432666e-03,-4.648468532559701244e-02,2.674058475583257835e-02
-1.686699184628949813e-02,-4.461438411384776453e-02,2.524965160977782341e-02
4.912562858753671824e-02,-1.062235826661692140e-03,2.309126614454683896e-02
2.618559977136630454e-02,6.508139128168150163e-03,-4.748851502400273927e-02
3.127781182236584467e-02,4.005207776569467970e-02,2.089572426123394860e-02
-8.037597839656379639e-03,-5.441910234426889509e-02,5.415487131029582228e-03
-1.497958426375068340e-02,2.613462019684642534e-02,-4.673970453902995259e-02
4.446931164872007514e-02,-2.822545341084245485e-02,-1.883668302400474254e-02
1.914148447846907714e-02,-5.214615558348419805e-02,-8.988067570799165504e-03
5.295064222443301993e-03,4.154126655442103022e-02,-3.808484829451808801e-02
-3.466766637798918138e-02,-3.664201516313385365e-02,-2.641659145698335015e-02
4.759637429198590453e-02,2.684462155718951581e-02,1.717002459784162938e-02
3.729769373005016597e-02,4.023316179227066219e-02,-1.760572074543003199e-02
-4.172783681249752491e-02,-3.684319070254300083e-02,1.613927948226820050e-02
-1.252993504477170096e-04,5.816943426909366305e-02,3.889908577746033387e-03
4.274612194274744065e-02,4.140671589590484356e-03,-3.993214925768009960e-02
-4.939131908969781465e-02,2.994886261272826020e-02,1.196009116080390920e-02
1.726557037994214810e-02,4.151289416675449373e-02,3.871688706640641353e-02
-1.275409435611106826e-02,-4.850593368519692111e-02,3.234617733857289568e-02
1.763125399941456450e-02,-2.108902257226562965e-02,5.336596842442326710e-02
-3.421431716145487134e-02,4.726467395164361818e-02,-1.552910776558899184e-02
3.654250677778182049e-02,4.139880070898180331e-02,2.528079596187512296e-02
2.098459097407422407e-03,6.017215450835946416e-02,-1.030936273529060865e-02
-3.533247004001150576e-02,2.634507135660160704e-02,-4.280655784475980580e-02
-5.354636206270350267e-04,-6.139145889231353848e-02,7.039818484199658437e-03
-5.116448489636872543e-02,-1.354814289915921149e-02,-3.258450745567747359e-02
3.081348101245245594e-02,5.103420064414081192e-02,1.881331755279877851e-02
-1.843306540299123608e-02,4.252593036864189824e-02,-4.248424983640016611e-02
-1.972727033822379086e-02,5.269163417798460036e-02,2.886635359185811198e-02
3.847344546547099009e-02,-3.439484216189479804e-02,-3.717232015509906035e-02
-2.051810171215241382e-02,1.032828972830715161e-02,5.969874649212887630e-02
5.643938804430068817e-02,2.502711580262559354e-02,-1.808105643773488466e-02
3.150162429701745728e-04,3.794710904115255329e-02,5.240374301413525115e-02
-5.385623844080859868e-02,-2.913924635659831223e-03,-3.640428830971931262e-02
-1.592520012987654401e-02,-5.892202914383581902e-02,-2.360808005087243477e-02
5.763675682786444099e-02,3.157719319110600248e-02,-3.553628549665631235e-03
1.507314848492854152e-02,5.326472584727248022e-02,3.628889292285313040e-02
-5.106221047331682000e-02,-2.648182471885154876e-02,3.350434839469040166e-02
2.866486563580329314e-02,2.227290787931943128e-02,5.624837969765968809e-02
6.348498301489519276e-03,3.782852871602940953e-02,-5.532898338511522962e-02
3.468598233659168223e-02,1.316781589450687073e-02,-5.663527483934823609e-02
4.586606560869682658e-02,4.787827414232803669e-02,-1.549237739648112386e-02
-6.449822339519158121e-02,1.608947708756753789e-02,-1.642063659244813109e-02
-6.090543229721578911e-02,9.633940925000326894e-03,3.064726632562899539e-02
5.492927736375195075e-02,-4.044712649340748145e-02,-1.191126307943371661e-02
2.386955009120904359e-02,-2.334643303774809608e-02,-6.110913009072611868e-02
3.043391395205870265e-02,-1.726579227347056419e-02,-6.065808915680929309e-02
-5.187919800409242221e-02,-1.410386993031273115e-02,-4.548076892521418085e-02
2.632283520954219538e-02,-1.637514762577488639e-02,6.366720937701247918e-02
-2.663692979952793707e-02,-4.364634225493619485e-02,4.956057117086581226e-02
5.562194214077489929e-02,-3.037983535496433657e-02,3.332907416097560110e-02
-1.053172890335181064e-02,-3.962100160294509954e-03,7.112164203960344433e-02
-5.797405458932345518e-02,-2.665371582901429962e-02,3.422568416353475446e-02
6.173627157455002269e-03,-8.743413139081574609e-03,-7.201890576404625099e-02
6.133337779265057854e-02,-2.795279402140831218e-02,-2.858655136726322155e-02
2.958278382488401664e-02,-5.148690258308425555e-02,-4.351918414837867982e-02
7.344290829993456449e-02,-2.351261187237775954e-03,8.988113079882217860e-03
-6.667243014341184271e-02,-3.008408300293277313e-02,1.380994170100689929e-02
-3.148622919283323995e-02,-6.721002300904661830e-02,-9.685530179537198830e-03
1.223366686364078457e-02,6.246309466789311260e-02,4.016316152031735448e-02
4.731576083359934071e-02,2.709398374387933517e-02,-5.247973785135936348e-02
3.081413207802974688e-02,-4.565687695320532619e-02,-5.249901785596525206e-02
-5.811737838129284184e-02,6.009741502156649463e-03,-4.939938425129388605e-02
6.955601325072226226e-02,2.308197273061181332e-02,2.340279203550861553e-02
-3.080660530890396570e-02,-7.091409319917954535e-02,-2.396258697247763934e-03
-6.716161094747068704e-03,1.916520854296455828e-02,7.507936455444021162e-02
3.588894284075506980e-02,6.385152151991669162e-07,6.948145767316747656e-02
1.529816202479872267e-02,-6.034182719973514748e-03,7.689120110198777169e-02
6.284641531372378576e-02,4.795467113516345414e-02,-1.022142052830489522e-03
5.019876828617202830e-02,-5.863444097181851750e-02,1.899412723754331789e-02
1.137779226102155275e-02,1.103811329472836888e-02,7.833508112630861719e-02
-7.665914103623830411e-02,7.407472416126190812e-03,-2.293127063022021989e-02
-7.450169909212943364e-02,-3.104232865773685901e-02,3.680179226861536503e-03
-4.699501874790585482e-02,-5.702089057060198002e-02,-3.374577679855674667e-02
-6.546819868612177573e-02,-3.784112991591580266e-02,-3.086036670736038226e-02
-1.341942051072411365e-02,-3.779124989079523517e-02,-7.165571490073990857e-02
-5.674331010218883198e-02,5.956763104110338047e-02,6.913693003217966093e-03
1.870273486741166891e-02,7.066732292978646079e-02,-3.931989900802630722e-02
3.467211148556275518e-02,-5.298572724120188121e-02,-5.435624523855431267e-02
8.127960263000941210e-02,-3.743788527159180955e-03,-2.047198036660608303e-02
-7.970267305372844002e-02,2.808411860095093911e-03,-2.747842384104163399e-02
4.324301771556800233e-02,1.755430137141420627e-02,7.081005915633113712e-02
-5.330161511949148972e-02,6.590376470293163313e-02,9.233556777264236015e-03
-6.484339622782321622e-02,-4.746124791276057353e-02,-2.984273570845363474e-02
6.773344385088912734e-02,5.283328513687562955e-02,6.899417988642458401e-03
-2.833589006098536506e-02,5.790987759082764919e-02,5.787931013940309649e-02
-1.212336789979581025e-02,-4.394277487097955626e-02,7.422283715306024487e-02
8.447973677089268274e-02,3.219910313505952842e-03,2.282622289540478522e-02
-3.164308328538244924e-02,-5.476519335741275585e-02,6.123527126300780388e-02
1.002604565580746294e-02,8.640107324093616870e-02,-1.635332506151353921e-02
-1.767498561552584280e-02,7.827136892030404566e-03,8.685075900589493691e-02
8.570930392786645091e-02,2.520586476391964079e-02,4.442085531702276088e-03
8.852856278778802046e-02,-3.680626742384447529e-03,-1.534728405711493528e-02
2.541574455950425249e-02,-8.314653394548317256e-02,-2.476176200757460380e-02
6.711344490909133820e-02,-2.630839865531273136e-02,-5.534427723275252287e-02
5.900190918226772691e-02,1.754833121619564854e-02,-6.751210105918843685e-02
8.800117972734063099e-02,2.020409972215264638e-02,-1.682849622315061439e-02
-2.713588474829039740e-02,1.807552742700352377e-02,8.638250819579831874e-02
-6.072658755950130494e-02,-4.761852389482503639e-02,5.157557289661580946e-02
3.301697339785213819e-02,-6.039203521499107025e-02,6.300072091084162051e-02
-2.583578304028973788e-02,-8.993551455194044586e-02,-6.521039642627825261e-03
-5.793935861559702805e-02,-7.324180595071318189e-02,1.303671234602484831e-02
1.658131312208333333e-02,9.209109377456534129e-02,1.514411930531056778e-02
9.044206672269200498e-02,-2.998828656293074310e-02,-8.070860370997114770e-04
3.905295826585321317e-02,-1.325687415430907862e-03,8.745508170892148103e-02
2.629153797447496624e-02,-6.667876922584782540e-02,6.429974558513536220e-02
-8.657934560693020254e-02,-4.174135147062801171e-02,-1.143833519738208203e-02
-8.568149749897742418e-02,-4.158339555640045565e-02,1.992456665772666599e-02
2.660344101959610796e-02,4.859635815227072303e-02,-8.060645897679243055e-02
8.677518705222483919e-02,2.925787474809106448e-02,-3.579111195522759192e-02
9.431656397432713890e-02,-2.653683582672394792e-02,-1.297327566987195417e-02
-7.356508047130014272e-02,-6.477389462778558593e-02,1.621023591251137541e-02
-6.874399542678927277e-02,7.196274731641812139e-02,-8.305070636113305593e-03
5.143727842148756307e-02,2.532840252310107967e-02,8.240209087354223583e-02
6.869617927685217618e-02,6.249159867875143243e-02,3.947313422511037478e-02
3.276854432642744164e-03,1.013549318433679264e-01,2.235709724978484584e-03
7.018562242432020704e-02,-2.123482702445554735e-03,7.392631278795240568e-02
9.372817182279805093e-02,1.753774274715125953e-02,-3.756562398345218018e-02
3.319961697864878131e-02,-5.654765878670512530e-02,-7.945426324759351233e-02
-7.679049027338608231e-03,-8.696121329986769566e-02,5.569344553677606918e-02
5.684864900855059189e-02,-8.369922534497038769e-02,-2.443037082731515722e-02
1.558691674749409367e-02,6.434940841748962304e-02,8.100999419961996129e-02
-1.083386575230708970e-02,-9.955300306340195138e-02,-3.211779124196739721e-02
8.391524449075864200e-02,-3.779896101959601823e-02,-5.199592641469196613e-02
-4.085477826502409426e-02,2.243691573040905440e-02,-9.548319520318215847e-02
-5.738662499702617409e-02,4.399745194689579086e-02,-7.859467278951638713e-02
7.355720450603314697e-03,6.528768594467436459e-02,-8.489517461865678238e-02
9.475703976400799700e-02,8.786815021219760227e-03,-5.085707718446896841e-02
-3.571980479774259504e-02,1.016373688353789245e-01,-1.250508823494885131e-02
-1.430412675913766453e-02,1.079430130435837798e-01,5.211095749213557303e-03
7.496424202530695136e-02,-6.407437072611567308e-02,-4.775414353865958805e-02
2.922412939368634888e-02,-3.394050100866333533e-03,1.061290106527359861e-01
-3.604545038071981650e-02,-1.042411614943849762e-01,-9.376568748372468218e-03
3.969857050736812915e-02,-2.193174128496880662e-02,1.015976756146875770e-01
-4.086727488631401728e-02,-3.793428192167491025e-02,9.693686825675756902e-02
-4.146563133965301684e-02,-1.044218020644515632e-01,-3.258558380424545105e-03
-8.588230151569092863e-02,-7.313851242457662660e-02,-6.176739689453469677e-03
1.635999665304843295e-02,-5.143077043226923495e-02,9.990415619241110878e-02
9.689954631638673932e-02,-2.566573946233020528e-02,-5.456224815697898606e-02
9.575979868512805859e-02,6.292883384479565356e-02,-5.313102093636880470e-03
8.867073250089556324e-02,-5.235807743929118963e-02,-5.185077876543707498e-02
5.991538428890282042e-02,-8.417848472230461676e-02,5.245878548306145972e-02
-8.057029889385150523e-02,-8.061654040719061498e-02,2.395602483233771202e-02
6.045841364864919243e-02,-8.810097100607784670e-02,4.780657915485266030e-02
-1.124087958208386390e-01,2.922704224833680073e-02,-1.875596484929412805e-02
7.407114448595485123e-02,-9.159073469841935711e-02,1.034052311159179387e-02
1.015664028176991029e-01,2.263698827447182572e-03,6.167141126170582605e-02
-3.280679022330643818e-02,-1.118523943723201408e-01,2.608075208242053439e-02
-2.787590992830677253e-02,-1.868856037606246362e-03,1.167538427528055367e-01
5.906481498264992691e-02,-5.701171912361698013e-02,8.842484746697451548e-02
-1.113065790570310770e-01,1.727292879800874231e-02,4.491907027332878166e-02
1.555684877578863805e-02,-7.018845370255509530e-02,9.841475758929388307e-02
4.278138679946104535e-03,-7.478787705860358639e-03,1.221872439533716742e-01
4.281270146804028176e-02,-5.352050899297752795e-02,-1.022645900486767179e-01
1.957125806830034911e-02,-1.720709510485642774e-02,1.209511366524349540e-01
2.915445341446777985e-02,1.192491020549638625e-01,-1.980582476490274496e-02
-8.056782054342108423e-02,7.531802088414507601e-02,5.877388799419722143e-02
6.324808795757322355e-02,7.511420976367813584e-02,7.831400645171528174e-02
-1.206371327941460764e-01,-3.077190074588048133e-04,3.715917528767267303e-02
7.259603921518014563e-03,1.061380218911182616e-01,6.911138613564508926e-02
-1.051638655912441461e-01,-2.143451739350145380e-02,-6.882681262501499919e-02
-8.588872858134438681e-02,-6.058029915384923608e-02,7.329604388389152070e-02
1.257298173671081987e-01,6.911363793925403513e-04,2.784531165311466064e-02
1.032418136616943261e-01,1.806978372008143444e-02,7.592523069402060121e-02
-6.303219396716594480e-02,8.993343318248929463e-02,6.969003993815033049e-02
-8.046828022189211893e-02,2.411243907192319510e-03,1.029861001967978529e-01
-5.791059868497733937e-02,1.177763366208674917e-01,5.751645842430748098e-03
-1.128478993576656070e-01,-6.370525745102451065e-02,-2.524787713523631710e-02
8.080858272339634663e-02,3.375004517544632609e-03,1.051814105748173633e-01
-7.688825163500340176e-02,-8.767846521567751461e-02,6.466012786361002851e-02
8.106921493597614436e-02,-8.905744134188675609e-02,5.877191478352475351e-02
-8.118498646674568442e-02,-1.050952249361370300e-01,2.237314260848399100e-02
5.802444797276731098e-02,-1.053790138278843241e-01,-6.201320412330925402e-02
6.911741914735003434e-02,1.111846980467275509e-01,-3.688194528074495437e-02
-5.270387115701172243e-02,-1.084584278950760372e-01,-6.436317436606983633e-02
8.906827766174137129e-02,9.874775829351357948e-02,3.442369229262448593e-02
-9.951930426834955379e-02,7.784942126650643002e-02,-5.560654995915109700e-02
6.690394597068098637e-02,-9.439401012268171243e-02,7.654755324162573760e-02
-8.795259605493729871e-02,1.023361374482283370e-01,-3.504977593745307179e-02
3.855752085084802189e-02,-1.346586690895994198e-01,-3.145888775961748745e-03
1.175614214588830142e-01,3.132803275357432665e-02,-7.086531633590628654e-02
1.203389731371952431e-01,-8.700627960058994817e-03,7.391311458276117463e-02
-8.186643621281280980e-02,5.485660609146523342e-02,-1.025039795113645014e-01
-6.637500206200808335e-03,-5.075066808918819034e-02,1.334116997713482855e-01
1.365396235796183591e-02,6.599132160763510058e-02,1.268025033223156295e-01
-3.640910201345838593e-02,-4.311766295085118356e-02,1.328121323816864041e-01
-8.818488786134351387e-02,2.933613913259804432e-02,-1.113201489107042280e-01
3.550183955517891704e-02,-1.408019656809177400e-01,-1.229738527378421847e-02
-6.762261217661350021e-02,-1.303590068308396743e-02,-1.292416534411793549e-01
1.186250442295224278e-01,3.140145132704114106e-02,-8.123728521287333637e-02
-4.590618215127666851e-02,7.193957148101036425e-02,-1.207808420582265063e-01
-2.659164892800490454e-02,-9.700224819795014164e-02,1.094045266827237961e-01
-2.918154181222158694e-02,-1.274616842138626138e-01,-7.214607610760664924e-02
-1.046375670453067452e-02,1.031009749902891959e-01,-1.085495252789735049e-01
4.895288490036191209e-02,1.402837085128343930e-01,2.583833707834757437e-02
2.193979564528241930e-02,-1.408386573928370189e-01,-5.147721808865016874e-02
5.447793266714411053e-02,-1.045855373218264189e-01,9.636455147679375000e-02
-2.644168573619241902e-02,1.485662597189228717e-01,2.546383913969530594e-02
1.370420403673305310e-01,-5.478977308820665720e-02,-4.320364536620373286e-02
1.036758163073489558e-02,1.541121553645982967e-01,4.749423990093273006e-03
-1.022827105850712959e-01,1.105537841487951312e-01,-3.782123293050786844e-02
3.513515227561634507e-02,-1.406675965592112110e-01,-5.769207031805085456e-02
1.277958740497006918e-01,7.032059619053109001e-02,-5.754575902013397970e-02
-6.138677406976994488e-02,-1.385441774316766295e-01,-4.319386803634796268e-02
3.710903266635714320e-02,1.160527415767941134e-01,1.011220794113149440e-01
-1.123475890013345274e-01,-2.677663346107516523e-02,1.094381698387893870e-01
4.733647245276762644e-02,-1.206282302365072889e-01,-9.365205311441690550e-02
-1.007328603623890012e-01,-1.102903477766264823e-01,-5.916717288469446751e-02
-9.024593532660987738e-02,-8.769301450776940954e-02,1.011381509273016621e-01
6.213896091260320137e-02,-1.740733846921955694e-02,1.488383612364538866e-01
-9.166536160892491125e-02,-1.275160335534323841e-01,-4.370790472738544929e-02
1.373515729403954055e-01,3.690616667094814840e-02,-8.126637690722243734e-02
8.872453867573606989e-02,1.298790017496840588e-01,-4.849744495025115620e-02
-5.342222941136819114e-02,1.521593730519076315e-01,-3.673474954134280102e-02
-1.693130859308887570e-02,-1.329758703524829000e-01,9.824593801323498743e-02
-1.329154910126686406e-01,5.406396249197149145e-02,-8.544106720686338308e-02
-1.247933113058074667e-01,-6.783461561237506821e-02,-8.936032464182655510e-02
-1.018959706273533522e-01,1.259311395148508816e-01,-4.681633507884431361e-02
-8.698357837683476368e-02,1.421483661972783308e-01,-3.060142225903886293e-02
1.309914971537780026e-01,1.070969172849146195e-01,1.892848340062193088e-02
1.593780838826047153e-01,-4.810049117080877901e-02,-3.940033178320544172e-02
-6.352759663886052566e-02,-1.470988758545249409e-01,6.226361968722957108e-02
1.685199482067516836e-03,3.492080291132210884e-02,1.691569045652915881e-01
-1.545809214214959038e-01,-6.648444574769621362e-02,-4.253586745699410032e-02
8.323196699190754666e-02,5.802972196524400911e-02,1.418476424420421489e-01
6.656393841385882526e-02,-1.493887651222526869e-01,-6.294189840826819315e-02
1.397126882158819354e-02,-9.536538128825486349e-02,1.473636900164462249e-01
1.008180855327924924e-01,-7.677027633990894662e-02,1.234784282386894999e-01
-1.515954779609413050e-01,2.478288716207413880e-02,8.950592584541371133e-02
-9.773984328243502662e-02,7.471109343566384453e-02,-1.295238628007543413e-01
-1.708273763600571815e-01,4.300094383838638790e-03,5.493740039187842289e-02
5.375113222660653223e-02,1.526724418360345115e-01,-7.956566223774730329e-02
-1.392567082041606952e-01,-1.560505702798050884e-02,-1.149164388314744545e-01
-7.464285865124553609e-02,-1.581139980579892301e-01,5.085256371226513916e-02
8.159920160909370224e-03,1.798402730954989925e-01,3.266785815801865472e-02
-4.087191698240072446e-02,1.690932025155443275e-01,5.945503084754214657e-02
-9.358050157150832327e-02,-7.313951821113801044e-02,1.414771621686668757e-01
-1.095070072036394421e-01,-1.182294508485677437e-01,-9.208702187231462832e-02
-5.186760730462242758e-02,-6.362090813417818624e-02,-1.674593814192373020e-01
1.040863283486940204e-02,-1.332054151532217345e-01,1.313849626841017137e-01
-8.667922880675839326e-02,-7.512345984097294760e-02,1.493109638524488247e-01
-8.259544999100938700e-02,-1.647134162450830663e-01,-4.286829455106056647e-02
1.092596844100626741e-01,-1.015408955350494691e-01,1.178333178859016783e-01
8.098542569346596498e-02,-1.534326572797999888e-01,-7.986574939895210723e-02
-1.230913501145546179e-01,1.146634215116093397e-01,9.235019782581083136e-02
1.802327566187658658e-01,-6.687668191570018961e-02,-1.495194463178444247e-02
1.399563254195681367e-02,1.913051774829155338e-01,2.723437274501437286e-02
1.427984682281616402e-01,-2.156954724681481306e-02,1.305266487912606910e-01
-7.703171135322145480e-02,-1.228084255035321870e-01,-1.313008574988533961e-01
-1.723654672986799363e-01,-7.207121775868159663e-02,6.096506689359351000e-02
1.080689859641765921e-01,1.597378784659875539e-01,4.235826502515228908e-02
-1.452076960120078086e-01,-1.322650016876529833e-01,-2.796113315689031584e-02
-9.806083368481817442e-02,-1.668111751213640914e-01,4.790016630482278603e-02
6.373901207485060949e-02,1.686729880833500728e-01,-8.718762070381522178e-02
-1.571980103848739652e-01,-9.169999870365026784e-02,-8.588860438565225353e-02
7.794110300965627347e-02,-1.658454421767989462e-01,-8.545721663033584159e-02
7.517421954622328928e-02,-7.932194140266272606e-03,1.885666567451522724e-01
-4.378095193469608293e-02,-8.652735359594974918e-02,-1.796113795981001959e-01
-1.988492728016102440e-01,-5.005036485000024377e-02,3.745269365554678830e-03
3.813818278323733574e-02,1.435972433322179054e-01,-1.427763996507667998e-01
-2.057146555339845195e-01,4.293172483410024297e-03,-2.293804684007106492e-02
-1.724701196952980187e-01,3.666947368549307307e-02,-1.103607027431764837e-01
1.695580318174413348e-01,-3.899627181666277809e-02,1.158020021538088140e-01
1.988246260592627102e-01,1.937831386592400729e-02,-6.471763384153697563e-02
1.428681348789746508e-01,-1.521656369930078634e-01,-3.078274192052090491e-02
1.389392527077938644e-01,2.545329330382190697e-02,-1.580607593264904687e-01
1.277944847467507861e-01,6.875385504874596820e-02,1.558923222793011376e-01
1.830613775805400578e-01,5.876595262923345331e-02,9.394487175775405319e-02
-4.089787368648806361e-04,2.076244027319529284e-01,-5.582095500880873695e-02
1.721980962778122126e-01,1.202143033305717312e-01,-5.057464602520250069e-02
5.171689993714171513e-02,-1.966961858749493863e-01,7.575492436474309810e-02
6.012533851935959739e-02,-1.693921585223612594e-02,-2.089167641567493128e-01
-3.692296064283828033e-02,-3.829055727322605573e-02,2.125279676661211148e-01
2.964563645577393113e-03,2.128843297143958591e-01,5.587976718816523025e-02
1.339477468469514043e-01,-3.236396972575904252e-02,1.729717210605496436e-01
1.612736218273068123e-01,1.499995918769077285e-01,-2.934769143468545297e-02
1.506204084131138043e-01,-1.032943266415379535e-01,-1.283744441833097605e-01
1.869533808179286993e-01,-2.563925910628393062e-02,1.212327234576100893e-01
-1.254309031738178037e-01,1.819662714753492172e-01,-4.400013609986436203e-02
-1.984403931535549115e-01,-1.087979113145783328e-01,-6.610109423485189921e-03
1.482505574142921612e-01,-1.119159611687132322e-01,1.312966223258571763e-01
-1.578196292584012062e-01,6.919144682201582019e-02,1.501167124776874029e-01
-8.202728059871529365e-02,-2.144367886196295869e-01,3.100613872332211567e-03
3.620733217692519157e-02,-1.615552626276235693e-01,-1.606433806152375299e-01
1.221356830711859548e-01,-1.940150898094997189e-01,-3.404426581897061765e-02
1.163469249959602769e-01,-8.988004759855618489e-03,-2.015086629806809304e-01
2.253086648313868956e-01,-1.542856560768700140e-02,-6.108023493741241566e-02
1.537526925968275837e-01,5.276246521123625216e-03,-1.777059267734632242e-01
-1.569717067980593850e-01,4.158149960424983860e-02,1.714553051217833080e-01
-9.146428504612282018e-02,-1.402112945679351574e-01,-1.681212362265651905e-01
-8.772678729997737679e-02,-1.876293178109450510e-01,-1.179714214521878496e-01
1.401966473902288290e-01,-1.530195742511778444e-02,1.935506461087570518e-01
2.223927471900762620e-01,5.275417404529798848e-02,-7.514962387891421791e-02
8.898168239471272722e-02,-2.247219537090412167e-01,-3.748829982079036980e-03
6.606916285717041870e-02,2.052202700333968233e-01,-1.117984489335954734e-01
-1.550133064510191561e-01,-1.179008488152049894e-01,1.469769395189763350e-01
1.301902679820177156e-02,-1.723642341630939601e-01,-1.738119023656441442e-01
2.048438122829838171e-01,-1.026610709143608718e-01,9.028723336098914976e-02
1.900284061579361403e-02,-2.441671916854378788e-01,3.522743451431076950e-02
-5.335492959405421787e-02,9.909164193846387025e-02,2.216450650476034234e-01
-1.907690198358652847e-02,-2.304601431007251566e-01,9.431078729847119924e-02
-1.503769221149421353e-01,-1.047715306968567961e-01,-1.713567364579833829e-01
1.940452769300685387e-01,1.427968821434844049e-01,7.414339541271745826e-02
-2.599311457637882780e-02,-5.425562727774503949e-03,2.518537548619840249e-01
-2.141471823323296830e-01,-3.326809663996124072e-02,1.332988354008583787e-01
-2.071435617841146382e-01,-4.559837416701643942e-02,-1.426571028595609025e-01
-1.562914594547180069e-01,-1.395893403990118020e-01,1.484462836279056286e-01
-1.071748881538494430e-01,-1.323771552124341500e-01,-1.937875225477775909e-01
1.648432942224724862e-01,6.495803975668319741e-02,1.891869732195681775e-01
8.182202467395402468e-02,-1.166639802347084892e-01,2.179578332028995757e-01
2.398081329651058913e-01,-5.132223389745790842e-02,-9.111001890940288728e-02
-5.297891340467307530e-02,-2.165034943159804826e-01,-1.392842386663156740e-01
-2.364607257725739042e-01,-1.158557900854665784e-01,1.969250904785796452e-02
1.468371228688876429e-01,2.045906735413821620e-01,8.339504270887923565e-02
-2.578224396837826560e-01,2.105718770731606834e-02,6.412810447934094715e-02
-8.387759004198253043e-02,1.353436661412209530e-01,-2.152574334390991995e-01
1.300744416857202435e-01,-2.348171046194967027e-01,1.724849131134482613e-02
1.090493139819772306e-01,2.381852158540180286e-01,6.636866619137149481e-02
-7.197268516225217849e-02,9.064960468470485699e-02,-2.455812985312868790e-01
1.167609683854660754e-02,-2.058748800139787588e-02,-2.717210861544487877e-01
-1.444441485901191979e-01,-2.225782551937530163e-01,6.839888940604403611e-02
-9.727692949683970636e-02,7.375182446158545790e-02,2.467361742582107331e-01
-2.354565009852702950e-01,-1.270352341150599307e-01,-7.004771267555973124e-02
-4.439960811933839346e-02,-6.505952793463709583e-02,2.664397875820886941e-01
2.192447337412143649e-01,2.720940571458793297e-02,1.705925447446872967e-01
-1.277912988188291965e-01,2.492440561086416428e-01,-1.340961561254022313e-02
1.196876544133122638e-01,1.557368150795597483e-01,2.019480876059819574e-01
-6.728410165786170849e-02,-2.507891258280155466e-01,1.125850930247127984e-01
-8.929274945339804592e-02,4.102151890405639212e-02,2.668032745745087531e-01
7.592799412209685558e-03,2.543409625739732616e-01,-1.297760661123470716e-01
1.922170670448540841e-01,2.094104692617924646e-01,3.929655673226582074e-02
2.702289469382024301e-01,-9.373965144184223663e-02,3.599840985526998188e-02
-7.974371594606030622e-02,-4.547657769970885749e-02,2.746792007690418425e-01
6.280185191417474166e-02,1.316754524348048572e-01,-2.517327571592651303e-01
1.429938061420062412e-01,-8.981752101688000867e-02,-2.385800569660290193e-01
-5.475846244171521382e-02,-9.037246062340645314e-02,2.739692966509035821e-01
-2.420223491502911661e-01,6.525322868864927295e-02,1.555284539703685742e-01
3.057917391549901803e-02,-2.461283881218100655e-01,1.622091768818944568e-01
-6.764120764139297526e-02,2.888943659662228103e-01,-2.453928585932965700e-02
-9.314548826792305725e-02,3.345525225002071029e-02,-2.822423820068467593e-01
-2.796728128814648384e-01,3.369302653782808854e-02,1.045463989767671104e-01
5.566741317177124893e-03,-2.653920031818369218e-01,-1.437062485882279750e-01
1.175577236224728817e-01,-1.158559655240298247e-01,-2.543889814954920503e-01
-2.284483079551979101e-01,1.248137742239032733e-01,-1.582320172436943451e-01
-8.903073548791058667e-02,-8.118524705777549477e-02,2.813233822177180765e-01
-3.028665560833756487e-01,-7.946130190241778093e-03,-5.227427560588283201e-02
-2.994201641048316320e-01,-2.781041201866568668e-02,-7.049313957415265230e-02
-2.762943952266796455e-01,-1.410877562968254062e-01,-5.460387858843130868e-03
1.362056204566020612e-01,-2.559981113992010338e-01,1.143417582890820933e-01
1.925574973441360194e-01,8.212994622706502185e-03,2.467995071722584866e-01
7.330943195998440576e-02,2.475307001488481484e-01,1.797579122772424431e-01
5.142262562464117864e-02,1.016500578683293549e-01,2.947752600803196232e-01
1.459127815832090003e-01,-1.181840627026479740e-01,-2.559891403954246414e-01
-2.963526697346998140e-01,1.015887321855628474e-02,-1.174202913582773761e-01
6.869285628509999575e-02,1.372976958089362487e-01,-2.812147232652363882e-01
-2.522470211731322326e-02,1.173169859156395767e-01,2.986558660817897337e-01
-3.107072648780014323e-01,1.429959725696511134e-02,8.833812932999428325e-02
4.996050346522466767e-02,1.358355084820094261e-01,2.907928571241696902e-01
-3.178924409347991253e-02,-2.837905383892594946e-01,-1.578907249726246853e-01
-1.415279679040498950e-01,-1.894201850809340004e-01,2.270349362079796263e-01
5.087313047440470554e-02,1.873615470162791063e-01,-2.659873256661420271e-01
-3.421071265485760293e-02,3.128978048824693770e-01,1.017925199505143596e-01
2.987130644501566068e-01,8.295362492333498150e-02,-1.197106739028944294e-01
5.253616621157402439e-02,2.447054429358890004e-01,2.209387047881393451e-01
2.154845681156782392e-02,2.146960000555349635e-01,-2.567456043382533859e-01
9.059192415962889766e-02,2.557486631382078768e-01,1.997351944576926663e-01
5.983802950327509612e-02,1.546972728667377062e-01,2.950206542936475440e-01
3.126873717248827567e-01,-1.148265337198500248e-02,1.330174729947946055e-01
-7.945438380962323299e-02,-2.355310459959111813e-01,2.342439758854805987e-01
-3.115417533137261885e-01,-1.415667328563601501e-01,-2.504723367917908311e-02
1.981124949653820799e-01,1.627115333973317424e-01,-2.303938703394031451e-01
2.824055057398217605e-01,1.067725747053476643e-01,1.695271612725965937e-01
2.039497829022940689e-01,-2.381289418287783066e-01,1.506295449883036652e-01
1.884295901876378299e-01,-2.889684420045667834e-01,-5.557806276343123936e-02
-1.390583006967497509e-02,-2.419115584120357376e-01,-2.539683015422795620e-01
3.389866518510897264e-01,6.246419205864969099e-02,-7.434896748214070428e-02
2.654326452489082500e-01,-1.697788186783073250e-01,-1.618616964759804211e-01
-2.983391296276792504e-02,-2.719160123541425333e-01,-2.275902738593128805e-01
3.356090113465911573e-01,-1.097241979122712124e-01,5.576986697321473924e-02
8.519309804584480894e-02,-1.392121308415105729e-01,-3.198638354971269360e-01
9.392023070748926894e-02,5.994214155973909969e-02,-3.430958151904393572e-01
-2.933960035484093343e-01,1.859246477113462581e-01,1.032867339360459685e-01
-1.514502749749818411e-01,-2.126518178192098041e-02,3.303438271277202576e-01
-3.057830177586351450e-01,2.003138568536231845e-01,9.864217451419219490e-03
-3.010427352475836815e-01,-4.840866821151682681e-02,2.048818810578459382e-01
-2.741862463591350219e-01,1.828063625312267571e-01,-1.660777310045090382e-01
-3.607347279196874701e-01,-8.420606360292097470e-02,-1.414848115775710000e-02
1.347753518017301422e-01,1.063899006801016789e-02,-3.469814824387705277e-01
1.598979055857336073e-01,-3.359768547406845052e-01,-3.860609618318390501e-02
-1.848643806833382974e-01,3.101261379167455368e-01,1.042155305847157626e-01
2.112735851000119847e-01,-3.124801927417585889e-01,1.485232859085363656e-02
1.337079919554577494e-02,3.784849794686761526e-01,-1.923064249477083459e-02
1.792741770081024977e-01,-5.307795140319436500e-02,3.318930461693370138e-01
2.600953502054152988e-01,-2.470993395233145873e-01,-1.331295255937788857e-01
-2.128822395491026392e-02,2.375183457985597935e-01,3.014902650533258788e-01
7.873006659039154254e-02,1.873593301918042575e-01,3.283410076261959465e-01
-1.996791889924296182e-01,1.978922254142390091e-01,-2.672710545961234918e-01
5.184760395172786918e-02,-3.390737490841128077e-01,1.848701233936118626e-01
-1.001733504969869182e-01,-3.725527680798522145e-01,-6.623629884624543385e-02
1.209814994179691933e-01,-3.133681736580548050e-01,-2.043893459698241377e-01
-1.838168905671834497e-01,2.699040685690781011e-02,-3.485685058943101544e-01
8.129167749690405231e-02,4.286799210542578675e-02,-3.859917129537586700e-01
1.558890378166221669e-01,3.054737559170843109e-01,-2.031035453356630494e-01
-2.651218837189189825e-01,-2.987040211258998323e-01,2.822588645937063739e-02
-2.039778127284126163e-01,3.160570424376096255e-01,-1.423655791170258533e-01
2.894064485906172046e-01,-2.804598890116145049e-01,2.868084032140888820e-02
-3.652147499322981883e-01,4.235091506481172136e-02,-1.718822916641829235e-01
1.698174996636729328e-01,-9.311079297350211004e-02,3.587575524873525268e-01
3.679913219256063517e-01,1.742271498440280952e-01,4.416764448365136791e-02
9.317319938163556858e-02,3.926858664681559530e-01,-7.976430625039576672e-02
2.935802487715359343e-01,1.998697688281367568e-01,2.112919117762135368e-01
-3.133648713678372499e-01,1.013309592431839851e-01,-2.527161344365141948e-01
-8.593481160064293800e-02,3.342452347196793183e-01,-2.340713662614083979e-01
-3.930181165222417783e-01,1.431308391048216611e-01,-2.283353857640508730e-02
-2.498188769698049538e-01,-2.085323721088670201e-01,2.667710122259127625e-01
-3.670824034980652018e-01,8.662098803198138575e-02,-1.908254438535635089e-01
2.907343485842461273e-01,3.082364903044355064e-01,2.738798546106260140e-02
3.190676590041764960e-01,-2.822657962979452373e-01,2.101784928842872699e-02
2.122677220531630007e-02,-3.650173413109511489e-01,-2.233377211193853795e-01
4.033654858684985189e-01,-1.067674074699953152e-01,-1.054876580286918802e-01
2.080007888622981971e-01,2.753618959645296460e-01,-2.604218291684943787e-01
-4.099731556899782747e-01,-1.430887000458862801e-01,-6.921634869939790637e-03
-2.390937281818871774e-01,-1.854892988781674246e-01,3.142219073485766900e-01
-5.331061029058118544e-03,-3.996777259400834947e-01,1.796082698210377249e-01
-3.429580588237718386e-01,-1.447537496509896382e-01,-2.349330545716402652e-01
-1.318505873292633301e-01,-9.851117041411919240e-02,4.104038887167237859e-01
1.261973392464022237e-01,4.033623827328678968e-01,1.366084725678167189e-01
2.024941083053841961e-01,9.188227735651958994e-02,-3.868161869079969062e-01
3.341174244543914096e-01,2.722423465471186521e-01,1.229737411389973528e-01
-3.953674124270160628e-01,-7.372291054696207546e-02,-2.023320682338653476e-01
6.618241284199805063e-02,2.130025723432634188e-01,-3.934087121378602725e-01
3.026821050608735075e-01,3.314007346936193588e-01,7.018419373368833813e-02
-3.774428317942052358e-01,2.026629774584220167e-01,-1.571553349636109764e-01
5.836419500453212533e-02,-1.134035178867481009e-01,4.402810160738077627e-01
-1.018635274710060351e-01,1.383011487508961079e-01,-4.272098953698408863e-01
3.840286366087607151e-02,1.561530668390978538e-01,4.336674643208150992e-01
1.665268059254921273e-01,-4.334835551513809282e-01,1.476938744065125174e-02
-1.054081346239293948e-01,4.527838287878796497e-01,4.100709982079935728e-02
7.679268682687548364e-02,7.799618972115689164e-02,4.558406535645165292e-01
-1.241044843907812417e-01,-4.528232985122901955e-01,3.610132601837293814e-02
-1.747874251939742218e-01,4.005851763811446031e-01,-1.809295749205915016e-01
2.998541933304064155e-01,3.642247831352767862e-01,5.657347133601869915e-02
-3.667007759738605821e-01,-2.755557280705651230e-02,3.042696192721857651e-01
4.534050947831920197e-01,-1.034299462179482376e-01,-1.165710420488442894e-01
-1.660261316546872701e-01,-1.693145014768334677e-01,4.191691581563072311e-01
2.128078815119054112e-01,2.042579875287061086e-01,-3.834276512676338400e-01
-1.156760976192777457e-01,3.853253749024654895e-01,2.725391140306733795e-01
3.613378905075301240e-01,-2.275816519823977702e-01,-2.364385952802519619e-01
-2.826699135830530729e-02,-3.699272147480285877e-01,-3.205664166548625738e-01
-2.013802949184634594e-01,4.354733087057578445e-01,1.112754620671031203e-01
-3.490217759427703403e-01,3.494297135780084496e-01,2.898808164300597373e-02
-3.372180238798688223e-01,3.632501141628045604e-01,3.598136940293241576e-02
3.864103507423163331e-01,-1.614428780065923774e-01,2.716756518125394981e-01
1.712757895174778222e-01,-1.059298241275634517e-01,-4.592065389673780640e-01
2.055469321035896801e-01,-4.511839659195402419e-01,8.873106092687456370e-02
-1.618816953420133126e-02,1.321284155945045280e-01,-4.881109024548249686e-01
2.288533481327899577e-01,4.390670418770834527e-01,-1.145476545529994922e-01
1.266074051016655676e-02,5.019328793504752584e-01,9.220063798646256636e-02
5.021831451307097183e-01,3.096157100649211610e-02,-9.896876057094465551e-02
5.034045152644329724e-01,1.535029047437440515e-02,1.079526012392765383e-01
-8.738537991420784745e-02,-1.100782613283467770e-01,4.979328140278636017e-01
-3.855940005600290606e-03,-1.565271128644736276e-01,-4.955612622612316498e-01
2.290303060671640134e-01,3.129130806221807615e-01,-3.495058964416225544e-01
2.632133397876084691e-01,4.491102087282096700e-01,-6.317670055510882232e-02
-4.663966784987914616e-01,1.389218900810934576e-01,2.015382580414928071e-01
-2.906197362567450315e-01,1.720499502334269237e-01,4.072761681784790033e-01
-4.796044550651994975e-01,-2.039410040964498294e-02,-2.280626839262409611e-01
-1.107929395137581818e-01,4.663232501005486474e-01,2.350589417499047429e-01
-2.886926874720627256e-01,4.337970984189369883e-01,-1.265714854853780547e-01
-5.198418183356271483e-01,-1.371700179325625879e-01,-3.276788840580904111e-02
4.722432501708065389e-01,-4.008751323061598287e-02,-2.609752007018232289e-01
-2.815477158511334177e-02,-2.825596138069336738e-01,-4.633820935339152403e-01
4.654844696387208103e-01,2.040265596681903673e-02,-2.844530262584182290e-01
-3.955465257502331911e-01,1.211121405909359461e-01,3.599357270854233182e-01
-1.344043598699975750e-01,5.339377385051211622e-01,-1.489293044056481073e-02
5.089764459759454907e-01,-1.747847733617399202e-01,-1.284125118234862306e-01
-6.568959262117850251e-02,1.001466505670453068e-02,-5.517478973113805196e-01
-3.554997860742092897e-01,-2.250371574654363993e-01,-3.668625979072984711e-01
-3.864139326711269473e-01,4.024650417352595988e-01,-5.576172115973588445e-02
-1.498574861610510456e-01,1.668316000563359325e-01,5.166536411344002655e-01
1.618962456465980471e-01,1.168338480367820953e-01,-5.293421763528318724e-01
1.242654943610086160e-01,4.801173616072164085e-01,2.774468852907475691e-01
-6.698511695369374630e-02,-5.580429573546861199e-01,-9.962611401696068458e-02
-4.589709521291067129e-01,-2.009309641748721342e-01,-2.787743586775673910e-01
3.628025430828707432e-01,5.172824123637234650e-02,-4.442807143304645656e-01
3.926844015669706534e-01,2.914822692252670017e-02,4.237997567163433454e-01
3.282583465361595398e-01,2.394545222031864151e-01,4.154047121086069105e-01
-2.665306294880318561e-01,9.162823131799349707e-02,-5.111177430522658716e-01
5.839193096132200278e-01,5.820854719516209072e-03,5.224168906637378929e-02
-2.228209158942497659e-01,5.252408971368295321e-01,1.458550548343371389e-01
5.388014396559444030e-01,-2.243520801827345035e-01,9.624503444523632711e-02
2.101901502828611157e-01,-5.554854366819732547e-01,-1.704089715909460484e-02
3.905731542639038767e-01,-2.224381514483032563e-01,-3.926400382739595463e-01
1.802482739624340913e-01,-5.644543416508432943e-01,9.099408751678388085e-02
-3.300630001668045099e-01,2.133330589644177877e-01,-4.562228306813396195e-01
5.438620543994749923e-01,-2.641966916552198064e-01,1.575062645386165333e-02
5.619163936359813372e-01,1.657645138518169248e-01,-1.608620037337297748e-01
1.056185827932239474e-01,-5.772797980631780845e-01,-1.673218402253576209e-01
-5.499976140959484949e-01,4.339103322477983610e-02,2.671180870758024795e-01
3.816558093684116471e-01,2.580877961408045707e-01,4.084353331030921574e-01
-5.877263778723524901e-01,-1.714971395134953502e-01,-8.742720809096121704e-02
2.342234325964650532e-01,-1.021664039868990376e-01,5.662115094225520506e-01
-3.199665468595809803e-01,-3.234679132891351561e-01,-4.270023603490675779e-01
2.807882145486366790e-02,1.290689192090506143e-01,6.126754757602113077e-01
2.503930078779742843e-02,-2.340580295712754721e-01,5.838803313815691398e-01
-3.798727533777095100e-02,1.524883882982150662e-01,-6.125107315347747550e-01
-3.246244230857730506e-01,4.286428168626312263e-01,3.381114305906322559e-01
5.986709633785168849e-01,-2.146305340726901989e-01,5.062705184307667028e-02
3.790459140285457051e-01,-2.469029279228311391e-01,4.539078669562736090e-01
3.429844786577445626e-01,4.173981449228235108e-01,-3.499635820192180113e-01
-6.013234558284290543e-01,1.576842743573512728e-01,-1.776989516994915141e-01
2.624310680713234922e-01,6.805028365923138089e-02,5.901354147101860459e-01
5.034083799357929045e-01,9.630232650315015408e-02,-4.035206623133789638e-01
-4.719784209404092601e-01,4.146225312562835663e-01,1.861262907002845524e-01
9.039443052925828781e-02,-4.265144027791465536e-02,-6.505051362644029833e-01
4.616615652169511752e-01,4.722904942850257859e-01,2.863430191190879590e-02
1.554481307953514690e-01,5.985705286901494837e-01,2.417750534795281292e-01
-2.117035808659656348e-01,6.127314441176981985e-01,1.567747423240356264e-01
-3.244293056216567273e-01,4.766849253428740441e-01,3.410553620004338482e-01
-6.640847605639826901e-01,-5.381292840317575960e-02,9.432490429911785657e-02
2.765716182115953714e-01,4.296452229612761076e-01,-4.424361895642064391e-01
-2.923864402864176371e-01,-5.821049496173664739e-01,1.912359017065732025e-01
6.523326693090530926e-01,3.675484264432572756e-03,-1.986504893356841606e-01
-5.726075342372852761e-01,3.732699616156107125e-01,4.411249828216384089e-02
5.162095417111900453e-01,-4.496885965232680360e-01,-6.813475609725651305e-02
-2.891484101521033523e-01,-5.822052594483416721e-01,2.344783610489465930e-01
1.130274261446876649e-01,5.790755999989892766e-01,-3.656481000712075158e-01
4.620390363086611107e-01,3.284205416495938890e-01,-4.058964278614926591e-01
2.065524862909758341e-01,3.587454464735333470e-01,5.648515041991417629e-01
-3.894040441699700983e-01,-2.857675854479616584e-01,-5.113572416158090883e-01
2.763675526949322947e-01,-4.601206165951289839e-01,-4.594546457630827030e-01
-2.876080314091045143e-01,-6.392645278413500165e-01,1.106952749048125684e-01
-3.694631538018861711e-02,-7.098418668837599421e-01,-5.358945618722869147e-02
1.758054792232956465e-01,-3.079648437556538054e-01,-6.219993033952232464e-01
5.314707574202726104e-01,-4.553488997222734369e-01,1.654981671166755874e-01
-4.684516064380646050e-01,8.437366445081319333e-02,5.433488875237635352e-01
-7.702422789757103205e-02,-5.605336057383376591e-01,4.542069558645667193e-01
2.071434498837699811e-01,-1.510150706408361077e-01,-6.822038939116986667e-01
1.248102339254665710e-01,7.030744390547254419e-01,1.610820565628882095e-01
3.777739366359644246e-01,-1.932307075540887487e-01,6.004593651161368451e-01
-1.475429010384477213e-01,2.967213973208473465e-01,-6.599969820566009560e-01
-6.453257944224253251e-01,3.414604270910909789e-01,-1.312092870911518439e-01
-1.137845074823654462e-01,3.712286983190677403e-01,6.359161253079989029e-01
-1.291188514905699802e-01,6.045290179017632770e-01,4.218451899436752028e-01
-6.252182943840060014e-01,-1.826240691415774997e-01,-3.752433589547775061e-01
5.374897675919718676e-01,-4.252031215513263906e-01,-3.168350022323898063e-01
5.089901468875293045e-01,1.762128506012747287e-01,-5.338724322468930694e-01
2.910161543960019803e-01,1.447901149364039519e-01,6.889092067769574390e-01
-1.616897824375957970e-01,6.232518769988398821e-02,-7.452355486492528991e-01
-5.533466866219464153e-01,-5.323567507302510160e-01,-3.172579572824400090e-02
1.446104977178296891e-01,-6.115279477245496587e-01,-4.482951077003557994e-01
-5.323496722984875085e-01,-4.405518163960417954e-01,3.516466614960905290e-01
8.570958230864230126e-04,-7.184068872006321715e-02,-7.754433151046207229e-01
4.924269393200569889e-01,5.862247679024289448e-01,-1.603554633262713192e-01
-5.682774229004902145e-01,4.223765711871316220e-01,-3.405101028309708844e-01
3.789769292824462510e-01,-5.114353822424241303e-01,4.664514478761564997e-01
-1.221276243504890342e-02,5.558537823172891162e-02,7.906035918539245921e-01
2.710140593280027099e-01,7.286003659314359560e-01,-1.719318437341734174e-01
7.072492992397052536e-01,-3.153594803658603674e-01,-1.995948564754427001e-01
-3.911726494829888545e-01,2.147836728868613987e-01,6.678443719892401820e-01
2.228125567032765986e-01,5.667384925919038974e-01,5.291963972860518339e-01
-6.461270865266853791e-01,8.793823554433055634e-02,-4.810885495183655491e-01
7.634527298029574194e-01,-2.447740042811432093e-01,-1.403869479411447019e-01
-2.260135453478753220e-01,5.049458482753611532e-01,6.019176134174437642e-01
-4.587046635476786649e-02,7.002542424088856743e-01,-4.264070574432634042e-01
1.310189603270464631e-01,-3.680247400638207433e-01,-7.263970400692373319e-01
-5.132147858360996961e-01,-3.318117182860733649e-01,-5.592875193791519983e-01
3.033309848544770149e-01,6.184502350001455095e-01,4.667799631400255111e-01
-2.765343862533454211e-01,7.793994138045562403e-01,-1.207287800344440387e-01
-5.778334648326486356e-01,3.271393425025906354e-01,-5.136034239620758113e-01
8.077767925066372534e-01,1.867279741573232843e-01,1.535371730513654942e-01
5.003431834841419734e-01,-5.217674613753575663e-01,4.412013811527842333e-01
-6.918432071754158086e-01,-1.906598408740681760e-01,4.567265152657764005e-01
-7.579192495631109638e-01,-2.745939578875714604e-01,2.831317518037985148e-01
2.870039030728814278e-01,4.887272224095469686e-01,6.443968686763248410e-01
-5.752374321344644326e-01,-5.429611139582660728e-01,3.424769361118076838e-01
-8.005322417196014673e-01,-3.045800873223709210e-02,-3.283220114765804665e-01
-1.891858099219367040e-01,5.485108741330565474e-01,-6.477319212047085717e-01
1.495660252089215103e-01,-7.004209861756547362e-01,-4.999478352069255394e-01
-3.636666609437023134e-01,-1.760788485298244235e-02,-7.981840842175481621e-01
-7.568161617068768221e-01,-3.754454420033807582e-01,2.504882726103498380e-01
3.233854967499119049e-01,-7.778122599751206012e-01,-2.716191384814830023e-01
5.396315876025487707e-02,7.264443898800448940e-01,5.095551261105597529e-01
-6.916548827697597268e-01,5.251951918074151404e-01,-2.075017434989168963e-01
6.180453162922985300e-01,-6.454983521522367207e-01,-7.536616048182492866e-02
1.014508082752093032e-01,1.692449436829486231e-01,-8.789246711824960645e-01
-1.620398859485287502e-01,2.754529767827212927e-01,-8.464586311612739555e-01
-7.889807186232177250e-01,2.158101371199731278e-01,3.959804351676568523e-01
-3.197446693838338350e-01,2.008149682612305198e-01,8.310275428210900373e-01
-2.292283151309670308e-01,-7.720100718414882879e-01,-4.381709979395122523e-01
2.842975612567240074e-01,-5.964334679658873650e-01,-6.414159374128410862e-01
2.332340921575572767e-01,-6.154984425303833273e-01,6.497956243560945033e-01
-3.616096153338103636e-01,-2.825834608741149556e-01,8.077251692962350571e-01
2.386459883178497499e-01,8.621560465218724989e-01,2.653302599926808392e-01
-6.304482788141942962e-01,1.737689870672552983e-01,-6.713429780220206977e-01
3.611455002159342786e-01,8.633599913045595375e-01,-1.015374893901231229e-01
-6.681703005729811018e-01,-2.406731976972391052e-01,6.241662556660494410e-01
-7.947330412097396157e-02,9.414319270489547309e-01,9.617345351326705982e-02
2.406059782116313217e-01,-7.284266792499310972e-01,5.668620806487030261e-01
-8.623675101955732281e-01,4.162610045374355860e-01,-3.029715450936384599e-02
6.382505049754451099e-01,6.599515453524064101e-01,-2.882343063023775631e-01
-4.926567307402501816e-01,-5.910498283486881332e-01,5.849008820602058512e-01
5.907780078966115012e-01,-5.592358809035302691e-01,5.297627295190157071e-01
-2.577867160584765838e-01,9.312686258267968142e-01,-1.304656259456411782e-01
1.333551404970832466e-01,-8.808821659734047405e-01,4.066901618792696516e-01
5.714138872425598148e-01,7.166843888674694352e-01,-3.570074329584823070e-01
-3.908583736356174843e-01,-8.999787617416631358e-01,-1.158337652897242082e-01
-1.957222493499534977e-01,-1.145579715954529038e-01,-9.660943734602972510e-01
4.727063900832390725e-02,7.619344846966725759e-01,6.408473486340663383e-01
2.076163048020951418e-01,5.610914128048201110e-01,-8.026872642724891538e-01
-7.025333615804940646e-01,-1.492038707961766408e-01,7.037525574267431416e-01
-1.164732006860348529e-01,9.382863451441886271e-01,-3.550497038816493589e-01
-8.530587361614304642e-01,4.406947128259902646e-01,3.272453699621846734e-01
5.320730476988536628e-01,5.213469469575362503e-01,6.951171905024805531e-01
-2.715641203409893123e-01,-9.850229855058464379e-01,-5.688597645990819268e-02
-1.539179948360645533e-01,-3.262904948880057665e-01,-9.624647006027489127e-01
6.115341426947825676e-01,8.284232701220873851e-01,7.454767054464034315e-02
4.609690918037471219e-01,7.530354884725398712e-02,-9.257736041022639473e-01
1.561032394628392422e-03,7.966538422793923990e-01,-6.708544655218208197e-01
-6.541940680142395159e-01,-1.738960245707333596e-01,7.975363874660454933e-01
-6.296198119793959824e-01,-8.409580852937248441e-01,1.716120169824862304e-02
-1.893442731884901198e-01,6.533231839369079141e-01,-8.068334073298676357e-01
5.998687366886082950e-01,3.418256382933446691e-01,8.042368211745147821e-01
2.817551407365739835e-01,7.044489885697181597e-01,-7.468314176032760932e-01
-8.467308945411232690e-01,6.529991290903669476e-01,4.936680057443632898e-03
-1.788935249153339110e-02,1.047085277729947972e+00,-2.382416672351491127e-01
-8.970513176642460618e-01,-4.092737694806129478e-01,-4.375270888760777743e-01
9.919371252901294511e-01,2.971021870174586632e-01,-3.188812522695028129e-01
1.677755286550490221e-01,-7.361206790766543495e-01,7.837217263680554824e-01
-3.191286176814828179e-01,-2.003728220087129530e-01,-1.026005792253563254e+00
5.987343654808683358e-01,-7.706225623888244280e-01,-5.028594634585610290e-01
-4.073314594530111354e-01,-9.225849616582576518e-01,-4.458127946828376875e-01
-6.434434991329198716e-01,8.937382095215278266e-01,1.172927696919957019e-01
-6.555966080041294997e-02,3.624524360360393826e-01,1.049610882323003924e+00
6.575968238204050742e-01,-8.928188693611078808e-01,-1.367327597991108701e-01
7.837715833728983728e-02,9.920098222307589531e-01,-5.186770074038780098e-01
-2.764570075124762605e-01,9.449135425329605598e-01,5.486853484846828666e-01
9.466910425860830536e-01,-4.886352731873747079e-01,3.828153602997334537e-01
2.177339687060503015e-01,1.110987133109869518e+00,1.054678262329450528e-01
2.794928531528892424e-01,7.746693839891948263e-01,-7.911899967136326595e-01
4.367357579426010550e-01,3.845236673948314032e-01,9.884836595442069163e-01
-1.134888492467538201e+00,-1.216314120954354733e-01,-1.565781621974739746e-01
-1.941667201976089996e-01,-9.650534072874488167e-01,6.082281466606872522e-01
-8.123834571788344228e-01,-7.189717058676565742e-01,4.169803175816622631e-01
-8.025622283020800163e-01,4.263471495290426794e-01,-7.326487567603455764e-01
8.932458963709485333e-01,5.894330021152419663e-01,-4.788830747877503291e-01
7.824079281569119582e-01,-7.082381224410690956e-01,5.224807118296763697e-01
-9.592496255917859482e-02,3.338539221068255736e-01,-1.130617576715466033e+00
-1.993228883677758689e-01,5.870381236706119499e-02,-1.169655333938030450e+00
1.192288002825411253e+00,3.083132448183551616e-02,-3.447888895769652545e-02
6.040425318713444902e-01,-1.035055119636273169e+00,3.561065516283433083e-03
5.492342070896196748e-01,-1.055445539152226164e+00,-1.823023375061649520e-01
9.628790154624925490e-01,-7.081815650891916114e-01,1.815194493162604061e-01
5.999549456985648899e-01,-9.129265088511433479e-01,5.301752162841001370e-01
-1.130719444746336677e+00,3.753416350078568886e-01,2.608275527640515068e-01
7.801243333221463683e-02,-1.112154158675197291e+00,5.074953527413589294e-01
4.981141950989042000e-01,1.123311981054320174e+00,6.145336313319391813e-02
1.555748629686287687e-01,-1.038842152201626901e+00,-6.508782075152758084e-01
8.975313060560471401e-01,8.391465457273201700e-01,1.753303819779142847e-01
8.020677790741561619e-01,-1.571943135672858316e-01,-9.412734252667134260e-01
1.001041472998305260e+00,7.065818277148584459e-01,-2.575714880995687017e-01
5.638164567327204058e-01,-8.218457184410369321e-01,-7.669102924691763024e-01
-7.076162109932959687e-01,3.004130750392320359e-01,-1.002201649180301191e+00
-2.434909581147299829e-01,8.127139390003343955e-01,9.431927099216991239e-01
3.468026371643389005e-01,-1.223514168367084487e+00,-7.934165256726266602e-02
3.452547970386102838e-01,1.183340200373376311e-01,-1.226630967012416473e+00
2.827565115498290593e-01,-1.076036112744338746e+00,-6.437547399857805885e-01
-1.270541459034629783e+00,-8.951107526373960899e-02,2.108570190087916407e-01
9.417434266805324583e-01,7.400126725609363909e-01,4.968894880330936292e-01
-8.232496475432109218e-02,-5.558491382914081402e-01,1.174917368096290105e+00
-6.166249442602869113e-01,1.091867186852278460e+00,-3.724016731538690173e-01
-2.619691033692952975e-01,-4.282763441111004932e-01,1.214113532362418812e+00
9.084838759340496672e-01,7.770554012380317399e-01,-5.586859976529885419e-01
-2.093988811693807683e-01,2.459016968781806978e-01,-1.285407656453585012e+00
-9.355961382117115033e-01,-5.662099253884614880e-01,-7.590048097529972226e-01
-9.772408797190567098e-01,4.800671324304855991e-01,-7.759679572873623421e-01
1.374142465718030393e-01,1.128610944277321559e+00,7.145972602220987957e-01
-6.267668779830842807e-01,-1.173310790920816249e+00,-2.228020063819245167e-01
-1.349995683112908296e+00,-5.767918953801541571e-03,1.122197999431285009e-01
8.853604941654198424e-01,-7.855935676199186091e-01,-6.709791496930954668e-01
-1.024303164910062680e+00,-1.840560200812672853e-01,-8.856743340453075986e-01
1.155184806573746448e+00,-3.897357501835994609e-01,-6.305137968291951722e-01
-1.194574560312137157e+00,5.891521798245433761e-01,-3.554276362845212867e-01
-1.375605262939608942e+00,1.432323222042450328e-01,-6.572921430775874319e-02
-1.018175780468616454e+00,7.878651815365955713e-01,5.258763197147598989e-01
7.720763748603411969e-01,-1.145959518787530662e+00,2.039968008387971765e-01
-2.960276999689580579e-01,1.009710051260330615e-01,-1.367567483530012229e+00
1.157825607511365984e+00,-6.974648029963659290e-01,3.979056850303134274e-01
-1.101640685075559789e+00,-1.194121321132521341e-01,-8.802858950989699283e-01
3.222258971105916858e-01,4.159210620655605650e-01,-1.320429962663163925e+00
-3.424929021336302615e-01,1.316078457803760149e-01,-1.379661851509822235e+00
-1.000745257131119628e-02,-1.292594007267717560e+00,6.205462965251185015e-01
6.399427159190617109e-01,-7.213048165763568109e-01,1.069679403226704517e+00
-3.936354213731264595e-01,-1.381317635338837890e+00,1.709842106832644426e-01
-1.039396266203198804e+00,-6.274288774441829641e-01,-7.978542651569301425e-01
4.702173707162491390e-01,7.605956628372022577e-01,1.153036464181802723e+00
-5.819010796123699203e-01,9.415097492519771682e-01,9.605911614756554862e-01
5.043242805978584986e-01,1.953349590079668519e-02,-1.382716446721593551e+00
-9.545568800599417703e-01,1.110153121859987602e+00,-2.049858916609185178e-01
-1.086587947718675728e+00,4.910132662132690902e-04,-1.011997413019445569e+00
3.234902378850150195e-01,1.178427423933932960e+00,-8.548781898961556047e-01
7.777023392404969204e-01,-1.180949872721873684e+00,-4.941663179918737714e-01
1.321295126580776635e+00,-5.652361687580631511e-01,4.450069648088560981e-01
5.975800763613249300e-01,-7.263804588480463620e-01,-1.182567112204649939e+00
-6.719103266695365395e-01,-1.355512470068511277e+00,-1.197601629907069781e-01
9.436550447453607715e-01,1.192265234527682072e+00,1.069478680751597827e-01
4.648543323830132135e-01,1.427162561695490384e+00,-3.015155034931778499e-01
-5.510798603076860758e-01,-4.294534636365316960e-01,-1.369754511180979240e+00
-4.723392982667818929e-01,-1.296492134727704748e+00,-6.936008258117455361e-01
2.511989963034412798e-01,3.615551414409856612e-01,-1.487335743769992558e+00
-1.422204046017945922e+00,-6.342300180403630527e-01,-4.661659123411997230e-02
-9.010108904682068154e-01,1.011283866531655695e+00,7.834843795876045291e-01
7.178056928235356793e-01,-1.346588279726078863e+00,3.758751336408847066e-01
1.555556345835604537e+00,3.392666845521574021e-02,2.656524401961224413e-01
1.949948698139363987e-02,-9.957759454997311410e-01,1.233437105818844470e+00
1.039699977447396950e+00,1.201767919057203704e+00,-1.006201361485553614e-01
1.453999592054772971e-01,-1.285834648298409322e+00,-9.397106628420084373e-01
1.009844530263982021e+00,-1.181131735275962269e+00,4.063556036524176296e-01
-1.007202423220797449e+00,-9.588968331713684096e-03,1.260176423875074114e+00
-1.070737389824387931e+00,1.046691210150153983e+00,6.191602796127757546e-01
-2.469848124979370785e-01,7.247683678949286001e-01,-1.436006853906613978e+00
3.125800454425312624e-01,-2.011905184908867050e-01,-1.591674814279024908e+00
8.063077861265470769e-01,9.709293491755673911e-01,-1.049849968624610774e+00
-8.725776354513780086e-01,-1.183619832485836687e+00,7.458455777352933636e-01
-1.588517497151360924e+00,-3.720191340121274393e-01,-2.840160193147914791e-01
1.581850445958149942e+00,4.566278734186465793e-01,-2.360437941329535938e-01
7.715656615104299343e-01,-1.045190026740427935e+00,-1.050226329600115971e+00
-1.370795554536455185e+00,-7.474878067736167031e-01,6.142786589180001533e-01
1.591682098162179537e+00,3.964180531300203758e-01,-3.862849933925358581e-01
-3.956875379007500637e-01,3.109824704119895644e-01,-1.615985707817842565e+00
-9.516807670045550616e-01,6.999971991414642991e-01,-1.222328120192162748e+00
-5.449102680815373634e-02,8.331003402139789404e-01,1.489315711552596122e+00
-7.579486681071764265e-01,-5.223394725801322469e-01,1.446820911674258747e+00
1.532638699990687803e+00,-5.157688328646679032e-01,5.927626821684576219e-01
1.400292923787018973e+00,-1.552332847634281532e-01,1.003705165836814128e+00
3.960511183257495738e-01,1.587387580666374864e+00,5.847112858295597793e-01
1.309855624570494204e+00,6.685495099724284573e-01,9.393042303596622622e-01
-1.672092213232018176e+00,-2.332137270157314535e-01,4.704798366393436182e-01
-1.500085518505975601e+00,2.134930631914885510e-02,9.207669035095882304e-01
9.923291428197449360e-01,5.313817427835382246e-01,-1.363292428441435833e+00
5.812447921023872199e-01,-4.392820115930928249e-01,1.619320159043827978e+00
-5.703783337820236277e-01,-1.513120991407638005e+00,-7.521606502855807674e-01
9.120079717773713623e-01,-1.538178404390163845e+00,-1.034475964377075397e-01
-3.031874065640544069e-02,5.684597186105092570e-01,1.706596016055611731e+00
9.988876439848907163e-01,-1.440130254755220829e+00,4.394443319497585154e-01
9.494700782076959111e-01,-1.006847184281873586e+00,1.173968594673614918e+00
-1.552888885177470035e+00,-9.159832728239774013e-01,2.678999322008120409e-01
5.811891308619909768e-01,1.399782890371597810e-01,1.730305885608549366e+00
-2.825695091063985531e-01,-1.181202966275345156e+00,1.380425239830299855e+00
1.093986804893414488e+00,1.423685490200310655e+00,-4.319192174344833046e-01
1.356990871868775317e+00,8.736609107521536854e-01,-9.139876795286634437e-01
1.300896198160246486e+00,1.244960520492704781e+00,-4.774123666690213708e-01
1.155294426873106906e+00,-1.381936753560641717e+00,-5.060502367589672090e-01
-8.957319127875158493e-01,-1.046950649731829275e+00,1.277781369750533802e+00
1.734482925861541958e+00,9.722591345555207931e-02,7.376818395376855131e-01
-1.559112783941698943e+00,2.201439446671954181e-01,-1.055425534966221379e+00
1.211108643998886292e+00,9.203381230773491906e-01,-1.144921202725518228e+00
2.093717749875544931e-01,-7.792650893408442636e-01,1.733570237295383842e+00
1.067579776746332421e+00,-1.994726114884722845e-01,-1.583926076735825639e+00
8.047776758710061262e-01,6.206504380929660503e-01,-1.639427730984952092e+00
-6.943716304746958556e-01,1.752484874586382135e+00,4.469703861494617736e-01
-1.249298951425664272e+00,9.151219058902954062e-01,-1.178034496453692404e+00
1.391881279261888427e+00,-1.348204583423397551e+00,-2.531428373728356052e-01
-1.504578861006931056e+00,1.031622720326771603e+00,-7.241993128492533183e-01
1.721157668059672963e+00,-2.645702094110263802e-01,9.239991099535231900e-01
-6.624819699292574908e-03,1.416419487644922315e+00,-1.383419088597522162e+00
3.446447040911042592e-01,-1.644563955198885541e-01,-1.951560189410098900e+00
4.456144829139018215e-01,1.774492087549222052e+00,-8.009952986407027353e-01
-9.356382559429596846e-01,-4.806129898082443508e-01,-1.708056142294789304e+00
6.634242271972278226e-01,-4.819173894617070353e-01,1.840289815242496241e+00
8.891005437184806848e-01,1.812420322072568979e+00,-1.384219800999927363e-01
-1.743654557612011713e+00,-1.009516965976830383e+00,2.662067048390873159e-01
5.933876572003833338e-01,1.440881996269471610e-01,1.947705494633277690e+00
-1.184655473890476429e+00,-8.353305042273115877e-01,1.449710577129980971e+00
7.790384816078701480e-01,-4.937293020750381234e-01,1.840900060902020741e+00
-1.662136053531942714e+00,-7.011237074782756817e-01,-1.011121995847206856e+00
-3.621526214013822687e-01,1.934089219990150710e+00,6.649518125037525706e-01
-6.631841855551900977e-01,1.957877487099095148e+00,-2.803967109601586127e-01
-2.972869437655760172e-01,-1.883564235251828256e+00,8.680768039037002337e-01
3.778446356274410833e-01,1.740981699451837228e+00,1.119968446424699726e+00
-2.249507267989428183e-01,2.100158999959247819e+00,7.441958419651868717e-02
-9.828078588796224091e-01,-5.016174552290954269e-02,-1.880801367816323344e+00
-6.445196117700515703e-01,-1.872650348292524747e+00,-7.892960561144990450e-01
-1.871689641665547965e+00,9.985935603752404965e-01,2.907167091668287351e-01
4.204435115947554591e-01,-2.010965234217913178e+00,6.357933765410691551e-01
-7.163174225665943640e-01,-1.569918845724775469e+00,-1.299091776180491431e+00
-9.195710843926644396e-01,-1.935803636120673632e+00,-3.364642002741937699e-01
6.366255851976826419e-01,4.525965212873958587e-01,-2.033994390368520477e+00
-9.055601715699826970e-01,-1.762185694837270722e+00,9.291947693678389575e-01
-1.504995082959950548e+00,-6.648279805876196047e-01,1.457246181724424217e+00
-1.917861154984655148e+00,6.716501676810285870e-01,8.622433713209476380e-01
-2.115903458849536900e+00,6.274722898051152686e-01,2.110998243000920815e-01
6.459272439665382226e-01,-2.070999107221108027e+00,5.020019529549876180e-01
1.742590105854825655e+00,-1.243054797454046373e-01,-1.396244857145523932e+00
1.018295421597422035e+00,1.477659122438333972e+00,-1.350871177572846804e+00
9.313238957135210327e-01,-2.000841049374558978e+00,4.675349170674365507e-01
-1.962906747310038336e+00,-4.275589286156156743e-01,-1.047833306701450029e+00
3.374046496070871592e-01,1.035920153350342154e+00,-1.997904994320452765e+00
-7.323599632084120126e-01,-1.440785277297159439e+00,1.616046405457412405e+00
1.720054331088161775e-02,2.178940252974718383e+00,7.220516152367226770e-01
1.254843185070531275e+00,-7.694883995225314244e-02,1.932587594218472704e+00
-3.921777514227918759e-01,1.653621314264981379e+00,-1.572766007721524195e+00
-1.656289803608988143e+00,1.375341645832705906e+00,-8.796676313436226913e-01
4.708778007035399060e-01,-1.856322056837009349e+00,1.337251360556019675e+00
3.002905107985247013e-01,-5.405284962993864850e-01,-2.263003931927805912e+00
1.129500099577911643e+00,-7.719309569371169966e-01,1.918314901055084176e+00
-1.353743027416509648e+00,1.854467039240813797e+00,-5.730420373045671534e-01
-1.923465323520238801e+00,-1.273968066068176919e+00,-5.711555417995418660e-01
-2.167936653916682666e+00,3.466176736104981115e-01,9.370969935591759725e-01
1.391812389435070685e+00,3.634574058190454537e-01,-1.918004533471679096e+00
-1.657130186174450293e+00,-1.447301932499120980e-01,1.741014077293323803e+00
-3.404743024658137274e-01,2.285048729020647151e+00,-7.151195134889444249e-01
-2.423223882505729510e+00,1.057054375717188244e-01,1.289486436264814240e-01
2.256504415596288560e+00,5.267680526307347844e-01,-7.628967160054850316e-01
-6.495512447383960941e-01,1.674537688454921902e+00,1.666509906084532089e+00
-6.008177710649587056e-01,1.121379669828998837e+00,2.106458187993352382e+00
-6.818887585762245518e-01,-1.860920643293633159e+00,-1.476648181670905835e+00
-4.995738672795412838e-01,-7.240104890108323143e-01,2.321212876871914244e+00
-6.419865463537952621e-01,-2.115794766991261788e+00,1.151881188787628352e+00
-2.002750532078563239e+00,1.029768143122674617e+00,1.094700773448107123e+00
-6.242812543583831086e-01,-2.148543119251774769e+00,1.148279636743105181e+00
-1.655141519696420538e+00,6.355966509060310965e-02,-1.906872260523539309e+00
1.921208242228698015e+00,8.251985117967049199e-02,-1.654541767536565677e+00
-1.481467959680676127e+00,2.065946152451278994e+00,-1.691924226660084518e-01
2.471771812016396730e+00,-3.063487451337888468e-01,5.870581329248149016e-01
-2.115458804891870326e+00,-1.051872393175198095e+00,-1.011765408222510265e+00
-2.364189697765338494e+00,1.893541740840175014e-01,-1.018649759544014266e+00
-2.057258624409491254e+00,-1.560228838329531298e+00,-2.332242089932070883e-01
2.090218187177704579e+00,1.010477204127315121e+00,-1.178802297016520395e+00
-1.925161800342886975e+00,-1.768798970124308534e+00,-6.239699621500812560e-02
2.898507856905458979e-01,1.114624951326586899e+00,2.360517500157886417e+00
1.893491103501732775e+00,-1.836636207363405493e+00,-8.741526657334833597e-03
-2.487336920258169728e-02,1.984155972958200786e+00,1.755511103716753674e+00
1.690199688705643633e+00,2.036918777077464160e+00,-2.733541879660769114e-01
-9.994174801621830140e-01,1.931944640858003881e+00,1.552754001690172636e+00
-1.480169764630504980e+00,-9.290612704788646647e-01,-2.037283589678514861e+00
-1.623929320433585621e+00,-5.241055394677524015e-01,2.087002983693688307e+00
-2.271053319074958665e+00,1.334826485361841231e+00,-6.255783537723429433e-01
-2.282591977758631874e+00,1.328342784441120861e+00,-6.480755548634856700e-01
1.928723615190994556e+00,-1.642088705783344649e+00,1.021164739507447461e+00
-2.162793624089866640e+00,7.510761457257014717e-01,1.510781624771814879e+00
5.659755463718361135e-01,-4.249571949460829723e-01,-2.662507506554490089e+00
2.689704576347952791e+00,4.901975477479887378e-01,-4.257220896485429118e-01
-9.263185096937729401e-01,4.417679841119278583e-01,-2.582551880071148886e+00
2.780356593513141572e+00,-2.397002874770456093e-01,-4.791290517999328286e-02
-2.870323793944719593e-01,-3.209477138349562941e-01,-2.769956713560674189e+00
-3.455589313173230287e-02,-9.215476864422841308e-01,2.660098050600181008e+00
1.828272698345196234e+00,-1.056772085084955348e+00,-1.880511497045564084e+00
-1.214863772380485374e+00,-2.443273221391235150e+00,-7.873373280874009783e-01
3.779128091323943339e-01,-2.327811346687361505e-01,-2.817567184765847443e+00
6.436447030852749940e-01,2.714925570408121658e+00,-6.492406236524466134e-01
4.496962201822089500e-01,-2.775468076260329209e+00,-6.104931771704580346e-01
-2.717379808919269113e+00,-1.621708403059146097e-01,-9.694635884210294208e-01
1.712340772083713825e+00,2.340714850970081251e+00,-1.097379346848682408e-01
-2.639694351622891233e+00,-1.195336143198224566e+00,3.157597133388081456e-01
4.332386451083270612e-02,-2.564571464207515028e+00,-1.411266321723361639e+00
1.151330797030696296e+00,-2.351585623501543765e+00,1.337818969090539767e+00
-1.281819396665529354e+00,-1.644219744176787401e+00,2.091436656407106742e+00
-1.946561007411069522e+00,1.383636432509732117e+00,1.758715869833570533e+00
8.680279157837926529e-02,-9.429364201972322279e-01,-2.824293127794406999e+00
-1.240601581311489010e+00,2.257496917613462273e+00,-1.521591688002576603e+00
-1.439248898140495836e+00,8.565478586052733823e-01,2.494697651468374744e+00
1.553311437596412992e+00,-1.795232454554381185e+00,-1.863242247458361867e+00
-2.111451596241475048e+00,-2.056266602300455215e+00,-7.072556576530243388e-01
-4.285236277167335239e-01,2.687763895376153567e+00,1.363457344237825719e+00
2.897186943004637527e+00,9.122671209965856898e-01,-3.486365876245000606e-01
5.215800096084102222e-01,-1.225293304603962241e+00,2.766862969014890705e+00
-7.216165735166305550e-01,1.521683327215753945e+00,-2.583568465527603220e+00
2.663175992707209172e+00,1.575850007835932320e+00,1.346743071973602879e-01
2.552987397431226491e+00,-3.222497742990548808e-01,1.748126745933366699e+00
1.495981832127171396e+00,-9.737825916804959681e-01,2.564300766123996933e+00
-1.832344834924709565e+00,1.641238095715645606e+00,-1.948268648124871660e+00
2.553416681097742114e+00,1.893515072069094918e-01,1.837633512227161647e+00
-2.771768469899019482e+00,-1.183800833920005013e+00,-9.670236378613612516e-01
2.245696978894458962e+00,-1.531631060747870476e+00,1.648470316983799533e+00
2.099448047413784213e+00,1.944821300870532399e+00,-1.415815129970506181e+00
1.530189322244357886e+00,-7.489543736492629278e-02,2.817137174748204576e+00
-5.064595615337229573e-01,3.180462449809111636e+00,-3.294200302854755069e-02
1.573598258809669304e+00,2.460560431143134164e+00,-1.390220836451262265e+00
1.292833869552167503e+00,1.833066808404142378e+00,-2.350078648164870110e+00
-2.326861277114731674e+00,2.240185050515378418e+00,-4.622141302450576972e-01
3.034685017866879608e+00,-2.666717901675478425e-02,1.236551568159819592e+00
-3.049173360656089571e+00,4.246747383046687863e-01,-1.163964015752244396e+00
-3.768619682628012585e-02,1.835760334479926703e+00,2.748732435587226242e+00
1.647887610473383946e+00,1.467374928478101248e+00,-2.480606779563691244e+00
-1.476085261236136148e+00,2.098772820305753406e+00,2.129424942355755412e+00
1.926155645334408861e+00,6.163491712395399169e-01,-2.669267727216988018e+00
-2.513354308444918139e+00,2.092599897182751523e+00,-7.852993552658950049e-01
-2.605177066104000350e+00,-2.150391951066481955e+00,-1.218610368122703940e-03
2.448840605380516067e+00,-2.141790707129857196e+00,-9.625058656779396093e-01
-1.404325344686345955e+00,-1.649859712431178016e+00,2.629937659527902039e+00
-1.002046806417108638e+00,-2.712506738476093915e+00,-1.830314755305830543e+00
3.184379821330351579e+00,-2.196011525378308293e-01,1.274882324889649921e+00
-5.924763401951993469e-01,-5.463928507770553500e-01,-3.356652844245135991e+00
9.250014068939558243e-01,3.310712610201700379e+00,-4.516707516142456358e-01
-2.999303739155020576e+00,1.715938085419421055e+00,-4.299382590137562077e-01
8.197753657793435123e-01,-2.111034914386130446e+00,-2.664992171222342332e+00
2.983694571214748681e+00,1.573733433635495227e-01,1.846610476978590709e+00
1.690499887999770579e+00,1.004055156967759821e+00,-2.928935712831098659e+00
-7.322641943876053716e-01,5.647872979928326709e-01,-3.420194318023466185e+00
6.648962677578552638e-01,1.512998852609021450e+00,3.151342008635075853e+00
-8.880323077727088066e-01,7.842900640698673431e-01,3.371754714555129873e+00
2.863913771687725873e+00,1.360659664659646495e+00,-1.682330364104188902e+00
-3.274054959895857930e+00,-1.398464516245929989e-01,-1.502263227594559103e+00
-8.770871935891091375e-01,3.511133997657630346e+00,1.075776653405437211e-01
-3.294848416942708802e+00,1.531780730527001477e+00,1.437004287226118782e-01
1.164816181343029555e+00,3.389891665154557643e+00,6.999769831497054673e-01
-3.606124096314830219e+00,5.865741660650933831e-01,-3.256238633873783095e-01
-2.104609933172651548e+00,-2.856281597961040752e+00,-9.917724756857361212e-01
3.349866848630704830e+00,8.552441330545571541e-01,-1.317731161285760066e+00
2.742945062147449597e+00,1.744680330420989689e+00,1.800266614663319498e+00
2.800033591711005299e-01,3.648952873871049274e+00,7.318083366877822238e-01
3.225944585651441265e-01,-3.139626395141955406e+00,2.022055899677003943e+00
2.201321306411601064e+00,-4.257414510998992485e-01,-3.024109946202781618e+00
3.607315651562766678e+00,-3.813655395660969782e-01,-1.066531259370967488e+00
-2.485618210406400852e+00,1.910588709597499379e+00,2.142760123840462327e+00
1.269094545244761285e+00,3.548927754225575271e+00,-5.831569949747722470e-01
-5.660872284600541038e-01,-6.083660225345702832e-01,3.739195073425390259e+00
-2.782180646600522778e+00,1.294860289452615554e+00,-2.320050154794401465e+00
-2.779800154635881926e-01,2.196182796578129537e+00,3.166721149261016333e+00
-6.655401538367892167e-01,-3.393315491859790090e+00,1.760962331928459745e+00
-2.541961156173744296e+00,9.951227388013730302e-01,2.781675990197664206e+00
1.015416541428794561e+00,5.011706109091697003e-01,-3.746930312472546820e+00
3.253304781558087111e+00,-2.069968057960938079e+00,-7.656953431634481166e-01
-2.684395881475285961e+00,2.834016005956633499e+00,-5.932098586302457788e-01
-8.468679932435067004e-01,-3.165620588270960045e+00,-2.233121309213817796e+00
-8.266845382645305884e-01,1.598423139933552797e-02,-3.895937417726501373e+00
