-0.000000000000000000e+00,0.000000000000000000e+00,0.000000000000000000e+00
-2.151784147964565415e-03,2.740936942739016433e-02,4.054241279639596296e-03
1.605834139197958926e-03,-3.969709453789338482e-02,-1.838440338968953596e-03
-1.220891185584645905e-02,1.168920058005968286e-02,-4.616242345251799634e-02
4.793202127123297879e-02,-3.039969432303217881e-02,-7.147965965419939352e-03
1.589884579421410940e-02,-2.484612687614061368e-03,6.235886785554355105e-02
-1.162619940560976305e-02,4.253834204031779927e-03,6.990267559293353306e-02
-2.134185591267330831e-02,-7.334577586607796129e-02,-1.061542864177618221e-02
-4.401975323104976830e-04,-8.242595708540831345e-02,-8.763442228864926770e-03
2.046378645469735733e-02,2.615621628910445862e-02,-8.188902910210123232e-02
7.640974859382944351e-02,-1.244739072447762981e-03,-5.403952538017451485e-02
-7.841453836217582296e-02,-4.507238145037823634e-02,-3.930400473030650627e-02
-7.970289631939223018e-02,-3.423045057291426718e-02,-5.638011121724979813e-02
5.013387761871395537e-02,-9.580645531459522357e-02,1.053089627640102976e-03
-6.107143744393690732e-02,1.678477587612149657e-02,9.319117970455977062e-02
-1.757788782754498430e-02,-1.418082267159563765e-02,1.148938464616161281e-01
1.112930445136702390e-01,1.255742465879435520e-02,-4.683159786309737393e-02
-8.820262888530946976e-02,-9.276463369887744115e-03,-8.893330326590502544e-02
-9.454986136301025967e-02,7.629146121883104148e-02,-4.543114858702947817e-02
8.167977754025973480e-02,-6.203813713047010708e-02,8.581388121979738326e-02
1.330620906529329239e-01,2.029375305513184125e-02,-2.895212987401315011e-02
-1.022005778407338999e-01,-6.788869248105698639e-02,7.059603031608868706e-02
3.931702148968493904e-02,-6.649143108349378495e-02,-1.231398055074875708e-01
-4.430206617961698207e-02,-1.337465879888667664e-01,-4.881379307260312606e-02
-7.754248895694824950e-02,-1.194169757386538550e-01,-5.544402543071579731e-02
1.266268566649876859e-01,7.002477730978293180e-02,5.944290120180314302e-02
1.026248472927497601e-01,7.308081809979843912e-02,-9.865512959525547798e-02
-7.258552552557229198e-02,3.575422938064599238e-02,1.421365814338030886e-01
1.073225783830845242e-01,1.579125032798308573e-03,-1.279983052969820567e-01
-1.084798440255481909e-03,1.148590824816973915e-01,-1.259949446371804727e-01
-7.545938081488426374e-02,-9.282585981098413763e-02,-1.262218085457464667e-01
3.652410020270383667e-02,-1.732903989531861533e-01,-7.945261499326332355e-03
4.552661719176825939e-02,4.780001212098582489e-03,-1.747138001936588969e-01
-1.236886173009823925e-01,-4.103451866168526807e-02,-1.297734042759072781e-01
-1.810553299923391424e-01,1.117781163212197559e-02,4.616158119091763601e-02
1.013666009353749314e-01,1.421824903967822962e-01,7.595002083895212308e-02
2.923078359732030410e-02,-1.876195944662041870e-01,3.789457300128731138e-02
-6.421936150153206846e-02,1.543623479033957857e-01,-1.038327717131179162e-01
-2.441882985035589287e-02,-1.974202594364605490e-01,-2.032331077571393821e-02
-1.473087310230410292e-02,-5.883050124895690403e-02,1.938205065488781964e-01
-2.463118544639397028e-02,1.340807300799061463e-01,-1.546924284608319766e-01
-7.264132776472559394e-02,1.737213558187251095e-01,-9.130812257779495622e-02
1.597125758476593826e-01,9.831413920824368102e-02,9.953633892264797389e-02
-2.479414787265522141e-02,9.758863819098063941e-02,-1.903691190092810792e-01
-1.849546327789848565e-01,-6.551253848766425136e-02,9.583947755055007012e-02
1.615739809237835556e-01,-1.500978685289149628e-01,-1.911987737008982377e-02
-1.601024753152946456e-01,-2.556342430999933302e-02,-1.550474236369487890e-01
-6.579509147946517589e-02,-2.168592280315117804e-01,1.740916401494509505e-02
-1.186642515779871287e-01,1.606076193479447356e-01,-1.145733918495957931e-01
4.891629715309899623e-02,-2.032217166742543435e-01,-1.032633953892014983e-01
-1.609549554933970006e-01,1.451945817437640951e-01,9.342582748989464170e-02
1.330988198298523884e-01,4.555391696459246131e-02,-1.931218482330082087e-01
4.177368783608877145e-02,-1.389062033584190781e-01,1.934571422701718002e-01
4.430757509026958529e-02,-2.404051954411126069e-01,9.793930062104719975e-03
3.017298427836759972e-02,-2.373335445791133758e-01,-6.334954477060798783e-02
1.337655891429955779e-01,1.600515161645374995e-01,-1.383728186502412860e-01
2.347408594824456074e-01,-9.412359954563548348e-02,-1.044596063621532241e-02
-2.152651669065687168e-01,1.031829822961587012e-01,9.224749676715340851e-02
-2.179428598419801688e-01,-1.366887554556402706e-01,2.729789892553471931e-02
-2.602883010662506713e-01,-2.486108580931001982e-02,-1.239584784820609497e-03
-1.785916437537900803e-01,1.252749379898175364e-01,-1.491013350686089256e-01
-1.450611825810216582e-01,2.157500671890200672e-01,6.073205099005671986e-02
1.790564946661445389e-01,1.326407409570332652e-01,1.519621156497957537e-01
-1.221406030016561478e-01,2.042583984144961673e-01,-1.326059551423753868e-01
2.679422105194032011e-01,4.803981690808364902e-02,-4.011234154574341154e-02
1.075392924253209676e-01,-2.436450398997642153e-01,-7.922589789002115745e-02
1.620242875040278918e-01,-8.797170963198761018e-02,2.114633461795700775e-01
-1.899363257342009670e-01,-1.363711655420502544e-01,-1.598337046918644200e-01
1.727409551408472244e-01,1.076408265083325655e-01,2.007849305208239399e-01
1.689928491705735281e-01,-8.626389615522271626e-02,-2.174170230051822306e-01
-5.881232332932915391e-02,-2.852071344250726725e-01,-2.570003847745475772e-03
-1.593480307142616237e-01,-2.303303263033453230e-01,-8.894892493612419071e-02
-1.693293778940629102e-01,-2.412347412011574821e-01,3.232717082150928650e-02
1.094289058413729365e-01,-2.298935454882643781e-01,1.570051892615917377e-01
-1.077272357448527118e-01,2.577343483546860048e-01,1.140948189725797396e-01
-1.582896858240181726e-01,-1.053871894241405205e-01,-2.376338855572033559e-01
-2.888463303309974362e-01,9.946354720702209329e-02,-2.996097744460383613e-02
-6.471865129091779190e-03,-1.271197760034419311e-01,2.821722711586235333e-01
-1.484299511767210034e-01,-2.636374456425841228e-01,-7.677729023002625997e-02
2.075615127646457392e-01,-2.381026945996958868e-02,2.353706119028106114e-01
8.018046137657336425e-02,-2.090944507936726426e-01,2.247765697212672220e-01
3.011103525186671903e-01,8.906163108212111768e-02,6.090226545152053333e-02
2.862082537081552802e-01,1.279703219389686231e-01,7.523479668909135998e-02
-1.888888553419653116e-01,1.736550901543017500e-01,1.994212274357973491e-01
1.960917819994811573e-01,2.458291262364374619e-01,9.154659593071834411e-02
5.975535363382454557e-02,1.987513079893074141e-03,3.245914652498031461e-01
-4.555883461476437947e-03,-2.228375101591884011e-01,2.468506511884201171e-01
-7.762104913597737965e-02,-3.259265130816331735e-01,6.816181075421992586e-03
1.172903936176181716e-01,-1.754807736271671303e-01,-2.635238239770918978e-01
-1.298478757501886072e-01,-1.823762988967735643e-01,-2.560825389163233212e-01
-2.203661669696966585e-01,-2.497086779577652182e-01,-8.060666223590713664e-02
-5.104473322391400725e-02,3.369896247044075199e-01,5.447508740104231584e-02
-1.751271503254906714e-01,-2.250952902472287687e-01,-1.988176340574555334e-01
2.145017097985392474e-01,2.580306455422999856e-01,1.000728239171430750e-01
2.397399514722460268e-01,-1.986429316947249946e-01,-1.655879664948695928e-01
2.470383181622760535e-02,-3.408821223849544668e-01,9.643526440210792305e-02
-1.332107158227677779e-01,3.277044505351899839e-01,-5.235601973346309251e-02
-1.693028276857567321e-02,-2.319130723220005630e-01,2.749194626137105302e-01
1.862206667978220376e-01,-2.897028723008419626e-01,1.132628205789652787e-01
-1.371705053993267365e-01,3.288266012502350510e-01,-7.927039197198462728e-02
4.222688292421089562e-02,2.198476133149508682e-01,2.913954311067574743e-01
2.481059577250949721e-01,1.763007677796705197e-01,2.102345046650297145e-01
-3.015660882188452296e-01,-2.176832154090775073e-01,-1.809629296894538567e-02
-2.996844122573961156e-01,-1.231693759626865114e-01,1.884181860005216536e-01
2.322024858148808713e-01,1.975104988440170573e-01,2.222398753932564863e-01
-1.431251586171919943e-01,-2.488361645004672218e-01,2.485148257419640405e-01
2.224128850147479852e-01,1.879097065272855582e-01,-2.474672705542536599e-01
-3.768138702570583143e-01,-2.162201392346727036e-02,-7.364750209411240200e-02
-7.618992132103967474e-02,-2.379637464239934830e-01,2.954994136225468915e-01
8.661729440822553416e-02,1.623837927082140975e-01,3.431628394024126005e-01
-6.582401318241795640e-02,-3.841098079478820204e-01,4.059215211471350199e-02
-1.895584956643795171e-01,2.210841736859207041e-01,2.657219791467239633e-01
-3.333272078482168999e-01,3.278796014575629386e-02,2.124700630553200686e-01
-2.609137529945707024e-01,1.216354216155897394e-01,2.763514322864362716e-01
1.497277102408041127e-01,-3.195650195521086423e-01,-1.913782565296152927e-01
-2.676711017903144613e-02,-1.954559004314173898e-01,3.523915084429704025e-01
-6.475613619585797454e-02,2.437362699819708434e-01,3.184978296671476805e-01
2.593008332301572350e-01,-1.657836027319188332e-01,2.688339712853083374e-01
-3.128709940207155538e-02,-1.222294281848322756e-01,3.911956811181701577e-01
2.166387596484186349e-03,-2.219834876464352458e-01,-3.487702440890210198e-01
-2.917333785130720170e-01,6.364738956439225381e-02,-2.893798359834148237e-01
-3.489866384515549758e-01,2.304009767386068774e-01,-3.270740509445287450e-03
-3.207047947324686010e-01,-1.964865508305307096e-01,1.882135434821150255e-01
7.160919232514414978e-02,3.058864794454749791e-01,2.831842112601339334e-01
-1.271929583766417404e-01,-3.502044784959917889e-01,2.051348303558012398e-01
-1.634286457816975791e-01,-1.154073420799113792e-01,3.780165819867575272e-01
1.936847303851687019e-01,3.528828686100658474e-01,-1.513803013313105295e-01
-2.144590611808096514e-01,-3.254771249749284223e-01,-1.872666948916439922e-01
2.652202246829471477e-01,-1.914128109861419971e-02,3.440036154107146693e-01
-1.832761043448843941e-01,-3.926900671016168021e-01,5.753106046547359909e-02
-3.087590858871665511e-01,2.546949858085905682e-01,-1.815807254772276447e-01
-8.358746995992537288e-02,2.969977190223719865e-01,3.163157028919404978e-01
-1.222694687548334797e-01,-2.080488273446769176e-02,4.265599404436241637e-01
1.969487862824726987e-01,-3.989512250867140453e-01,-3.847232231691346399e-02
2.099673231045974808e-01,3.561025832984512918e-01,1.750421198915448895e-01
-2.810300836202349051e-01,2.878157699277604231e-01,-2.045296402131773772e-01
-2.119839846990920207e-01,3.808530564725900458e-01,1.256350307533146138e-01
-3.605715566285031537e-01,-2.464011891268855503e-01,1.310585943344740323e-01
1.327369714302121251e-01,1.858484645222205911e-01,3.973454881275819695e-01
2.926194888730520027e-01,5.984590705735633176e-02,3.506908412490489790e-01
3.862260832827130175e-01,-1.962391755508633151e-01,-1.633097486998376646e-01
-3.170570742263084107e-01,2.455479536579145972e-01,-2.360071028932673176e-01
-1.776896272527499765e-01,-4.114837057091887407e-01,-1.334275883668096518e-01
-7.573510474460924680e-02,4.449957675742315932e-01,-1.308607195938953638e-01
5.123301742563024508e-02,-4.347354117375308857e-01,-1.773619372975698827e-01
2.470563882608559636e-01,1.767883592122623804e-01,-3.646787135744661290e-01
2.863264753386486339e-01,-1.679861970612995040e-02,3.810909411013723713e-01
3.923943324523370135e-01,1.473245119518535318e-01,2.324662403955663481e-01
-4.243602835218544811e-02,-3.379513049857037488e-01,-3.404977838616329300e-01
-1.731332527495048901e-01,-4.349293011791176555e-01,1.226928559559811033e-01
4.756248635040353223e-01,-4.204191909644895003e-02,-9.195869614489188271e-02
1.145284911166915970e-01,4.435472906535782300e-01,1.698588110415743813e-01
4.094428281584894802e-01,-5.231115056848289341e-02,2.656923927731658641e-01
1.884173303244112418e-01,-3.697019042981992687e-01,2.665903054845973896e-01
3.503146493308652576e-01,-1.011598733738871964e-01,3.355372813089002593e-01
-1.585902934680931409e-02,4.835632366382991432e-01,1.172660143256022552e-01
-8.945010038794691531e-02,-2.086488599843333847e-01,4.456536725514390063e-01
1.649091714929240213e-02,4.435612453080080009e-01,-2.354576873230500023e-01
2.548468740296691570e-01,2.355930240007874654e-01,3.665149472748614468e-01
1.699133390379438946e-01,2.569896722800352196e-01,-4.027464648631384758e-01
1.248148977752394778e-01,1.397980429000469371e-01,4.736463190193586081e-01
7.134539399012341902e-03,-3.626058374858190381e-01,-3.609470051020955972e-01
-1.799837019685353035e-01,2.255953162616755603e-01,-4.253142711059958447e-01
-1.416064395697752831e-01,1.119140600134676672e-01,4.837095003219453182e-01
-5.926112624949402691e-02,-5.143175055305818644e-01,-2.999181905048736371e-02
4.443971684757747065e-02,-4.382481946257514860e-01,2.780087251290422889e-01
-4.841007850862955597e-01,1.967479694235340082e-01,-2.574297940611485966e-02
2.323907236513387542e-01,-4.214370334681575292e-01,2.110017157664166587e-01
-1.234362459893934352e-02,4.892766664366817730e-01,-1.975149265545731447e-01
-1.388375003816563202e-01,5.104419822336015988e-01,-3.403889324347016826e-02
-3.568954825450992296e-01,3.057542406419303527e-01,-2.501286897635795481e-01
1.076256037232104640e-01,-4.012718449942665466e-01,3.365568020285664153e-01
-2.973270134746580085e-01,-3.758259005277376219e-01,2.422444987474694778e-01
6.142776282232779300e-02,-4.210058927527660644e-01,3.313293273805347772e-01
5.191373314497674807e-01,-1.525627870357811333e-01,2.228630370834929625e-02
-2.636998352204403262e-01,-2.830569859534501909e-01,-3.822350117009076231e-01
-1.068715139386616220e-01,9.047238762748652241e-02,5.278751119209018627e-01
-1.133152071903717993e-02,5.234880338853020731e-01,-1.630854698059898134e-01
-4.248006459825102166e-01,-2.477252126296029117e-02,3.495875828004677000e-01
-2.401435464390106467e-01,-3.621080379482615186e-01,-3.420745771793041179e-01
3.911162224121169095e-01,-1.597150732895399605e-01,-3.603616018053479864e-01
-3.922926873631989997e-01,2.259744584295154401e-01,-3.254659814518939265e-01
3.737525409399401477e-01,3.377029912690816538e-01,2.443489105108007098e-01
-1.500307189270714547e-01,1.666252541101628792e-01,5.154917634569211593e-01
-4.136371754084038899e-01,-1.228269911068561177e-01,3.638637250233066056e-01
9.472293646666496425e-02,2.238405408106134975e-01,5.119431457260653628e-01
-2.046646105775736524e-01,-1.077011099659333643e-01,5.198742884277295362e-01
-1.631596725900466560e-01,-5.396091775523018663e-01,9.252387967146794012e-02
1.519814599043802228e-01,6.639379796626025676e-02,5.490596817615613912e-01
2.655884669896695915e-01,3.507418116640924621e-01,-3.715360562182209447e-01
-3.712425333551608864e-01,2.364706257882157048e-01,-3.748194609653892062e-01
1.733153919248288932e-01,-5.537454675124386938e-01,1.412496095515416994e-02
-2.009572655398913776e-01,4.452315060798868740e-01,-3.176626026619525089e-01
1.552453716738562417e-01,5.630951182159248392e-01,-3.177692039809328073e-02
-3.551531776341476654e-01,-3.648379954445314377e-01,-2.926071600915028381e-01
-5.263760644819843737e-01,-2.622375292756910503e-01,-4.125077623546916789e-02
-5.887712150457417859e-02,1.373537487304208327e-01,5.726270252519681803e-01
4.410987693434817447e-01,3.595552733216141328e-01,1.705534966897128135e-01
-1.422340337077027950e-01,2.736731023326112733e-01,-5.104130172944516541e-01
-5.155985561246747562e-01,-2.310542473924866447e-01,1.978467148957645805e-01
-1.514538620314487827e-01,-4.600609170399327930e-01,-3.556814328383246515e-01
-5.477604090419017219e-02,-3.783298653255412480e-01,-4.665962691400768469e-01
-4.280592831919604602e-01,4.155846261123786189e-01,1.032137620178277537e-01
-4.552174806030684362e-01,3.994361436745976768e-01,-5.087953617179988980e-02
-2.026756292192467002e-01,-1.246152414078712106e-01,5.617180220334130336e-01
-4.716299670908097319e-01,-3.752087827226189276e-01,-1.081653588118773324e-01
-4.724788883067987943e-01,2.378169658345558324e-01,-3.129150220429688378e-01
2.183627465116788624e-01,-5.105166631357845874e-01,-2.687050928705012609e-01
5.160045536300525981e-01,7.645920087026539247e-02,-3.334942094333355200e-01
5.034510795827672469e-01,-3.087648785899400616e-01,1.932605741012404510e-01
-3.173484973180705770e-01,4.545324407812462719e-01,-2.857832517639708469e-01
-5.253880535103478966e-01,-4.712663015230988961e-02,3.370045204202495315e-01
3.592775360255817674e-01,-4.581218458493707679e-01,2.360583099864633494e-01
2.130677773799669328e-01,5.456504832943404049e-01,2.332623951744845769e-01
4.741058489463189085e-01,-3.931573918157457714e-01,-1.451517150290490554e-01
-5.424185885210077718e-01,3.242216132314959531e-01,-6.297025475645172399e-02
-1.127605596536558341e-01,1.990959515891133069e-01,5.948476390142650727e-01
2.792361038610310930e-01,2.301173203081545160e-01,5.274243213643776684e-01
5.652648563052068420e-01,4.195230091742623013e-02,3.012217192143237243e-01
-2.962115442099437779e-01,1.378382297392909683e-01,5.551614691869636298e-01
-4.493939764095548073e-01,-1.224519457141867197e-02,-4.645174193754833536e-01
2.272820546217156901e-01,4.606447612466226249e-01,-3.962037336708918445e-01
3.451333143590347152e-01,2.467436511414834374e-02,5.514159162705043471e-01
-1.619148507834731743e-01,-4.585275372627355406e-01,-4.362213487324150818e-01
-2.536707051699409188e-02,8.013354163139332909e-02,-6.501278390342709601e-01
3.927894603586472022e-01,-1.153635249771250287e-01,-5.149051734278414783e-01
1.267768332718706981e-01,-6.475048524391011640e-01,1.959051668397840396e-02
2.986152183344291736e-02,6.436399989277150624e-01,1.535059644517635102e-01
-5.485480991093126812e-01,3.113863849910353254e-01,-2.094798751670734760e-01
1.319942870577304195e-01,5.908217775066876287e-01,-2.797964801649852062e-01
5.794219408112581959e-01,1.139624212704106465e-01,3.148061259698938241e-01
-4.735267191617322652e-02,-3.597827182109409883e-01,-5.649654840174206383e-01
-4.124671147224271417e-01,-4.831836073769670836e-01,2.243629229023747507e-01
6.067085507968705826e-01,-2.317633588465755623e-01,1.876105062426001446e-01
-3.754229939858055309e-01,-3.648112154136359808e-01,4.313481140217401699e-01
-1.458841841551319074e-01,6.172026351763341134e-01,2.469085528177121236e-01
4.652556841705443036e-01,4.066894400672665943e-01,2.905700009892651092e-01
6.313393749552030920e-01,-1.198018272058329475e-01,-2.376212257315353793e-01
-4.857100497206512379e-01,4.491135627454082013e-01,1.868551746954591475e-01
-6.279616465026025551e-01,-8.673314133263245601e-03,-2.850581539181512025e-01
-5.905356072911367438e-01,-3.452684624235393129e-01,-1.042806510927393460e-01
-4.230745678397592746e-01,2.757374807479415768e-01,-4.763952749137591591e-01
-4.470675398785793897e-01,-7.705974707212911480e-03,-5.340565247799938797e-01
3.533194280344695848e-01,5.821570382346631378e-01,1.567927020548196826e-01
2.564015024496096862e-01,-2.190904114703307037e-02,6.521462514174688474e-01
-7.300628972860725985e-02,-3.275753158188623448e-01,6.181285480579844505e-01
-2.459547444985875075e-01,-4.149614279713496612e-01,5.150189295956291158e-01
-5.386005949978986962e-01,8.913328534434054873e-02,4.506879027113134262e-01
5.365248805229687612e-01,-2.520351503451450093e-01,-3.911635058019540256e-01
1.555449307338731824e-01,-2.221409666101073765e-01,6.588583134916409234e-01
1.021343422037817791e-02,-7.070028191279816854e-01,1.045673283173398499e-01
-6.418887920174645711e-02,-5.351232113833768178e-01,-4.729503716579378514e-01
2.767580075417877539e-01,5.830691351049909210e-01,-3.176050913613850946e-01
5.132807511065264408e-03,-4.232470070276196372e-01,5.844336873189144299e-01
2.649112258883971616e-01,1.323168281601611318e-01,-6.605618448114798369e-01
7.350676715159203123e-02,-2.081572501097326555e-01,6.918139676032926122e-01
-1.036563831644459893e-01,-5.458765423647452542e-01,4.711009283185729202e-01
-4.563128256015221429e-01,-3.184852361389869935e-01,-4.736469860626378869e-01
-6.561833235080783977e-01,-2.875202705646174306e-01,1.552293330032289975e-01
1.514543906979562704e-01,5.015932755508195617e-01,-5.159092926251417355e-01
2.463818275496920118e-01,-6.180929326134059210e-01,-3.183095460659828291e-01
4.982698129254575781e-01,-5.440302771669335291e-01,-5.657278319231583141e-02
3.975534868887494189e-01,2.627484044265051555e-01,-5.689870971967023738e-01
-4.923496714961060339e-01,1.526357251643397084e-01,5.371468736074989092e-01
5.132148647725808255e-01,3.026616654138412077e-01,4.501678618225046224e-01
-7.259585907927352810e-01,6.290083658769002328e-02,-1.734808883906759081e-01
5.285114765289183891e-01,-5.325555611604346762e-01,3.953246177452596211e-02
7.488402068330405337e-01,-7.776885758485406475e-02,-3.374749790020630663e-02
-3.321659900045265679e-01,-6.750072229587174011e-01,7.373466713935976358e-02
-4.469665939240988761e-01,6.010251413266729514e-01,-1.177456818891853413e-01
-1.620581379715580195e-01,4.397954847293515934e-01,-5.988918704236122492e-01
5.971350165385117537e-01,4.447280344242275363e-01,-1.658086313682877455e-01
1.909902761793960957e-01,6.977731100237208883e-01,-2.489657541834313370e-01
2.383929094445228214e-01,3.965745954753319702e-01,6.121765965189903680e-01
1.217492755553451905e-01,-7.201082145621343633e-01,2.429191976462598823e-01
6.599766180115921310e-01,3.826249813050194293e-01,1.181296807933851084e-01
-1.454369404280033418e-01,3.192203723363762347e-01,-6.902323947128897741e-01
6.877196271794351334e-01,-4.203224633717472791e-02,-3.582031726637668334e-01
-7.079594280240125714e-01,-1.694523649796411402e-01,-2.769216489528809055e-01
7.603252217002119950e-01,-4.106859807238624760e-02,-1.743803295990664359e-01
-3.840398376598111452e-01,-3.306340015462598259e-01,-5.974772295265318167e-01
6.303607609138839329e-01,4.589155329830002517e-01,-9.712283806772065153e-02
5.285742893493686756e-01,4.876521159437042230e-01,3.222014778753527486e-01
1.861199896284109478e-01,-4.871224264427577444e-02,-7.665673091722197130e-01
-4.099684398392794971e-01,4.551995889483905766e-01,5.029907354783448303e-01
-5.057975776620259323e-01,3.596464739984596148e-01,4.967463022541885875e-01
2.421289285283680093e-01,3.197522880582353566e-01,6.890069977028426829e-01
-5.826237089937745806e-01,5.458171064699980368e-01,-4.368702167070986908e-02
1.980285417072269738e-01,-6.043139665560102181e-01,-4.884188994147103946e-01
2.553984105834247731e-01,-1.941681493040951501e-01,7.373834197386944789e-01
7.398542449392780940e-01,5.377880552188674806e-02,-3.163850636166073982e-01
1.858065012160123597e-01,-5.699487870658844768e-01,5.428942623217045682e-01
7.113348871900234682e-01,2.755819888923789485e-01,2.754865613176115668e-01
-2.387007185965871470e-01,7.515783479824779123e-01,-1.993368521469824906e-01
-1.138357268058330790e-01,4.423146408211990621e-02,-8.064910195911156876e-01
-1.484128319587341149e-01,-7.972161355179272491e-01,1.073977939310317847e-01
-8.070063365141071365e-01,9.034247390993194182e-02,-1.160889544169553533e-01
7.025945055839502018e-01,3.975022615429017470e-01,1.582590794447980842e-01
9.281022400246524695e-02,-4.163398322777102645e-01,-7.060791853651740002e-01
6.400731707815576765e-02,7.047006613379663831e-01,-4.285088774793631150e-01
2.217827019280775858e-01,7.169251612808960061e-01,3.535279542265938324e-01
-5.770633077485082252e-01,-1.187009644544613912e-01,-5.872842640876264619e-01
3.266807367243408367e-01,-3.889183363447411557e-01,6.617194423485004418e-01
-3.034357209509801478e-01,-7.181804099571823530e-01,3.030870866297739608e-01
2.559555980856610957e-01,-3.145264596798936774e-01,-7.342736677529739797e-01
-1.696356724145808847e-02,5.665885485598929350e-01,-6.214335501916361526e-01
-2.549568045880020728e-01,5.059319528518887304e-02,-8.023911554010874081e-01
2.421645896404578391e-01,4.040838637128095212e-01,7.024123911202302395e-01
7.201572106588972622e-01,4.176451930678687363e-01,1.618188978321864757e-01
-7.844421349547166245e-02,-2.839555067131263044e-01,7.977442876923424020e-01
6.531675607459572763e-01,4.794484476852622357e-01,2.657718527443788115e-01
2.933282220053416989e-01,5.264846325712781994e-01,6.065239683077318089e-01
-3.038284557898051630e-01,7.993499233888168298e-01,6.168159224644231137e-02
1.991659256230358943e-01,-3.376339874926173601e-01,7.651163544878499811e-01
-4.615083569610001768e-01,-7.272791223989584219e-01,3.382990870536037309e-02
2.881221400797399079e-01,-5.551138519820839612e-01,5.965890776543019136e-01
4.103733301148455581e-01,-6.826691960711734897e-01,3.415671840342757726e-01
2.248931393826546221e-01,-2.468791865674200836e-01,8.022625452532405887e-01
-5.862781700299626308e-01,1.115644501440164194e-01,-6.348503811888881465e-01
-8.543917997910270845e-01,-7.805017927089953622e-02,1.648979096112398179e-01
-2.493971394329763669e-01,-3.908497106233785323e-01,7.432249741025407364e-01
-4.015524416761405424e-02,6.900432168571252189e-01,-5.419073206550809596e-01
-4.776762624860599882e-01,7.266070719015224055e-01,-1.393039356584487576e-01
4.313233083145833618e-02,7.552108192144275645e-01,-4.554659760598717688e-01
8.146572656085797337e-02,-3.923094646039231304e-01,7.894537805897040572e-01
-5.764347767009200124e-02,2.041682662536828119e-01,-8.619242779704648916e-01
-4.988606037483251342e-03,1.072562689073827680e-01,8.834846044897987083e-01
-6.872199594086783048e-01,5.608914221357419461e-01,9.679359018052886843e-02
6.051418341518447486e-01,1.483821187963564325e-01,-6.420310760917701254e-01
5.895552149928736663e-01,-5.399736890381175991e-01,4.067701276021184476e-01
-6.151377995493800127e-02,5.012091118729616879e-01,-7.441896253689253005e-01
-1.833881432144221502e-01,-8.621863948890140517e-01,-1.898229774312318874e-01
7.171680529910255952e-01,-4.183918728893956107e-01,3.575989797439076967e-01
-9.118842915423341564e-03,-8.041534898124469422e-01,4.180372130668915664e-01
7.144137590705621488e-01,-2.379602302993777951e-01,5.086690186911443368e-01
4.038258313654694565e-01,-7.879533935488794993e-01,-2.146589420513785318e-01
-7.098299072174034663e-01,5.324313608288496757e-01,-2.167109432901052624e-01
6.034636689231096529e-01,-5.801712947175571150e-02,-6.863416131309831858e-01
2.581282058571225946e-01,8.402093700762280903e-01,-2.651869557742645989e-01
-8.511303433322435774e-01,-1.545548392176984143e-01,3.145089701005971405e-01
4.270181054741971627e-01,-8.139284208135700860e-01,8.206648794309868988e-02
5.934259996084387812e-01,-4.833730268035152933e-01,-5.197123075008827087e-01
-4.288599876790208376e-02,8.015889502040893788e-01,4.646286003657632002e-01
-6.466313915469024121e-01,5.880529285225036817e-01,3.173286787462095138e-01
8.804924044698217434e-02,1.208855873631435596e-01,9.201386441702076313e-01
1.943095257037233958e-01,-8.609979095820634587e-01,3.071577745678621962e-01
-5.672991172507502178e-01,6.425667600831592718e-01,3.782997570046148783e-01
2.028520347712736149e-01,5.886940066833969976e-01,-7.032397872805075112e-01
-1.602017088729885685e-01,6.875093067760048582e-01,6.231854576632336329e-01
-6.684615194453321640e-01,5.087294524568026777e-01,4.306953800749115935e-01
9.470568172047266753e-02,5.190386956899843973e-01,-7.856456787867909242e-01
5.840258086348748545e-01,5.781626039725521471e-01,-4.740560356672193776e-01
-5.071819644059695209e-01,-6.139991300050139378e-01,-5.199518437582986152e-01
-7.116690479530503044e-01,1.338624472440882174e-01,-6.202345469982668558e-01
4.944943040335251783e-01,7.826283927743445945e-01,-2.378422404416933311e-01
-3.114653005595587748e-02,-9.408759608730938861e-01,1.786458642789898743e-01
2.874359856855689399e-01,-6.806394541939433385e-01,6.138299624984310254e-01
4.257418457958452723e-02,6.038148741910511763e-01,7.488858013824433169e-01
2.552707799434486557e-01,1.836527004371213412e-01,9.126418141768066761e-01
1.165636705850448124e-01,9.605832004261148915e-01,-9.195980943332227736e-03
2.753215172254218635e-01,-4.980798546634055968e-01,7.855602941506920622e-01
-7.080297599050623392e-01,6.390780782409098970e-01,-1.894090993342336382e-01
-8.061641311318975545e-01,-3.461610575853225069e-01,4.248535407195129232e-01
-9.413203792849218488e-01,-1.625371680193971602e-01,-2.058293623384229720e-01
-4.976504087160830703e-01,-7.801360544307287537e-01,-3.213301543730898713e-01
-8.389727845270861240e-01,4.641400715555203393e-01,-2.118649189477389283e-01
6.512555980748166440e-03,1.285055422827172944e-01,9.758650110748304796e-01
3.140110898120862526e-01,-9.304891710397330540e-01,-9.565458479065744313e-02
-6.247998216899280921e-01,6.687964000355224314e-01,3.749765727048866015e-01
-1.039810203548853784e-01,-8.695613989091698359e-01,-4.648048913485987033e-01
5.522172391127700974e-01,-4.360253656874751305e-01,7.019018966250214486e-01
-3.833821812403205298e-01,-8.426050421780892918e-01,-3.681203071785251191e-01
5.121421809625540389e-01,8.261478421841084163e-01,2.289784988116631004e-01
1.420719481319504818e-01,5.063190085674935670e-01,8.517481134841619062e-01
-8.827576228454104834e-01,2.305601562207525157e-02,4.764627455205661111e-01
1.755694140421037650e-02,5.395988625528085336e-01,8.486101817742511821e-01
-6.017652335883307835e-01,-1.010803975142942346e-01,8.025551836265775174e-01
2.548797178998830626e-01,-8.864026845835589752e-01,-4.130292073125201302e-01
-1.220096621309595467e-02,2.586584074580501325e-01,-9.793163747329630686e-01
-9.370693608025666421e-01,1.616152630893384901e-01,-3.560284498536732123e-01
-5.136572247141303338e-01,7.138657777018975192e-01,-5.122517654915379470e-01
3.067724604122816223e-01,4.586743840631033464e-01,8.580488173727112144e-01
-1.032353508109573881e-01,-1.004927282094469687e+00,1.584500253908225631e-01
8.973921712613309731e-01,7.878179500651379119e-02,-4.889183627357145956e-01
-4.531382428004451235e-01,8.660912894923337157e-01,-3.162971876146422612e-01
8.430679217959287097e-01,5.747595334283777113e-01,-1.390192026931381386e-01
-9.125129061568206801e-01,-1.950725765550830881e-01,4.412092507605871461e-01
-9.763347689131627316e-01,3.301117587313319168e-01,9.038795536538640762e-02
1.212228364945872466e-01,2.614935729136399489e-01,9.961367393662545755e-01
2.856992842592142035e-01,-2.406859670196636602e-01,-9.699544960040972219e-01
-7.799676265144107612e-01,-6.026479874490087152e-01,3.374153010079314341e-01
1.429615954946050760e-01,9.978508782688699785e-01,-2.725267421270888835e-01
5.353996907492514223e-01,-8.688011455916141434e-01,2.323648472834842493e-01
3.789567966509997388e-01,-9.762472097811730753e-01,6.209453479406256554e-02
1.008590909679876857e+00,-2.869762160256566497e-01,7.737589393125288151e-02
7.485594412570178990e-01,-4.034714936558382870e-01,6.225411072740909546e-01
-5.416248138096837472e-01,-9.016983463428831502e-01,9.682468923588002929e-02
-2.423042487316580118e-01,4.602641727577189701e-01,9.221479993720628210e-01
-6.873145153066635427e-01,7.471067855472900421e-01,-3.089906475241420702e-01
-7.787593357077252643e-01,-2.273202435617526773e-01,-6.877882417515610580e-01
4.776406493963848976e-01,6.121305277659583322e-01,-7.304189171899566624e-01
-8.105570681887509510e-01,-5.438719240994498855e-02,6.939546323998238009e-01
-9.439455131804528332e-01,-4.989821609581610584e-01,-8.191298561820235802e-02
-8.708797670178046735e-01,4.727877513194453929e-01,4.122781713045028384e-01
-7.701131596901349408e-01,4.971988666631189657e-01,5.629155794927268586e-01
-3.600187480754327707e-01,9.920067653383332074e-01,-2.206822314358939385e-01
-6.030381703846393951e-03,-7.290496909866275854e-02,-1.078096251905230174e+00
1.015070955567994870e-01,-7.548684982354142425e-01,-7.699215608394009980e-01
9.759386335861585104e-01,-1.176239625154480301e-01,4.603248307142679963e-01
1.083994483415208876e+00,-7.538833835939962036e-02,5.252861308251657174e-02
2.146443424350422680e-01,-1.065144261566570272e+00,9.051679306092538790e-02
5.708518446664379020e-01,-6.159965538191063822e-02,-9.297620666440961079e-01
-5.515831225888760958e-01,-5.116227714172363328e-01,-7.959039645328129797e-01
-4.827849383736337319e-01,-9.838823035374144599e-01,6.095370197779834132e-02
1.087351540263588712e+00,3.254726239128132113e-03,-1.668779735582915646e-01
-3.915735612770948615e-01,-9.044159129025817201e-01,-4.942474196208215265e-01
8.157101497541465740e-01,-2.633482095277551727e-01,-6.973124101014192000e-01
-9.023572731975844086e-01,-1.937545433911230242e-01,6.120514927733182731e-01
-4.401723364021719043e-01,-5.737174225891720214e-01,8.419767819642658413e-01
-1.036871663904007645e+00,4.013762389249184714e-01,3.270356131174921577e-02
-1.138895389286789794e-01,-6.367674680992576608e-01,9.079063048847829664e-01
1.411338815934020108e-01,-9.656173982180767945e-01,5.439478665689234660e-01
-9.840657418879492635e-01,-3.871975425207507260e-01,3.679681022073563734e-01
-1.817874327694219971e-01,-7.008377279720992004e-01,8.573189767753225388e-01
-5.251674719801338043e-01,8.766016355316454955e-01,-4.695830762984777862e-01
1.679800421721336368e-02,9.852198404828190759e-01,-5.471180951999313757e-01
1.005124034101737562e+00,-5.042467537337009809e-01,1.062722415354932920e-01
-8.062807422262601165e-01,-7.530384988954949010e-01,2.534701867449049018e-01
-1.760657350120727882e-01,-7.815875358692415675e-01,8.031873243481627567e-01
-1.109004280443569135e+00,-1.311071055211545933e-01,-2.133293284902593734e-01
2.128731093480522654e-02,1.113254385894963283e+00,2.416959291683979660e-01
-7.128953967481547194e-01,2.914512152995071825e-01,-8.430146858114162534e-01
-4.058074735911713637e-01,5.450630068850274013e-01,-9.207125878007825781e-01
-3.437946858679990503e-01,-7.489482001269176514e-01,-7.975149861547286001e-01
-3.190804154296411361e-03,4.949591783266731326e-01,-1.037223480012929855e+00
8.432246268825285274e-01,3.450537165262760886e-01,-7.045794227050248271e-01
9.725708239226731333e-01,2.533234595318082372e-01,-5.675963778798410742e-01
-2.395773304598982634e-01,-8.674633819374251154e-01,7.266833010257903736e-01
-1.895758813823973932e-01,-1.098346229641911309e+00,3.184292609259251616e-01
6.032676778098715609e-01,9.918849952330662800e-01,-4.111892878442884036e-02
-9.852276622476461299e-01,-1.270249218583860071e-02,-6.199978419556015918e-01
-2.520546057424607467e-01,3.226712334093818080e-01,-1.092416403932004565e+00
9.108089450249351460e-01,-6.969951520901521702e-01,2.268308429406995230e-01
1.027887832002867041e+00,-5.574341848177614134e-01,-7.323023192495689560e-02
-5.174173794069916177e-01,5.588205191722741549e-01,8.935800678816521181e-01
4.984360793074148199e-02,-6.570848635024582052e-01,-9.747282204676168682e-01
8.617627354449254318e-01,-2.020325060327460287e-01,7.789463875825107797e-01
8.557299132927910224e-01,-8.102381706935920525e-01,-8.564899192433028663e-02
1.177642271143148678e+00,-3.303443483575364825e-02,-1.185941303666104146e-01
4.854615952244463462e-02,9.605696741910086933e-01,-6.948843951212289038e-01
5.260846125660664230e-01,-9.121506059646401487e-01,-5.523274250737284508e-01
1.017645946066052520e+00,-5.048425437923792503e-01,-3.596254576049940921e-01
-1.046802865209598643e+00,3.703319111009910070e-01,-4.391177865181938866e-01
5.954982436915986499e-01,6.660803440511001705e-01,7.959071276249762850e-01
-2.641097431038093024e-01,-1.168359975372228909e+00,-5.412592185076477158e-02
-7.241452305790179178e-01,5.783658712207743191e-01,-7.647684782482465637e-01
5.391101733733586476e-01,6.848049936261609849e-01,-8.307818999746963140e-01
-7.475818352988396198e-02,7.878699111939223287e-02,1.201685677586531886e+00
-1.485352183794722003e-01,4.700738862657280470e-01,1.104027782486809883e+00
4.199450373955196936e-01,1.116806784253845608e+00,2.106647575978936038e-01
2.915272610100737571e-01,1.152472081344638299e+00,2.467968711031457152e-01
-3.759395849792164790e-01,1.932102057687033747e-02,-1.156935297853789901e+00
1.013520756037807447e+00,-3.861745361528409748e-01,5.567576337351083371e-01
-2.123983019722275600e-01,9.371094922924130266e-01,7.544498228983104182e-01
1.349267089002297859e-01,6.445326316566457603e-01,1.031997339812281256e+00
-2.117768985588960179e-02,-8.527910160209034585e-01,-8.815474884990258664e-01
-3.211965748396301557e-01,-1.030013963708059865e+00,5.890064876571425856e-01
-6.105763674974112876e-01,-6.687864384552439923e-01,-8.349612306965163988e-01
8.907432982613464612e-01,7.844750303937463309e-01,3.385934916859775212e-01
5.036328799853388993e-01,3.219410709383651037e-01,-1.082786278729594542e+00
1.186386443983816763e+00,1.522973668705091266e-01,-3.244623704821835708e-01
-3.903313302959092734e-01,-1.067863793722668486e+00,4.995730390664372966e-01
-6.283089279773215186e-01,1.024063439064032854e+00,-3.241688898845183076e-01
1.153881235482135947e+00,-3.825243048573497839e-01,-2.776911244986719485e-01
5.705976350990713541e-01,1.006211977484871845e-01,1.107025479342456986e+00
4.082269025564894127e-01,-1.038738361592899118e+00,5.673929123376447725e-01
-8.178392040554817166e-01,4.121221021533543194e-01,-8.574510901511056549e-01
-4.794267926487307818e-01,1.022597676321711502e+00,5.520467819180909785e-01
1.062740117427623865e+00,3.559338673378709683e-01,-5.749844303340949647e-01
-3.593885151468425021e-01,1.121690731246865358e+00,-4.536302311576991819e-01
5.430366316265063942e-01,6.492414697016665182e-01,-9.397672716386342717e-01
7.418132567856912107e-01,7.972889443544871335e-02,-1.024389876138559474e+00
2.737380551412788021e-01,-1.237829644551737385e+00,-7.302846673636516350e-02
-3.688430636423281075e-04,2.837200129496679768e-01,-1.240353862522981743e+00
-1.429094698662646545e-01,-5.344144212563787244e-01,1.148676324836069851e+00
-3.728941221631142389e-01,1.750377266940645882e-01,1.209261188242582996e+00
6.513554779743623291e-01,9.508521977761831279e-01,-5.569165576183556787e-01
-8.745373372828717518e-01,3.886378903043290478e-01,8.539563444149583793e-01
-9.326594518884625540e-01,-8.784528483425815271e-01,1.006841424918222955e-01
6.844489205801675968e-01,-1.056639105787962496e+00,2.707494888811069478e-01
1.040484324561839147e+00,5.316330727060748496e-01,5.473841845568672149e-01
-7.816827979001768067e-01,-2.404407310967968114e-01,-1.001327926208397168e+00
-4.126363879848082145e-02,5.162020102507679509e-01,1.187423394316556635e+00
7.835573083304784303e-01,1.198114568684553183e-01,-1.027855283135957087e+00
9.736313826552450701e-01,-3.100061586427746430e-01,-8.046247039722412842e-01
-1.456637734489768243e-01,3.730877170830057543e-01,-1.240067583265378470e+00
-7.210136554317159163e-01,-1.088208796930088873e+00,2.891103692508044387e-02
-1.150093093501575847e+00,2.492677865739297838e-01,-5.716459461010313658e-01
-1.210393317929429946e+00,4.975451208922677115e-01,-7.599369664455271622e-02
-1.182566735980313144e+00,-5.486103026404063332e-01,1.603409148359895009e-01
-1.425329838801546734e-01,1.373855197389982352e-01,-1.301054341092592104e+00
1.030681406293400659e+00,-1.134099096765358305e-01,-8.145987101878378045e-01
-9.412013649063172283e-01,8.015405654913261291e-01,4.660814264949553754e-01
-1.225011474167672976e+00,-2.990068354822194574e-01,4.029157919687133549e-01
-7.407876999239220162e-01,-2.849088212570139445e-01,-1.062693777526033667e+00
1.214093328309276298e+00,1.056396832644691253e-01,5.300485024988409455e-01
-8.275003786446584464e-02,1.279958188652598805e+00,-3.576137404647857232e-01
-1.158664924768876281e+00,1.986657472229089727e-01,-6.308471499788934622e-01
-1.946680251132756889e-02,-1.333638057162019219e+00,8.889239717961176790e-02
3.269310995586106050e-01,-1.185792694990126517e+00,-5.299357540195561711e-01
1.092945368998890165e+00,-6.993398078836869647e-02,-7.754785299297886070e-01
-5.595476802206026390e-01,1.217104956249662084e+00,-1.154756443500182805e-01
1.245097847292913285e+00,-5.142952411523291634e-01,-2.862874511949427790e-03
8.902326819971596583e-01,-5.149204846818968839e-01,8.741517029407074313e-01
-2.628200752643939375e-01,-7.032256105128218415e-01,1.124828151154670053e+00
-1.154177457624643077e+00,-9.823235222810138001e-02,-7.029386466141412937e-01
-1.021058525053031074e+00,5.449119794353537438e-01,-7.095672973716961041e-01
-7.905264036791982418e-01,4.522845036397618590e-01,1.010236581693349622e+00
-1.159192421445209842e+00,-2.241778674544233352e-01,-6.805900862716641742e-01
-6.405334231456636385e-01,2.843123812639062331e-01,1.171837048347379451e+00
1.321818388361302443e-01,-7.242861671986449146e-01,1.152999480528204224e+00
-4.312793874981944997e-01,1.273223690367110583e+00,-2.674698083253403413e-01
1.294813993325244494e+00,1.260328467992651302e-01,4.397749313888757450e-01
-9.218077176029925157e-01,1.920192413395162556e-01,-1.003213032383889924e+00
6.305259430580758551e-01,1.175049940228643175e+00,-3.492254047435032205e-01
3.992227576348782447e-01,-1.255754027397712802e+00,4.137777057470763964e-01
1.043359982014417264e+00,-8.518381069247007442e-01,-3.170881138447557146e-01
-9.613009258157794168e-01,7.092348581204395153e-01,7.035215101170146923e-01
1.059155489416186979e+00,-8.511087281283566952e-01,2.883774459040718829e-01
9.308107918354238119e-01,3.702737723190303587e-01,-9.660059138312736549e-01
1.255258862258755714e+00,6.037395000963020619e-01,6.198766723766172687e-02
1.269462156933537145e+00,1.543373999195643553e-01,-5.621595306754980648e-01
8.401702216541704349e-01,-1.726928948890533166e-01,-1.105914391326324298e+00
4.551705160961022067e-01,5.751090837456116489e-01,1.195082367666749690e+00
2.777622352898771463e-01,1.127084221189436075e+00,7.912635518713295735e-01
1.267005498562333354e+00,1.708053129001119441e-01,-5.886651759760558322e-01
3.923902068685883315e-01,-1.347128689158414883e+00,1.404737899301262971e-01
6.693621605158540655e-01,1.516274981798229060e-01,-1.234866758148117416e+00
-1.262345164911429674e+00,2.159602816129023162e-01,6.027200787202623422e-01
5.615106954054661648e-01,-5.123883128821550281e-01,-1.197122418002452671e+00
-9.478727312264613181e-01,1.046225372388954078e+00,1.594356694473219871e-01
7.157235572529166978e-01,-8.875747388565802254e-01,-8.520399701408937210e-01
4.128733972789375706e-01,3.075010668425672833e-01,1.329876160217243530e+00
-4.207103669064628515e-01,-7.447637038962718892e-01,1.144339094555762548e+00
1.085856128327469916e+00,-4.903717040369335450e-02,9.312914176065318905e-01
-2.616755682981939390e-01,1.207842106000998283e+00,7.273682151153940678e-01
4.787512737495431409e-02,1.095686583912370615e+00,9.280349999235703029e-01
-3.046596764301890206e-02,1.425463256325557815e+00,-1.971419709263858289e-01
-7.633039725800294661e-01,3.908580529327832509e-01,1.159320442058816347e+00
-1.148639891608838726e+00,-5.022994333003383272e-02,-8.747789251467038563e-01
4.891479244014635408e-01,-7.731537725373660574e-01,1.121530243480242994e+00
-1.052029898460843604e+00,2.973279338565447405e-02,-9.974763709047163029e-01
-1.046788396713029812e+00,5.055293800700865203e-01,-8.712356276814282596e-01
-3.462903723916423426e-01,-7.034432428659450620e-01,-1.226138347791287719e+00
8.428768652755256330e-01,1.142028403581877294e+00,-3.336188660406617656e-01
1.122177775927598820e+00,-7.516463086580457142e-01,5.563666288468230858e-01
4.150542744767983239e-01,1.297500858915746402e+00,-5.346658379484025003e-01
5.750289784346958033e-01,5.147718802892047307e-01,1.246541151278649284e+00
2.892076159712400063e-01,5.558592872860076417e-01,-1.328450192302368382e+00
-5.799392261391979053e-01,5.880087901936050798e-01,1.217876854299561717e+00
3.534918909609211513e-01,-1.029041486756785195e+00,-9.946620067085750749e-01
1.199028533974536986e-01,-9.648694302625682173e-01,-1.111680451209101195e+00
-1.061346017687060606e+00,-9.894607198448354124e-01,-2.892459581755805753e-01
-3.066309453832922749e-01,-1.449270040124017944e+00,5.227980171537164461e-02
8.147134151780069944e-01,-8.888558260281275158e-01,-8.667902346641714884e-01
-6.862985143747201144e-01,-1.290133772791608679e+00,-2.787939647612803773e-01
-8.441111965621551638e-01,-1.184624655962227102e+00,3.246027274401945273e-01
-6.714300974680109668e-02,2.660080638178232704e-01,-1.467660563340969615e+00
1.424711996129213842e+00,-3.230212508910141472e-02,4.544651501761603485e-01
-1.018072362531307756e-01,1.178587585448696906e+00,9.198171862441397728e-01
-1.468032911674198138e+00,-2.919445811158526416e-01,-1.152222113756176669e-01
1.210448981848222472e+00,8.092159287092105524e-01,-3.765145899354941372e-01
-1.145113620886580197e+00,-9.701541177830268481e-01,-1.321695563524366290e-01
8.085236937402353607e-01,5.303536601070820700e-01,1.158948120040235619e+00
1.296440250979801201e+00,-3.070517319645252874e-01,7.150680089882925916e-01
1.500619623753842724e-01,9.128803546522068491e-01,-1.199469057567513763e+00
-3.636112611211043677e-01,-7.425667175872893155e-01,1.272490587352178348e+00
2.457109345583614046e-01,-1.395248022948647915e+00,5.513949033768091867e-01
-4.565102442258757720e-01,1.100381723103775133e+00,9.487797842562438744e-01
1.479928179151829504e+00,-3.358279379999691838e-01,1.574011028906467102e-01
7.757567260143161114e-01,-2.111981087162101145e-01,1.299876561376416717e+00
2.867697031928651552e-01,-6.608290570063714009e-01,1.351114583264342750e+00
-6.546343649468044923e-02,-1.500849520482034016e+00,3.098211567818623946e-01
-6.592882820400577382e-01,4.358395530236708337e-01,-1.317804695483586697e+00
-5.587783663979273285e-01,9.232144863234351684e-01,-1.097766707056178515e+00
-5.003374340331069314e-01,8.601524707696220906e-01,-1.178089548890889571e+00
-1.540648137482624636e+00,1.030674081072213422e-01,-4.838672973368365188e-02
-5.452296111265968470e-01,1.195423150781056432e+00,8.177630027543293378e-01
2.791436683730426638e-01,-6.038589435370890213e-01,-1.400353522757636249e+00
2.444300920744967298e-01,-4.612739562978731001e-01,1.462725900032519455e+00
4.312217754399972347e-01,1.466779509791697578e+00,2.885200745774253450e-01
4.406319167301509521e-01,-5.807809282480056456e-01,-1.377587763522658326e+00
-1.175702567841792945e+00,-8.458710297206354367e-01,-5.831217826850981778e-01
-7.780418937805536617e-01,-7.178251212145058124e-01,-1.151433496815483570e+00
8.014888836112897541e-02,1.561036487114525251e+00,-1.086271341636106946e-01
1.088140149821624991e+00,-8.039755097644717408e-01,-7.957964835692068473e-01
1.449811746823659764e+00,-1.097745938397846205e-01,-5.986599874960509826e-01
-1.483677082885845655e+00,4.914988467471876898e-01,-1.955298837107963539e-01
-9.077804362346141298e-01,-4.571788236713029974e-02,1.289833102171334511e+00
6.974377058863781009e-01,-5.497097754023352323e-01,1.307658446045663947e+00
6.685896691694490634e-01,9.939825722717585688e-01,-1.035531292932900138e+00
9.670617582070779594e-01,5.939937351475490512e-01,1.108192756996758899e+00
-4.002201541874346180e-01,-6.646917815867371404e-01,-1.386704149826097243e+00
-6.247429120796195168e-01,-1.686793912803851159e-01,1.454309733307690866e+00
1.205951401769168374e+00,-1.040699721833153957e+00,-7.248490834208140554e-02
1.378936807695324562e+00,-1.238391536435224094e-01,7.966827862463329302e-01
-1.218504451021970247e+00,-3.907173545285776983e-01,9.607251545114455782e-01
-1.445723193152363750e+00,-6.725828800952188269e-01,-1.638428466649201054e-01
-1.314203988937777901e+00,-7.365654033078896656e-01,5.555276877730309648e-01
-5.686860403598681390e-01,-9.448098471384289709e-01,1.170969027683046004e+00
1.200116279923880841e-01,-1.307201994907293052e+00,9.343695946343778536e-01
8.353673187081246398e-01,-1.265856129102177707e+00,-5.522742650268515074e-01
1.528190644158237133e+00,4.798316826752965780e-01,-2.206019125611842491e-01
-2.368777419844886878e-01,1.270627963970404339e+00,9.760734287209321680e-01
-5.141818681795080614e-01,-1.074216861311163784e+00,1.101852506605433657e+00
-1.451040363646461495e+00,4.341013665002618205e-01,-5.895270490268456065e-01
5.488555588012830055e-01,6.265845551752919906e-01,-1.398848330154300212e+00
4.399476211912458079e-01,1.075741728392578311e+00,1.144114806109671090e+00
7.799035592915510851e-01,1.387850062611894364e+00,-3.668292752113948563e-01
7.099165562615404879e-01,-4.468980571564544479e-02,1.473822668976728867e+00
8.112858234152316994e-01,-1.315838016057387261e+00,5.456474853213226783e-01
1.163975797591930705e+00,1.529070712421035372e-01,1.148199318524814716e+00
-3.098629462227562303e-01,1.403132080866559050e+00,-8.006537223805657577e-01
-1.205342234520245137e+00,-9.626011200990156613e-01,5.793722955373143968e-01
1.344720975468255197e+00,-4.734260361106463755e-01,8.318781572826678961e-01
1.570479217801371119e+00,4.882636786500803017e-01,-1.701453395202700281e-01
-1.305146295278234669e+00,4.912270050944478328e-01,8.935299895501664924e-01
7.842754511052558303e-03,-1.503973386917331068e-01,1.652210538633368087e+00
2.207680696430685818e-01,-1.537427335000311812e+00,-5.911481430352365507e-01
-5.058002140190566154e-01,-1.260236439373206285e-01,1.581006556766491489e+00
1.258295319431340875e+00,-5.433435875916999835e-01,-9.498481050729644659e-01
1.406874325698016737e+00,8.693825831519595704e-02,8.962999579859571853e-01
-1.616813455718122183e+00,4.204832240315557468e-01,9.383533213944400542e-02
-8.572681401118731337e-01,-4.315624161661515967e-01,1.374065211380571583e+00
-1.283984073162325545e+00,7.528971272084389321e-01,7.767092022621567837e-01
3.160224882393039003e-01,-1.411924434669614925e+00,-8.572661947978666985e-01
-1.530958443208608077e+00,6.718341616744424316e-01,2.066264373710971214e-01
1.907318419581600921e-01,1.751883498082242863e-01,-1.667461096963419154e+00
7.959769421715394422e-02,1.616443357176909679e+00,4.877514193076444293e-01
7.388471743456546115e-01,7.542214036297335555e-01,1.323644644524683001e+00
5.845174578837242230e-02,-9.539052655295182648e-01,1.401108789603266347e+00
-1.139191941125749397e+00,6.315989253125658953e-01,1.090634396570986375e+00
-1.371286282314908123e+00,-7.632702412664291725e-01,6.579333039379945403e-01
-9.633494827495695523e-01,-8.699927761933952397e-02,1.403574483213750890e+00
-1.107998390355595886e+00,-1.248397679124271020e+00,3.595103926323224841e-01
3.058455850479416260e-01,1.076123956278331129e+00,-1.293683496601247152e+00
-2.705077248471559614e-01,1.494613385460923594e+00,7.924506015295578187e-01
1.079719662757303356e+00,3.851977372232204266e-01,-1.276986276656355335e+00
-9.736813776963677558e-01,9.938089371504040814e-01,1.009466404125759276e+00
8.288723445129705381e-01,-1.509139870487499202e+00,9.687575671408259204e-03
6.921542944988158530e-02,1.093865390005603677e+00,1.331619507414211645e+00
-1.396085766381512050e+00,-1.543075188346153537e-01,1.005791765342030297e+00
-1.623078002355427429e+00,3.407066330501545282e-01,4.939482936306759386e-01
1.604232958614884463e+00,5.387831264788018881e-01,3.749486786300615937e-01
-3.175436803867544566e-01,1.191925533410926219e+00,1.221855152274228473e+00
-1.413812567793281127e-01,-4.302439035120983468e-01,-1.679103830793625241e+00
1.509823169035356516e+00,7.954263771283746065e-01,3.496871377103181744e-01
-2.681827068407705572e-01,9.319058865543512482e-01,-1.450608900354915853e+00
-8.053205509131717843e-01,7.024585357039013767e-01,1.383025142611555847e+00
3.636300729035849000e-01,1.696513773011830928e+00,2.334469090566358429e-01
7.464978965985463732e-01,1.572552737727727079e+00,-2.118069398333756737e-01
1.683698312263600894e+00,1.909678805079925434e-01,-4.625142515625616513e-01
1.037083787069790902e-01,1.059650494558714628e+00,-1.400650930000867378e+00
4.551173682946053067e-01,-5.082090019852005813e-01,1.624888798661844991e+00
1.622170682049514534e+00,-3.897819827580115137e-01,-5.766828206998143580e-01
2.671297273485959134e-01,4.426302383614614255e-01,-1.690838484477289239e+00
1.550486617526054323e+00,6.445486451906953240e-01,5.630910969379677722e-01
-5.118077117354675326e-02,-1.602665670905723427e+00,-7.587490950871856876e-01
6.643813890368194253e-01,-1.457660082595462869e+00,7.687912400766612198e-01
-1.481681537924637304e+00,-9.470883564544054778e-01,2.743038775325944978e-01
4.587054699923424905e-02,-1.482454057793762825e-01,-1.775929914014882760e+00
-5.830643794810999037e-01,1.186210849513080756e+00,-1.200575471018245022e+00
-3.699475135884903176e-01,-1.165647015088820515e+00,-1.305107891937279385e+00
-8.372360855435067029e-01,-1.199205357770295022e+00,1.034566207203172050e+00
-7.210242182339513528e-01,5.314073025155473529e-01,1.554871338416076831e+00
-2.637119732907030611e-01,-6.191153234567862151e-01,1.666607811593197708e+00
6.184615466656002702e-01,5.454469692647416768e-01,-1.600307016671951965e+00
-8.299689873873692392e-01,1.331148829659764221e+00,8.892522555362060155e-01
-8.966947734183027263e-01,-1.230462469862255936e+00,9.716414186793179697e-01
1.383857975433779419e+00,-8.808051948511259610e-01,7.628515243159006420e-01
-1.714726833508619208e+00,-3.298858470568439838e-01,-4.841204536660784208e-01
-1.644741929407724568e+00,7.162846310477229972e-01,2.755605334078858326e-01
7.665635169467284182e-01,5.683867109121021333e-01,-1.547321490041414505e+00
-6.430603895989552843e-01,-6.600897238158480729e-01,1.570471609016212300e+00
1.207411475233646003e+00,1.201731615806214570e+00,6.514521706224304376e-01
-1.397172498020710085e+00,-9.817789978134909834e-01,-6.490001675100091072e-01
6.801906238043837760e-01,-1.695843573103156476e+00,9.723329548724994609e-02
1.541401606291610937e+00,9.898629086888931505e-01,5.562630631643376844e-02
-1.242543580926430469e+00,-2.131073672989461029e-02,1.351052115676645959e+00
1.198171868778753479e-01,-1.033899472576399609e-01,1.831818675290451282e+00
1.474003227413903938e-01,-1.701068220104949846e+00,6.900479886984751676e-01
1.196677282961692512e+00,-1.106988244680829458e+00,-8.631417574804028936e-01
-1.820718423948997522e+00,3.096034948775020293e-02,3.122055006034998859e-01
1.214309566689770081e+00,1.124481023307932315e+00,8.279133760351906623e-01
-1.400956471683854732e+00,1.078423884390156573e+00,5.565918599941233058e-01
-8.170003665915309687e-01,-4.939637130592936520e-01,1.592178998979172810e+00
-4.904846900333881266e-01,1.034183220745430676e+00,-1.465432378407765412e+00
8.247274568069772327e-01,4.024909146324560649e-01,-1.620658158977863028e+00
-8.435077465437801347e-01,-1.252818515639258168e+00,1.094887710877552989e+00
-1.225243933622031989e+00,1.073160430872821536e+00,9.154783838060389645e-01
1.791964852607456749e+00,5.302476941499288943e-01,-9.940154579617607733e-02
-1.483359812863713323e+00,-3.860423694877585521e-01,-1.078891827289797156e+00
1.360230212503854910e-02,6.270520987896966991e-01,-1.769534199433237198e+00
-1.277419352241028427e+00,6.802268997845374310e-01,-1.200577607955518822e+00
5.054302343410780329e-01,8.095104773838648349e-01,1.623705671039374909e+00
6.596826870555863032e-01,-8.433474323583267651e-01,-1.553090270565730568e+00
-5.414702148271227644e-01,7.843394928184768133e-01,-1.631402007310670310e+00
-2.490975222135951295e-01,-3.062679846187632005e-01,-1.850776508856542213e+00
-1.511262962343322469e+00,-1.087881738087468131e+00,3.538648806970341454e-01
1.361117020673485722e+00,-3.468543901357195036e-01,1.277145950513089545e+00
1.687533985299433326e+00,-7.163176079303010813e-01,5.045999257800576343e-01
-1.236057864468860679e+00,2.924221736622036744e-02,-1.448547429969261335e+00
1.849654983732401448e+00,-3.618396504555859705e-01,-2.938374077624715808e-01
-2.228881437748884975e-02,-1.905534831825570707e+00,1.358953088514649188e-01
-5.850817630370485078e-01,-1.117833413710923374e+00,1.438651408631169026e+00
-1.231996622492229632e+00,4.993146585963439410e-01,1.380597499058155542e+00
6.909769779317458394e-01,8.469410433847879283e-01,-1.577985926668851846e+00
-1.986053105802901841e-01,1.991832504499435885e-01,1.901926660266842095e+00
-1.004547634117215038e+00,1.534878713221210278e+00,-5.857876535607512425e-01
-1.890882017971752704e+00,-1.593021802057632552e-01,-3.449697904128203874e-01
-7.616205188297363593e-01,-5.625763580448388534e-01,1.683741730056670383e+00
9.869056073122035588e-01,4.504809440485508382e-02,1.663516743165150524e+00
-5.294590723530500087e-01,9.560071023844111116e-01,1.600252180697608217e+00
1.689090464878012954e+00,-8.129664525612206871e-01,5.029452185720418855e-01
-1.281478986667918374e+00,-1.434730920394512221e+00,-2.794513401234445249e-01
-3.480101097904633178e-01,1.459329045221798848e+00,1.240906616167591903e+00
1.769259431302971697e+00,5.406503475057573144e-02,-8.181044227667336743e-01
1.004459778429210415e+00,-1.494425225128540036e-02,-1.674890259014225613e+00
1.510546496197533672e+00,-1.184488627984636944e+00,3.763078506204626250e-01
1.354862046653170227e+00,-2.396747541936313508e-01,-1.394724387674345367e+00
-8.356696516881171322e-01,-9.506859290625206960e-01,1.499403763540437362e+00
-6.913362547460950580e-01,-8.025158760604030050e-02,1.837936119650646960e+00
1.729835682568707123e+00,9.366747650723896701e-01,-6.905591680600196847e-02
-1.032386149134910891e+00,1.396536786263845142e+00,-9.329611870930081263e-01
9.414617270090224199e-01,-1.614560196262335712e+00,6.368039625778362245e-01
-1.851750831703337097e+00,-5.056398121749619001e-01,-4.755746117378390481e-01
6.481176745957245577e-01,1.618664741822594566e+00,9.396118086989598828e-01
-1.850801194660434135e+00,7.024510023739762854e-01,-1.276989137737125357e-01
-7.302576754166739681e-01,9.463672797993293306e-01,1.586996513206114567e+00
-1.546829365535462353e+00,1.130258162587821191e+00,5.380939681955977383e-01
1.786634573993149122e-01,1.907428834881434554e+00,-5.493610890199941421e-01
-1.617797372915763809e-01,8.420733027709574881e-01,1.802516295412968095e+00
5.639487077756264455e-01,-1.554863133095277350e+00,1.122959773855978449e+00
1.925416804575704077e+00,-2.874287286551224230e-01,4.681997599956029266e-01
7.499118573691115897e-01,-3.082185924835239565e-01,1.834147945555984593e+00
1.467069966654446889e+00,-1.181091393006072243e+00,-6.975902186229445689e-01
-2.084768668126683044e-01,-1.515266765696638318e+00,-1.306474085769045113e+00
-1.827622064572920868e+00,-4.748285639708680339e-01,7.022836760366290010e-01
-1.960159918701625203e+00,-4.685154522060904769e-01,9.828009709954373119e-02
1.411978152062653757e+00,-1.442086418156032224e+00,-1.032088034455936471e-01
2.894079448611487915e-01,2.003180810255097200e+00,6.451943771892222797e-03
2.002115763366876244e+00,-1.614276797359371352e-01,2.731653165401494165e-01
1.909626917842083937e+00,-3.208275324433352282e-01,6.100686001658119917e-01
-1.017634010152772328e+00,-3.070581358604750899e-01,1.733377651045326706e+00
3.964017588888547050e-01,-1.997292412282211105e+00,-2.920293750408424829e-02
-1.759917333810683271e+00,-8.530568306466861372e-01,-5.786892177076772281e-01
1.513791449253277355e+00,-7.770514207709051657e-01,-1.130170112225305390e+00
-2.045307666864643714e+00,-4.840956220075099195e-03,4.628807432665990595e-02
-5.830595862371095589e-02,-2.027951414070898295e+00,2.868524157304412348e-01
-3.932938616388751557e-02,-1.834568754137021029e+00,-9.186581322887037437e-01
1.768406711322928759e-01,-2.538502246321983069e-01,-2.031819557384019870e+00
1.565617013711712024e+00,5.401062462707723055e-01,1.222310551376484700e+00
-1.503760649195907018e+00,-1.408121965973521350e+00,-7.584313400409484207e-02
5.278923754468752838e-01,-7.861354888761882265e-01,1.834706452560310952e+00
-2.059486537100955861e+00,-1.316398336009087788e-01,-1.304410498048123590e-01
-1.882643848578327450e+00,7.536901977318409829e-01,4.200758907510476203e-01
1.483839289718062782e+00,-7.910263205723921942e-01,1.214257375018045426e+00
-3.985824752823253769e-01,-9.213292118725552315e-01,-1.818598259054051480e+00
-1.496304462359386633e+00,-1.436968660393314945e+00,-1.559873860521149846e-01
1.579398137599524521e+00,-9.389447797757060066e-01,9.824335347635255733e-01
5.899837733152721864e-01,1.760835511091602745e+00,9.517629985453954777e-01
-2.043096005063665288e+00,1.405712941256778148e-01,4.167592957957834687e-01
-2.002044927457097945e+00,-4.716788070442974878e-01,-3.876471181126667775e-01
8.927303197047714578e-01,-1.567242852292937361e+00,-1.068172929906108903e+00
-7.973711827701364108e-01,-1.777771922425495532e+00,7.818208707652266609e-01
-1.451212841970299650e+00,9.041980331880028476e-01,-1.223626751537542967e+00
-1.486251888993813886e+00,1.754037891141566052e-01,-1.481388705583357890e+00
-6.302953973351985706e-01,-1.796551564496785325e+00,-9.070574714500324598e-01
-5.455578995435715894e-01,-1.250060118887592386e+00,-1.612690229002168296e+00
1.708841472239049919e+00,-1.736654824196368907e-01,-1.234591484931545802e+00
1.239652043235609069e+00,-1.462964024184558731e+00,-9.005591308224973890e-01
-1.957305491532197683e+00,7.215281256273370358e-01,-3.871484437430307568e-01
1.353969827107946777e+00,-1.601240641918584950e+00,-3.433377225645423692e-01
-5.887378282371049654e-01,3.112476818752253349e-01,-2.021184255593614587e+00
-1.750257745057545833e+00,1.175603259105344023e+00,-3.112005891621044129e-01
8.417345886922313059e-02,1.799387544650798532e+00,-1.145015112784037781e+00
2.943499150553294599e-02,1.936082443303281497e+00,9.057259498756919935e-01
-6.893592112229228741e-01,-1.783433192988427729e+00,9.630594320873215874e-01
1.484698584242958308e+00,1.179006536134847405e+00,1.001344740541548317e+00
5.529079500736584496e-01,1.684294597112402592e+00,-1.211733402724137543e+00
-1.816517180179596735e+00,-1.021759177810293462e+00,-5.300324070929713915e-01
5.093318128025350333e-01,-2.092620685363516309e+00,4.465217720452616459e-03
-5.768802425264790701e-01,1.588008648344467311e+00,-1.340824038864868006e+00
-4.548346418532850377e-01,2.084350284293841060e+00,3.389452665293115619e-01
1.872760410240580820e+00,-1.017835972311872839e+00,3.701190522936511629e-01
1.242045578542146922e+00,5.819272641178947492e-01,1.677158439108734189e+00
-1.808102081553870089e-01,-2.081431921476145419e+00,5.857689042108884525e-01
-1.493141766446892393e-01,-5.469391899757852782e-01,2.097801415560102800e+00
3.542925606672270300e-02,1.429372899887322079e+00,1.640704032119318700e+00
-1.530998459240951182e-01,1.585738996448977423e+00,1.487400517736015670e+00
6.715714833644469417e-01,1.237659796876634077e+00,-1.667838894028272012e+00
8.101579024063402246e-01,-1.706159899517589285e+00,-1.100599931860377856e+00
-9.099061072752135937e-01,-1.289067344903777501e+00,1.517638773506722494e+00
1.252119886840318275e+00,-1.719573775791553238e+00,5.313559465461582532e-01
1.954024216117165702e+00,-3.333490634970926458e-01,9.444595630636272166e-01
6.832586298490912757e-02,-1.474149068579900579e+00,1.630289449546318936e+00
1.009503260815122649e+00,-8.596540467808059249e-01,-1.758365700499403772e+00
-6.480673222770951813e-01,-1.942264737070411584e+00,-8.197105502809675093e-01
-2.178053488759748024e+00,-3.159737952838344577e-01,-1.869291602752345960e-01
8.014694359796501466e-01,-7.762600899329284709e-02,-2.060277375344498729e+00
-5.212824398206112875e-01,1.541164216217173477e+00,-1.503547602253933801e+00
9.397909323255654312e-01,-1.051717782080406671e+00,1.712527290252009227e+00
1.540439128395612256e+00,1.010352137754368940e-01,-1.597945068206036767e+00
-2.006240249729225322e+00,-7.806763284788551527e-01,5.627515204583950492e-01
-1.654274816269955428e+00,-4.957333134221061366e-01,1.408317019478053878e+00
-2.187861659870911080e+00,-2.032046079571305786e-01,3.902882051248459661e-01
1.509485226510576705e+00,1.638262844602649482e+00,-1.804449709380705202e-01
2.002100135126789748e-01,-2.225660058134645070e+00,-1.267023006067156121e-01
2.949995187026573373e-01,-7.195235086427521631e-01,2.102304451137726016e+00
-1.685457682979392802e+00,-1.228949148913152933e-01,-1.477602193019668997e+00
5.876808244045451657e-01,-4.277360514684838168e-03,2.169926689812387455e+00
-5.710703976359836620e-01,-9.291331047315747327e-01,-1.969614884755555462e+00
1.401365277002380338e+00,-7.318430669943704059e-01,1.607554370326963467e+00
3.100033109966713885e-01,2.132120905516323273e+00,6.756476068336052521e-01
-1.587690893428534171e-03,-2.212617966458555241e+00,4.666752485705522591e-01
1.330303370541676244e+00,-8.419003234764522725e-01,-1.627858302179979288e+00
3.363875198088427387e-01,6.947893949994188301e-01,-2.132493931554682920e+00
-1.646885424966936795e-01,1.790685040014269314e+00,-1.387361353075860393e+00
1.547479702196921936e-01,1.938057879655220583e+00,1.180463131392772924e+00
-1.463559996804382202e+00,1.701539647405867495e+00,3.890494307018092512e-01
1.173549867141030933e+00,1.627677217444372992e+00,1.084980386846212896e+00
-1.340017847081071745e+00,-1.443670579104446364e-02,-1.850146853525969304e+00
-1.734817425915491373e+00,9.754565274720693457e-01,1.128269447479763210e+00
-1.292166112349097062e+00,2.191088040672521386e-01,1.879263355552933668e+00
-2.038934557968660410e+00,9.858416933827346407e-01,-3.680531690308433412e-01
-2.960132977370863450e-01,-1.925480312214278733e+00,1.218526123019636476e+00
-1.705979397040982892e+00,-3.498546447623757660e-01,-1.504153616013700123e+00
9.282706553061621513e-01,-1.131579985612091832e+00,-1.780015472240963792e+00
-1.988469301568996928e-01,1.627320397790498196e+00,-1.624287703200537614e+00
5.743398805251438421e-01,-2.685612676843168733e-01,-2.222492607762101002e+00
8.938350298853258158e-01,9.585808544993340563e-01,1.907648834725034437e+00
7.861768975759055866e-01,2.133716417954017786e+00,-4.490380448894770726e-01
-1.212411426554298677e+00,6.189374717123327097e-01,1.880153656749976143e+00
-9.791254702778254826e-01,-1.396727478369239606e+00,-1.579256638636795218e+00
-1.249706959478200652e+00,-7.685909763681554319e-01,1.807402728600085773e+00
6.881054309979118822e-01,-2.189902711755223663e+00,4.070564142376580374e-01
1.249187127090740201e+00,1.454402998968194138e+00,1.332212621562182786e+00
-1.539682767827049936e+00,3.926291857691047854e-02,1.759007410468747423e+00
-6.808366338002882490e-01,1.873352113957622356e+00,-1.228432018623723199e+00
-2.077345633166330696e+00,3.022994088504247223e-01,-1.044546762214261237e+00
1.756646019679995563e+00,-1.510528872094720310e+00,3.823043481154082546e-01
-1.624568300614692928e+00,-2.231537728790844999e-01,1.685380347743044460e+00
8.321564533612872960e-01,2.493247823418436870e-01,-2.188785665591574947e+00
-2.254894685509094110e+00,6.647799628543282768e-01,-1.867795370559224288e-01
-5.958159644953954226e-01,1.423687223581949546e+00,-1.787585576765091444e+00
2.252987729493841074e-01,2.217918201448490390e+00,-7.895787979812327606e-01
-1.366616133522836840e+00,-1.838032452600685041e+00,-6.028264593064280863e-01
1.617290477657427950e+00,-1.532013451199246479e+00,-8.141207060211301805e-01
-4.004181210686517667e-01,-1.166634616202673058e+00,-2.029836209725752738e+00
6.040475029684680974e-01,2.190467779782898639e+00,-7.033773622948794602e-01
1.152608028906587201e+00,-1.483988708917750809e+00,-1.463976437879038306e+00
-5.032038552673776532e-01,-1.497724596696621058e+00,-1.787117998621291504e+00
-2.257515169174709513e+00,2.044152925114550712e-01,7.538495196060582826e-01
1.763307029306427243e+00,-9.350216406059929097e-01,-1.318800421646336041e+00
2.006552069822465700e+00,-1.266056916223645690e+00,-3.315710015435777147e-01
-7.130601236953378885e-01,2.283198275276294709e+00,-1.844377272751589747e-01
1.892595754400886454e+00,9.595395311455119369e-01,-1.126607362634071352e+00
-1.941796198412982122e+00,1.412468921879405981e+00,1.506237294795494674e-01
1.947867389334508426e+00,-6.399508549658674550e-01,-1.265342030180625077e+00
1.121417609459357978e+00,-1.045333801706957999e+00,-1.863072259166301370e+00
2.194547142536870332e+00,4.868070683969103474e-01,8.859350107355142834e-01
6.171284109234518311e-01,-2.304444654740200882e+00,4.039608400203725802e-01
1.254740739101727343e+00,-1.565695869898153791e+00,-1.358438175940273274e+00
4.079120817707425350e-02,-6.205710378018517437e-01,-2.345427962392952814e+00
-9.391156130672256852e-01,2.229241350710338576e+00,2.303463835832541551e-01
-1.496515383804654320e+00,1.916219880776194096e+00,-9.902065460272846398e-02
6.743461779191020078e-01,2.235801742420443716e+00,6.960566142297333059e-01
1.726145468093290392e+00,1.508165181579979697e+00,-8.370957254208020171e-01
-4.876823696282603926e-01,-1.247363044996635306e+00,2.044011090378602180e+00
-2.064958675202962779e-01,2.300029394097225843e+00,-8.098471344110930170e-01
-2.298035652119133854e+00,1.163964548688277423e-01,-8.432367096541391049e-01
1.594126731492939042e+00,1.685645641253062932e+00,7.999355083548153056e-01
-1.973201481338298091e+00,-1.467228591562561857e-01,1.457565898376842251e+00
-1.288779496268159797e+00,-2.043187835860747370e+00,4.701392804327155228e-01
-1.794823429265581582e+00,-1.660751026928885210e+00,3.069253042023733502e-01
7.828816499733566303e-01,-2.216025630786446765e+00,-7.530879157323918660e-01
-1.059267188262705384e+00,1.820407347130225117e+00,-1.293077541845974565e+00
1.976290959005309267e+00,1.382248437052361556e+00,5.557389960828288400e-01
6.582376553966446942e-01,-1.402696702999920664e+00,-1.934318806707434391e+00
-8.931817439471030351e-01,1.014330211571436990e+00,2.081601496947760754e+00
-1.867906226342016307e+00,1.639052051973165280e+00,-3.817858908976545784e-02
-1.083975009758057384e+00,-8.747421608271955806e-01,2.062572331247253921e+00
-1.222759139139623086e+00,-1.636183001797177905e+00,-1.428125242057441957e+00
1.697302363701304717e+00,-4.787447172516067773e-01,1.766119925585558414e+00
-2.904920643551246462e-01,1.336849966396429723e+00,2.091681577007037163e+00
2.301078865701187137e+00,-9.828427769715423201e-01,-5.704634980450097592e-02
2.503123382448706913e+00,-1.213931740503759460e-01,3.724391545673203657e-02
-7.578752417508601846e-01,-2.119953137573006963e+00,1.109398463070245366e+00
-3.179883721305995503e-01,1.651606852849185625e+00,1.867632084880390231e+00
5.692499508700902267e-01,-6.830843104331719706e-01,-2.354568172493818334e+00
1.546341177509829856e-01,2.330559173318080823e+00,-9.470649967214611609e-01
6.837433498015162980e-01,-1.798160252543666626e+00,1.633772620098278283e+00
8.493151934869942465e-01,6.726027136785064364e-01,-2.283452518006281462e+00
1.137776066440829625e+00,2.094143903089769942e+00,-8.519040515621022491e-01
-1.529876923764060148e+00,1.792120979476399478e+00,9.334665003359391422e-01
-2.077997983065180687e+00,1.446942775185970476e+00,1.725357524030377010e-01
-1.148589462561500740e+00,-1.466502328061420224e+00,1.729030790536961959e+00
2.136626549450133083e+00,-3.813643496196610361e-01,1.329213728926005089e+00
-1.275178846711326974e+00,2.183014826084566984e+00,3.221997564427213079e-01
-1.260806077902562050e+00,-1.799572371588755271e+00,1.298237830317862107e+00
8.282906728010762665e-01,1.074762887570208658e+00,2.165742419545801489e+00
-2.163520242817927208e+00,-6.804132682781848240e-01,-1.185742749065929358e+00
-1.378082097816600293e-01,-4.438563297494974025e-01,2.520308644362614370e+00
-1.166915511930211258e+00,2.256569954787966736e+00,3.638448656480014476e-01
1.443705336618896551e+00,2.124987510309161998e+00,6.777861339721007183e-02
1.962949814970472051e+00,-1.424072009913165682e-01,-1.658103674799493277e+00
1.050439320171121738e+00,2.058927368104523481e+00,-1.139519258382331701e+00
2.380392627028692587e+00,-9.131523113283935844e-01,3.992274073133540990e-01
9.458081619825471353e-01,-8.237760552646486989e-01,2.259373659094456421e+00
2.512445256762070311e+00,-5.559532589678966019e-01,2.737438975442979538e-01
1.575776715683026463e+00,-1.825896486419445353e+00,-9.475986045941631186e-01
-1.968789023951501016e-01,1.517478605962851113e+00,2.095701354388820548e+00
-3.223982685459750308e-01,1.772740366805436674e+00,1.872301325282133888e+00
-5.420943597749652287e-01,-2.507700576708059792e+00,-4.338991840384702758e-01
1.436375481879462956e+00,1.061785478414299488e+00,1.897053232256853628e+00
9.217608015569708213e-01,2.424379241256775064e+00,-2.843139906886345547e-01
-8.031803071667422689e-01,-1.631957355668516962e+00,1.875758071155510853e+00
-1.176370010284928602e+00,-2.232066723877165870e+00,-6.925926714553232166e-01
1.089717027121154924e+00,4.272301018303308884e-01,2.344032163108896061e+00
2.231068196409778714e+00,1.060248815958845015e+00,8.840740940588599495e-01
-5.110905813544879273e-01,1.333343270275938242e+00,2.205286382034505888e+00
2.587306054599803229e+00,2.026895897654478612e-02,4.761410187121502546e-01
-2.285716432126396302e+00,-1.295674234410777226e+00,1.923853137369508637e-01
-1.902995076837212141e+00,-1.822549167690068694e+00,-1.275123136546516822e-01
-2.548474207432176453e-01,1.421708547197730210e+00,-2.211837798840208258e+00
-9.283140703492428480e-01,-1.631295225770964086e+00,1.864047632953037548e+00
1.378016684314276930e+00,-3.967734694939163975e-01,-2.227191864331084403e+00
1.587097173233753544e+00,7.295284746621936156e-01,1.996214890985125168e+00
-4.093233230257553035e-01,1.786326274507096468e+00,-1.922685286038448904e+00
-2.176533793305335696e+00,-1.264668020945170390e+00,-8.589799044658367189e-01
1.521641239097435427e+00,-2.158554234773216507e+00,-3.451525847573717609e-01
7.571739550699824184e-01,2.131861792264281963e+00,-1.412487872650260101e+00
2.457745901728591864e+00,-1.005006080079922759e+00,-2.866181982180192045e-01
-1.075635979751010440e+00,-2.305567070509033201e+00,8.243456053961628616e-01
2.595700357373166955e+00,5.071507223621208454e-02,6.568594088671535491e-01
5.142817762992354241e-02,-1.313266019304959453e+00,-2.337508458712771908e+00
-1.272749488531381923e+00,1.630858340496647574e-01,-2.358892688517792546e+00
2.309394326462252067e+00,-1.315162928156832445e+00,4.093349195634120030e-01
1.855034080426214649e+00,1.117678166059771216e+00,1.599951821282426190e+00
-6.562976254541752485e-01,-7.404526267618963820e-01,-2.508174508503966837e+00
1.041492655359279373e+00,6.150332998984376909e-01,-2.413864280662961548e+00
-1.419807939538518582e+00,4.925776612427251733e-01,2.247453544969178374e+00
-4.132039714562065202e-01,2.103243754501702867e+00,-1.653791883867713919e+00
-3.253860612492656679e-01,-5.749958954723085602e-01,-2.629222564430822473e+00
-7.128582309612996326e-02,8.451930297421476057e-01,-2.578725788932567653e+00
9.674948829503194903e-01,2.090163355457476113e-01,2.531703219459787935e+00
9.717544489084594117e-01,2.469870745994272365e+00,-6.039261374231330581e-01
2.535492166071411368e+00,-2.064725108685843968e-01,9.787886131010696822e-01
3.141397870122196179e-01,-2.709689390055863178e+00,-9.168314677595787443e-02
1.077832991757596282e-02,-2.687551721392337889e+00,4.966160710548909729e-01
1.256461896569405212e+00,1.255759728746616011e+00,2.081889748289243780e+00
-1.639154887863473409e+00,1.071601217736957157e+00,-1.917027978405136945e+00
2.702440588907511376e+00,-1.754610022447048168e-01,4.432687000342171446e-01
1.379989724522271866e+00,2.373129734880627062e+00,-1.212088593444670542e-01
-1.859139892051253629e-01,-1.529790453147285012e+00,-2.279556712872587543e+00
-7.619522961024292051e-01,2.646628212069706443e+00,8.017344681254789940e-02
-2.238198879888597670e+00,-1.113930595472440110e+00,-1.166939345263158012e+00
-2.566367407219387609e+00,8.597211340687322956e-01,5.543363683410680309e-01
-2.362235341182886028e+00,-7.763308635014001813e-02,-1.437720758664386311e+00
-1.327752065886180333e+00,5.419049047295357857e-01,-2.370074888165153215e+00
9.442476785621328750e-01,-8.893176451917684799e-01,2.451941014950210107e+00
-2.649166467080169340e+00,3.667135995177103758e-01,7.501003043448695173e-01
2.010880905741374125e+00,4.069519763309382976e-02,1.921110992044657628e+00
-1.639044165501417349e-01,1.663363329197284912e+00,2.227806529984863726e+00
1.661202156694327803e+00,1.844450849208943755e+00,-1.271226431986858474e+00
2.729841228234419770e-02,2.684192296075882833e+00,-7.699767754363135985e-01
2.146098597030816901e-01,-2.121004629873672886e+00,1.809617315635090762e+00
2.226199860418220045e+00,1.155349571348218474e+00,-1.244835427310389431e+00
1.822553085220377067e+00,-2.281276139772117073e-01,2.118418831152522941e+00
1.510856149156580841e+00,3.378069804956268518e-01,-2.342159883002307375e+00
3.131478167691253978e-01,2.783749900996548732e+00,2.372891533957313392e-01
-5.455965127894176758e-01,-1.601961082927958174e-03,2.761723658094207057e+00
-1.981388699879840232e+00,1.413777051643223981e+00,-1.421738218561254374e+00
1.519175440933197008e+00,2.367501145671432550e+00,2.330395465015800971e-01
-7.172361983160523424e-01,2.575651452390196550e+00,-9.166013855076556860e-01
1.641360477109955696e+00,-2.303503020583065997e+00,9.861759756664031928e-02
-2.195937844868122824e+00,1.715492863270070778e+00,-5.159971552281100715e-01
2.038395151413516515e-01,1.725695745364925981e+00,2.243474561450052196e+00
1.574902671061696457e+00,1.960209735363883876e+00,1.323443658177589466e+00
1.223012996651074297e-01,-2.415522467146516306e+00,1.498690559889844343e+00
2.568677138719163811e+00,9.611124050005058761e-01,-7.717016192702967903e-01
-2.457667401027033183e+00,-1.340589343406192402e+00,5.492573915271699025e-01
2.607855433787806820e+00,7.029118549018503748e-01,9.304162255473378274e-01
-1.602669645760125494e+00,-1.815721386139552473e+00,1.522169253729511063e+00
1.501373067324858646e+00,-4.975167008564085891e-01,2.387995107044601717e+00
-1.541280280112962142e+00,-1.035609223289492453e+00,-2.185852632018332464e+00
1.196118968015833506e+00,-2.610120777175359397e+00,-6.646759009874368684e-02
-2.674807824048374139e-01,-2.593488040119595439e+00,1.213274991449277085e+00
2.758951573294483151e+00,-9.098180407430588035e-02,-8.195315031422663044e-01
-2.706618060347215415e+00,2.794723484502034117e-01,9.538584162811245548e-01
1.043243860306492382e-01,2.832916239237541323e+00,5.472571626128284183e-01
-1.793910843277426892e+00,1.268607714657085939e-01,2.263555363828512856e+00
2.362213064479387614e-01,-2.836297429228261002e+00,5.288300710656923531e-01
-1.899231387712301045e+00,-8.228214369184579935e-01,-2.029317648212488834e+00
-1.364996201350002325e+00,-2.279853910475041712e+00,1.167709291363374868e+00
1.048509417069191985e+00,2.707637445260127063e+00,1.269548630508215148e-01
-6.092792312872399307e-01,2.532435387713035446e+00,-1.297954086529756967e+00
-1.163731949543802546e+00,2.581260236031356903e-01,2.659065102052002860e+00
4.647159469245161212e-01,-5.413457807697702462e-01,-2.829302736661063467e+00
-1.956741102984721925e+00,-1.158754587440758543e+00,1.834369818411259345e+00
1.853740909865430275e+00,2.152548556051364859e+00,-6.994133542153614380e-01
-2.775769600422425487e+00,7.792576454534764219e-01,5.190840372915305201e-01
1.834942486324705913e+00,-2.287517040045309979e+00,6.690467788210362199e-02
-1.277479397031761721e+00,-2.149620154877577072e+00,-1.540808134598817380e+00
1.526693257674025972e+00,-2.313957215837425085e+00,-9.820665204442793339e-01
-2.690534040660444770e+00,1.118082936078355516e+00,-4.281892793424032506e-01
2.002634979552035510e+00,-1.359820990575025146e+00,-1.683924638529441742e+00
-6.176614003188110047e-01,2.565791551950864502e+00,-1.324142316786624196e+00
-2.201605703928703583e+00,-8.669379930685571223e-01,-1.772689382941343705e+00
1.942309729552069486e+00,3.041586861674803188e-01,-2.213363683818802663e+00
-1.295706265993121331e+00,1.126941032480467175e+00,2.416244769973661999e+00
2.473545182863453373e+00,4.384409123348256276e-01,1.580985247384078640e+00
1.568580533423972190e+00,-5.790450309227632708e-01,-2.457145355776197526e+00
-1.427760216989010678e+00,-2.201546826796934919e+00,-1.403985175530775731e+00
2.664786507742020749e+00,-1.333184758125477876e+00,-3.527086790096543162e-02
-1.586251348379383419e+00,2.365732507199525880e+00,-8.888813028763967727e-01
2.162194944672635177e+00,-1.037942424472060976e+00,1.781547980178835866e+00
2.203677266231458987e+00,-2.022827213479033048e+00,-4.101946024909522426e-02
-2.221689506332936936e+00,-1.783773542259078360e+00,-9.248705228431433056e-01
-4.485157082299504050e-01,1.946566325599415670e+00,-2.237483691820351339e+00
-2.232825616784213096e+00,-1.428340334664180977e-01,2.003557124595247707e+00
-1.130756748951659230e+00,-4.795875051184157467e-01,2.745017581277419350e+00
-2.923941086175839477e+00,-3.685974733143591586e-01,6.181224144675396825e-01
-2.496728533464878108e-01,6.103519201704233899e-01,-2.942140403789102354e+00
2.107781301457164247e+00,1.422001149987609514e+00,-1.627870733700179873e+00
1.526648666578517055e+00,1.148912822213010054e+00,-2.342631625238451587e+00
3.871899760123214684e-01,2.799887387808420058e+00,1.083112564086269991e+00
4.248281464096906324e-01,-2.763305834809909101e+00,-1.170457182755608505e+00
-9.578485897818450612e-01,-2.671725569016227375e+00,-1.074550079847547579e+00
2.586369246160308499e+00,1.390772630805030996e+00,-7.814650412452326389e-01
1.152358281426601183e-01,3.003755848695202513e+00,4.716542954377723751e-01
1.974858974449675397e+00,1.908152621998163045e+00,1.319571075567820273e+00
1.845782343653157853e-01,1.580281404782257315e+00,-2.602915963272649069e+00
-4.379495272007549733e-01,-2.850924549304880706e+00,-1.005564018275328708e+00
8.710883827118859335e-02,5.012197104314182194e-01,-3.015986076901060464e+00
-7.524410012485011068e-01,3.209624076908020873e-01,-2.951287941164782325e+00
-1.705682470132772854e+00,-1.660125328429183034e+00,1.933461119344605184e+00
-6.332240138762065262e-01,2.825852949484202181e+00,-1.020603394007588705e+00
-8.785216537331058673e-01,2.126900410940718356e+00,-2.038873143570171464e+00
-1.349267235839834989e+00,7.336576247531457762e-01,-2.668004266413809944e+00
-1.454859297227792725e+00,2.370894836450121446e+00,-1.328092629374397537e+00
-9.605705350763781292e-01,-2.456955987272977371e+00,-1.602147846730011649e+00
-2.327588634371485554e+00,-1.261612697830610585e+00,1.594221377506828130e+00
-8.256306706314640032e-01,-2.854835896625144809e+00,8.624657603843270959e-01
-1.083539830526705661e+00,-2.285532683905461049e+00,-1.789597692604344203e+00
1.537742504464364224e+00,6.056108352391371685e-01,2.625603099683028407e+00
-3.003813803822720008e+00,7.843477708059043430e-01,-1.095104788159831782e-01
-2.898968083170433196e+00,1.126225771902261696e+00,-5.125820614634257755e-02
1.782578265021002695e+00,1.989257554521141280e+00,1.601651288207852852e+00
4.220647001696333778e-01,2.875683791242356069e+00,-1.130205846983196372e+00
-3.051853761140605137e+00,6.242235973648018188e-01,-2.160825172289982665e-01
1.077764385696534877e+00,-2.801123761788313793e+00,8.760356362132063479e-01
2.093817947025275128e+00,-1.426704148400891992e+00,-1.838737344950190034e+00
8.542235318295319235e-01,-2.103201467108578360e+00,-2.161623814067614724e+00
-5.723143894165477752e-02,3.108358271246426163e+00,4.311816582942700760e-01
-2.716776830208063931e+00,-7.230101555207272268e-01,-1.404574927042867794e+00
2.208266105009212499e+00,1.766005518340089120e+00,1.380817457040901308e+00
1.297844150231371563e+00,-2.481660355531727813e+00,-1.443713639744515609e+00
3.069448928980011981e+00,7.091523143465412460e-01,1.687081229901175039e-01
2.426340435908138637e-01,2.921263259395227241e+00,1.177204281058734869e+00
2.314746203094393717e+00,-2.058913194970156901e+00,-6.379070504721556789e-01
-5.640822318174033567e-01,2.625854618209675806e+00,-1.678240490238815052e+00
2.309942890474580429e-02,2.464160592695604279e+00,-1.995725349657730519e+00
8.448278469744009422e-01,-2.355345498612898769e+00,-1.954471136924725627e+00
-7.632353804422279397e-01,2.403046821293485902e+00,1.936501994525025472e+00
4.629086469125391901e-01,-1.267524975059840298e+00,2.883090658606460188e+00
-3.056308378495439459e+00,1.473236558155570086e-01,-8.923896615626050188e-01
-2.427285752935610663e+00,-4.756645941223129892e-01,-2.016714076220205598e+00
2.733410377512463629e+00,1.373869994997794830e+00,9.231127512911841970e-01
-1.065137890975898172e+00,-2.635601463130607947e+00,1.468471860807658569e+00
1.653485752566100642e+00,-1.890660516914087097e+00,1.988693534942545638e+00
9.169523406691313383e-01,7.503264046501091356e-01,2.980934365155361476e+00
1.865685122485508884e+00,-2.425539119354171547e+00,9.757267086751100216e-01
2.030986184881275580e+00,-2.346274072911775921e+00,-8.441062269967426479e-01
-2.946379918418546406e+00,-7.836825200695205496e-01,-1.036110063901946043e+00
1.574896888496703395e+00,1.318142596932004640e+00,-2.485459282893061950e+00
-1.935118044443365548e+00,-2.581283164133465480e+00,1.188724710860556422e-01
-1.718268953074318262e+00,-1.992458973343322004e+00,-1.877785423748686400e+00
1.263450618442526263e+00,1.392338010873838572e+00,-2.634415832191269402e+00
3.659022718555852149e-01,3.069697135408131938e+00,9.720243787238409539e-01
1.342717548817835782e+00,-2.930171646029089860e+00,3.737831459743940488e-01
4.535792890357270152e-02,-1.040427739403002386e-03,3.248578512461044010e+00
-3.049926470552823954e+00,-3.872197764639093709e-01,-1.063107605072823647e+00
1.587797279297248565e+00,4.614474725043730685e-01,2.806257147169820332e+00
-1.560627105509284185e+00,-2.138566797823515664e+00,-1.904486854544192642e+00
-3.084946586155842052e+00,-9.565207232391943482e-01,-4.809438844254751433e-01
4.238551548552829118e-01,2.207810672874024771e+00,2.374057683683031161e+00
-8.265094305562329380e-01,3.167267561211746241e+00,5.180378420667645922e-02
9.501297271021252877e-01,-2.926831397984703820e+00,-1.129384178872706812e+00
-1.415561153467845390e+00,-1.450583095646969800e-01,-2.957534699648570520e+00
8.708943976743140913e-01,5.890782992174908861e-01,3.113474587202595512e+00
2.934140052467447912e+00,1.476171775789300922e+00,-1.957519570042105250e-01
1.162129222797226413e+00,-1.958295513303065283e+00,-2.380873310257058950e+00
9.181132314448972043e-01,-3.144522813953382290e+00,-3.880328806054368362e-01
1.517574074981550947e+00,-1.484246197020035574e+00,2.530428303580051441e+00
6.936504534077437834e-01,1.389596719328652641e-01,3.230517454844851866e+00
3.153703639720086827e+00,7.382924583293511978e-01,-6.880831536075139310e-01
1.980606274479971063e+00,1.041155443065847619e+00,2.446489457440843118e+00
-3.231255944182250595e+00,-3.813359173585773032e-02,7.598959531498818976e-01
1.459659930868187461e+00,-3.948502516194092871e-01,2.959940965153161851e+00
-5.458674768336956307e-01,-3.272400679322934547e+00,-2.628672205216189828e-01
2.502216511915039909e+00,2.159393731268808292e+00,-4.237680452619945193e-01
-2.685763181730076443e+00,1.976883047237205204e+00,-1.014313002405324848e-01
-1.333990069310080351e+00,-3.062697817333830841e+00,-1.101382093929348382e-02
2.233302930750895310e-01,1.857579355911165964e+00,-2.772623424815594095e+00
1.276077907165757752e+00,2.915572838657938703e+00,-1.042682741395756230e+00
7.955971223929046987e-01,5.782785681406008710e-02,3.257004281462822171e+00
-1.057118665492119969e-01,-2.749558907496376658e+00,1.923921765050573107e+00
-3.287722306256217308e+00,-6.113408882471650374e-01,3.438848706078515005e-01
-2.548229606054766005e+00,1.910652617507852813e-01,2.190794537573042433e+00
-3.075842998015732022e+00,7.306583150681086325e-01,-1.167646129835831603e+00
2.743473214121867620e+00,-7.509606044923586854e-01,-1.815502900291315447e+00
9.146373900979362093e-01,-2.299776410194184884e+00,-2.299942136309787610e+00
-9.560278875808944088e-01,-2.681228305505538145e+00,1.827835299005557301e+00
-3.022065877263084843e+00,1.136262630320481914e+00,-1.024075968032785777e+00
1.023904496126499808e-01,1.059245982711761513e+00,3.220098050822770563e+00
-2.673621813722725449e+00,-1.032759721134466346e+00,1.820863168728826365e+00
5.318026130998514400e-01,3.335868591073138933e+00,-3.853416560883925479e-01
1.610835622559217306e+00,2.765974174066385238e+00,-1.158840165138658840e+00
2.886373132151581977e+00,4.170604920255829851e-01,1.764165670351504067e+00
-1.056931117954484467e+00,-2.098954521264189965e-01,-3.238105369027103997e+00
1.642659603409069247e+00,1.737632497522591191e+00,2.440894517782465023e+00
-4.826213001620147103e-01,2.003019270865542101e+00,2.731280425296061853e+00
1.511713892579598650e-01,1.174884149742901673e+00,-3.214186884144401457e+00
-2.031474162162881569e+00,-4.454241872268672742e-01,2.727320160112623348e+00
2.221949002437551002e+00,2.607835885062888437e+00,-2.347851906549890122e-01
7.211595468844954615e-01,2.471289779935012199e+00,2.279283090003200840e+00
9.353399959026975630e-01,-3.309275700729126690e+00,-1.608024365692809488e-01
-8.042038861370572889e-01,3.126627592599456218e+00,-1.207928205774071451e+00
-1.596577620959614752e+00,-2.418660694540833322e+00,1.874120535724969949e+00
-1.830402714240253692e+00,1.244460856598949672e+00,2.653674033454707093e+00
2.968793437566784821e+00,1.030219988985646040e+00,1.447671591529424706e+00
-1.626203819528493133e+00,3.014652131386175160e+00,5.177210122810699255e-01
2.992508198785595930e+00,1.379339172034607541e+00,1.083024920695769833e+00
-9.010404806807351674e-01,-7.260737530080920710e-01,-3.274378447565789330e+00
2.553197111916690076e+00,-1.654727703131538386e+00,-1.683366112848822649e+00
2.627763865945450306e+00,-1.954196531808180204e+00,-1.181840247225142138e+00
-1.807682833971100411e+00,-2.333114861163837261e+00,1.854671713958868873e+00
2.002074656293640231e+00,2.536354559523213315e+00,-1.319011506345826756e+00
-1.907721554352282300e+00,1.594787181172010460e+00,-2.455350073403020250e+00
-1.954008767449498807e+00,-2.747339273982663865e+00,-9.358605198430597349e-01
-1.854756931406957854e+00,2.143033265022865841e+00,-2.059022534614582511e+00
1.303319299501652928e+00,-3.199079612363445069e+00,6.083020469720622492e-01
2.531799851954287028e+00,-1.459169025330256719e+00,-1.947859475306247923e+00
-1.328259982767445280e+00,1.179137751896396802e+00,3.034686694204556723e+00
-7.926957800217757644e-01,5.552103726519110882e-01,-3.384970509767715630e+00
2.550829768986442314e+00,-1.571897755620578430e+00,-1.856827025310753276e+00
-2.230030231873045388e+00,5.362561540722150522e-01,-2.682463764380170979e+00
3.445765787784079492e+00,-7.740664606039852069e-01,-1.209004504061514940e-01
1.357853369125645027e-01,-3.285956618251540284e+00,-1.304643325034715140e+00
-1.608409727789385624e+00,-6.201957882788736720e-01,-3.094742004660441914e+00
-3.040080801550106848e+00,-1.022156438521907296e+00,-1.514342325105084486e+00
-2.562205575289832282e+00,-3.810919825747800527e-01,2.429226084825129028e+00
-1.108718033432909200e+00,-2.063379717275711123e+00,-2.675010606829427928e+00
1.663249431484312479e+00,3.147388871515213182e+00,-3.589835066011969056e-02
2.708927567535054148e+00,2.314052483794243997e+00,-1.093293627649731675e-01
2.296319491679171154e+00,-2.729973838219987847e+00,-1.031598162285978781e-01
5.237123550721980436e-01,-2.188102571842518440e+00,-2.775947139105355177e+00
7.823854424681310205e-01,3.428647463093063674e+00,6.570640744321460947e-01
-1.152162987985583475e+00,1.001723179985440693e+00,-3.240394162392914446e+00
-2.397008885398252520e+00,-1.099189241420111651e+00,2.430818867199320721e+00
2.731085488006320006e+00,-1.076621943715324825e+00,-2.067979256514705266e+00
-1.340330110250985030e+00,2.545566768769059074e+00,-2.156359055958293247e+00
-1.893426213908690370e+00,-1.422978333967309439e+00,2.710758954142793886e+00
-2.922591140793109332e+00,-6.548224705217263464e-02,-2.108138737052680511e+00
-2.990514816472766846e+00,2.885212282054764321e-01,-1.998912404831291401e+00
2.972378284390252201e+00,8.119645676564573034e-01,1.886748599119170366e+00
3.346228701611466683e+00,1.359658399312342780e+00,-2.008834808512677261e-01
1.137559452629783419e+00,1.839207806555670066e+00,2.905467984226467681e+00
-5.336376589686803174e-01,1.844131901332301815e-01,-3.582172579514724120e+00
1.604548530275964335e+00,-2.986385051198749530e+00,1.300000080347588183e+00
-2.480234378247676119e+00,-2.557293916064170336e+00,-7.239880984648887630e-01
-3.475754689762216909e+00,-6.540590106585391084e-01,8.598133325616944544e-01
-6.843370165954899553e-01,-1.546343436856234543e-01,3.576066413192648952e+00
4.554187573875284056e-01,-2.037784787866287139e+00,2.992175106336972590e+00
-1.643216512598432155e+00,-3.011069099329816812e+00,1.256606703841582240e+00
1.600602519719731553e+00,3.157907998279722239e+00,9.187970131149544306e-01
-3.464804588471943614e+00,1.106039209063993889e+00,4.279197527337939566e-01
3.595698208079125102e+00,6.967165422834225019e-01,1.724162479513499657e-01
3.132423583731408723e+00,1.446203594364540823e+00,1.254412674969690888e+00
8.665086396170834648e-01,2.059900290963351033e+00,-2.918239601750233447e+00
2.748524625177998004e+00,1.102927511040338704e+00,2.184581477205435718e+00
2.688490154668119470e+00,2.437953763313282174e+00,6.362296584458542181e-01
-2.670506490333819372e+00,-1.870472142837688700e+00,-1.726075690338217283e+00
-2.621260236388081921e+00,-2.073956224516491531e+00,1.571814244742438582e+00
-2.361872685543509043e+00,-2.818207438569809486e+00,-3.943662078918247493e-01
2.604323062516344933e+00,-2.333591243340588761e+00,-1.217186933072158084e+00
1.896630741768339901e+00,9.696164445263306675e-01,3.034110482286628052e+00
-2.566607208544421592e+00,-2.424720665094030725e+00,-1.144559929721071123e+00
4.595957684513404806e-02,-2.903577539405260755e+00,2.318949123922910083e+00
-1.775478363519072067e+00,2.977129136703047241e+00,-1.352215998186648838e+00
1.142655029479102691e+00,-3.362553383475508806e+00,-1.124928164973667544e+00
3.142476127527430219e+00,5.644701858009482098e-01,-1.928200291302498925e+00
-9.525200044574576308e-02,3.319074135678680815e+00,1.708898342080567456e+00
-3.567924233229077036e+00,2.536139252077954653e-01,-1.088690609756231442e+00
2.517732878328682755e+00,2.337979525391983504e+00,-1.486130942843272518e+00
-1.950299593942351528e+00,-1.410711079831181491e+00,-2.872989826165002647e+00
-1.040030034040576368e+00,3.049359060269023480e+00,-1.924004968462754706e+00
2.590176704807992447e+00,-5.539959726279328027e-03,2.721631271987257961e+00
1.415463702993593698e+00,1.838546621581088170e+00,-2.960891327696431485e+00
2.218756342591583941e+00,-4.718800307090044721e-01,-3.006581999072420963e+00
-3.989725821372026859e-02,2.940663116887910711e+00,-2.360187087993042887e+00
3.593302483910349121e+00,-1.144783955300085587e+00,1.782742271985087168e-01
-8.263444224037549968e-02,5.569870714042221005e-01,3.737874230869609793e+00
2.629388966965774621e+00,-2.630319543398233595e+00,7.008591533314800781e-01
2.969277048596485002e+00,-1.276696574215697710e+00,-1.977798392823350682e+00
3.094053872908928859e+00,6.819885237892323038e-02,-2.194373389130487073e+00
1.834381566901042981e-01,2.433785365060236572e+00,2.910507651279926833e+00
-1.664196072592479814e-01,-3.799379355942194447e+00,-5.436488574176041519e-03
-2.696983388161952711e+00,-2.071582042796355605e+00,1.712571911701556315e+00
-3.260754669133752781e+00,-4.011286552872055933e-01,1.933852943799589497e+00
2.327843845995634098e+00,-2.775830989756721046e+00,1.201802373103306731e+00
-1.390325224437714668e+00,-2.442108535509592837e+00,2.589750848926116511e+00
-1.381040111977259954e+00,3.483709664070103962e+00,-7.717255412577561646e-01
-9.965508316577013082e-01,-3.288429219792746050e+00,1.693403512258781607e+00
-3.512163867572841269e+00,-1.288926729319548325e+00,-8.446139070534312010e-01
1.197650421495688899e+00,-1.858589163908987762e+00,3.139563218066996342e+00
6.239515444719311299e-01,2.922965748613171932e+00,2.418301973325125420e+00
2.150909131673429897e+00,-3.093375945298016738e+00,7.883965142459794517e-01
-2.515203693536808505e+00,9.496303433681764217e-01,2.761286952652039606e+00
-6.883163968700494184e-01,-3.627033631192551510e+00,1.122262845222261163e+00
-3.211425170786647687e+00,1.410393193048505411e+00,-1.619294065647211678e+00
1.803358241028398812e+00,-1.352685863144658107e+00,3.143045627176826340e+00
-2.966831904803341580e+00,1.880199348363371881e+00,-1.630782376127252631e+00
-2.964871633176674681e+00,-2.274595012719215603e+00,1.033739430713181306e+00
1.835371838754634277e+00,2.946693051126257679e+00,-1.737100968703684245e+00
-2.629324549043567050e+00,1.358186869958815324e+00,-2.519406940275676909e+00
-3.049281594066030721e+00,7.480697559417794906e-01,2.298717032099682811e+00
-2.146198309776903734e+00,-3.823947452849512652e-01,-3.228917005741926083e+00
-3.281237245553854986e+00,1.023653606831806950e-01,2.106620087011947806e+00
5.044764143609232754e-01,-1.900441495558047977e+00,-3.374209936630513162e+00
1.683198113250987671e+00,-2.023206694681400464e+00,2.891650705727169868e+00
-3.453171090938579546e+00,1.789286010577850750e+00,4.460984602185202319e-01
-7.075440635133242173e-01,-3.812115604698650184e+00,5.735369749788885585e-01
1.127926050896724375e+00,3.758497123928149275e+00,1.402707206942353964e-02
2.367827400121705672e+00,1.970080402054978919e+00,2.438830326164086237e+00
-4.080795138430569069e-01,3.898517528997798465e+00,-3.283710138754928343e-01
3.809931532262432974e+00,1.646415049110364071e-01,9.834965034031808440e-01
-2.602250704060350195e+00,-1.444946946862081250e+00,2.586039812353631451e+00
-2.954154487029158727e+00,-8.060727399028517759e-01,2.491527443980242396e+00
-3.075418692443603885e-01,3.241377752934344603e+00,2.240706346617938660e+00
2.117417715645866227e+00,3.296794801981244305e+00,5.540990227856201766e-01
2.322406153960605124e+00,-2.352171819634856220e+00,2.184169624688882649e+00
-2.094448287457593594e+00,-2.574846554584814928e+00,2.172083945846498665e+00
-2.234840598169661963e+00,2.464921939957283037e+00,-2.168372545235602633e+00
2.947179817824646886e+00,-9.952903178840880605e-01,-2.476589040967714705e+00
5.112933944459910895e-01,3.417524220479349228e+00,-1.976593766564025190e+00
3.047101005547808494e+00,1.203155151363499042e+00,2.270096360943145264e+00
-3.648070232476536390e+00,1.527793755087653582e-01,-1.609966845249942047e+00
-2.622182991144703212e+00,1.594749644710240499e+00,2.557883168216755987e+00
