0.000000000000000000e+00,0.000000000000000000e+00,-0.000000000000000000e+00
1.376616963467729333e-02,-5.440603427937110680e-03,1.989742426384047413e-02
1.766444128976429190e-02,3.073246574382850968e-02,3.510402814080149786e-03
3.658953955435460120e-02,1.629325456744692979e-02,1.858231209041047438e-02
-2.281486382844882810e-02,-2.399089048926428529e-03,-4.611651290487953775e-02
5.401547964080543295e-03,-3.333314252673621331e-02,-4.729158123591941515e-02
3.773654857403165030e-02,-4.680703531218777247e-02,2.245702188940010974e-02
6.742294729520467711e-02,2.033459403112401146e-03,1.814802297023124580e-02
-1.371218752594406849e-02,5.316530799445280675e-02,-5.139595525960823086e-02
-1.837969770283380544e-02,4.737297054452507122e-02,6.218434106144907214e-02
7.017842302241658614e-02,4.806742926437151953e-02,4.652015864707281269e-03
-2.628728341706303151e-02,-2.040407169895502772e-03,-8.593684724563471766e-02
6.793821725200041572e-02,-5.262294910558278777e-02,-3.915761645705571198e-02
7.318170320284547725e-02,2.736534741028553638e-02,6.054479808212388792e-02
6.027262495386959129e-02,1.143019915650270169e-02,-8.290113208106088261e-02
7.285877100775345339e-02,-7.609928436079682612e-02,-2.039992117158300616e-02
1.466909822860968174e-02,-3.733798564410357318e-02,-1.039203012439973706e-01
8.533940045019311471e-02,-4.663328696267058510e-02,6.210953983034333409e-02
6.838079832972064620e-02,-2.340299581023084358e-02,9.492550878720357188e-02
9.536979474648141220e-02,-7.446551698638653738e-02,-2.294145095693301412e-02
5.909186293943551049e-02,4.230381683364468903e-02,-1.040695618369990999e-01
1.432314287314932245e-02,-7.606134529173319558e-02,-1.052578675351597548e-01
8.131372926203096763e-02,9.591808273277362129e-02,4.719955506835653986e-02
2.920624430665518315e-02,9.778417214305841487e-02,-9.277920563212450900e-02
9.816163134300621984e-02,5.767125697320233529e-02,-8.400070078984490929e-02
-8.405054557774023494e-02,4.819143301103082262e-03,1.180567554217629433e-01
1.334947850896295307e-01,2.487696314234343758e-02,6.004070634059397588e-02
-1.170291860741484585e-01,-9.357284735613051463e-02,-2.498986139502498358e-02
-5.330390688370288677e-02,-1.484192228802089231e-02,-1.451145905443889661e-01
-9.445321268892855476e-03,-4.274518547415656622e-02,-1.525092804998483265e-01
-1.286830621055142787e-01,7.005428772517355816e-03,9.815588640452356517e-02
-1.500580739294573029e-01,2.287203850593821572e-02,6.543581961194178120e-02
3.363905307636006620e-02,3.592946047249653135e-02,1.612176878823276538e-01
1.341811202231984745e-01,-2.302412642655999112e-02,-1.047951324462649408e-01
8.920816666330777522e-02,-8.426022885887135550e-02,-1.247943437511597337e-01
-1.547187873869942387e-01,8.251525766670529671e-02,-3.180214492272263882e-02
6.518301945131300262e-03,1.788665234821007477e-01,-2.933531462174118754e-02
-1.046467841387172110e-01,-2.869118968409230253e-02,-1.492382533894358043e-01
1.467843698792697105e-01,8.351673589290493915e-02,8.177439498602399881e-02
-1.339293621568550807e-01,4.563625270317212684e-02,1.279108842753733377e-01
-1.251244293097592830e-01,-1.361522721253894119e-01,-5.807040336111558843e-02
2.282922361563837280e-02,-1.279077865050267937e-01,1.479207788859560335e-01
-9.161271884211591443e-02,-1.394063663313518248e-02,1.771521383769142088e-01
-1.371950942922256778e-01,-4.158042822654117038e-02,1.436601457080379229e-01
9.576287749130148186e-02,-7.879165223447105737e-02,-1.644448983912342455e-01
5.212313531295518360e-02,1.975662399554642401e-01,-4.375165253038629937e-02
1.943916595868098729e-01,8.205349432015936195e-02,1.991917735630717792e-02
-1.290592387417289488e-01,1.702274083935556015e-01,2.344726349513164346e-02
6.408140721663606321e-02,-2.079773314309566745e-01,-9.987130481049457525e-03
1.696772837007058388e-01,1.012148796927157396e-01,-9.856347005230325919e-02
1.064563963397660989e-01,1.519412024083529600e-01,-1.250235558107448408e-01
-8.414027576219294813e-02,7.100794588754504033e-02,-1.980914067440442683e-01
-7.709286694040851096e-02,1.056299441126633681e-01,1.886383017582700383e-01
2.266412751789573243e-02,-2.248869334540349596e-01,5.415389623546981723e-02
6.049225954561329027e-02,2.163360028396214274e-01,-7.004607963748922528e-02
8.553594470244617332e-02,-1.667150558754665057e-01,1.470200040017013432e-01
-2.322346222534797111e-01,6.406235688977286735e-02,-7.616526528499026859e-03
-8.278541263359308344e-02,-2.203961758876390176e-01,-6.362645097649939629e-02
-1.064228125843224571e-01,-1.396369613605149274e-01,-1.733344307287770225e-01
1.410142932752244116e-01,-6.131591533794245041e-02,1.965424768718211090e-01
4.539062238388320153e-02,-2.481860932903292571e-01,-5.751542299200444047e-03
1.218813361534589190e-01,8.719076818704134257e-02,-2.065433792578084404e-01
-1.269265664425036633e-01,-1.893425768191508429e-01,-1.208133350259631839e-01
-1.188669387393058025e-01,-9.940641833837064734e-02,2.097542880201840876e-01
-1.271411843885285053e-01,-1.874801821422689696e-01,-1.347472918629090133e-01
1.257701764953516876e-01,-1.361118735818367675e-01,1.913121001392268927e-01
1.269871139648020009e-01,1.833987610656882261e-01,-1.505660351633055227e-01
4.648172638179340344e-02,-2.336316316314021868e-01,-1.310894828715623850e-01
-2.077582323064533776e-01,2.668193391112230403e-02,-1.776593519152154799e-01
2.272956135514372922e-01,1.586901975049546387e-01,1.066025967231635889e-02
1.562391849957161793e-01,-2.009926985746950667e-01,1.169777731520796060e-01
2.544315894145279255e-01,-1.112415837818783171e-01,-5.410401121096124200e-02
-1.804174224350220679e-01,-1.064422053724214806e-01,-1.941999177249266184e-01
-1.874023730637175769e-02,3.476061555355123428e-02,2.856623188458132789e-01
1.340869354541782688e-01,1.381703478034212729e-01,-2.183401413259479507e-01
-1.860798290126570165e-01,-8.784401446456693852e-02,-2.097443195572676611e-01
8.662269641257275277e-02,-2.655821901755301973e-01,-9.950699676836294305e-02
-1.467029818140879460e-01,-1.267730705914821288e-01,2.279514347718303025e-01
2.032459504419873997e-01,-2.121988214666285788e-01,6.961119327314849170e-02
7.417101000155094936e-02,-2.613716891526628450e-01,-1.378636413572797426e-01
-2.467340574244795692e-01,-8.558515276543221528e-02,-1.620872212958710257e-01
-2.648711711384128028e-03,9.798304666654415740e-02,2.941615235495049219e-01
-2.689214247691405074e-02,5.495842394598429020e-02,-3.067100173983776656e-01
1.451456162459861809e-01,2.786302769893467257e-01,2.829472986763557560e-02
-1.580484308924718084e-01,1.958645111288069840e-01,1.945779419311342573e-01
-3.176687596592849272e-01,-4.422929705615979978e-02,-6.734467863813221530e-03
-2.167765367678164967e-01,-1.765126952004372474e-01,1.627593604579861963e-01
-1.115562899962138782e-01,-2.661915676378274198e-01,-1.518986817461738525e-01
-1.142602327602158380e-01,7.878680883844957350e-02,-2.980972410108857495e-01
-2.522772923892807051e-01,-6.728877791016343868e-04,-2.150382165190942163e-01
-8.851333325222749846e-04,-2.293046602824755364e-01,-2.430587615083991682e-01
-2.304997881137397508e-01,2.420960758703541160e-01,-4.127774189915815045e-02
1.148332602757660276e-01,2.575487911579225075e-01,1.890087768580172856e-01
-3.413567686686509450e-01,1.704129397890489367e-02,1.541868639719347865e-02
3.301648279768525374e-01,5.624600837031838718e-02,-8.187030680069252997e-02
1.863774759095433164e-01,-2.912567183188026210e-01,3.381026126304629426e-02
-3.459079445283046450e-01,-3.235538847246106908e-02,-4.310958121078022065e-02
2.559908069773368933e-01,-1.971738218700055389e-01,-1.414521695618000952e-01
2.501101435388098509e-02,2.051188133565974014e-01,-2.891204999838838940e-01
-2.100984126975701527e-01,-3.426625986016935965e-02,-2.878530438757490595e-01
2.306517973024595491e-01,-2.500785805057229028e-01,1.197199543220457962e-01
3.261580907907421500e-01,1.451230706212291166e-01,-6.739979204805386648e-02
2.119069730778001814e-02,4.751687198867717704e-02,-3.622131908220119767e-01
4.045830924734634959e-02,-5.768165907333385606e-02,3.617688074963151257e-01
2.550408778181632030e-01,-2.203348713472729481e-01,1.555491543150050726e-01
-7.258469865545104371e-02,-2.890242085084974710e-01,2.257125909498153837e-01
8.788021510964179328e-02,3.657061814925704479e-01,-1.610566883088839635e-02
7.310097728303667497e-02,-3.699397412111380956e-01,3.886651361643767705e-02
-3.752995971734362501e-01,3.441197998926616430e-02,6.062238025387441803e-02
8.958368475381589535e-02,-3.435180758051303851e-01,1.472796268957320964e-01
-2.628445078218630271e-01,-1.031192722044004390e-01,-2.646231891590549168e-01
2.932304894410978080e-01,1.187224241768411459e-01,-2.273876027983701420e-01
-2.325261165711355049e-01,-3.111696183443776187e-01,5.422467445933477209e-02
1.516249529537101737e-01,-3.474677221504246516e-01,-1.103417469415179791e-01
-2.431071283216823531e-01,-3.046666039377772250e-01,-7.780416799656428295e-02
3.077307989409057143e-01,2.306159978768329011e-01,1.103832914449912328e-01
-6.633985958092275884e-03,-3.241277580846259609e-01,-2.388868346751769622e-01
9.234635113520944794e-02,3.894430649660934329e-01,6.397209514901208705e-02
-3.197586707909051418e-01,-2.350792424375863776e-01,-9.438204212301078144e-02
4.080285511171738988e-01,-1.369979968335787585e-02,4.340202627559003323e-02
-2.768135874787460149e-01,-5.129987340145334557e-02,3.024193301404508594e-01
-1.979014225121078774e-01,1.457972231047105216e-01,-3.353544058239369408e-01
-3.013380661549570072e-01,3.357896760529539837e-02,2.883314959242987974e-01
3.725803864684653077e-01,1.876442799008260776e-01,-5.689422735238736789e-02
-3.657286179485645938e-01,2.094355332426149352e-01,4.304055263465207670e-02
-3.629856009384613280e-02,4.026662843854085516e-02,4.227970232563310060e-01
1.574933831742610923e-01,1.868412290505761797e-01,3.524474008319857243e-01
-2.449912509536985306e-01,3.329175581136596396e-01,-1.238078917255448080e-01
4.073365433124396806e-01,-1.237199251941055039e-01,-8.495499098588536746e-02
2.909470631508777674e-02,1.727267669858487398e-01,-4.000543094064634708e-01
-5.918606616458208652e-02,-4.138391979269511745e-01,-1.350916424602219279e-01
1.701079366968399342e-01,-2.235593437433103792e-01,-3.411817512968859933e-01
-2.758075440631845843e-01,2.410819019398046381e-01,-2.518904642873500688e-01
-2.949708479810507766e-01,-3.157502137666212683e-02,3.346142879364892297e-01
-4.444491624395963125e-01,-1.765465214600606125e-02,6.686566252387853015e-02
-5.594436522907889758e-02,-4.387907338755781539e-01,-9.492535435195509352e-02
4.962392188401321819e-02,-4.493290460401680453e-01,5.189264172944985098e-02
4.375709923948424285e-01,-1.672052765474108318e-02,1.330115033889575915e-01
2.623135122962558796e-01,3.675265300563268500e-01,8.920723412425655974e-02
-1.929089085962227557e-01,-3.728928184464994633e-01,-1.949237388293671713e-01
-2.726792887542793253e-01,-1.074681536357103423e-01,3.616420470998921166e-01
1.633632219144116049e-01,-4.081639826412774008e-01,-1.607710651480063757e-01
3.346803777327248680e-02,-9.913799005457260560e-02,4.589583803069311463e-01
2.294684839946245780e-01,-7.637220606593345118e-02,-4.069097036864218753e-01
-4.124493519809039888e-01,1.279583560677398923e-01,2.001580153929451156e-01
2.901101981242762418e-01,3.605687678869173296e-01,-1.219779833095877841e-01
6.523259019017893512e-02,-9.731066845719581193e-02,4.667370235661139621e-01
4.569375214819889064e-01,6.643375398956449449e-03,-1.589408532565406151e-01
-1.789252621684321032e-01,4.508749412742842910e-01,-3.661064921787156312e-02
4.328962632372530539e-01,2.275810023570470075e-01,-3.096112873387361821e-03
5.930752532811276595e-02,-4.790933908332994373e-01,9.342177572102541849e-02
-3.644673914161305484e-01,-1.905900735537109369e-01,2.742309897506065575e-01
-6.250117719079756329e-02,2.875242914922241863e-02,-4.921721549357985226e-01
1.547839641030611113e-01,-4.746863409160833047e-01,1.728729827086285253e-02
2.380780618142613880e-01,-1.389999315749531339e-01,4.197786920854560400e-01
2.955716285086617545e-01,-1.853803264024864450e-01,-3.648765025065709988e-01
-2.731170490494569947e-01,-4.274031077994452921e-01,1.608779160845615411e-02
4.666061074718116930e-01,-1.141244284488914656e-01,1.716281450630410821e-01
-3.229822499609261155e-01,-2.653310937601497388e-01,2.969433711104197404e-01
2.608000545580097529e-01,5.414826289430620804e-02,4.411931236686654767e-01
9.743287676228620797e-02,3.892479024894771600e-01,-3.275890365777164304e-01
1.876945708777714994e-02,-4.731282123860618416e-01,2.164618420432327384e-01
-4.417899492076350909e-01,2.488984844716702616e-01,1.291560045757835784e-01
2.626252429977763980e-01,4.554387135601998815e-01,1.343742492414182546e-02
2.150121030238401343e-01,4.738215027885299135e-01,-9.285527999309160785e-02
-2.017418066898098994e-01,3.777746744410196422e-01,3.142340440806509760e-01
-8.008109951124453563e-02,-2.462657763998866434e-01,4.668076193343756453e-01
-4.668848378069006544e-01,-2.200387159705202988e-01,-1.462829576020721056e-01
1.769377562639529861e-02,1.119641896470272985e-01,5.270593570546509010e-01
4.460212059657279321e-02,-5.322033173282784135e-01,9.093826556464824906e-02
2.947678964094702092e-01,-3.167050356497884689e-01,3.304295211126685450e-01
-5.386743876882778004e-01,6.925705978106462546e-02,-6.555262512976040012e-02
5.492748512757293922e-01,1.793462155008899647e-02,-1.203296341794845258e-02
2.817520515578383900e-01,-4.557027163700984596e-01,1.343178824987938114e-01
-4.209251647365299526e-02,5.217571866527040969e-01,-1.844586948554141903e-01
2.308409684944733864e-01,-4.011208224888498375e-01,-3.111181628896134144e-01
3.476972212137804941e-02,-5.458181595158658750e-01,1.217456829713712274e-01
2.046937222393818423e-01,2.985294042708250273e-01,4.311767246515785801e-01
2.513715062562008606e-01,-4.585159413448031684e-01,-2.156580206140569500e-01
-2.442471939615176724e-01,-3.292740473526286626e-01,-3.935364587661571711e-01
2.458102879096935034e-01,-4.577026746956123771e-01,2.367842029723244701e-01
-3.204287070613476979e-02,4.803349139853286265e-01,-3.118990909747932916e-01
6.783364138542412325e-02,1.647933175369045433e-01,-5.480287549874997000e-01
-4.267709401730645502e-01,4.772782719638755250e-02,-3.882819625970285182e-01
2.422094419696143586e-01,5.091023323197344519e-01,-1.428999385086497098e-01
1.496647125628833563e-01,4.311733931080027893e-01,3.647930531798386222e-01
-3.088322155247357204e-01,-4.984102958585599485e-01,-2.689166591179596721e-02
3.561591737662959944e-02,-4.121660745397244807e-01,4.201305343523839553e-01
3.279280394578644731e-01,-3.998376874543632664e-01,-2.888151699960575525e-01
2.255349481714249635e-02,4.738544650656726920e-01,3.591004008090437627e-01
-3.549035031425920028e-01,1.371729334243884935e-01,-4.608926982329203947e-01
3.880628877298688550e-01,-3.326577230201115398e-01,3.148853744550227929e-01
-3.973535681805639985e-01,3.757720660772282950e-01,2.540485940798070663e-01
1.556811409147496328e-01,2.268150393683376620e-01,-5.396282487049323118e-01
-3.512372865178503556e-01,4.967588877386515112e-01,2.280222609638377258e-03
-3.808696040699771079e-01,4.591755493382324582e-01,-1.323521722596989747e-01
1.465919079927601176e-01,5.040659316096675058e-01,3.180328201657826037e-01
6.841157832943151051e-02,1.052516042937163970e-01,6.035486707509676307e-01
5.727771879425570534e-01,-2.077330633926052772e-02,2.342078275118925912e-01
-5.329597896787367783e-02,-6.050029064413290358e-01,1.335518933403472275e-01
-7.430281054604881419e-02,-1.602006547149145144e-01,5.990689185108502013e-01
1.784983122515740317e-01,-5.788611397384313406e-01,-1.628117142401348805e-01
-1.389483249627739558e-01,5.714882654571862286e-01,-2.257034594981006947e-01
-1.639922931164117248e-01,-4.185361638656888948e-03,-6.110252123647686995e-01
-2.515530925763991288e-01,-4.876367163528540494e-01,3.203542926977590022e-01
-2.681987426190770574e-01,-2.877002006704558190e-01,-5.024374677598115735e-01
-1.104189071743252454e-01,2.548212122518512257e-01,5.774830014782248444e-01
4.121930682407201618e-01,3.935202291004567532e-01,2.988919986586942024e-01
2.576019330127964080e-02,5.751062945730731624e-01,2.935802496628198699e-01
2.542028916017732496e-02,-3.606755107574101116e-01,5.388759394212619958e-01
-5.183768184543128266e-01,1.029425597561810651e-01,3.812431810424595224e-01
-2.680123132253360851e-01,-5.311434903429438359e-01,2.725244046891336924e-01
-2.727043157299675613e-01,2.482575278198971558e-01,5.438634066617581420e-01
4.687869566143275102e-01,2.294044386003359359e-01,-4.037206748455163807e-01
-1.072712410095116031e-01,3.023598581863612411e-01,5.797054762667248617e-01
-2.249930600146974029e-03,6.649835375644178592e-01,2.014687670835147576e-02
6.764369288051169660e-02,4.173175249925103469e-01,-5.172325686705805392e-01
-8.631880619020758372e-02,-6.402581846792922970e-01,1.803906280108203142e-01
-9.102043130668495755e-03,6.076722579504936217e-01,-2.902673429897671964e-01
4.985248348450608824e-01,1.677263817257626244e-01,4.250222399312647559e-01
4.213469954158719499e-01,3.112462388519843803e-01,4.319876371364706480e-01
4.874885083124139706e-01,1.686206799775764043e-01,-4.457341807285796764e-01
4.817805938586790238e-02,3.952447189803812849e-02,-6.816363644477198003e-01
5.538657517964091781e-01,-1.784605869078157714e-01,-3.656076444687293980e-01
5.192344656713578088e-02,-4.979047895823667247e-01,-4.748375035279929213e-01
6.704690104462283085e-01,-1.644891099650387656e-01,5.745061883793523005e-02
3.136848633502219985e-01,-4.290555662203974219e-01,-4.485841732933145143e-01
2.090291861416066765e-01,6.344298130132677294e-01,-2.033903804050968267e-01
1.732710556471567520e-01,-5.278360870387890369e-01,4.275446299882024181e-01
4.256029412591917360e-01,5.210664179827314557e-01,2.065553853769054871e-01
-1.471836301371944600e-01,-2.829310240836249712e-01,-6.304792691385598946e-01
3.690173516217714611e-01,-1.600051125604280977e-01,5.842640668377009350e-01
3.153850067749202624e-01,5.531471150651314783e-01,-3.188140136693922155e-01
-3.857027668744145155e-01,3.580494465430383300e-01,-4.838147668647130861e-01
1.594521231435795383e-01,4.209898459897191692e-01,-5.588966157023187442e-01
-7.185230292064173074e-01,-9.985072686497328820e-03,5.145018337391654706e-02
-1.440147918355394741e-01,-6.727796184168270965e-01,-2.228633593139131008e-01
6.996033016207940936e-01,1.228708345722010070e-01,1.501221400443408238e-01
5.480750009186158289e-01,2.785348866246291633e-01,-3.913669901743340729e-01
-3.596181547789554234e-01,-2.825411063053382410e-01,5.710149908079075187e-01
-4.386245179071633360e-01,-3.517768425314753422e-01,-4.724095028625068249e-01
3.771523887640951811e-01,4.479276206229745871e-01,4.478191784712198809e-01
3.491660172913736426e-01,4.389026320710384121e-01,4.827093071437820737e-01
5.201285188971419560e-01,5.294816488033171620e-01,2.883667018713301916e-02
4.137159741919912981e-01,-4.664628740894400938e-01,4.088308562051893302e-01
-3.314612974321230476e-01,-2.852333589811766323e-01,6.073397222509148152e-01
-2.211985546815429821e-03,4.105153046652908200e-02,-7.500740105581763517e-01
-4.465124301421172226e-01,-5.693924045531892908e-01,-2.120260022884839779e-01
-2.822315497978244297e-02,-7.552540752359707676e-01,3.982252408617536349e-02
-6.333563508333320269e-02,7.139707829565806740e-01,2.515960325719679980e-01
-6.930897046276162099e-01,-1.417039626933788432e-01,-2.844437443802814713e-01
-6.339176202673171279e-01,1.257700280206812682e-01,-4.098872619193831834e-01
-2.214150817595103848e-01,-7.353927285897897681e-01,-1.364088026624151427e-02
-4.439613431802811871e-01,5.894805097847970465e-01,-2.231156650465971891e-01
-1.173749745655443127e-01,7.551937738049471216e-01,-1.210449080919038661e-01
-5.332845028935866150e-02,-3.763427865196520838e-01,-6.772488198609845078e-01
-4.382595586759804873e-01,6.310579570005739880e-01,-1.313628540449590931e-01
2.486076146430749312e-01,6.234141609036791820e-01,-4.019322230066124102e-01
-5.619369542157681696e-01,1.502620837683389110e-01,-5.273595376361049913e-01
1.282117395322935616e-01,7.026736255968389910e-01,3.327937917606754170e-01
-6.303751939357875589e-01,-9.997684536616005535e-02,-4.669829620638534795e-01
2.770084773752080620e-01,7.425928313960227234e-01,4.225701567903429601e-02
-6.215234230088042544e-01,4.584867476503484696e-01,-1.949491222599891715e-01
-1.585078188815777223e-01,-7.637084846245942860e-01,-1.752013386035162767e-01
-1.490435932295559596e-01,-7.881410872118673749e-01,1.661209247589996024e-02
-1.939272486758135683e-01,-5.692253463086425214e-01,-5.353856026257487466e-01
-2.900117244549723083e-01,7.507308051222846279e-01,-7.202417809485754663e-02
2.481181385136693174e-01,6.550629814461423894e-01,4.084976176812530890e-01
1.368687965441850729e-01,-5.950628135166713406e-01,5.379390929666040266e-01
3.536802199083490805e-01,-6.778487700015481954e-01,2.869408188419592665e-01
1.713533794560553047e-01,-8.009492558619273339e-01,-2.712937764573145408e-02
8.644126053232449591e-02,-8.142407347615051583e-01,-7.676794756471076731e-02
-5.591065331540127081e-01,-5.596964347907988913e-01,2.350544885884278956e-01
5.822352034851679958e-01,-5.293811916717658939e-01,2.581623915669129521e-01
4.998983940063768117e-01,6.587173308173984720e-01,-8.297195579931161691e-02
-8.070976044703964680e-01,-1.787555141134017089e-01,1.102467370907561917e-01
-7.666982127897389310e-01,1.359617037440568332e-01,3.066722735227809249e-01
-6.899053848229307340e-01,4.769273852022926086e-01,4.240009959692613017e-02
-8.216471325805309034e-01,-3.705976928222135675e-02,1.834094383731606215e-01
4.623136053471018636e-01,-1.908216132455094749e-01,6.818221867772056299e-01
-3.100062814069863282e-01,9.253396136904343261e-02,-7.844080348129178759e-01
7.074546428706811607e-01,-4.307490342438751729e-01,1.971855890943866596e-01
7.438780728087569516e-01,4.200563827530831573e-01,9.801601800156541783e-03
-8.125146121427744283e-01,-2.515165629450736295e-01,1.070471236627206640e-01
-1.104055628741230644e-01,5.926617720155276103e-01,6.135850306986641023e-01
-8.124216015346832354e-01,1.597872378496060508e-01,-2.437419806744528239e-01
2.637153797542405864e-01,-6.563463725863251108e-01,-4.997043468143160805e-01
3.169760087462771270e-01,7.207704535426625592e-01,3.676270725677113216e-01
-9.591892029876181169e-02,4.363076177835289449e-01,7.487886136916898083e-01
8.099102303771423816e-01,-2.197417327478968785e-01,-2.472788982141813363e-01
-3.819224194986391846e-02,1.723977110026228832e-01,-8.598663028317130586e-01
6.885016974885154184e-01,3.830197557995727586e-01,-3.936952637375524811e-01
-8.125113022061616341e-01,3.475017221455902749e-01,-3.300431021038897125e-03
6.891858487224918894e-01,-1.711398685663447494e-01,-5.309506475300006523e-01
-7.002089785406900857e-01,4.653262123380114135e-01,-2.908754566029606581e-01
1.943835647204159370e-02,-4.886333202240171480e-02,-8.910346289299589939e-01
2.266222833251245461e-01,-1.037767022622411162e-01,-8.601645558594335217e-01
5.787323643814005214e-01,6.867455586096673503e-01,-2.802714791936939537e-02
-8.507572955206038623e-01,1.605406203912390362e-01,2.512457312390935504e-01
5.373067837472075281e-01,-5.683205719666210021e-01,4.542820796568736719e-01
7.029587687701079890e-01,-5.619200594366946522e-01,-1.164094405352873590e-01
4.599561880151211146e-01,3.562955926604320922e-01,-7.002652101814758057e-01
4.397299413854006689e-01,7.973404692558755391e-01,-7.217130662873214031e-02
4.702802715509877274e-01,-5.168981262202111404e-01,5.928281520748294176e-01
2.969575539521416840e-01,-1.952111965915306058e-01,8.479356907343081895e-01
5.844164572252049661e-01,-6.167196065606941335e-01,-3.590522097701573379e-01
-2.144685670451035586e-01,8.196752339292430189e-01,-3.721321240713027501e-01
4.548884816102953810e-01,6.147786144676793407e-01,-5.263432227046788148e-01
-8.390366309361048103e-01,4.042572187729204791e-01,-9.926976556188188069e-03
9.064508102449360394e-02,7.843950840234282795e-01,-4.996286842535135886e-01
-7.459114673464796175e-01,1.425162381572805947e-01,-5.496062389833307193e-01
-1.105109251587585023e-01,-8.739943839102083389e-01,3.291634624646680995e-01
-1.306474835691200653e-01,9.072253227050510738e-01,2.235875482986281193e-01
2.716400370815166831e-01,-6.456511622376465143e-01,6.365372687834047749e-01
-5.816356162937474927e-01,1.010329744304409166e-02,7.504478025141165798e-01
-3.636988080461842077e-01,6.336485126788036215e-01,-6.111893300238783189e-01
7.455055938854830699e-02,4.026708574657262285e-01,-8.633822832307674888e-01
-1.009214795960158978e-01,5.138196307701472509e-01,-8.029639107405232012e-01
5.318265550682467202e-01,4.480012191270440480e-01,-6.642618827257746883e-01
2.700595666123125627e-01,1.749817544232644684e-01,9.094529958923075474e-01
-3.467498031449882390e-02,-8.742908311013490863e-01,4.134747919361383417e-01
-4.364796967500138014e-01,8.228182110373722935e-01,-2.737192293919356034e-01
-5.897986085209298013e-01,-3.332944595011349542e-01,-6.996163470758193226e-01
-1.270269954467878881e-01,-9.554270984018179425e-01,1.593854994060799890e-01
-2.811363744314793189e-01,-3.809590069078567232e-01,8.580261839802439949e-01
1.190246745694031466e-01,-3.557761804508472459e-01,9.086553918107326266e-01
2.567333373770637195e-01,-9.231190023803689249e-01,2.332067819791705521e-01
2.168837819325359073e-01,1.826144176465642199e-01,-9.476991073981798630e-01
7.259213131893578197e-01,-4.502081529627008916e-01,-5.049469556344832188e-01
-6.053849869726979360e-01,-1.989638993636224096e-01,7.646369498951880450e-01
-4.555328995141643689e-01,5.691438061681258764e-01,6.822503568221497394e-01
6.093706988296777594e-01,-5.370007814114995393e-01,-5.859843450908038820e-01
9.776177013925839709e-01,-2.289933479642462799e-01,3.334870592579567555e-02
4.395724770045904561e-01,-5.125378695672301310e-01,-7.480644763937044361e-01
7.705123450164232946e-01,1.770764296229721813e-01,-6.298682314860877263e-01
9.838535526995002556e-01,-2.336990286868818045e-01,-7.404729384233117717e-02
-8.781705975938092212e-01,-4.830982216313685074e-01,1.726622997094021394e-01
7.153833236892974679e-01,7.269255181653669906e-01,2.294632951663887199e-02
5.904791190421806446e-01,-3.805756195809464337e-01,7.440329954441592397e-01
-3.644453101352258528e-01,9.192397780779233418e-01,2.750664300148731312e-01
8.069830580002115283e-01,-4.859034477029616217e-01,4.154304156922314917e-01
-1.023539251188089194e+00,4.564868338436975370e-02,1.289954951131550287e-01
-3.794049407230921100e-01,6.433863423591273945e-02,-9.616372467493395915e-01
5.116407819173914850e-01,8.810232157482875692e-01,2.033733420452140117e-01
9.425064694379919894e-01,-1.842412668241235618e-01,-4.044854640787035049e-01
9.518917156147626013e-01,-3.443310435094324995e-01,-2.603281633691321706e-01
-2.863339422270985146e-01,-8.299320876559609372e-01,5.729281324186208391e-01
-3.851718292015926526e-01,-8.226370690145849984e-01,-5.296683280650383852e-01
3.978156477881233943e-01,7.740637897362869779e-01,-5.956930896711378765e-01
2.654632582857711087e-01,-1.005244640919483290e+00,1.948528392751556482e-01
1.048972074517736663e+00,-1.340800434447796674e-01,8.565296568074932948e-02
-2.721998378548989295e-01,-1.549463827147721795e-01,1.016997880279075117e+00
-1.039685613320044721e+00,7.875369749119758012e-02,2.280252061737759184e-01
-3.314748260158035809e-01,7.910640620659952216e-01,-6.405251468888560895e-01
-8.201290456622437608e-01,-6.751164957851266690e-01,-1.560501978208490292e-01
-5.279867836532661229e-01,-9.376351896601186064e-01,-4.074052836234943326e-02
-1.983729942693484016e-01,5.808785780758521922e-01,8.886454059157599117e-01
1.024038445089322291e+00,3.412967606896568085e-01,-9.069732242179683046e-02
5.779437185212831229e-01,-4.153050409957478317e-01,-8.208519037267294483e-01
-9.497276639943105225e-01,3.721217776388052179e-01,-3.831420217171789822e-01
3.577314128457282361e-01,5.221651360884866921e-01,-8.908513404196644059e-01
3.639688723598764192e-02,-6.436846923661985187e-01,-8.863454032723535603e-01
-5.960233940168609967e-01,-4.816059858366451008e-01,7.881133856949958938e-01
-7.915948638887034816e-01,-2.754308325086475273e-01,7.161731080731027488e-01
5.874473493499969834e-01,-5.024558319231740011e-01,7.905311221521963416e-01
1.252843718183642430e-01,-1.080193066782443534e+00,2.170700936027438466e-01
-6.086381607119272230e-01,-8.414090374721348020e-01,-3.979822572303186590e-01
-6.231986986476363288e-01,8.436673530145372135e-01,3.792689963527482999e-01
6.360836863112145911e-01,9.195568208301178048e-01,3.218333055567731277e-02
3.229127516389770358e-01,-7.513535045040455884e-01,7.679030896290670594e-01
9.931432116970292379e-01,-1.696915206939164367e-01,5.006379934918604446e-01
3.579748700996015498e-01,5.021649766576919971e-01,-9.448644810981556841e-01
3.156953323474812056e-01,-6.159049101013978900e-02,-1.084885054480954958e+00
-1.158224011373963497e-01,-1.900280760954321246e-01,1.112782780685695583e+00
4.716537591100338767e-01,-5.069123813091219732e-01,9.032179902519171799e-01
-6.414470544299998023e-02,1.133413099665284474e+00,-1.179842285902017729e-01
-3.715143524803448116e-01,8.461668236471199256e-01,6.753588916095334405e-01
6.824227371235445094e-01,8.648575657998319732e-01,3.224176843306272855e-01
-1.147014354635066846e+00,1.572609116585480665e-02,9.631258101293166396e-02
-8.727133096531423107e-01,3.704848119815674912e-02,7.548034173605963071e-01
-1.019584242010133091e+00,1.273164128179090082e-01,-5.334445083676959687e-01
2.197724737304413700e-01,-3.404644489918930428e-01,-1.087995939609974982e+00
-5.049935900379245446e-01,1.039751417866275007e+00,-1.396699619635520251e-01
3.906063094167906979e-01,-1.081859817931121404e+00,-2.007609473566760450e-01
-6.739074321297695569e-01,1.665590182873140923e-01,9.429353902299926204e-01
4.634495909972956018e-01,-8.334622273811973514e-01,6.850756506436188609e-01
-7.907202409945054411e-01,3.460918185013025505e-01,8.009622252286089372e-01
1.174584672970253596e+00,3.199963551186629090e-02,-1.170576475717500370e-01
-7.532896393113841516e-01,2.059205445325814898e-01,-8.901552019253589076e-01
2.680865318568171340e-01,-1.090423465330978336e+00,-3.862804058055923639e-01
6.845711151730210497e-01,-9.743510450135988155e-01,4.741177014874089005e-03
-6.511226342403447775e-01,-6.347494541927559686e-01,7.740146731455163076e-01
-9.875538576412616898e-01,2.968460905554694551e-01,-6.087403529620080134e-01
-7.797928054441652934e-01,5.127925286370597080e-01,-7.555947836802536788e-01
9.950555996174308138e-02,1.083804878364251767e+00,-5.152342257409247006e-01
1.450212204053940024e-01,-6.195492000372232466e-01,1.026257958424370065e+00
-7.979139630688871776e-01,-6.286542372801087186e-01,6.590257926705034297e-01
3.687433966774555927e-01,-6.430117922016020948e-02,-1.155086438083070322e+00
-3.978715125258290852e-01,-8.934934832254765036e-01,-7.251724317783205809e-01
-4.482285787617898976e-01,-6.470442704163456016e-01,-9.333498613955225620e-01
-1.743189094564588648e-01,1.211694435479966803e+00,1.922931946719373675e-02
-1.498251130552313570e-01,-4.028359055857430038e-01,-1.150005483279927576e+00
8.968332977751543034e-01,-2.224963762800599987e-01,-8.134695373229171578e-01
-1.051499257714709312e+00,-1.168762226492516543e-01,-6.360665578941856468e-01
7.672080048873224367e-01,-9.684365125384158945e-01,-7.610522149720913565e-02
-1.356176680044036131e-01,-3.635553726962209575e-01,1.179032120626172464e+00
7.690263084316032449e-01,7.104609823439959060e-01,6.730313793944806555e-01
8.332018630627453515e-01,-5.661882053879740972e-01,-7.367587183511359328e-01
-1.454424164239160044e-01,3.825183219460257522e-01,-1.182644808001287240e+00
-4.483204686544113304e-01,1.165709807203422876e+00,-1.216594748051392227e-01
1.004287103491932898e-01,-1.252226521034680129e+00,-7.140116846295166408e-02
-1.205757404014887513e+00,3.569350572035695501e-01,1.030540198073247038e-01
9.678172083910568935e-01,-7.966974025291643224e-01,-1.706749918177614955e-01
6.873124854971169873e-01,-2.022291138766824092e-01,1.046861915480979288e+00
-1.047507078932799818e+00,-2.856343829286430158e-01,-6.626310979980145621e-01
8.250455925326873885e-01,-2.878138846247394467e-01,9.290636444243223213e-01
-4.254684278389495034e-01,-1.058035828213839125e+00,5.788148669523545120e-01
-1.180327261572495567e+00,-4.452118374571733539e-01,2.300711529057179461e-01
-1.052846058435361165e+00,-7.042634542761775363e-01,-2.207064529804019237e-01
-6.369569226675421414e-02,9.290742061231574977e-01,8.915420271845856393e-01
1.015517297345454484e+00,-4.163841794578847511e-01,-6.829112782292195982e-01
-1.251043216473233466e+00,2.950539985381608887e-01,-1.668071285269704940e-01
1.081912680887583411e+00,4.693002747834102983e-01,-5.460956137330571503e-01
8.624633511245614059e-01,-9.284253833087592334e-01,3.036860146742573763e-01
7.269066859491624122e-01,1.068618799077722947e+00,1.917873116805506040e-01
-1.220558660510565330e-01,-1.275760361273523769e+00,2.716173147043512981e-01
-2.348776258065862210e-01,-7.201510886694498792e-01,1.073128942665241059e+00
1.293820509499253646e+00,-2.119357101310010982e-01,1.252671517827758652e-01
4.956482296226419337e-01,-1.035043063439812894e+00,6.533183030170903738e-01
9.660740636571266693e-01,3.401844049398987657e-01,8.390735455425993861e-01
-1.281548838727536666e+00,-3.313993466058388626e-01,1.008749706933591422e-01
-4.446872422379427592e-01,1.213614473891553969e+00,-3.179602493750436909e-01
-5.792862476852962406e-01,-1.126267652367896499e+00,4.207472031737697904e-01
5.982936037910304705e-01,-4.460841180140360795e-01,-1.110650560178068735e+00
1.250821236529680025e+00,-8.150998911279142001e-02,4.782698965548911607e-01
8.312261652702124248e-01,1.049169739294312897e+00,1.331616273077502466e-01
-1.969194464662422928e-01,-6.925757183614512646e-01,1.140399823018569680e+00
1.060518338956740969e+00,8.140563943344665265e-01,2.027931414019852052e-01
-1.380638991476628996e-01,8.089914785965174326e-01,-1.079158457515674074e+00
4.454332868329741735e-01,-3.501752537997881443e-01,1.235603571814556156e+00
-1.154552555631286337e+00,-7.146587676598005201e-01,-1.170342863235470793e-01
3.119308445255550288e-01,1.061247496765123310e+00,8.022425300233604339e-01
-8.250295032587726674e-01,-9.546808593441694635e-01,-5.336701220728068407e-01
-6.326011545976476524e-01,8.186972530763902967e-01,9.034572670566379804e-01
1.700272576697673121e-01,-5.337737193106787403e-01,-1.258050445266994721e+00
1.159523088263485269e+00,7.446947140363137096e-01,8.555423771619197204e-02
1.109108049307783173e+00,-4.758029312036455294e-01,-6.780725388677760757e-01
-2.035322635467685382e-01,1.167657325233255383e+00,7.220730356835599606e-01
1.167156273577029779e+00,3.191129104511709613e-01,-6.871229178053671616e-01
1.028932751327312101e+00,-8.984201425788563844e-01,2.835294596487435426e-01
-7.768421205321127676e-01,1.139801486137969055e+00,-2.316986885200143786e-01
8.516340524660446221e-01,8.720598292491459347e-01,6.932901096346285597e-01
9.074112161754029904e-01,-4.330741054732853978e-01,9.826577339388504750e-01
-6.333506706918217155e-01,-1.259179382389779001e+00,-9.112841276920906342e-03
-4.507582217267100400e-01,-1.007973419744798038e+00,8.819182324474381662e-01
5.993957479731265581e-01,-7.107688564527413488e-01,1.069004207787472405e+00
1.177556223896974563e+00,-2.996162507940428044e-01,7.356179799978620482e-01
-1.420490908114515838e+00,-4.889830119033496125e-02,-8.776138713425997440e-02
-2.295716000660700251e-01,-1.180362906880094265e+00,-7.696190692071633865e-01
-8.898753537424373139e-01,1.091831037839310570e+00,-2.544139135496223392e-01
1.137304848417576147e-01,-7.140394175845812264e-01,1.239507917140848736e+00
-1.433293840276061770e+00,1.055641114201796987e-01,-6.480674379327039381e-02
8.524023319036435620e-01,-9.128719482307199318e-01,-7.213176982815694416e-01
5.285867130497672317e-01,1.037717733012110788e+00,8.570604342949647014e-01
1.342213575594464192e+00,-8.417832498179884937e-02,-5.411313356717792900e-01
1.410480161871368932e+00,3.445123307104994703e-01,-6.306074271965329825e-02
8.443115063842600021e-01,6.833036465724634523e-01,-9.711173069197924779e-01
-1.121591154133844137e+00,-9.079254306366540961e-01,-2.264862220980106977e-01
-2.710775173494245904e-01,9.818491734034340279e-01,1.052083218263227149e+00
7.955982144739956463e-02,1.465895155755963630e+00,7.224702418943117557e-03
-1.102370744739900932e+00,7.913051302759265271e-01,5.698493998756769541e-01
-4.942030398126582083e-03,-1.365264957688320901e+00,-5.595227801020195013e-01
6.906457822702541938e-01,1.054227410009284105e+00,-7.743508057505799069e-01
-2.842388454162850797e-01,3.754770940933783163e-01,1.406144254749966072e+00
8.462759535680192124e-01,1.138016307176358932e+00,4.458758939327865933e-01
-1.402181571062252052e+00,-2.463627051171204396e-01,-4.408600109556279345e-01
8.764432727339185880e-02,1.490855613143688752e+00,-4.440952278749808052e-02
3.118914601918871821e-01,1.441242901919081776e+00,2.627334850625024365e-01
-6.267144117263087622e-02,-1.820067032161462595e-01,-1.489180147730878589e+00
-7.727887306748656426e-01,-9.185215600782501433e-01,-9.083480804460574154e-01
1.635892663613720543e-01,-1.495313204319604683e+00,1.207060137298136410e-01
1.491253233339914441e+00,3.210989160147306731e-02,-2.525508266541482971e-01
1.012455839474468489e+00,1.086920915560338097e+00,3.059172466284958980e-01
1.157550651119564789e+00,2.651937180840665542e-01,9.493377579117343590e-01
-6.617938165971853914e-01,1.021712386894162439e+00,9.171229215605637419e-01
1.230497234951297481e+00,-4.214695805343960378e-01,-8.017195896310232994e-01
-6.894754933985889345e-01,-1.365775673364581611e+00,7.329273184030718480e-02
-1.412656449186520113e+00,3.486526691878446549e-01,-4.904653738248969108e-01
2.393509585513820259e-01,-1.273012906143485390e+00,8.315822139489392750e-01
7.492965814617127407e-01,-3.532611388264881302e-01,1.301864949327675713e+00
6.539993619432776795e-02,1.524596678894113433e+00,-2.533287440554444214e-01
1.149841748882012737e+00,-7.702948816119077335e-01,-6.993990934492902989e-01
1.496808932514480661e+00,-9.133995764624926184e-02,4.095319840894630081e-01
-1.388546553593840160e-01,-1.551114365356716318e+00,-5.614809332834033023e-02
-1.547085872520251648e+00,-1.344926605400869057e-01,-1.696003331010956516e-01
7.391181689647622344e-01,6.627761623223668019e-01,1.211091820907266969e+00
-1.179761338176493757e+00,7.511900130375347151e-02,1.032889953463433708e+00
1.133106499615532670e+00,-5.233429311147526075e-01,9.584358702288980902e-01
-5.701081709297181055e-01,-1.384933690859037059e+00,4.954545793013914734e-01
-1.267159466693049685e+00,2.862196144290362620e-01,9.017172226206023877e-01
-9.524833182677742149e-01,-8.845023502267512772e-01,9.073892570567899662e-01
4.562001472007257696e-01,1.498603369553145104e+00,2.669375392249604406e-01
1.124944389171071146e-01,-1.252382137330611878e+00,9.779464657977814390e-01
1.091885672501017868e-01,4.832893673682622793e-01,-1.518012059072451736e+00
1.336749593324153995e+00,-8.635264446283928974e-01,1.722707885761776969e-01
-1.396334405666696810e-01,1.558751641745744987e+00,3.542612639568285537e-01
1.048120045109536491e+00,1.160337316556585119e+00,3.771803407500463612e-01
1.141031537139902019e+00,4.883581819197813645e-01,1.029224178512304633e+00
1.098624479981676894e+00,-8.137961725330692397e-01,-8.620340578905637541e-01
9.757205652561911080e-01,1.207794573425561957e+00,-4.628022045984020449e-01
2.631550661998861562e-01,6.106544010597642069e-01,1.481730251613446514e+00
-1.035940033950309092e+00,1.246831010261836070e+00,-1.505077597232589992e-01
-1.066059208364182886e+00,-7.080703371711803973e-01,-1.012596910511494697e+00
2.494515402811396318e-03,9.396913759149896350e-01,-1.339032217794000834e+00
9.305583414941386300e-01,6.799507377194110580e-01,1.166467044494488903e+00
-1.635491645781364189e+00,-7.335652138575926573e-02,-1.470912648428198966e-01
4.116550948488528761e-01,-6.147592579663067047e-01,1.472223799707574443e+00
-1.816715790862001578e-01,2.739285482148884343e-01,1.618586252185840291e+00
-1.349618201787548877e+00,-3.604675946187659713e-02,-9.582143355423302644e-01
1.229499332197495853e+00,1.087869082209174332e+00,2.427873690112518912e-01
6.117714498955135749e-01,-9.132378270113737928e-01,1.248593465404639780e+00
-1.656876056205852210e+00,-1.851986775301327215e-01,-3.076018641176982843e-02
9.933577141130821575e-01,1.941524218433686166e-01,1.330153408333203391e+00
-1.357885686531274283e+00,-8.680812726512158184e-01,4.579019504755992842e-01
-2.813191389691198641e-01,1.686465250314344300e-01,-1.647085653159030993e+00
3.204631948395632313e-02,-1.396362871397967220e+00,-9.397063441488751057e-01
-1.385805276752273052e+00,-9.610783200690700134e-01,-5.708035916180417835e-02
1.689543619484637826e+00,6.516867313805267681e-02,4.597814488229461094e-02
5.748994946649949034e-01,1.534259037498856060e+00,-4.359381228162688693e-01
1.698302589181523548e+00,-3.080305637294781379e-03,6.241803605857178944e-02
-5.971778852713776481e-02,1.697575197090551491e+00,-1.284357185884521246e-01
-2.349964995538920964e-02,-7.746606980817694055e-01,1.521482812890340375e+00
-4.893353819031808771e-01,-3.284368481864193279e-01,1.606869976799220945e+00
3.928232471359698746e-02,1.463835103593186249e+00,8.937763808850042180e-01
4.275656341099371427e-01,1.500659628757634367e+00,-7.226994155078191318e-01
1.088782285419880091e+00,1.313384752478302664e+00,-2.461820907643304523e-01
3.043083626824064081e-01,-7.141889881436197518e-01,1.543489806335169634e+00
8.517536116040930194e-01,3.824539019461000722e-01,-1.458535546808901406e+00
1.169067683933840973e+00,-5.980493642965262202e-01,-1.135254371347401703e+00
7.913327050207323576e-02,-1.152460485109689792e+00,1.301120328745468901e+00
-5.899318321498171480e-01,8.224001457525823566e-01,1.420277956848787326e+00
-5.455471416359470860e-01,1.436790187855154999e+00,8.329623561113682628e-01
-2.862420800099086948e-01,1.430947896678291809e+00,9.698371190473621395e-01
5.250022653152226076e-02,-1.737508327106931372e+00,2.506173562529899201e-01
-5.386797182221643165e-01,2.757075485301320461e-02,-1.675705349311397141e+00
-7.536597534263536069e-01,-5.373036411455104355e-01,1.502233020632581573e+00
-1.117573990793048200e+00,-5.070932995099524110e-01,-1.273506605125664937e+00
8.167026863586895891e-01,-1.567406759334428745e+00,1.369432957353554081e-01
7.097752188994795874e-01,-6.725660589652543431e-01,1.483588767248921636e+00
-2.078847799991779544e-01,-1.029518971999564991e+00,1.438308660097632030e+00
-1.448943333716633974e+00,-1.039946197087781465e+00,7.538435439987202502e-02
-9.972436003747574551e-01,1.164954582820233675e+00,-9.218455614607372617e-01
1.770880704150437301e+00,-1.414771945683906684e-01,-2.454378364459502693e-01
-1.523633281620329072e-01,4.179290301193527846e-01,1.741640300762155702e+00
-2.290496317707151341e-01,-9.444330905738083093e-01,-1.517150091135207601e+00
5.600772464609090617e-01,-1.694546454238281541e+00,-2.757088527683107526e-01
-1.205812352609648253e+00,1.150463441255573871e+00,7.062036316757580590e-01
4.742464285731154416e-01,-2.182229088052897170e-01,-1.737492997032306974e+00
-5.297037938752880981e-01,4.382456169700554849e-01,-1.683438008810139497e+00
4.839720701740533593e-01,-2.744229045977930603e-01,-1.735604941630516374e+00
-4.575836152123424760e-01,1.583655117348703012e+00,7.872892507769561066e-01
-1.382370018792419553e-01,-1.029075230472047631e+00,-1.508121845308517006e+00
-1.729855378447669567e+00,-3.338042065803260572e-01,5.139407873927228643e-01
-1.356031033981269340e+00,-7.119445827577438601e-01,-1.018702719438154158e+00
-8.346566887966132275e-02,1.838725617945985880e+00,-1.053564865095271696e-01
1.231704209653281090e+00,-1.087075768987987523e+00,8.460171237038265346e-01
1.760017735891441282e+00,-3.660297482726015406e-01,4.456311633003751660e-01
-8.703671646544590690e-01,-5.585085096329319709e-01,1.541579701768284405e+00
-1.228449533877373767e-01,1.849863695044632328e+00,-1.569132106848758756e-01
-4.685678041163099383e-01,-1.793577592020886291e+00,2.026325501386568029e-01
8.917113509052092268e-02,-1.406890297192540773e+00,1.227245324798316606e+00
9.791151462538868477e-01,-1.200190489230674507e+00,-1.053681428346185722e+00
-7.282808473872808275e-01,-8.792079844566002000e-01,-1.490628348117409852e+00
-1.155219587405913878e-02,-1.879772544794261036e+00,8.807805075949361184e-02
-1.715015301985147955e+00,7.460258472963143817e-01,-2.443906496113807669e-01
-8.074146382971294500e-01,-1.030135348093200953e+00,1.364054242802893668e+00
1.117054750578420297e+00,1.102183200605689528e+00,-1.061774080655924823e+00
-5.486574123249049473e-01,9.051536499144349213e-01,-1.576691879365385018e+00
-1.624368069085188493e+00,2.861130143160142136e-01,9.498501279970958944e-01
8.977618938218204780e-01,-9.661731246700570042e-01,1.378260906770079730e+00
-2.650483211898330693e-01,-6.979188490645237275e-01,1.760173783856195939e+00
5.158063336244675945e-01,1.823690778059742224e+00,-2.831829898239640597e-01
-1.863175551627647142e+00,-3.414433432715662659e-02,4.648790524118736611e-01
8.064631609811360180e-01,-3.808691521477082786e-01,-1.705849686890838157e+00
1.403332140416291507e+00,1.278327099080370122e+00,-3.444316114112181970e-01
1.803757234980513324e+00,-6.966463327843926967e-01,5.172411758634791294e-03
-1.208064403696676115e+00,8.022147109839347645e-02,1.513234379135717234e+00
1.714798616632438877e-01,5.831376994098997901e-01,-1.844773893700377476e+00
1.569226380160988754e-01,-7.306981163793623280e-01,-1.797519282904904259e+00
7.748984937298190045e-01,-4.112338711125429480e-02,-1.790111148827709719e+00
-1.441823714842908055e+00,-1.313194969503730380e+00,1.428961785854984679e-01
-2.311667363539894327e-01,-1.943692219176434977e+00,-9.767515120143344109e-02
-1.345413655405267139e+00,8.717370017276491190e-01,-1.134935917339637390e+00
-1.181564585501734710e+00,-1.189470666836323298e+00,1.031743934693256870e+00
1.893935709686506819e+00,-2.506205315775943965e-01,-4.929291524005581238e-01
-7.147848011399245971e-01,7.437959199650303610e-01,1.687023275187875981e+00
-1.733912961895170302e+00,-3.831200557036286702e-01,-8.800231684823791589e-01
1.726390475359149912e+00,-3.421829694922374765e-01,9.207091409900860501e-01
-1.733790915391167475e+00,3.136340111222415405e-01,-9.265139992308870642e-01
4.910201521206590258e-01,1.922021046026936686e+00,2.126757069537879852e-01
-1.761601906378651439e-02,1.781605455324990928e+00,-9.076365703178718158e-01
1.511810435788598916e-01,1.749107301557567773e+00,-9.663338079995926755e-01
3.239186235712206985e-01,-1.675832385964649340e+00,1.058565664048617849e+00
7.751599554009729331e-01,-1.845203332129972784e+00,-2.148983366453715571e-01
1.758789356740632970e+00,9.408793372468738925e-01,3.020462890888445662e-01
1.045086799687498846e+00,1.509293878624900609e+00,-8.471796800982683839e-01
-2.309634999632919627e-01,-1.405155318010312904e+00,1.441599823685667081e+00
-3.548052622092823238e-01,-1.542148587766439816e+00,-1.272831690329293997e+00
-7.721438870172218083e-01,1.831680151170915760e+00,-4.372772379727075109e-01
-1.946408250184264443e-01,1.711482023480812575e+00,-1.092584400130209854e+00
-9.982413035851274152e-01,1.781963906108357198e+00,-8.549151305472160733e-02
1.735870036481669709e+00,-8.782647029421187801e-01,6.426947600004826455e-01
1.562643159673767324e+00,1.332004357374316106e+00,9.407362913340889740e-03
1.083987398667788649e-01,7.563426377387177935e-01,-1.910750685171853425e+00
1.655338666689873062e+00,-4.665659043517202953e-01,-1.138246593629433256e+00
7.275358392446428235e-01,-1.560316013213371156e-01,-1.928344162720025068e+00
-8.337976620191164256e-01,-1.690277350233701625e+00,-8.594810981362736024e-01
-9.638363549309788558e-01,-1.078183531249304439e+00,-1.489419411535022997e+00
6.629853553421827250e-01,4.412916474320652954e-02,-1.971615721664498055e+00
-6.919336658088607317e-01,1.065301856010536286e+00,1.653520204495864343e+00
-7.868273783270707256e-02,-1.581996811441329642e+00,1.363061678516830577e+00
1.141747515242184319e+00,1.660934526600420513e+00,5.689402405802317375e-01
-1.103836196400586500e+00,8.980971295766624340e-01,-1.542777469762249387e+00
8.375113856780675992e-01,1.687735462314879697e+00,-9.352003240892161617e-01
-7.228209686158924008e-01,-1.837333797008824154e+00,7.386210000933528530e-01
9.106141761374884069e-01,1.223058158841672682e+00,-1.462244126922960463e+00
1.180119518201260265e+00,7.171344426757083612e-01,-1.604921937112013364e+00
-7.327517313600060422e-01,-1.037648799408641631e+00,-1.699605739888269351e+00
4.892827354356061864e-01,-4.078465908211466040e-01,2.028840947591785238e+00
1.943033062583556569e+00,8.682600181358396396e-01,1.112756728010319274e-01
1.053251574714267669e+00,1.658863697375272173e+00,-8.368046089854210834e-01
-1.798288600123938874e+00,1.031601213831901731e+00,-5.321770884919386768e-01
4.318780211122634216e-01,-2.099353503073327243e+00,-8.584354851079963045e-02
1.814858430653858656e+00,-1.148499480671035133e+00,9.165174468794513862e-02
4.536051539967232982e-01,-1.098691116202176410e+00,-1.796759274748555901e+00
-5.094029599714399170e-01,-2.018516156395463224e+00,5.722400501165937348e-01
1.900381857513267603e+00,7.762410750948489646e-02,1.031546041398049063e+00
-1.227610025467227084e+00,1.725707401637984528e+00,-4.655650047567119754e-01
4.566196465552544992e-01,-9.966001246867441932e-01,1.876294800175741795e+00
4.733089927624921089e-01,1.625635935528579434e+00,1.369637722161491489e+00
1.494426177258281196e+00,-7.666105459370471387e-01,1.393599258687597597e+00
-1.695771622688978297e+00,-1.151410920220750977e+00,-7.630888717458159665e-01
1.746910555950243360e+00,-1.028065871856718161e+00,8.341007861044827942e-01
4.863289664894402953e-01,1.590633887200266550e+00,-1.434722688263360135e+00
1.783910265236440917e+00,-1.138477033032308405e+00,-6.061279498511833452e-01
-1.938031389485737943e+00,-1.021414319696436923e+00,2.597583416591501271e-01
1.899231774233349990e+00,-3.863644539424954671e-01,-1.063632370970440499e+00
1.908535132100915188e+00,7.995024996905830683e-01,7.918223491939269110e-01
-1.280889893848322414e+00,1.261554834188538310e+00,1.302915867145213458e+00
-1.466961844112285140e+00,1.993637715668162558e-01,1.661095440466761941e+00
1.733561190342797209e+00,-5.624300531574609741e-01,-1.284774985402639791e+00
7.370032596299216365e-01,3.063124741824129749e-01,2.087230578473747489e+00
-7.410976796024474345e-01,-1.475436121850780768e+00,-1.512876545273502904e+00
-1.695846513270849787e+00,1.455061550078391219e+00,2.081116926435201686e-01
7.266415976227429407e-01,1.775418425024984037e+00,1.173816576462497929e+00
1.198658731709574710e+00,-1.705006727569777780e+00,8.577671027380920910e-01
-3.538305598404427599e-01,9.209191040066494471e-01,2.031751860005519994e+00
-8.598312070701346066e-01,5.453633905500019363e-01,2.021474466263854186e+00
6.855872391100799046e-01,1.781809962601392794e+00,1.224776530426886278e+00
1.710210422054919022e+00,-1.053882292862868830e+00,-1.063677099735071518e+00
6.333916853406912351e-01,-6.699394454647747965e-01,2.083005879287887829e+00
-2.164645392395580181e+00,6.034389028992511728e-01,4.014831552563808970e-01
1.377106353227522506e+00,-1.261472311239868471e+00,1.321158992705051549e+00
2.035868051926574829e+00,-9.806547996522919641e-01,-3.860187849389433712e-01
1.937007023167362840e+00,-1.125424206420473805e+00,-5.091309745926931862e-01
-8.004428820242636133e-01,-1.464555779272908254e+00,-1.585741030998588430e+00
-1.130888156318268001e+00,-1.940911858217878372e+00,-5.259819567695360742e-01
8.508079698070661889e-01,7.839904743991443770e-01,2.001690704141296351e+00
2.300186165307393171e+00,2.651285043873955471e-01,-8.239520580926265603e-02
-1.464120980885967649e+00,-1.421399312432004347e+00,-1.107542565848695038e+00
-1.319137168003521321e+00,-4.693811911364346723e-01,-1.858239630826379996e+00
-3.110708915622971693e-01,-8.913870834033296719e-02,2.309044362551608387e+00
-2.277831013911298719e+00,5.026288077941524213e-01,-1.350146138347000646e-01
5.236525981006452390e-01,2.265501630730076599e+00,2.751963342892319031e-01
9.168251204033972535e-01,1.472116805545745422e+00,1.580472235664967418e+00
6.991685516850419946e-01,1.562783611326154509e-01,-2.239544013362039898e+00
9.052280585798810897e-02,-6.457943905299931009e-01,2.264262152446045118e+00
-1.932032787799930817e+00,-1.205493399069953009e+00,6.241446852309897597e-01
1.417250792810201165e+00,-1.209875149562689156e+00,-1.458286940956615485e+00
1.849235044252051541e+00,-5.447663053485247708e-01,-1.380622388199253425e+00
1.692026162371089437e-01,2.600778559327173167e-01,-2.355829506974167487e+00
-2.756030301105342195e-01,-2.364119810297482527e+00,7.007876469950843901e-02
2.289069658850268196e-01,1.314526314361029735e+00,1.978222629262466059e+00
-1.264126001153919487e+00,7.779782994321248202e-01,1.874666464509989083e+00
2.112831213153452126e+00,5.609861864783587393e-01,9.812538795271374958e-01
-5.560790135411347590e-02,-2.412571645726380443e-01,-2.388386369770633788e+00
4.877123854523559010e-01,-2.214803644922421100e+00,-8.041266950856865714e-01
2.541599938201122288e-01,-7.427483990236992684e-01,-2.279869067976958874e+00
-9.951160212308685082e-01,-1.940297387730259837e-01,-2.193284071111976985e+00
3.184893668797832145e-02,2.190811495463254932e+00,-1.030600895227431257e+00
-1.904164441755938464e+00,-1.196982823485683634e+00,-9.103257552333154923e-01
2.295391529188617330e+00,-2.810742436690637502e-01,-7.510394570929653790e-01
-7.520883206429593848e-01,1.499364975804758027e+00,-1.767150881116512862e+00
1.164825445396190373e+00,1.232876583028763351e+00,1.756276685436826135e+00
-3.171212609164575369e-01,9.383306588412448912e-01,2.237213523826474759e+00
-2.274588609004646322e+00,-5.906567194833782786e-01,6.988974555077054340e-01
-2.131656114313844164e+00,4.333747741347770965e-01,1.142074704413771569e+00
1.307640443667144270e+00,-2.085572614943763003e+00,4.095821699363554752e-02
-1.594511531706048535e+00,1.710579874939603506e+00,7.860410120895792163e-01
-5.834850836529521523e-01,1.491043371621708413e+00,-1.883621917006624180e+00
-2.336693724910346326e+00,-2.780854952285909953e-01,-7.743400509065013759e-01
1.297251376476553864e+00,2.096859416442049096e+00,2.878463041402848921e-01
7.831012522044660251e-01,2.271114080951310399e+00,-6.456651704554600135e-01
-1.956173787283587595e+00,-3.413226955638759552e-01,1.506856819769377243e+00
4.171319589895901569e-01,-1.298418400485221946e+00,2.092744559519500225e+00
4.936888407767438258e-02,1.888011460503971728e+00,-1.642641155412696730e+00
1.077736699566164136e+00,1.117051319183884450e+00,-1.970251445240379429e+00
1.660872145812185563e-01,1.228725327085503638e+00,2.186290791758792373e+00
1.784653023089025181e+00,7.480628937318724025e-01,-1.612058580667514951e+00
-1.093081465219891246e+00,1.288587515804852313e+00,1.874626198500295660e+00
1.265895150862429874e+00,1.995771713207261877e+00,9.001088867915301162e-01
-2.661855430811230216e-01,1.693682894181685494e+00,-1.866212800827592888e+00
-3.153480483612264851e-01,-2.427818567958250462e+00,-6.744534610413069897e-01
9.064368401114154539e-01,7.228729010865696247e-02,-2.376624252066296350e+00
1.024874718287826614e+00,1.332156578547343040e+00,1.917509108712313060e+00
-2.114085969350485872e+00,-7.270666380336877621e-01,-1.237179550579949661e+00
-1.269245572285864210e-01,-1.243037362577049887e+00,-2.234768201093246809e+00
3.648323029459289990e-01,-2.514703658707865053e+00,3.543159267159394221e-01
-1.163167391670894002e+00,-1.879215456242613325e+00,1.313391990176296709e+00
-8.460065083230523530e-01,2.423028659920532846e+00,2.230208774155669205e-01
-2.645240110800292088e-01,1.587244827793977020e+00,2.018522930565930462e+00
-1.231603039978010017e+00,-2.222390035175445089e+00,4.849809683149521877e-01
1.058690704246518566e+00,1.337932501985956923e+00,-1.951305344420299015e+00
2.446381714527169571e+00,7.680205517685966266e-01,-4.139454039737350821e-01
2.370081950597290987e+00,9.271525380093150748e-01,-5.446961133030974178e-01
2.440982100455779680e+00,-9.154275417132065051e-01,-6.995627307034729681e-02
-9.398633415683133041e-01,-2.308496057124600931e+00,7.852361731643184850e-01
-1.595281655242952734e+00,8.028902212518834736e-01,-1.915054027133189285e+00
1.891811234708435652e-01,-5.688406361813100887e-01,2.554527710309618893e+00
-2.191090866723498731e+00,1.452279168690374656e+00,5.547724335694496911e-02
8.819318120687612561e-01,-4.919141521252380911e-01,2.433408590522676551e+00
-1.574403869805516276e+00,-1.063184339204399365e+00,1.833150185942581389e+00
-2.022670195463591725e+00,3.339241716568076557e-01,-1.671895432224578704e+00
1.678900537887517419e-01,1.518209493288254830e+00,-2.166396261752047803e+00
-5.825734574516514552e-01,-1.223949680564662357e+00,2.284197938743087075e+00
-1.285742075992459377e+00,1.955597122544794786e+00,1.267358225329018540e+00
-3.269629195947574840e-01,-1.852093274810510337e+00,1.890851746238070064e+00
-5.391097964968105671e-02,-2.414186451461640459e+00,-1.144621037633870797e+00
6.671629436846121530e-01,1.698748368361369332e+00,-1.959462592956062066e+00
-1.121451039997349408e+00,9.325299696544022687e-01,2.252147576880517477e+00
-1.814920637751443300e+00,-1.610744780212064242e+00,1.157664138198884807e+00
1.533479239979596453e+00,-2.098838248992102251e+00,7.079772091410123647e-01
-1.557977581766214481e+00,-4.400788809002780799e-01,-2.160171562999745998e+00
9.434335196344522112e-01,-6.093533025792829960e-01,2.460776571097848198e+00
2.199037568256345665e+00,1.187638264698466672e+00,1.048878577649149380e+00
7.082648144918466393e-01,1.283692620316538413e+00,-2.286174088448047037e+00
1.058443256749580508e+00,8.019277633806262129e-01,-2.375397119691932790e+00
-2.105884400203224871e+00,-1.558058155933726707e-01,-1.725336164620529189e+00
1.307687467437143480e+00,1.241748161271293061e+00,2.052763058002919028e+00
2.063890061506903795e+00,1.786647854936910473e+00,-2.102012203913871669e-01
-8.055815380704244300e-01,-8.688096436348780038e-01,-2.474341591218525593e+00
-8.300729342249977272e-01,-2.480368646129962329e+00,-8.457152554541705891e-01
1.555417053555434803e+00,-1.652282280648775137e+00,-1.561267527818517076e+00
1.221088238769745038e+00,-7.562466275641640534e-01,2.356795866420274610e+00
6.442106815887603810e-01,-2.559095294572812374e-01,2.677237033906027630e+00
2.162428019839410798e+00,-7.746609680202319881e-01,-1.550048413366870381e+00
-2.699226389755954969e+00,-5.367803368604718850e-01,3.684352808168453453e-01
-1.187433778231296699e+00,2.394907546318953528e+00,7.714161529179702770e-01
9.465834090982058191e-01,1.733083730102683850e-01,-2.616424796187262647e+00
-9.105412027033910061e-01,1.740311385994291804e+00,1.986238671031763436e+00
3.486664501340401845e-01,4.021729608330859018e-01,-2.747887949991958401e+00
-1.709991732560131039e+00,1.678240560085369815e+00,1.457748753003094144e+00
-3.146738081740864390e-02,-1.820539056484783424e-01,2.804097799110884637e+00
-4.614398108688410050e-01,-3.355329493465281643e-01,2.757390456818792579e+00
-2.132521172538167420e+00,-3.281541965308908404e-01,1.817993910661027224e+00
2.522498979879300052e+00,-5.064027822037697746e-01,1.171674419877846374e+00
6.777808546339015860e-01,7.508214182308828866e-01,2.645957024069802710e+00
1.591075652007948316e+00,7.578383652311651009e-01,2.224954050089383184e+00
-7.058658903964181164e-01,2.754549411013723859e+00,-5.134209446550751232e-02
-5.793103672548665095e-01,-1.170754283720392808e+00,-2.532673323381189334e+00
-2.076955669278540917e+00,-6.038611825891238016e-01,-1.864053062524339888e+00
2.677587020910375148e+00,-4.867946498314241199e-01,-8.826915778748574137e-01
-2.045391027208268486e+00,-2.006749997968761967e+00,8.675672035963795381e-02
-1.500837877939146248e+00,-5.921189171533451923e-01,-2.376510319725585241e+00
1.022438670502828995e+00,-2.240847821979974785e+00,1.488951779788068697e+00
2.321245621091708067e+00,-1.109386553214647630e+00,1.302991785515923651e+00
2.012600093570624082e+00,-9.397619802651461240e-01,-1.848258518206014722e+00
2.576334255583964339e+00,-1.285807408587392953e+00,3.035628750986328339e-01
5.938858462330367516e-01,3.728127225893217989e-01,-2.815058101442047711e+00
8.527257986164628045e-01,1.459845443742188831e+00,-2.364605510100711516e+00
6.718282463350774281e-01,2.391874934896846217e+00,1.520116093316168371e+00
-2.224466519786084007e+00,1.871541810182915544e+00,-2.566904485455512308e-01
-1.916780631782510902e+00,2.151176386946970887e+00,-4.989552567320684195e-01
-2.103366908636663979e+00,-8.093737044069293507e-01,1.872217007488728546e+00
-1.305500122973257016e+00,2.327853638324981045e+00,-1.222779095811880934e+00
-2.141720637209885147e+00,1.668768811542550579e-01,-2.009405613506235699e+00
2.441422410134095777e+00,1.303155008105008283e+00,1.013899125060707673e+00
1.122200610688719014e+00,-1.729256495818544792e+00,-2.114574441660854287e+00
2.545366357503868193e-01,2.372761812375582924e+00,-1.749502071189096730e+00
-2.816916618718609211e+00,-4.433345555193737297e-01,8.115149569824935405e-01
1.770307265658168649e+00,2.340380351152269445e-01,2.374037678199591550e+00
1.521311906217024390e+00,-3.500526195914670513e-01,2.534305489178264814e+00
-1.503543792904141529e+00,-1.480997614385440864e+00,2.107265396592445938e+00
7.981721061064082079e-01,-5.687838864442846809e-01,2.822946306300794905e+00
1.982070351582818413e+00,-2.021945430130748456e+00,9.736160868226854115e-01
2.584255330411027618e+00,-1.240332061783900430e+00,-8.850372425532061493e-01
-1.269807208484878824e+00,-2.624510248500015130e+00,7.314661144114845692e-01
-1.757026485792650083e+00,2.347535607643273625e+00,-6.877354891540217174e-01
-2.795938413449132742e+00,-1.052940284346576272e+00,-4.251485607591980465e-01
2.340583446186426997e+00,-1.726830673937515659e+00,8.259625040022400277e-01
1.646820758185751243e+00,-2.303873809307479092e+00,1.076355752139618538e+00
2.836915845932630909e+00,-1.054633543760786996e+00,2.325517964901266943e-01
-2.738601815072833290e+00,-2.858549682962950866e-01,1.291868142846265055e+00
-1.770010705555011832e+00,8.386661979915016607e-01,-2.334642121791721703e+00
1.562124662485210758e+00,2.556384111457202568e+00,5.898477470219349872e-01
-1.680059812648774908e+00,1.694135347118284729e+00,1.914963076601043479e+00
2.088756162493812241e+00,1.351619792956733290e+00,-1.790712567187582982e+00
2.437162233937820055e+00,1.401593653479572099e+00,-1.236519969024654442e+00
-1.451340944934773169e+00,-2.661316857497785904e+00,-5.301984944200575089e-01
1.877649860985743102e-01,8.524335895687191744e-01,2.957234903704129891e+00
-2.414526116182471871e-01,-3.047711129223310778e+00,4.443532896103583041e-01
-1.345298838864569912e+00,-1.116078958476375282e+00,-2.554625928227410192e+00
6.587273675556881702e-02,-2.996152996009950442e+00,-7.985692912445074843e-01
3.305495955916692430e-01,5.426545199150990470e-03,3.089859293843935983e+00
-2.155360422302980528e+00,2.242154512904842800e+00,1.461298563533503792e-01
-2.109714277475360333e+00,1.390344781967813859e+00,1.829762713527565587e+00
-2.018326695040967067e+00,-2.289859832572633369e+00,-6.729102557284288855e-01
-3.112578563493733519e+00,-1.757516316713504390e-01,-2.982095654746652613e-01
4.281426990063861432e-02,-3.058734910747932023e+00,-6.988952530574272792e-01
-6.966519442564316211e-01,6.360061000613732585e-01,-2.999105470431917109e+00
-8.190114322217360021e-01,-2.913396465484676678e+00,-8.742127239067126743e-01
8.595176087222313743e-01,-2.581947516937835196e+00,-1.598830697549208590e+00
-2.146925249422767301e+00,1.544450641694214088e+00,-1.733659563980366691e+00
-7.378228133947277445e-02,-2.789537525051801303e+00,-1.500689226462487147e+00
2.795214597202325013e+00,1.288585999389200598e+00,-7.773839855665590770e-01
2.232434545128780812e+00,-4.789313349282949273e-01,-2.214491114084297774e+00
1.320899586835539763e+00,-1.970166915254139894e+00,-2.128383379878893145e+00
1.332959951766270912e+00,-2.851426595040265966e+00,5.369415338353483724e-01
-2.513843553541230236e+00,1.067041534382706880e+00,-1.666505953362841019e+00
-2.863407001152890263e+00,1.402895510901055687e+00,-3.281087786255666439e-01
-2.922373835079345117e+00,-1.088828273575754402e+00,-7.673537344546788042e-01
1.047326104630831534e+00,2.980742144286844031e+00,6.106096428974812085e-01
1.119943450928633233e+00,-3.227068646259572682e-01,-3.006026436832697879e+00
-2.722972749063343745e+00,-6.234933043091076543e-01,-1.622180015699857147e+00
-3.203458752788661990e+00,4.506227906461967581e-01,9.952335652376695374e-02
2.345894698329070049e+00,7.757671980229658981e-01,2.100127518468601018e+00
3.246123574632873598e+00,1.182438207761591087e-01,-6.977504671818805793e-02
2.686015954157715324e+00,1.716162016247630318e+00,6.610664707063301782e-01
1.060241838543468373e-01,-1.964524752956036346e+00,2.601379782409421360e+00
1.078791924891991494e+00,3.084601885462053605e+00,1.504370280651841189e-02
-6.174289880897735339e-01,-1.114525721994625851e+00,-3.016049088217646279e+00
2.694828372035711794e+00,8.801647454557017802e-01,-1.650587554679923574e+00
-1.128670518431564629e+00,2.831923443860484113e+00,-1.228402594602729936e+00
-2.035891482952754128e+00,-2.086716461013914614e+00,-1.531336911511032239e+00
-1.434310731885593659e+00,-1.986468417098799844e+00,2.209670015692474898e+00
-3.064174769206755577e+00,1.044654646975934797e+00,6.688273892562307532e-01
2.080947658867251970e+00,1.197410388667777603e+00,-2.281592098001849589e+00
3.147681250234782624e+00,-1.028111119124187622e+00,-2.168570394664612044e-01
-9.632658218020248020e-01,2.956067462341870566e+00,1.178135475188442527e+00
-1.620140144979951957e+00,2.382435428003696565e+00,1.672062271180141613e+00
2.708743278239744701e+00,1.679992826226529345e+00,9.897214522928751146e-01
2.488992381762780148e+00,-2.230008350164985220e+00,1.179335446464650078e-01
-5.135166852392289982e-01,-2.041323174196927326e+00,2.606547101828786239e+00
-2.941463688240958163e+00,4.186541351708886749e-01,-1.562149694610949213e+00
1.205356085318902482e+00,3.022582620850040147e+00,-8.497366708939185775e-01
-2.606104385686404790e+00,-6.442081655964015940e-01,-2.036529688549687744e+00
-4.803070631117049016e-01,-1.645770534625297099e+00,-2.908337070857959894e+00
2.369265566462510145e-02,2.916809838041794389e+00,-1.712579581465557776e+00
-6.520108390072788529e-01,3.126192917036602292e+00,-1.134375084234986675e+00
1.092674787335088604e+00,1.566081803139865447e-01,3.210985545371619843e+00
2.520844795013141404e+00,-6.685814729558746741e-03,2.284343052083278813e+00
-5.251981709141322341e-01,-3.181755786148456000e+00,1.103497264688413804e+00
8.775788790057573174e-02,-3.143943262367044689e+00,1.330173235456565184e+00
8.522542461522922275e-02,1.533439308419316305e+00,3.057323055308501569e+00
-2.259105085126579482e+00,-2.522456103016724072e+00,5.331189375786475892e-01
-7.260850285736395460e-01,-2.524432657632549315e+00,2.212550603003720973e+00
5.577688768626380966e-01,-2.286561592822997646e+00,2.510140374676922193e+00
3.108627635014951984e+00,-1.322392582900988822e+00,-6.878033940734742391e-01
2.831767081959965182e+00,-1.399632662569036068e+00,1.397399022252029610e+00
3.373626651594765047e+00,5.986818454281250812e-01,-4.860200403483154741e-01
3.128708656382293452e+00,1.491027352792122951e+00,9.775920168576714142e-02
-9.069522391009487983e-01,-3.344548566283268798e+00,2.422160997599043242e-01
3.192670388000178772e+00,-1.018147690714816145e+00,9.398511940959476396e-01
-3.388859235583378204e+00,-6.871963848510468376e-01,4.499902418078828292e-01
4.449876914644674275e-01,5.843555588726327965e-01,3.415519665018873940e+00
-2.623747570974169996e+00,1.582318618698596024e+00,-1.692275177008180309e+00
2.178831084944060414e+00,-2.747178614676194730e+00,-6.130683254977160879e-02
3.258495182234137477e+00,4.487576587020591923e-01,1.235115841525692648e+00
-1.508455602866271894e+00,-2.400583520666093040e+00,2.086440688917358344e+00
4.820768410407263449e-01,3.144433969538783735e+00,1.522681116268441048e+00
-1.451192196393999323e+00,-2.183394827522460613e+00,2.369040699904789271e+00
4.380263089003070265e-01,1.863476111456684237e+00,-2.977982333613159227e+00
-3.241193417327314030e+00,-1.422936904362552157e+00,2.238916693204437147e-01
3.513564262214922684e-01,-3.048122021162902318e+00,-1.792566546170293096e+00
2.832734457067803469e+00,-5.201184168271072612e-03,-2.156646701856935522e+00
2.624030398914958706e+00,1.330507596446936169e+00,-2.016842532101084551e+00
-2.117290813877878097e+00,9.544640330639794779e-02,-2.877407487997039492e+00
-2.457664532909420441e+00,-5.704589297626240230e-01,2.540510204090226765e+00
-6.113558631178640512e-01,-3.083415186427013399e+00,1.728268978523209043e+00
-3.463378487308729214e-01,-3.117841174418291672e+00,1.753792046032520480e+00
-2.681838647945804510e+00,-7.690120649983072099e-01,2.276344960089721425e+00
-2.954540267185296276e+00,1.374789609601602569e+00,-1.547549035009532670e+00
-1.863767769089225979e-01,2.416505501229697650e+00,2.681244121885448806e+00
-1.150754254841899415e+00,-2.066211060425269253e+00,2.742088437446215998e+00
1.328493490567979940e+00,1.772795333530811535e+00,-2.873010077155954800e+00
-5.413110826171707579e-01,-2.534452446015740268e-01,-3.585271465421757231e+00
-1.601041630837750862e+00,1.540845598652115678e+00,2.885063099190717573e+00
-3.289028858566698243e+00,-1.467662227124317577e-02,-1.578947151017811468e+00
1.409696284694432089e+00,3.306671103631364517e+00,-6.631154972619314192e-01
-2.423455241603140742e+00,-2.216385634891388179e+00,1.620415427752617710e+00
-3.145057863412068500e+00,1.888878875029760263e+00,-4.868319895250129009e-02
1.703907456449142765e+00,1.366528005876764595e+00,-2.956597318967527421e+00
2.212715806738014823e+00,2.943912813198953593e+00,1.214388681378088600e-02
3.190270574715629026e-01,7.764377022291742980e-01,3.592928045120502567e+00
-1.949792131623387270e+00,-2.599746790665700580e+00,1.761944363319202900e+00
-1.876849987819422250e+00,-2.929133177137397404e+00,1.270299080917744128e+00
2.485192021571489995e+00,-2.750653096702675882e+00,1.586593599134114296e-01
-5.943037765163368125e-01,-1.427987629786976465e-01,-3.666800546658050663e+00
1.593308039649900198e+00,5.549263354838360890e-02,-3.365865065810349499e+00
9.808555799653536633e-01,-2.433414889717242513e+00,-2.653127982339576363e+00
2.770903529264822751e+00,2.494425426523224854e+00,-2.733117089921586196e-01
1.464875223638810509e+00,-2.007143546609275742e+00,2.802239058409118133e+00
3.179552483095890558e+00,-1.957392387481410756e+00,3.721947282814266900e-01
1.781307980593282547e+00,-4.749153952571184556e-01,3.276199037251431356e+00
-3.377378313122046283e+00,-1.320189737208671943e+00,1.017491413248686305e+00
-1.492974828469063320e-01,-9.800762155728192093e-01,3.640742039994246504e+00
9.730256928555558460e-01,-3.568171576201184969e+00,-7.825338762144866678e-01
8.119120906298148421e-01,-3.393642118727924650e+00,-1.472515289892045498e+00
2.866677430063171883e+00,2.388312527330727963e+00,-6.898797991053617906e-01
2.303878320507286137e+00,-2.352024549443521018e+00,-1.900425066469765500e+00
1.234883035377663418e+00,7.288862605369803571e-01,3.528333636951019869e+00
-9.075697418294875751e-02,-2.100871109728594366e+00,-3.183942935535485574e+00
-3.130310225153565273e+00,-1.974232456945506975e+00,9.576914196561150394e-01
-2.196639296570122468e+00,-7.405491569517351769e-01,-3.048667337032529456e+00
3.073228897138255533e+00,2.266809422239201233e+00,-3.734055626046279275e-01
3.669186688491444581e+00,2.805707927442346317e-01,-1.111623417809004533e+00
1.016967258047887457e+00,-1.037878746543356767e+00,-3.566635772039979280e+00
-3.806725912735688944e+00,-3.161073482550725844e-01,5.443810319014013022e-01
-3.071048063568301068e+00,1.774941608590779873e+00,1.536553981053645046e+00
1.389347850473755974e+00,2.788314986966788478e+00,-2.300709467411163889e+00
1.760646266459496179e+00,-3.419755922849953222e+00,5.092457192564473489e-01
2.708646277122260138e+00,-1.787882390877485905e+00,-2.139280202637269479e+00
-2.712726441041682257e+00,-2.293740591312232624e+00,1.595535775441460080e+00
-3.184969499410628124e+00,-1.405082338992539093e+00,-1.761766743600504448e+00
3.140284285332904712e+00,-2.191808213449897291e+00,-7.830275353449344111e-01
1.006857838644833025e+00,-2.039379471821507472e+00,3.187840825950166934e+00
2.821687783352628820e+00,1.344792831502664709e+00,2.370986960638597818e+00
2.335995725813210466e+00,-8.219254406197715745e-01,3.052298987003350117e+00
2.722654478247166221e+00,2.711642039388709513e+00,8.604093131174436193e-01
-4.010402975455595320e-01,1.860330962972418289e+00,-3.455700737844121129e+00
-2.494829803157228021e+00,-2.924702185152417311e+00,9.181735789185050400e-01
-1.183192197628483822e+00,3.740350321180665460e+00,-5.373061111667940537e-01
-1.188495979964074190e+00,-1.274304645404246372e+00,-3.563767702638808377e+00
-1.937991722219716273e+00,3.422595032405358673e+00,-5.700812072971349620e-01
-3.190814270755953252e+00,2.084704179601177820e+00,-1.151526601823291029e+00
-3.830927436684421483e+00,-1.014928491274892375e+00,4.535961478587103857e-01
