-0.000000000000000000e+00,-0.000000000000000000e+00,0.000000000000000000e+00
5.659738017725560698e-03,4.620169784344358918e-03,1.197083693051371849e-02
1.818947287105307162e-02,-8.734573252414789407e-03,-9.984437733979076822e-04
-1.003007397613992066e-03,1.467980366016240559e-02,2.033423516563472033e-02
9.453476688621767834e-03,1.021885157220993497e-02,-2.582351350379343338e-02
1.093322970588352788e-02,-3.130013415322466935e-02,-1.652183847867653467e-04
-2.392170893873581117e-02,2.237855807419342202e-02,-1.649848732391169179e-02
1.353195060249788063e-02,-2.398523924923237627e-02,-2.897907845932841051e-02
2.928303667241918123e-02,-2.593459775003137749e-02,-1.810193566974692761e-02
1.723865572683405331e-02,-2.607741104688035549e-02,3.386090166319975087e-02
-1.889692656166951784e-02,-3.757960504479940927e-02,-2.503245630917890277e-02
8.280200293834041880e-03,2.809396552009013615e-03,-5.096768866687301225e-02
2.468501573325150578e-02,-3.142352324710651762e-02,3.689830632444399128e-02
-1.943580611616659969e-03,3.641441461527825108e-02,-4.379933206742926688e-02
-1.216273310135201208e-02,-2.795738319825283660e-02,5.112926211799571213e-02
1.790455448541866321e-02,5.214441913363888209e-02,-2.837808236352635724e-02
6.153053438770383216e-02,-1.779545979153629789e-02,6.996531009304387400e-03
-5.663201538072922675e-02,3.320353430967663139e-02,-1.241563028234797007e-02
1.365636985853135171e-02,-4.582236586417942625e-02,-4.995199648129420439e-02
2.075950293513666167e-02,5.865460921816637724e-02,-3.511421048182174903e-02
-4.611461206603494761e-02,5.725864111928728219e-03,-5.721226771674946254e-02
-1.710731866021734590e-02,-7.149039679539409553e-02,-1.904178051948238540e-02
-2.507137061043323081e-02,3.333589515793407981e-02,6.606860291688561315e-02
-7.324764067929860623e-02,2.520762682178769726e-02,-2.117273645300547791e-02
-6.952588671414078325e-02,2.527876672912434536e-02,-3.640422912078630086e-02
4.915820793458688075e-03,8.434886382095922730e-02,-3.690365937269381603e-03
-6.661761296856945347e-02,-3.146718162759139931e-02,-4.565045502254520132e-02
-2.148297957830453894e-02,-6.580840147585619027e-02,-5.553800559535547465e-02
-5.131371251716757009e-02,-7.293674849650924608e-02,1.713697897797067729e-02
-6.354174556450950528e-02,-6.766239094376555463e-02,-2.390598969220056064e-03
-4.917501422077791978e-02,1.385050557940485649e-02,7.994674419170459678e-02
-1.625951652654943069e-02,-9.472678629665576278e-02,-1.221056557125485553e-02
9.532629787121486842e-02,1.371051972987925611e-04,-2.626290687491074707e-02
3.867773010568537062e-02,6.152519539281122579e-02,6.993471853916581604e-02
-5.820467329422336633e-02,-5.021573626595555312e-02,6.828751458434270671e-02
-1.152805022993841659e-03,-1.045089755653319658e-01,-7.391101972687707904e-03
-7.471452390860561232e-02,6.036707876296894953e-02,4.649968359297240034e-02
-6.406440104750950326e-02,-5.959344661400724913e-02,6.441046655797746934e-02
9.209364954329332664e-02,-3.724384160781962771e-02,-4.854637636454707528e-02
-4.590281805529522474e-02,-9.714144483445598388e-02,-3.327791248844110678e-02
-7.088929885077557835e-02,-8.162953288308877342e-02,-3.732595357148501408e-02
1.049672453122382082e-01,2.722113294034454734e-02,-4.193855198740722295e-02
-4.853452538245572184e-02,6.647543545649746421e-02,-8.476163502656502979e-02
1.117456407182270683e-01,3.973928689854559076e-02,1.841463209476526183e-02
1.079958149086498453e-01,5.630352382212021334e-02,4.859797092139005528e-03
2.996791841760953687e-02,7.050531231574254376e-02,-9.718157967536969477e-02
-1.081256022269506262e-02,3.816021163662686871e-02,1.191717082631592317e-01
9.349624188544509995e-02,1.999701661612106329e-02,8.426390708374446870e-02
5.321248444013441936e-02,1.076542372836448158e-01,-4.788335441416950028e-02
4.783206977152918565e-02,2.343339783654328767e-02,-1.198079462153143759e-01
-1.157846680911192999e-01,6.105215383036832061e-02,2.323485980832001169e-02
9.664092138288337590e-04,1.320894702497051321e-01,2.668865726751033091e-02
8.503119882416805553e-02,2.250462467744581904e-02,-1.044836036932834805e-01
2.906831345596288738e-02,5.571245528610446057e-02,-1.232992354416504455e-01
-9.460300068512969562e-02,-6.653873619263095396e-02,7.923135563376616786e-02
1.401966971468679157e-01,8.627687942093932583e-03,2.082373689260106492e-02
3.602162890522264682e-02,1.362786873250102816e-02,-1.385409827285129791e-01
9.043267708766392077e-02,1.740604307723120012e-02,1.127600055800506984e-01
-7.361454138707047845e-02,-1.003604007211202354e-01,7.892285384032864115e-02
5.347866506951730325e-02,-2.331286686360047045e-02,-1.372816325064100673e-01
6.883231525607091950e-02,-9.615772783228326848e-02,9.381048584355312914e-02
1.702780635171449036e-02,1.432526490306507416e-01,-5.013556442633802790e-02
8.103237529459933475e-03,-5.752644160916914329e-02,1.431624381503472376e-01
6.402910573100595998e-03,4.982726552837499212e-02,1.479785541152877637e-01
-1.361823428950829362e-01,-6.495989478760955116e-02,4.703559231139599339e-02
1.317056709622549948e-01,-8.844534518795069133e-02,1.925020417373507139e-02
1.597039116819068127e-01,-2.331358726510414717e-02,-7.606901492442246816e-03
1.199364196353660539e-01,8.042276037912800268e-02,7.633349321386949382e-02
4.497264027194127108e-03,-8.702713062859190885e-03,-1.648074883924493528e-01
-1.223887167209672527e-01,-2.384085452693120860e-02,-1.108768368428220824e-01
1.256981576357489028e-01,-1.076228629660600233e-01,3.236415548486672872e-02
1.994791698379844505e-02,1.309746093800875366e-01,1.071097056831091104e-01
-1.277001358680269760e-01,-3.640919543163487117e-03,-1.153443903294703032e-01
4.180194718852385527e-02,-9.990799598946090154e-02,-1.360206370171438417e-01
1.050175269038785969e-01,9.844794202202182543e-03,-1.404148162650576126e-01
1.637458879891825203e-01,6.800738459454190588e-02,-4.593712132735768353e-03
1.990939153754192701e-03,-1.019289337103542331e-01,1.472680423637278968e-01
2.070366604514908490e-02,-7.507677761736382405e-02,-1.632309847582230078e-01
1.305575436829447544e-01,1.184872151403004448e-01,-4.752751525621919798e-02
1.514596359814948112e-01,-1.777336852108926321e-02,1.035710895964160744e-01
1.441814604714835857e-01,7.871371257221082551e-02,8.742986418011454430e-02
-1.212270529927402529e-01,1.392207995445330360e-01,-3.465062792953534088e-02
1.555358419155951355e-01,-3.502585327875020870e-03,-1.083150839874988530e-01
-9.095248732330983576e-02,1.064055692508092954e-01,-1.303987368938767100e-01
-1.761130267117786419e-01,-5.617206826021592381e-02,-5.563757888539116320e-02
1.945566460008491261e-01,3.969169636302396012e-03,-8.528237012669996273e-03
9.104969755551044208e-02,1.737449970696082202e-01,-1.197434020229229922e-02
-7.542896526173942240e-02,1.506369312506119496e-01,-1.045255821348581027e-01
-1.574590348858810607e-01,9.085787628455228859e-02,-8.336582627856166383e-02
-1.177739727001369668e-01,-1.814396849615283313e-03,1.637743362727621110e-01
-1.058256130852470583e-01,1.694771576366268517e-01,3.844584365075079391e-02
8.351328803491041286e-02,-5.293730578685263560e-02,-1.798121473163736272e-01
2.025664617567190795e-01,3.020380132538321230e-02,2.965425407598603139e-02
1.017485831026758436e-01,-3.002807450836922701e-02,1.796996257399836872e-01
1.923699551772141692e-01,-1.665695165891550519e-02,-8.360864034561145408e-02
5.365253741407657873e-02,1.983586932202386355e-01,-5.275420255778246609e-02
1.958846491394095890e-01,1.613242462997460311e-02,-8.435952746282932013e-02
9.441349370142354536e-02,4.520216447990090675e-02,-1.885109217603361531e-01
-3.376707798139621380e-02,1.783670838733481534e-01,1.195431165002031060e-01
-1.582431960431516793e-01,1.243660914581572879e-01,8.657948122739562991e-02
-1.933539259058010829e-01,1.640196469002174612e-02,-1.054207140538234860e-01
-1.766450042932296016e-01,9.089612325303779439e-02,1.003663681295417498e-01
1.187125202324517542e-01,1.517716358450977021e-01,1.148416779614522404e-01
-7.316444644654240825e-02,2.012223100630565753e-01,7.249594268017732490e-02
-3.210987846736007567e-02,-5.954219861945710124e-02,-2.175139523043571610e-01
-2.539894865721796166e-02,1.357680157806419874e-01,-1.833205748244185751e-01
-1.829504072541791038e-01,1.409190391283597632e-01,1.255733425271852652e-02
1.650730977567995555e-02,-7.472661584151990555e-02,2.200880875822529836e-01
8.894828607210109039e-02,-1.998534279942618952e-01,-8.518899252710201986e-02
-4.722886793680989431e-02,8.950147584691320324e-02,2.137539519069183991e-01
1.451113975971009828e-01,-1.607329586337025995e-01,9.933470465384425241e-02
-2.364523173960297320e-01,-1.588891023205084296e-02,3.784292449139268349e-02
-2.246850789916933766e-01,7.417549839273500367e-02,4.949590176740562703e-02
-9.458905575720504347e-03,-1.722094493292824768e-01,-1.718639614335992771e-01
1.679575392070905837e-01,-1.771383448443745456e-01,2.343507640183644519e-02
9.749718703858259450e-02,1.221667050380933067e-01,-1.912257590770233551e-01
9.776979334905356797e-03,2.474147692064303516e-01,-2.356808259617207066e-02
1.360553935350884702e-01,-1.749553139006163882e-01,-1.166995101949766384e-01
-8.125147730984973171e-02,-2.005397073525965745e-01,-1.296226707109419674e-01
-2.164343767024115295e-01,9.575705724612142145e-02,9.216456085696579648e-02
-1.471994595703167152e-01,-1.513347021960184113e-01,1.443329604270426336e-01
2.296546856293821270e-02,3.159358087133693621e-02,-2.545141001987739071e-01
1.322778106508665230e-01,-4.165022146108969536e-02,2.190405985580977655e-01
-1.638712550804221069e-01,1.729577405874750118e-01,1.065719852609090246e-01
6.619452688589481937e-02,-2.539834353041871551e-01,1.257623366553613752e-02
-1.385935272498002024e-01,2.172987328670335783e-01,5.957506638735322879e-02
1.823051496087909062e-01,6.637815485738467192e-02,-1.824019032298553333e-01
2.319404208032301296e-01,-6.025871002678900162e-02,-1.201115573109834134e-01
-3.406303659797372402e-02,1.844683760849818166e-01,-1.939458189240317043e-01
1.665031410892442720e-01,1.665726687659843108e-01,-1.352433018466955850e-01
1.141487420840533833e-02,-2.270126496892388157e-01,-1.518525275178846112e-01
6.217880832851400280e-02,-1.243178498788228836e-01,-2.374319882682852101e-01
-2.454158775518949787e-01,1.843487246680848221e-02,1.269026444568125689e-01
-3.936959384649410532e-02,6.621228888350270958e-02,2.678137897816446067e-01
-5.316352876495284568e-02,7.799460384757767040e-02,2.640854660560622014e-01
1.147164375076526188e-01,1.159278730429403048e-01,2.303283783021926046e-01
-2.472588135370904217e-01,-6.163548389162808866e-02,1.253848650344154270e-01
4.281826908375532641e-03,-2.047657174355956792e-03,2.857427679543569354e-01
2.230024749653907179e-01,-1.661396741858650050e-01,7.321576267088364398e-02
7.576455860005601450e-02,-1.186356597967960502e-01,-2.527989794152939451e-01
-1.218061226470903424e-01,1.993121477584290646e-01,-1.737709232301487827e-01
2.308244725233170314e-01,1.024373670213252069e-01,-1.484212999675476319e-01
1.944348455677928633e-01,2.214385450535594213e-01,3.690022773666513066e-03
-1.424288864062738802e-01,2.484332599145921139e-01,-7.685911243303207574e-02
3.452550809804495746e-02,8.478732170438768589e-02,-2.838976755022385445e-01
1.451002961570833361e-01,-5.000620049045353260e-02,2.578721767960935329e-01
1.779708318547139900e-01,2.176068646987597555e-01,-1.100364509743001623e-01
3.889340713658033521e-02,2.712725272995809012e-01,1.308517232536504371e-01
2.742318629215805270e-01,2.034669338746282474e-02,-1.330545650800142865e-01
1.281999801493323987e-01,2.679403380371515042e-01,-7.872773835844280865e-02
-1.155411293042160337e-01,2.715075768025509428e-01,9.204164021828870057e-02
-8.846994161793592104e-02,2.685288939669058239e-01,-1.293187931645968514e-01
-5.936602322824702932e-02,-2.804737196000141042e-01,-1.248852384799605808e-01
5.821020668787576374e-02,-1.325964466661224972e-01,-2.791986613835130138e-01
5.700172765756669757e-02,3.070938928464674866e-01,5.010168495357204821e-02
-2.861309743755364732e-01,9.936716262354595985e-02,9.732992179104799080e-02
-1.807147024118154963e-02,-2.627360399290918358e-01,1.817165645246184569e-01
4.718928449259635755e-02,2.769871758684565033e-01,-1.568338228667037204e-01
-1.207666515738113205e-01,-1.678594841428096007e-01,-2.489178599061978858e-01
-5.266832180226295457e-02,-2.868256052709105552e-01,1.444390194674797234e-01
-1.997196463598870653e-01,2.552210163643230945e-01,-4.551880941622121757e-02
-5.117315075577848899e-02,-2.107175927458342646e-01,-2.475427285501618779e-01
-2.449963650790204506e-01,-1.045189604952813794e-01,-1.963647387730098615e-01
1.351083356335737451e-01,-1.082156782480707402e-01,-2.841803022722982908e-01
2.526658901637944890e-02,2.622124237956129922e-01,-2.062878363976735907e-01
-3.138738548334382150e-01,-3.327317002923847050e-02,-1.164385830820250101e-01
2.136163886153173708e-01,-2.230891952510937470e-01,-1.379234543845928307e-01
1.489532955882898746e-01,2.425779146717115531e-01,1.861254795630084558e-01
7.787363978983333213e-02,1.980100025593899138e-01,2.676942260666986817e-01
-1.475738539119715864e-01,-1.744302084866575231e-01,2.568961868262946702e-01
-2.770774915606240563e-01,3.633047951061681852e-02,2.034291143443337224e-01
3.320312271925967562e-01,-6.328852341416515981e-02,-8.068018380871123940e-02
2.653662562574471973e-01,7.633562177028559159e-02,-2.140231652467476930e-01
-1.126306888987858440e-01,3.794379089075794464e-02,-3.304971460726827126e-01
-2.126707424178204964e-01,2.326411683518226914e-01,1.591011358419410215e-01
-8.133116659056698061e-02,1.426997212584191488e-01,-3.146503635949931543e-01
-5.870257881652125691e-03,-6.728860280633586211e-02,3.503544851008656424e-01
2.230250203140022036e-01,-2.773462178833676073e-01,4.456308684007888321e-02
-1.023475664098747601e-01,-3.389092791708115393e-01,-6.824773414754387035e-02
-3.371408115496528635e-01,-6.548077345543987238e-02,-1.157360646746900673e-01
1.554290996860485385e-01,3.046431599456070893e-01,1.254750539535438858e-01
4.414513750512386731e-03,2.437662360867994538e-01,-2.732037977375110227e-01
-2.856594085697115593e-01,-9.134945290222266923e-02,-2.133469299946229025e-01
2.953666337722144486e-01,-9.008472305378786849e-02,2.037067538865195704e-01
1.323947183997034593e-01,2.823241229823685305e-01,-2.025270230390556203e-01
6.660308523312989670e-02,-5.562360670685114611e-02,3.634982505118373730e-01
1.255508564046960499e-02,3.049483496917129166e-01,2.189234283659625691e-01
-3.671142597529214457e-01,8.770571508951294226e-02,-6.349397241516873021e-03
3.639669639444407245e-01,6.568150621968371801e-03,-1.068951209511944250e-01
-2.092189012133062465e-01,-3.034152952542560344e-01,-9.774334379627577785e-02
2.075153655429740340e-01,-1.140391048475230262e-01,-3.012880107190477608e-01
-2.741378188766434021e-01,1.717770225170244802e-01,-2.089195748229190630e-01
3.192546628227455607e-01,-6.591654534613156091e-02,-2.085940302313625261e-01
-2.967081065341578006e-01,-4.457380433016472354e-02,-2.474685765221042444e-01
1.962289473034176390e-01,-1.025898182408614273e-01,3.220644568872751412e-01
1.954591281237142708e-01,3.285433314563523943e-01,-9.007411351871401350e-02
4.367680593391424365e-02,2.284519129789465419e-01,-3.188610720951888244e-01
-3.055336779805533642e-01,-1.464093104407261925e-01,2.061685558992771283e-01
9.060612611031114427e-02,-1.418852109296133979e-01,-3.612236068718651105e-01
-2.446450722104367703e-01,-2.120725111378812533e-01,2.356662379240476446e-01
1.421304505275311769e-01,-3.667897354330254545e-01,8.473333579184628983e-02
1.996616140400564454e-01,-7.905171488882382913e-02,-3.425819877096980548e-01
3.272326001696839182e-01,2.391081043424461150e-01,-2.816451613033797360e-02
-3.466498484588206863e-01,-1.363287497536017912e-01,1.669615486890892175e-01
-2.008186198679253187e-01,-3.329154281505019575e-01,1.306051711521041270e-01
6.773672743668879281e-02,7.094327283255778827e-02,4.002474933104272492e-01
3.307019348790495306e-01,-2.487368412255386851e-01,-1.401201698479711405e-02
-1.006330008099938084e-01,-3.974698258976268606e-01,-7.029835469233829126e-02
3.864000707185529238e-01,-1.445483818018851452e-01,6.695569483567966051e-02
5.570255602367318870e-02,3.790267453552100263e-01,-1.719293439134999824e-01
-3.752119864748419964e-01,-1.661922998073644964e-01,9.783432431395518158e-02
1.330653125680555104e-01,-1.495299749967052838e-01,-3.735932813036936806e-01
-4.440249106326060735e-02,3.024763425611273204e-01,2.963890323410456329e-01
-2.349843534920070462e-02,4.235294945261469102e-01,5.534844751303817645e-02
8.583986529845905045e-02,3.798837722901354796e-01,-1.816757108714540103e-01
-3.305994708303172658e-01,2.200124161088628516e-01,-1.693772552812704835e-01
-2.136247434770394971e-01,3.132366483740959828e-01,2.105988697671513088e-01
-8.898794778110998005e-02,-4.096994865501735455e-05,-4.265101111323476579e-01
2.757100350438351777e-01,-1.892541433495442404e-01,2.823692256646753163e-01
3.707795104083730364e-01,-1.779375688244653753e-01,-1.554761930443292750e-01
2.510249224595913486e-01,3.106146929326202843e-01,-1.886117506613663453e-01
1.867522055927192670e-01,-2.727590195804987516e-01,2.959116075806857427e-01
-2.563875984223621951e-01,-3.517885051660906148e-01,9.553449192038193649e-02
-1.556622774502773865e-01,-3.844328196561669353e-01,1.684851217426198422e-01
-2.369713078955461849e-01,-3.784769155079221181e-01,5.298460579652799346e-02
-2.069169762242809574e-01,-2.016411401395215020e-01,3.471970229532159724e-01
-3.848344893636913566e-01,2.497272158781971632e-02,2.390009245090130574e-01
2.482153224104219624e-01,2.450569563386499339e-01,-2.932799962039464581e-01
4.100809958088107166e-02,1.094649492421181786e-01,-4.425586113048010639e-01
-2.938722164628560507e-01,-3.797247192251566178e-02,3.515341745956739317e-01
-1.060522589752389876e-03,4.353476548477394070e-01,1.540076721587289033e-01
7.665957641624839003e-02,-3.796880811079931806e-01,2.551209519620661337e-01
2.213550339090672170e-01,-4.052764635380028402e-01,6.140145554528025212e-02
-4.380044822740343791e-01,5.075942490585142602e-02,1.565087609929749490e-01
2.656515823929375131e-01,1.085991341785546155e-01,3.721137694709170107e-01
-1.754106217393025802e-01,4.836099102980173647e-02,4.354892055082570934e-01
-3.580855348326660303e-01,-1.409663237376248546e-01,-2.767647364286698886e-01
-3.225560413858804543e-01,-3.121026451581511707e-01,-1.587250738621478197e-01
1.464705804108320519e-01,9.047962154585771632e-02,-4.460541334288367632e-01
-6.426326434719534242e-02,-1.874287408668487420e-01,4.373983853554692658e-01
1.266133257575401128e-01,4.105227185525412992e-01,2.190909014897176876e-01
3.869221585617219628e-01,2.904002167893934283e-01,-2.270534366716043043e-02
-3.127109130231988665e-01,9.723268937067942874e-02,-3.596138749737043394e-01
-1.122542038086107447e-01,2.368864812367073303e-01,4.121506145461232840e-01
3.954903424761587183e-01,-2.029104387863087389e-01,2.074392572673235957e-01
-4.617232320256229317e-01,1.714774788825214613e-01,8.217356111686653294e-03
2.937343288765502103e-01,-3.531635919024498360e-01,-1.836090738783713594e-01
2.173019142565911152e-02,1.143771788842508352e-01,-4.829397999792518492e-01
-2.269080090021514118e-01,4.115984877077714099e-01,-1.672287409276032311e-01
2.954034608025288833e-01,6.676087052660345522e-02,-3.990475813881556033e-01
-4.244091848025201008e-01,-1.365594869442863790e-01,-2.330088774366802506e-01
3.226266767218408105e-01,1.498234291139329336e-02,-3.884204092184193602e-01
3.182020217396749895e-01,-1.830138034217310972e-01,-3.500955340646892955e-01
-5.018373229061887653e-01,8.700945548556367204e-02,6.731622667996968977e-03
-3.226787325023328656e-01,3.822347696110280912e-01,-1.067123411793519799e-01
-4.258358541720760893e-01,2.751644271426968436e-01,8.203310413328936124e-02
8.670651877037839628e-02,-2.617426427688956392e-01,-4.358155179759892750e-01
-2.660310637848894433e-01,-4.076629078287373753e-01,1.766210204291729091e-01
-2.700988474397025829e-01,-7.699568351125355738e-03,-4.442419829471687120e-01
1.130378041060637606e-01,4.937534869640488044e-01,1.265447057525806163e-01
3.006749780069710165e-01,2.397203939308970855e-01,-3.562938669662387148e-01
3.646964070486614640e-01,1.353701697456384349e-02,3.793098972934185187e-01
-4.639144549313111154e-01,2.512817651007470121e-01,-3.102893897303912740e-02
-1.705810928989309194e-01,4.169075466771597904e-01,-2.805076652549047256e-01
-2.293931907900416400e-01,2.230967618719601198e-01,4.260124869383634660e-01
-1.158154458407684717e-01,-3.650995980486038128e-01,3.734542873164902188e-01
5.181437044267776793e-02,5.281470945333982536e-01,-8.286940104708752364e-02
-2.838550970944677121e-01,4.085333449149479434e-02,4.566996123821105424e-01
-2.452856475737456576e-01,-7.319903056393040064e-02,-4.771094587450417368e-01
2.040652300288540721e-01,-2.677577255597695105e-01,-4.268169073505422850e-01
-4.224423136740860785e-01,3.301026022215704514e-01,-1.022291385103368255e-01
1.235463290047537077e-01,-5.077733648357296570e-01,-1.647992419516021712e-01
-3.760763855806603662e-01,-3.773796508542408001e-01,1.371183174677884364e-01
-4.834731084474231944e-01,-9.789166519932100685e-02,-2.484533982172905942e-01
-1.087318164502922568e-01,1.489367239271451870e-01,5.229484555119656708e-01
4.068669396537662464e-01,-3.356284657676971150e-01,1.781245463469173784e-01
3.722053939697004266e-01,3.920468796200307082e-01,1.418718598181445134e-01
8.946048298410003152e-02,-5.527509024405488081e-01,3.594849848572290174e-02
-3.265580884418262109e-01,1.387571118698396021e-02,-4.587747421354784749e-01
4.605777474488747525e-01,-2.117654236530863102e-03,-3.281201174248786212e-01
2.111844198560400565e-01,-2.214743703078102255e-01,4.781797380860354774e-01
1.603725862314989981e-01,-3.021120825823101277e-02,-5.460717436026514271e-01
-1.953442002844303083e-01,4.877512402918637857e-01,-2.264973291665915156e-01
6.071090585497637693e-02,-4.917561874792835547e-02,5.690407182008607734e-01
4.800594753974772866e-01,-6.770520377642862131e-02,-3.121451299840961591e-01
5.558958628913500677e-01,-1.255003849219692991e-01,-1.014101901718831161e-01
1.720230067225734030e-02,3.210250291529366251e-01,-4.840404892872777198e-01
-1.889837319976823138e-01,1.320448741233001544e-01,-5.358225880957147025e-01
-4.582207394811971257e-01,-2.659463844115494413e-01,2.493712350008662482e-01
-1.331341716123972917e-02,-2.084294918549389752e-01,-5.494522098198540982e-01
-1.740375329375102031e-01,-2.569914999988497373e-01,5.018338364746490754e-01
1.335025829872956218e-02,5.657143694529860323e-01,-1.750086228062963378e-01
-4.452309010752020235e-01,2.240479643372630669e-01,-3.241822964080916525e-01
3.873178260097325798e-01,-4.374640442913985683e-01,1.217814043032451610e-01
-5.787070000176646190e-01,9.739166372718806308e-02,1.206122458740696152e-01
2.148024998697168897e-01,-4.686008466578770459e-01,-3.097359194663133475e-01
1.521494351548497992e-01,-5.785709686914152217e-01,-8.070780608154655422e-02
-1.291806723777097488e-01,3.843490990046982136e-01,-4.502838161725233879e-01
1.182446694667720483e-01,-1.336900503270429807e-01,-5.814532845942272932e-01
4.146641671359113102e-01,2.946808768757524510e-01,3.375656017631601946e-01
2.192718206158029981e-02,4.526606470088661571e-01,4.125020231384284308e-01
-2.727066109173696962e-01,3.814541914083108831e-01,3.981037522740847878e-01
-5.388369024645478511e-01,-2.117227419755277895e-01,2.145444184743663663e-01
2.996885859718765865e-01,-1.299051363653448699e-01,-5.266560411716327827e-01
-5.601682108618104977e-02,-4.660255120211215241e-01,-4.081759892789861843e-01
-4.904198347259207391e-02,5.660168519370203238e-02,-6.198407914504623362e-01
1.818417068317390306e-01,-3.924750840184428324e-01,-4.534431337517929594e-01
4.907051014748370354e-01,1.649637638339968293e-01,3.572502412118208626e-01
5.597562221912658620e-01,2.402247438146656033e-01,-1.659279885062250048e-01
3.309204606492807850e-03,-5.996993317236306575e-01,2.046165804098085406e-01
4.989798316014613655e-01,3.871500958788456903e-01,-7.496449241015039344e-02
3.667981998513014097e-01,-9.709165398555047455e-02,5.133245568947080173e-01
-3.539681193495581302e-01,-3.113588220242059501e-01,4.338579388042294593e-01
-9.196067073932938374e-03,4.331425377076912331e-01,-4.751744283996408025e-01
4.361309399099077000e-01,3.005125785810438543e-01,-3.687869295572882566e-01
5.803017491271015293e-01,-2.200728533941402054e-01,1.854467110865020973e-01
-3.420629537762092665e-01,-5.426551577319009834e-01,-1.056348851806265809e-01
5.223506296353479517e-01,-3.908519584836325222e-01,-1.047382064673070025e-02
5.159241463006899453e-01,-4.006341733008232930e-01,-4.627569730711012658e-02
5.959620527726052774e-01,-5.820668168109096458e-02,2.709003872020986914e-01
4.987855749567575714e-01,3.762300576057518026e-02,-4.299760161771169487e-01
-4.949173444252469856e-01,2.654628807407984903e-01,3.504591181524960297e-01
-1.815714827823459443e-01,6.277453153999520419e-01,-1.198903432341292957e-01
3.115094633183146389e-01,5.712875583784150502e-01,1.455564309353084840e-01
-2.833979679586952627e-01,-6.956633709431873924e-02,6.022010939729300905e-01
2.299691755689364514e-01,5.918514618706093300e-01,-2.187451135073866515e-01
-6.967260153563946401e-02,7.814737728084185375e-03,6.703350725963186374e-01
2.994649043496884211e-01,5.630186872771321127e-01,2.255083308797938280e-01
2.420854487535014088e-01,-2.924113577565176647e-01,-5.627523409334098670e-01
5.779656520256442054e-01,-2.538123169680394087e-01,-2.561827530423554933e-01
-1.532898903398144941e-01,5.751459782677549315e-01,-3.363280445965672882e-01
1.568018697329961464e-01,3.103357105350402767e-01,5.914752053968888035e-01
2.802382093516751493e-01,-4.409288948711626577e-01,4.484809952765266838e-01
5.033204134141238129e-01,3.341373200570863511e-01,-3.353729047042879885e-01
3.391169611935273553e-01,-2.864453113222361069e-01,-5.327180568113508707e-01
4.251572585039994912e-01,1.802249801827966458e-01,-5.205804939246115870e-01
-4.005157522104523249e-01,4.755148477947266916e-01,3.180237600801696929e-01
4.856227522780976469e-01,3.236706173149053734e-01,-3.879631456838032455e-01
-2.182829104684463339e-01,-6.605232276549863890e-01,-1.030972657127149500e-01
2.166992455330477296e-01,4.565845900716841016e-02,-6.700767283898814153e-01
4.005320339582637001e-01,-2.814737158667084960e-01,-5.117521504498323548e-01
4.410613225664106185e-01,1.767821687558426280e-01,-5.284629704986557597e-01
-3.262466438648395917e-01,-5.821492475687091162e-01,-2.515175521895141597e-01
9.875323438327517078e-02,1.631860019525506467e-01,-6.897597599774777377e-01
5.606412517987109378e-01,-3.987193891026634129e-01,-2.059819489853882135e-01
-6.762380566209176269e-01,1.801651432092080951e-01,1.719307570583293865e-01
-4.710311593891844950e-01,2.763875727443802499e-01,4.739934401580616630e-01
7.629297582572167058e-02,6.470050439527937902e-01,-3.195719432980683727e-01
-2.592966188829843865e-01,-3.078213615812578838e-02,-6.797292317456046229e-01
-5.306174180522873485e-01,-2.354917819670755419e-01,-4.437051841179446843e-01
1.897935088271182347e-01,-3.329667400396313925e-01,6.250506094718798478e-01
1.033717728770430083e-01,2.539541633700456713e-01,6.827219671450247551e-01
-4.956869628165044284e-01,1.904455847351296804e-01,5.128777862935274268e-01
6.515197414767313067e-01,-3.047421943520959853e-01,1.772680389497331421e-01
6.530245000065082461e-01,-3.304718467679690908e-01,1.299548317175727996e-01
7.187988887192156007e-01,-1.991127751601058649e-01,-3.813975707401509596e-03
3.794675737857032827e-01,6.268237245497477739e-01,1.524479395341653831e-01
-4.136655455364824374e-01,4.403774389042438009e-01,4.460096939462636634e-01
-3.878236199763823722e-01,-6.460649846227921600e-01,4.650510317322495597e-03
-3.631686297228448046e-01,9.740957501081108638e-02,-6.559892594267655586e-01
-6.380511277901650402e-01,-7.263407690563120078e-02,4.039937750449722476e-01
7.244861179401856921e-01,-2.302083049290829242e-01,4.043079859939698734e-02
2.393579130266249022e-01,-4.654037542138783623e-01,-5.563752327961168920e-01
4.846304227543969945e-01,5.776257874613047738e-01,-1.374215031809599974e-01
-4.420167481808688903e-01,-4.174297156660218278e-01,4.709078225996533584e-01
-1.106910419947440827e-01,-4.243586584717198851e-01,-6.348595404025136890e-01
-2.161520389193784808e-01,6.358994471427423800e-01,-3.851100401252009475e-01
-5.348582317039841660e-01,-5.617827572338626174e-01,4.204609482322076847e-02
1.930761502407787322e-01,5.883158366679502871e-01,-4.734027171548426116e-01
6.301690233481916925e-01,-4.529530210641772858e-01,9.648408290198670634e-02
-6.796947806568061079e-01,-2.127193160083481749e-01,3.293331805056744499e-01
-6.719899625342891092e-01,-3.749760378847874498e-01,-1.662687839885120256e-01
-4.676987994293974049e-01,3.010550430090027096e-01,-5.608889492708167834e-01
1.425145137547056129e-01,-3.701844011967757586e-01,-6.861469851635391137e-01
-2.920633967228655203e-01,3.338446950669315405e-01,-6.599887654082604582e-01
-7.959710902869421290e-01,-5.449476023057511082e-02,-3.861707098002317012e-03
3.094168898276598578e-01,-5.639508738205333271e-01,4.764593726806455320e-01
5.807725805624643911e-01,5.303888046169631665e-02,-5.522171346897949418e-01
2.880091483062230395e-01,-4.957331753308546474e-01,5.662475171085968872e-01
-1.655094428326294581e-02,5.694502785574312442e-01,-5.736681584989640204e-01
-5.312123313596628371e-01,4.133081245649093405e-01,4.527262515608751481e-01
6.504291846225257467e-01,-8.804989843490398926e-02,4.811565076526441720e-01
-7.073107550102951668e-01,-2.525358458816532106e-02,4.071491502283659525e-01
-3.151519613218538574e-01,-7.290793003450485310e-01,-2.005404683324724380e-01
-7.820147191933205510e-01,2.221408448152768500e-01,1.209155972353582881e-01
7.212725615893277320e-01,-3.534193688572294101e-01,-1.865966388670755594e-01
1.922290748425328766e-01,8.036198977824173806e-01,4.083543416205685089e-02
-3.719840975390446003e-01,-7.205311781606513755e-01,1.771366562613006790e-01
-7.830839777183660200e-01,-1.309513216419809778e-01,-2.511170327680911640e-01
1.607986770110783614e-01,1.722558769437513015e-01,8.015220867180692377e-01
-2.246637716438802668e-01,-9.870850961934946044e-02,-8.014424217434795716e-01
-5.636341741294353946e-01,-2.381873693397980052e-01,-5.767975968223376659e-01
2.730225679616504197e-01,6.658451470628405922e-01,4.402613950517077490e-01
9.960133436306274624e-02,8.386495002250718978e-01,5.568529490578204288e-02
7.374830323386746822e-02,4.998881977534738175e-01,-6.824108085157178927e-01
-8.386546482868146857e-01,-1.492953698380959648e-01,-7.898008162756344624e-03
2.242029282520756062e-01,-1.059267883720498432e-01,8.178701907204162236e-01
-1.249088279114594358e-01,-7.316303233586792798e-01,4.292370491831247192e-01
-2.528406473318919323e-01,-5.964873353713714410e-01,5.658261156137682768e-01
8.141385602344215489e-01,-7.870317102156829114e-02,2.750433192026670026e-01
2.677494745053718983e-01,-8.059722335704663232e-01,1.678938179412735043e-01
6.459277773876156425e-01,-4.451045865661955037e-01,3.727710938402235552e-01
5.070663498600871399e-01,5.411107574817956012e-01,4.574240335881485930e-01
4.533038553594874731e-01,6.340550955666583999e-01,-3.956306880230920364e-01
7.250858053289325200e-01,3.796451407065306594e-01,3.147369696592748345e-01
-1.229483709423415810e-01,8.603229316355164302e-01,-1.363749620348301550e-01
2.374279318402733874e-01,7.629658445654169396e-01,-3.746163194740824154e-01
-4.673162102623167891e-01,-5.620167514057166080e-01,4.995608047922445172e-01
-4.360992691051139847e-01,2.026008768494141354e-01,-7.467170416128268151e-01
-7.567687582320377082e-01,-4.008201306324258306e-01,2.459551995730522023e-01
1.437422341522340621e-02,-8.365702361399759424e-01,-3.144089613851489551e-01
3.510109936199362068e-01,-2.341433186865304605e-01,-7.911784774170073087e-01
7.814912209865252368e-01,1.325734347436938743e-01,-4.252093948475481611e-01
5.942390665221569668e-01,-5.920045679374260628e-01,3.326503475931541498e-01
-4.643116490601323365e-01,-4.859493311316612218e-01,6.063650925542318770e-01
-6.961551706138244811e-01,3.664261994790804500e-01,4.535439097333782144e-01
-8.720483265210475787e-01,-2.589464720329239245e-01,-4.794803926664415600e-02
1.327619974476262725e-02,-7.197543165570363666e-01,5.628882807795335674e-01
-5.860117646658007384e-01,-7.046660991315741862e-01,-1.933422430935217290e-02
-2.978577377439987073e-01,7.501390798979069574e-01,-4.406918538245754302e-01
-2.952540839425024100e-01,6.595643001524186255e-01,-5.733791430978496528e-01
-8.867687731368371906e-02,2.464706375578707975e-01,-8.875281259149095936e-01
-9.124087215244071070e-01,-9.435252640630387155e-03,1.706463454490788345e-01
-3.787216821877493200e-01,-5.473871465470633302e-01,-6.511873886436735370e-01
6.945152190196092201e-01,6.237815680940348440e-01,3.300991260004035310e-02
5.609543100114815495e-01,-6.775174946748327987e-01,3.229695416516204509e-01
-2.119865345395040845e-01,-8.764989812768373412e-01,2.651655658891526324e-01
5.344582152613384096e-01,6.512035486477675272e-01,4.234507199255612697e-01
-8.435000233427040195e-01,-8.833616581606169860e-02,4.186591157672544528e-01
-1.010983683860580962e-01,-7.137447563013405993e-01,6.168434148528157968e-01
-1.619897505775833024e-01,-8.515302339939798126e-02,9.339498214095346418e-01
2.660728160072191040e-01,9.150410744300254695e-01,-5.738842079982382771e-02
6.995462800586728092e-01,-6.199218598071256636e-01,2.082866902524212194e-01
-2.477346544577851695e-01,-6.650110207671596774e-01,6.474035370493461672e-01
-4.022223886585853392e-01,-7.739958430034477033e-01,4.094045206779716728e-01
-6.798869287622171242e-01,-1.674612279323536498e-02,6.867954416911430382e-01
8.633281544212981773e-01,4.346876730333414374e-01,-7.553294689838675746e-02
-4.775710776115801304e-01,5.997113437776092626e-01,5.983938016518647318e-01
-4.452224277948733655e-01,-3.105191818507914703e-01,-8.105530333844975788e-01
-8.946662282715499570e-01,-3.901497387301502418e-01,6.974968549826689179e-02
-7.777889124197389092e-01,3.461769010043916350e-01,4.884806875548097782e-01
-1.829211503447633613e-01,-2.189574724402919559e-01,9.423018505892917229e-01
1.899814529248977368e-01,-5.885871808409063322e-01,-7.699126227077442985e-01
-5.364508154506930637e-01,-6.913222512244767692e-01,-4.643011221911371167e-01
8.516374667142397881e-01,3.855819947985557328e-02,5.104183728131640452e-01
1.637383583210665072e-01,9.831212388555138348e-01,3.386266977310938963e-03
3.968190793875375766e-01,4.771685234721964042e-01,-7.837560897843319774e-01
-1.987541903233100149e-01,9.624364827806451972e-01,1.993791876370461513e-01
-6.947089026319507310e-01,-7.236744412210134314e-01,-7.318139768879719509e-02
-5.454092008846903594e-01,3.590182212902920389e-01,-7.690824754643688088e-01
3.876074884656801611e-01,6.707928407340051358e-01,-6.510408542560389700e-01
1.014294701360495488e+00,-1.821030117492919431e-02,3.415318323921194554e-02
-1.003601574077359837e+00,1.028176685648155425e-01,1.370061650981181656e-01
6.439260175868021241e-01,6.590151857828221438e-01,-4.403574255735744902e-01
6.178411034674567981e-01,4.687236303758499645e-01,-6.691463247356966848e-01
-5.595489008579680457e-01,8.017005093086790879e-01,-3.157996046357176567e-01
-7.183254107155352397e-01,9.109957396125059614e-02,7.332471574584511487e-01
2.440257290448699934e-01,2.268966687341056887e-01,-9.784361619419461586e-01
5.608677149362505387e-01,-7.499814616260215561e-02,8.686938855612174049e-01
-1.737833574847523141e-02,1.034061118088146936e+00,-1.083184193101184717e-01
5.093576135972758268e-01,5.541901899851721103e-01,-7.219895288505141506e-01
-4.105271336117104486e-01,-8.505263764837441842e-01,-4.499661244530294701e-01
-4.503924636089408073e-01,6.617954090887989693e-01,6.783508636145663129e-01
-7.727193905915545891e-01,1.141946829257646234e-01,-7.053177337469122010e-01
6.960115532195969568e-01,-7.922145689614734643e-01,4.720570184062314323e-02
-2.187563053625127263e-01,-1.033028853336685815e+00,7.713905873810164571e-02
-1.028858786718049423e+00,2.470908549035492896e-01,-8.984206046715632887e-02
5.954947905950451759e-01,-3.199470611070435178e-01,-8.230746831673646513e-01
5.526350398522598961e-02,-4.648226799086696559e-01,9.602645352102977538e-01
-2.642003314003341097e-01,-9.371914836308149477e-01,-4.471202456580422591e-01
8.493248623579077172e-01,-6.475846880382235549e-01,1.191039677036707239e-01
-6.989255523552632132e-01,2.409067107591359447e-01,7.843876186552910523e-01
4.608903228919298822e-01,-5.265516069438106461e-01,8.240433139249352390e-01
-4.975722993300877306e-01,9.632955337618498426e-01,-1.299859863601777674e-02
7.834240001414010113e-01,-1.723884644756854823e-01,7.343097709527908190e-01
3.989099346702811300e-01,7.258407938169680884e-02,1.012578625777356800e+00
8.317676464858716479e-01,-2.374577980521432319e-01,6.697430781199802396e-01
-9.107668513286643064e-01,5.031952829143989669e-01,3.481081205214185403e-01
5.599493232318730751e-01,-7.449102679821310025e-01,5.853062989452150200e-01
-1.006452202672314167e+00,1.419336350785110890e-01,-4.302317818916909231e-01
8.304740690968563932e-01,-4.365397938810359202e-01,5.874901651392419044e-01
-2.002456096160271648e-01,1.255272900035801602e-02,-1.091964816095272628e+00
2.248592603111257138e-01,6.467563380840712917e-01,-8.781046645173041787e-01
3.686728330060854986e-01,1.320764984877828285e-01,-1.045885181628528171e+00
-3.499269120429492896e-01,-1.032143072802899741e+00,2.585039646847611672e-01
-1.756831904200751027e-01,-7.160451878752389643e-01,-8.475827397455073520e-01
-9.466287648279202438e-01,3.855419196818554717e-01,4.739823136022874306e-01
-6.342929034018457424e-01,3.542569480964459228e-01,-8.654740001955937290e-01
-5.061774090360556810e-01,8.384611116422868715e-01,5.702087665035298070e-01
2.157738423924749904e-01,-9.758210230818322728e-01,-5.414081135160744296e-01
-1.270316556195220659e-01,-7.836504816396776540e-01,8.180691506050397077e-01
1.408511067879433254e-01,-5.709859296951662611e-01,9.804235361646282954e-01
-3.949233694038388198e-01,-6.527651905694636936e-02,-1.074485230258767299e+00
-5.675234164088630573e-01,-4.124626390913856411e-01,9.111659248859803606e-01
1.141901945451143208e+00,-8.998955924934284867e-02,1.346070821214217228e-01
-2.664887909029769464e-01,-2.840691405447751117e-01,-1.089132472754294589e+00
-7.140798864217093866e-01,3.835532434111066369e-01,8.298796070155385340e-01
8.771927085370875843e-02,3.187833269137505532e-01,1.115458048147710546e+00
-5.930065446681282992e-01,5.128066077497007713e-01,8.641853336567478783e-01
6.699783078629354405e-01,9.195492218575500587e-01,-2.737159198150087014e-01
1.001910676090327135e+00,-6.093374529102286719e-01,-4.693075411987530920e-02
3.015609035377200264e-01,-9.877362413095424065e-01,-5.645835166782465775e-01
-2.620656524760395789e-01,6.386460960917588192e-01,9.574995446189917825e-01
-8.270916035150112089e-01,-7.714807769599448806e-01,3.495215778537169582e-01
1.974911744235826050e-01,-1.043599449517491395e+00,-5.305105844999574716e-01
-1.108125195827964760e+00,-4.350106997349021398e-01,-2.288835273016470023e-02
8.629867051226712826e-01,4.293406774494852307e-01,7.048516808722331550e-01
-9.630862694614512609e-01,1.225016310949364473e-01,-7.011345132414056325e-01
7.034839962505357036e-02,1.197190748871091115e+00,-6.475643020693354346e-02
3.763069634197870328e-01,-4.594448033371632822e-02,-1.143244248040095945e+00
-4.039737425579422170e-01,2.539433373391961068e-01,-1.109685253511292213e+00
-1.150164623079359627e+00,-2.961510111183366430e-03,3.802566500264500937e-01
8.747666242976567252e-01,3.960771149002622060e-01,7.441970502012207334e-01
-5.573817449324355161e-02,-1.136946883091014771e+00,4.343384298962388312e-01
1.463564468944951735e-01,1.201888375796870134e+00,-1.642328193674676418e-01
-5.728506674355666739e-01,-5.358578216427656304e-01,9.413777503582982931e-01
-6.361887837035147264e-01,-9.652427345745007159e-01,-4.167386556955196553e-01
-3.569363807854830650e-01,-6.735150950440590423e-01,-9.683615416107147489e-01
2.328863907080896134e-01,1.077595672607605665e-01,1.208963950377653251e+00
9.258489062392247781e-01,5.330272639355526643e-01,6.283805467397034494e-01
1.747692995197203947e-01,5.563337981875142446e-02,1.229355148347465176e+00
2.339954093607220231e-01,-3.085234579239727326e-01,-1.184834550244460383e+00
-2.979972978837286748e-02,5.275669734608501305e-01,-1.132882035335103232e+00
-9.966945357756138435e-01,3.174380117238996268e-01,6.909241845442315455e-01
8.855012247630169586e-01,5.334009505744432555e-01,7.154467954950198827e-01
3.131919814832224980e-02,7.762996374651282006e-01,-9.929072438115532639e-01
-8.291036466855000731e-01,8.673545724467884854e-01,3.985067297200222680e-01
-5.520642228386486439e-01,-7.142928897667535360e-01,8.902903463888267588e-01
8.002375078552699528e-02,-4.314335206458299043e-01,1.193395773235021551e+00
-5.673883920276987514e-01,9.961364438408368827e-01,-5.582878003175864023e-01
-2.089820779141925156e-01,9.524301259306691136e-01,8.272371064791018691e-01
8.349632363198160601e-01,3.596740709838706085e-01,-9.043500170524282344e-01
-5.118286829915179581e-01,-2.268836100160341318e-01,-1.157686674320664411e+00
8.343973734074892068e-01,1.005550596358894128e-01,9.781121747396577248e-01
-8.508424110550850683e-01,-3.389000089194433296e-01,-9.130409174422764451e-01
1.045217953898824659e+00,-4.403418947080804391e-01,-6.288798868929008634e-01
2.282220862690343688e-01,6.940145167537156712e-02,-1.278458925331132701e+00
-5.202329550944915365e-02,-1.265973414262418828e+00,3.090271072574385935e-01
-3.626606727034947797e-01,2.989929242324064762e-01,1.220472617263097970e+00
8.413408251312048947e-01,9.247156130064331236e-01,-3.964167044539666507e-01
6.678648545667733583e-01,-1.031537207640355724e+00,-4.686794507713244462e-01
3.496870793146925060e-01,1.236754646700013893e+00,2.960575794196517729e-01
7.170194626286596762e-01,4.126582588574681520e-01,1.031919040827140588e+00
-2.540659094400488094e-01,-9.876340055775704174e-01,-8.480006271329800782e-01
1.048732736626958539e+00,-6.045500388852821372e-01,5.510143195058566645e-01
-2.048311734001207196e-01,-1.762027881899159432e-01,-1.306079954244399266e+00
-4.999723360266157823e-01,-1.167126990959092225e+00,4.202957668629345722e-01
4.534181848142914695e-01,-3.856703244027941957e-01,-1.201866487962394148e+00
-8.148098725626287120e-01,-5.622409056369741531e-01,-9.104051837414655068e-01
-7.756387033403085995e-01,4.782957570159074301e-01,9.942780518330294193e-01
-8.624577867864721137e-01,-9.270481229468989781e-01,4.752597156190606631e-01
-1.048676815016739594e+00,-2.193577950722823133e-01,8.315551792585652580e-01
2.944907292833440771e-01,4.723594668608566693e-01,-1.240857541712326428e+00
-7.129070221608718727e-01,1.137176520783823586e+00,2.418039138994337589e-01
-2.739490126965249961e-01,1.159216090855140324e+00,-6.718601305529137147e-01
1.336009628377450964e+00,4.357047863997900311e-02,-3.062775618697857749e-01
-3.798360051319924491e-01,-2.531596365819785421e-01,-1.297193538057336282e+00
8.142374070197229141e-01,-4.880632091597187916e-01,1.000194301830770183e+00
-4.821697842695823466e-01,1.249534258083504268e+00,-3.439543507071604056e-01
-6.179931078084101026e-01,-4.662858661224161261e-01,1.150387891346356994e+00
-1.171117872991336073e+00,6.773215077397224393e-01,-3.210950316458476839e-01
1.106451977686311983e+00,5.591966010300045697e-01,-6.380840431032115401e-01
1.001900970208195574e+00,-2.758645660727725990e-01,-9.353808569132378015e-01
1.001360191640909836e+00,9.426889010911700950e-01,-2.725205297217754841e-01
1.038374567790773861e+00,6.646821052149004538e-01,-6.756388675602373883e-01
-3.300919896707202317e-01,-1.370470166451866811e+00,1.657869687142000947e-02
-1.093978237118192753e+00,4.977320652783286947e-01,-7.442197680283648697e-01
1.000478240440656474e+00,-6.393423980639494353e-01,-7.743968977655584229e-01
-2.399375164740437036e-02,-1.062805372362989109e+00,9.435810838882627838e-01
1.143770836710243710e+00,-3.685967442284186490e-01,-7.665013817657337913e-01
6.879113269859979951e-01,1.236385471831076277e+00,-2.022510205392900606e-01
7.951815924418430548e-01,-2.435897680370452123e-01,-1.167200611024674428e+00
-6.318306167782251626e-01,1.114340815597521850e+00,6.514031158269956157e-01
-1.248388688836143068e+00,3.491357583449323232e-01,6.294917244635704900e-01
2.510795240523676641e-01,1.325183846323396697e+00,5.185264434978318349e-01
1.002232034839748431e+00,9.889791888772312412e-01,3.419377908279187528e-01
-1.339674530247276341e+00,-1.161498925877546134e-01,-5.502309219922089101e-01
3.073556938793977622e-01,1.387820000882723726e+00,-3.194030492327468163e-01
8.815855990827154987e-01,-6.820483468006672823e-01,-9.443303920132293250e-01
1.305615874648823338e+00,5.762983131057074493e-01,3.302406092856215447e-01
8.679385811066833156e-01,5.828578559585653185e-01,1.031743674393007071e+00
1.298242470191156017e-01,1.367025744300895518e+00,-5.326371096689332951e-01
-1.219834061385478119e+00,-3.770448372489134531e-02,8.317066334857344811e-01
-3.181589749782742782e-01,1.289060549755148166e+00,6.558534298665111839e-01
1.174798520706237470e+00,-7.479122428866927796e-01,-5.152395306464887526e-01
-8.294783598599397845e-01,-1.209884629177151671e+00,-2.552412451195304466e-01
-1.517540932320207425e-01,-1.464179043068440489e+00,2.494358163677350693e-01
1.164868079490654074e+00,-2.259486910325420317e-01,9.128085729994059871e-01
-1.704525064020695757e-01,1.024178447204635134e+00,-1.084146851216025720e+00
1.132996389785837721e+00,-5.843727668654464386e-02,-9.891978170136696003e-01
-5.335085000520913834e-01,-1.006830820535419280e+00,9.897297197021847071e-01
1.351966442843067329e+00,4.146246153495200537e-01,5.390109627015177152e-01
7.742755218785905835e-02,8.323653311026292245e-01,1.266430647755397043e+00
-3.365535377952506013e-01,6.310867571668594689e-01,1.342984747668827472e+00
1.715827537513241741e-01,-3.433563020309017833e-01,-1.476599197360872306e+00
2.481901326680261977e-01,-2.773021902854784226e-01,1.483838529724053279e+00
-6.427212316316189833e-01,-6.538240872324033170e-02,1.391243464886724901e+00
-1.242654621005709448e+00,-5.139430572339213077e-01,7.465308068697862343e-01
3.570201598407610200e-02,1.173854148582676782e+00,-9.996003689942761783e-01
-2.793529812684026892e-01,9.492567275847009212e-01,-1.188324993314550548e+00
-1.421471838246680885e+00,6.109619239002559432e-01,-1.013937161244947288e-01
1.382731285355878637e+00,-4.596616937661995861e-01,-5.420872448455615888e-01
1.351145983759928226e+00,7.761078565278975994e-01,-4.660320405203364352e-02
-1.974631710955526420e-01,-1.367706079084751947e+00,7.304645169704776508e-01
1.156276447086536319e+00,5.497055700578853399e-01,9.039800883681491372e-01
6.543332950766517220e-02,-1.461433653081204653e+00,-5.739907434118010077e-01
-7.100095175262403080e-01,-1.391596297574159147e+00,-2.052994903240007163e-01
1.311231524565009687e+00,4.399241812664818618e-01,7.637209053397773229e-01
7.334191135368084424e-01,2.181730389361395961e-01,-1.387090668798990567e+00
1.399025508158344921e+00,-9.111679344671679004e-02,-7.465956197903347302e-01
1.323468593400580540e+00,-8.459765584911483893e-01,2.631616348879151079e-01
1.600596302583155994e-01,-2.612313727956257492e-01,-1.567234021907908836e+00
-9.648401597518950767e-01,1.180430444936340084e+00,-4.892842291671123944e-01
-8.093025309085369878e-01,1.842102875341052048e-01,1.374241777686234345e+00
-1.312883262369186343e-01,6.234413850777394961e-01,-1.478278207116378473e+00
2.750353713364947494e-01,1.584484446159106774e+00,1.372216677764507842e-01
-1.015092366311449029e-01,-1.085590946609857665e+00,-1.195893731358945278e+00
-1.015813133426907378e+00,-4.601722468297616414e-02,1.264497511295470611e+00
-8.606036928711154887e-01,1.134563390151427598e+00,7.868388297433197565e-01
1.104212748450486836e-01,1.544751545604780230e+00,-5.124886261962494638e-01
-1.969804222982528830e-01,-5.140503856983233977e-01,1.540200959029638161e+00
-1.250811143913193924e+00,8.979898224175226762e-01,-5.644413872641241836e-01
2.391224171033674017e-01,1.100272904250854805e-01,1.623123613385154096e+00
-1.442722730241134732e+00,-3.659660558860921009e-01,-7.090915238853146008e-01
-1.102112150455435202e+00,-1.218798149750909943e+00,1.803151579178398634e-01
5.548696903164325178e-01,-1.424386518043117278e-01,-1.555305607300105253e+00
-1.600825876610654452e+00,-2.132306484420070647e-01,3.919353444058910618e-01
-6.787503875576594847e-01,-8.801390723243212033e-01,1.241380446705720564e+00
-1.780851917108481342e-01,-1.641673033898963352e+00,2.535445256072817455e-01
6.172430087194670234e-01,7.810869195478892246e-01,-1.347141558551088636e+00
-5.323919187962625754e-01,1.378458677511888997e+00,7.982122757381910905e-01
-7.351527261395743862e-01,1.145477120679331717e+00,9.915095307729892005e-01
1.010652048262173697e+00,3.019036350714117689e-01,1.318367026771378292e+00
-9.291109271203378261e-01,-1.164226911760499528e+00,8.043945690349786348e-01
-4.220066676431367680e-01,7.680966000239765057e-01,1.453546688672766818e+00
-5.811882639062057043e-01,-1.530149907598773673e+00,-4.657581057375302369e-01
4.346501795185129385e-02,8.540326979363646043e-01,1.476512369682676740e+00
-1.423874602869398265e+00,3.103797986877764384e-02,9.477975085226892915e-01
-5.437460434611501858e-01,-1.614738267168521535e+00,1.977058589213790407e-01
-6.680403595463082489e-01,1.578848230461410429e+00,-1.363251112466539183e-01
-1.302099239835580624e+00,1.129497238971131745e+00,-4.435875715983535195e-02
9.969475067209754293e-01,-2.613435427444049108e-01,-1.388031854819281818e+00
1.474206565973910532e+00,6.871364341019965405e-01,5.992597391290144238e-01
-3.238543310091926419e-01,5.322142877589908228e-01,1.622408797072878883e+00
1.414894899266181616e+00,-7.763915606606492936e-01,-6.568842400359217182e-01
-2.114973946802750082e-01,-2.741436874567568238e-01,-1.712384652316025102e+00
1.061868553731420084e+00,1.983419153599890461e-01,-1.378860500470118877e+00
-1.265593355507943052e+00,-5.276820835518437891e-02,-1.216444894653584852e+00
-2.894510681947862762e-01,1.731960701527074820e+00,1.301668346172307200e-01
-1.670816339250331684e+00,-3.643498057327549944e-01,-4.384916230009067162e-01
3.091530629528600471e-01,-1.598229001035115671e+00,-6.950231395189326866e-01
7.884567237662444272e-01,-8.962840913875924631e-01,1.313153359251987951e+00
-1.137208690379330589e+00,7.312091140646932441e-01,-1.156684699025649854e+00
-1.655757547438035049e+00,-1.736543154147150159e-01,6.408486673393332111e-01
1.564204673136072143e+00,8.057226581465427584e-01,-3.210515145212446964e-01
-1.204026698963947428e+00,-1.307778537546586239e+00,2.360837712417961365e-01
7.133729069904931608e-01,3.545372166813454823e-02,-1.649946053932277223e+00
-7.899652299924030119e-02,-1.658232194868769049e+00,7.023981394334192219e-01
-1.259069793946470561e+00,-7.866230151084653288e-01,1.030651078550844701e+00
-1.154355578575836816e+00,1.071531675827726238e+00,8.958643404413021427e-01
-1.028950042609457494e-01,-1.479177572302141641e+00,-1.049681550744184788e+00
-5.794489931915502989e-02,-7.315969398191528583e-01,1.667023801589389453e+00
-2.331878913404102915e-01,1.427833508560629294e+00,-1.114329456098497984e+00
-1.127390047009106278e+00,-1.271862664494203932e+00,6.808142582332105119e-01
8.234101400236959467e-01,-6.239784818044460390e-01,-1.517304931475540686e+00
8.851382722502975087e-01,4.837435582294862813e-01,1.539346605591257688e+00
1.032868698918673944e+00,1.488267513493622074e+00,-3.505526173338451290e-01
1.491957194865889624e+00,-5.624170280794321686e-01,9.381137347681789418e-01
-1.114753564682447573e+00,-1.392354845932161522e+00,5.086480650329200381e-01
-1.734118538155773548e+00,-2.101259661629600040e-01,-6.376181186643321563e-01
9.236862319291501144e-01,1.028627886093143484e+00,-1.250805690566941353e+00
1.243637273369632368e+00,5.843423771402799227e-01,-1.267158146022991483e+00
-1.835060631640017093e+00,2.476686007429194092e-01,-2.882168801601344699e-01
1.502510516069123225e+00,-5.823671171134516822e-01,9.660889475052659714e-01
-1.476120195196914286e+00,-1.003784273611457944e+00,6.014556762999014872e-01
-1.012815778145359280e+00,1.336555078614586112e+00,-8.685722276495345673e-01
-3.180764751491262088e-02,-1.118870067233558308e+00,-1.527130209322531407e+00
-1.255858284295770178e+00,1.211048522217459844e+00,-7.481252306952426157e-01
-6.743978029896897652e-01,1.075751182425659813e+00,1.417760282662757110e+00
9.196191021165877055e-01,1.309405551395581124e+00,-1.039484844160840638e+00
-3.640130603943446119e-01,7.480009446859758881e-01,1.722649268538638312e+00
6.470581095353130641e-01,9.960454166211749616e-01,1.505851390114357757e+00
-1.760691449087348648e+00,7.649529109799680926e-01,1.101224022879730147e-01
3.761553968382759794e-01,-7.872715410482092890e-01,1.719025318899676913e+00
1.030689298984346802e+00,1.634969785837019129e+00,1.491444088972072521e-03
-1.630351002863515086e+00,2.084397078154725247e-01,1.026234623887226416e+00
1.104661225876237385e+00,1.311241188034772298e+00,9.134048258944965637e-01
-1.656582241541371125e+00,8.696073144420696233e-01,5.411426609478123817e-01
-3.378312329797115293e-02,-1.503339003273350682e+00,-1.245638845894623259e+00
1.220168375591148990e+00,1.421065993157643703e+00,-5.693022503677002133e-01
-6.594750031441887206e-01,1.505649794721425794e+00,1.072429690063853691e+00
5.141621992784236594e-01,-3.737592942478946689e-01,-1.862169665782163364e+00
-6.869093274856170606e-01,1.490815685992875173e+00,1.094162186880385468e+00
-4.704702589918691169e-01,1.916510138637731009e+00,-1.309095122322130600e-01
-6.967505898677124332e-01,-3.507713551739577440e-01,-1.822911125338015692e+00
1.007729735433383622e+00,4.947128833362281208e-02,-1.712789878884572570e+00
8.457458823624344757e-02,2.200844508940366928e-01,1.978946121397275437e+00
-2.743163924797086817e-01,-1.943175041951249904e+00,-3.754124696338774214e-01
-5.409457537364967816e-01,9.580253950130301899e-01,-1.673937769227469063e+00
8.082446771074155434e-01,-1.646238470858681024e+00,-8.183066324749818099e-01
-1.006070879122320072e+00,-1.070976475843658626e+00,1.376370404636910294e+00
7.804945346717196974e-01,1.618228017117789630e+00,9.200025187073941346e-01
-4.869259967153643509e-01,-1.255234691571015304e+00,1.510727083855971209e+00
8.686262713516518241e-01,1.229297482635114402e+00,1.360216367757959288e+00
4.019506474605693547e-01,-5.154587438363141677e-02,1.993141403248726906e+00
-5.259202744836546373e-01,1.816852157400683065e+00,-7.618059881075802675e-01
1.708272935700014594e+00,9.385712462657048727e-01,6.163890048582498782e-01
-1.722331207170794132e+00,2.530768612246241389e-01,1.081586034823369014e+00
-7.173235483849614846e-01,9.379860024960192666e-01,1.681452212790288225e+00
5.844782904994606509e-01,1.932753047630439314e+00,-4.073732855686292842e-01
-1.844949200770261033e+00,-5.908523366907981744e-01,7.153369719644929736e-01
7.087262410797238177e-01,-9.543822451336470003e-01,-1.695040079680412592e+00
8.529945581210175432e-01,-8.558062149663857587e-01,-1.687614667995835482e+00
-8.104657509635007084e-01,6.662678597652126056e-02,-1.915359418205706321e+00
9.666716198657031578e-01,1.161686115230592398e+00,-1.438011098452985470e+00
-7.091665634208232927e-01,2.188414397832036395e-01,1.955271319701244348e+00
1.812406835122307935e+00,1.052712918571325318e+00,5.498583854141580324e-02
1.512648689241817168e+00,-1.458505087511426934e+00,5.437920061906147129e-02
-2.941042264668560779e-01,-1.673040688207687587e+00,1.247034106460278124e+00
1.514042877468284864e-01,1.755691603744493179e+00,1.165220762321554915e+00
1.376520726956622642e+00,-1.309371580557367576e+00,9.361703961120801942e-01
1.622794671443952064e+00,-1.107517758809438924e+00,-8.051624223080555698e-01
-2.122849452954203464e+00,6.896564065371645069e-02,1.409584510218027942e-01
1.677857845702337425e+00,-1.289434102856526376e+00,2.759411489427137654e-01
1.259103602298194291e+00,5.940606957917180520e-01,-1.624414175157934848e+00
1.406654223206208032e+00,8.808769386169539306e-01,1.358468774438176707e+00
-1.451265101906089594e+00,1.056377709146665733e+00,-1.183700067832224700e+00
1.429096611899828284e+00,-1.604253065471047401e+00,1.749402458423559292e-01
6.299407327051200767e-01,-8.082705987348542953e-01,1.902584684831441164e+00
1.105485872626183808e+00,1.857540065748728431e+00,-1.446189425712203769e-01
-1.567039911642135186e+00,-1.400941593887556902e+00,5.466615821482095905e-01
-9.933926840842171035e-01,-1.584414374250431856e-01,1.931032791130458115e+00
7.027991195760397991e-01,2.063593719857971465e+00,1.109670413955788359e-01
-1.762683225079256566e+00,-1.200092575358196578e+00,-4.912569323673096067e-01
1.112888114764462699e+00,9.874812196583714341e-01,-1.612149769787530218e+00
-1.186728371668644533e+00,7.496802322386661999e-01,1.693071165092418617e+00
2.799465790091786865e-01,-1.554726420475821325e+00,1.538040905810380332e+00
-1.484792789404265179e+00,3.920021561395573007e-01,-1.589726293492545128e+00
-1.930758667634910886e+00,-5.710073659878440733e-01,9.252725199603573092e-01
-1.147464936951591685e+00,-2.263839071755384957e-01,1.888570151041806033e+00
2.104420761112241856e+00,5.901298341071230524e-01,4.272124815257570818e-01
-8.680577393153832491e-03,-1.468097444840741783e+00,1.681905496255302612e+00
1.336697820029601191e-01,1.479978811089642354e+00,1.673601372015984801e+00
-2.511803548112676587e-01,-7.455539992198531030e-01,2.101255168665133954e+00
5.125986105489295230e-01,-1.591599197507740149e+00,-1.504478063689170586e+00
-2.207834219259031450e+00,4.490753829671605968e-01,-9.218568757406864211e-02
-1.830978735989632789e+00,1.281009558460551201e+00,3.415337004129140874e-01
-5.380722477219802569e-01,7.672511859848571980e-01,-2.063358696560195327e+00
-9.589068934403649491e-01,4.083005863222202714e-01,2.018683133210113390e+00
-1.647383288986787431e+00,-1.342728417921682738e+00,-8.186986975741863404e-01
-1.355056477577362584e+00,-1.231449917454442211e+00,1.363926393058605413e+00
1.398954522016582658e+00,-8.457853661899578102e-02,-1.809617783225490051e+00
7.239966745411214877e-01,6.142122173657332818e-01,-2.088931897887773559e+00
-1.128638108130006978e+00,-7.163681045457616081e-01,-1.871976748267509816e+00
4.217350432407029337e-01,2.040455563372873815e+00,9.881015190443441787e-01
1.984728341536847296e+00,-1.149322101109758743e+00,-2.899246161074139905e-01
-1.736923907655066657e+00,-1.803417365718741616e-01,-1.523587053303886663e+00
2.028287409286528398e+00,2.157280491038863490e-01,1.112195813592209870e+00
-1.649439215032439732e+00,1.429044717864684122e+00,-8.133228325234522771e-01
1.769807165670446159e+00,-4.364494458086953799e-01,-1.458963399022406904e+00
1.221445593957889431e+00,-1.202091416401162904e+00,-1.594182186233637832e+00
-1.986867206808446973e-01,-2.020192587951417540e+00,1.176830187599575472e+00
1.345291352474281832e-01,-2.218777571593257836e+00,7.693177381404652238e-01
-1.650904926292843911e+00,-7.715739189522821118e-01,1.496519652015183555e+00
6.645730144500189285e-02,2.351326405531396269e+00,-2.341365497833967080e-01
8.802590006027569691e-01,1.684881525705436145e+00,1.414922040434889450e+00
-7.878309828616886223e-02,-2.125253159386094826e+00,-1.058592595555878813e+00
1.350570740536958914e+00,-1.877926991956041514e+00,5.664290085735247393e-01
-8.808980406516904171e-01,1.086487693676749355e+00,-1.934722300113971727e+00
1.793639091334159108e+00,-1.258986899720254016e+00,-9.620916464207640573e-01
-1.422184165164769087e+00,9.608026349754517081e-01,-1.676428009962430465e+00
1.281065425936371627e+00,-1.896074065523900343e+00,-7.405503529093571125e-01
-2.351536275325818881e+00,3.852186586868368012e-01,3.676052830899147472e-01
1.440905558182746349e+00,-9.851327539832489544e-01,-1.671913386440420535e+00
-9.926688680858800629e-01,1.640513488086120075e+00,-1.481277955216870001e+00
-2.403997954466323250e+00,-1.003478278650922345e-01,-3.325454930073403759e-01
2.537643709888917076e-01,2.031946314885096694e+00,1.317495389319028876e+00
6.934901747085352453e-01,-2.340370477364940971e+00,-3.581372242392140740e-04
1.512030217513003150e+00,1.820971261397758889e+00,6.208788413696285646e-01
-1.861107130677970511e+00,-5.068350458879568032e-01,-1.515451724324829552e+00
-1.991716864770907369e+00,-1.315201521034025767e+00,5.917531403348377239e-01
1.680257359179634147e+00,1.674997070367044705e+00,6.691675350350777540e-01
-1.973277392497265435e-03,5.718046278559566487e-01,-2.404087860900216089e+00
-8.564252312255635768e-01,-1.005126654085478632e+00,2.095932444675788542e+00
-1.172645558529928689e+00,-1.906919180886671228e+00,-1.074917915442072713e+00
-1.218743878582929208e+00,9.100014887895939708e-01,1.970734647813639384e+00
1.459292060503384780e+00,-2.015069528632590590e+00,-1.941164182746570877e-01
2.135648067712715203e+00,7.833885612465282255e-01,1.040986597755075627e+00
1.239678586715563302e+00,2.177649992356027742e+00,1.007154812611858463e-01
1.353224219194201217e+00,1.793190294760281800e+00,-1.128388748144096843e+00
6.059967323403472328e-01,1.853502751419556116e+00,-1.596354095215672064e+00
-1.637109644196578895e+00,1.258535383297097798e+00,1.455401973326252429e+00
1.649303786290011065e+00,-1.376840010301369377e+00,1.340771253238695948e+00
2.141165947183561791e+00,-1.018977254539064070e+00,-9.067080441643625699e-01
-2.249514247584771809e+00,-3.473348189915450024e-01,-1.138279122318900383e+00
-9.687598518874670495e-01,-2.090838238866417509e+00,-1.094663294393623199e+00
-1.993615253527068365e+00,-1.766718407357276976e-01,1.592033240661296700e+00
6.748957796782715235e-01,2.159128369423254590e+00,1.206236335554120576e+00
-1.264146829513398407e+00,-2.167969106603308660e+00,5.534932698996315459e-01
1.422182324309513524e+00,-1.875604201524101233e+00,1.047067565266284195e+00
-1.122697507830773267e+00,-8.798268147137204842e-01,2.152853407207200309e+00
3.935738309296558102e-01,1.025646850882709016e+00,-2.344162214463022753e+00
-1.267643320638865534e+00,1.932704314041275850e+00,1.180023752114288671e+00
2.580267031257367449e+00,-3.097638903222760809e-01,1.179475648874691029e-01
-1.381270908721438317e+00,-2.001771342437957735e+00,-9.411248809740098142e-01
-1.918264207797264032e+00,1.643083608602083912e+00,6.741459875226412102e-01
1.379709877879508495e+00,2.185960304455843772e+00,4.304449634808084624e-01
5.714239296161546106e-02,2.166706212474347470e+00,1.484232150001620010e+00
2.390340253671127790e+00,9.780332947854448733e-01,-5.140267976949050022e-01
-9.589049653898900072e-01,-2.436127116392476033e+00,-3.378023906166924828e-01
-9.495809520068606568e-01,-8.732749228557238341e-01,-2.310408981506649528e+00
1.130611607591963219e+00,-2.286782997483144619e+00,-7.271694770850848366e-01
-2.261375582745539514e+00,6.816410745714740482e-01,1.221583598942745708e+00
-1.606121572262457997e+00,6.418504618466703837e-01,-2.028192051284681607e+00
-1.264369453097744511e+00,9.576956412922834616e-01,2.150336483416339206e+00
1.155969845067903901e+00,2.401054907937747451e+00,2.705178031990731480e-01
-2.382385592863417667e+00,-7.709344786441777453e-01,-9.691849549112292461e-01
4.238895479531514243e-01,1.791927763957694042e+00,-1.963109890607738883e+00
1.430768914180039930e+00,-2.185030926159130971e+00,-6.769443941583562774e-01
4.602579046105007565e-01,-2.659695031424151423e+00,1.711232908964173960e-01
6.838906457200187861e-01,1.815013116904338197e+00,-1.894376800196129640e+00
-2.506637560407093956e-01,4.718751666858940763e-01,-2.664741766502711773e+00
7.275878810699203392e-01,-1.170028773369762298e+00,-2.350289656267432470e+00
-8.072202917792452581e-01,2.606549678397732883e+00,1.119580900601452461e-01
-2.295592094684213436e+00,-1.488472889666581533e+00,9.558145397763737061e-02
9.293860284394883653e-01,-2.538033536692339442e+00,4.747746364030576149e-01
-1.723464976218646916e+00,-1.733609918833405317e+00,1.261572724647607391e+00
8.029692996804192739e-02,-2.649967408230401666e+00,-7.584242741346419736e-01
-1.478301642418537121e+00,2.335591061242015432e+00,-2.162917579278844302e-02
2.120390916939815629e+00,-9.979581548575703343e-01,-1.478466775358198593e+00
-1.586778273850807830e+00,7.581595436349160000e-01,2.149965263759204159e+00
2.781431056441507899e+00,7.197841627481520177e-02,-1.040642274310097232e-01
-1.823475655778929116e+00,-2.041167391066705417e+00,5.463117612366643616e-01
6.352306396329030491e-01,2.630415758204213361e+00,7.106078857469168009e-01
1.724781631161668716e-01,-2.303562246227988108e+00,-1.590369382928749298e+00
1.999691209850583684e+00,-1.916184082856212223e+00,4.826183224945685413e-01
5.397473510479179337e-01,8.227037972079532802e-01,2.640733517413778930e+00
-1.800024763652204651e+00,1.167913654647628530e+00,-1.837361721307098517e+00
1.260519352213115285e-01,2.779597666311008908e+00,5.258299940918167437e-01
-3.757259065683035693e-01,-1.495297798604990014e+00,2.383312246878830365e+00
-8.416502217510095640e-01,-1.654457250235365162e+00,2.156512513655978402e+00
-1.495510915179441014e+00,-2.237760947946555667e+00,-9.439731979331886791e-01
2.036788446312435275e-01,2.773932505075114907e+00,6.620148110090248172e-01
-1.452537057196053416e+00,4.041746816105098450e-01,-2.437343513046847043e+00
4.802135774499891041e-01,1.185056580193360798e+00,-2.572642940149484581e+00
1.081576054027065137e+00,-1.504643412427522309e+00,-2.204419794544939748e+00
-1.169238757078750357e+00,1.204176872659179942e+00,2.348619163971500168e+00
3.924889685390660077e-01,-1.478633987998070776e+00,-2.456195144229464056e+00
1.839211868086670698e+00,-1.655495678709155261e+00,-1.513354586339632712e+00
-1.407922368671738367e+00,-6.337485355004169631e-03,-2.543975529182943340e+00
-7.449636363733200817e-01,2.175046176844519508e+00,-1.791360062486731186e+00
-6.686008159819190055e-01,2.103102092139579771e+00,1.914563971791481967e+00
1.988192956038260240e-01,1.954520796256838944e+00,-2.171860143853931557e+00
-2.132232203713074536e+00,2.012935086158532449e+00,-1.398426127448664513e-01
2.497380017037466260e+00,6.450256880054534570e-01,1.416445663372103425e+00
-1.043167559600931549e+00,-2.758852435589826513e+00,3.754294276516926404e-02
-2.090280381307028090e+00,1.730882293846248698e+00,-1.173638429570357022e+00
-4.463698854883669798e-01,-1.590600630159819007e+00,-2.460764444650220817e+00
-2.447079807123891726e+00,-1.421174037199275819e+00,9.048957933942167742e-01
2.272307398181590277e-01,1.780002905584783468e+00,2.376777231494827891e+00
1.725995885930069695e+00,-3.972691301314967283e-01,-2.403073440945596495e+00
-2.482195452661453583e+00,-3.509337101064716191e-01,-1.633989227239400321e+00
-1.114764573248879564e+00,2.391234983914176659e+00,-1.427087664644940634e+00
-2.589484950108302264e-01,-2.974841846950308177e+00,3.516424901021318883e-01
1.141045857713012701e+00,-2.654009497811265383e+00,-8.590335369529852327e-01
-1.018117951466889215e+00,1.728552297681948513e+00,-2.258921720788366283e+00
-1.872808762163471030e+00,-2.327295043661909979e+00,-4.971502202582464003e-01
-7.957951664720013252e-01,2.830882063386923608e+00,7.533752953199087665e-01
9.050042823685015003e-01,2.523193641369793294e+00,1.439895637401491291e+00
2.316215005553821094e+00,1.108475308738500864e+00,-1.646070180613554923e+00
-9.728885560191953552e-02,-2.650602949126843466e+00,-1.520668186428422164e+00
6.431053578790633107e-01,-2.666405980458641078e+00,1.367100176836324898e+00
1.605491526338971742e+00,-8.630380215047116499e-01,-2.472793135518209340e+00
1.198815849788354981e+00,2.652371964084191541e-02,-2.836257516034481618e+00
-1.754541822888234126e+00,1.996335919916820689e+00,-1.569625199071439825e+00
6.126879235331184059e-01,1.064588582557347340e+00,-2.839760955693343192e+00
1.420587419453328781e+00,-1.677375309744576937e+00,-2.187922466781989872e+00
-1.274826381745366000e+00,-1.928166133517905667e+00,2.078831939891150782e+00
3.098270980365419813e+00,3.169980033098580008e-01,1.042661833709355862e-01
1.327499765945417520e+00,-1.285458762818557421e+00,2.518388667633181033e+00
-2.882347040603261412e+00,1.216316004099413789e-01,1.216851948073250256e+00
8.301938796448167512e-02,-2.028520998098784833e+00,-2.393401673097256488e+00
2.693287614386664863e+00,1.576376673134887385e+00,3.978972409782909891e-01
-1.387873707402480949e+00,9.369592914431258412e-01,-2.672102142857010865e+00
-3.116652558755837354e+00,-2.970964419217608787e-01,4.356251412838969550e-01
-1.245829478781289801e+00,2.748947324928809444e+00,9.645260038542918801e-01
-7.731080234699942988e-01,2.913285700536937473e+00,1.000974438115291187e+00
2.203740464110882424e+00,-1.968296394046447073e+00,1.184987962798637939e+00
-7.724191033979780352e-01,-6.286097554596593584e-01,-3.031711014993831999e+00
1.188735029500814555e+00,8.409530246278610344e-01,-2.848011464668159576e+00
1.735752178543674473e+00,-2.051046961327106732e+00,1.749416511683850706e+00
-6.114638876841275300e-02,1.199175378313348750e+00,2.981135527356213455e+00
1.650223063112487079e-02,7.464553787768392068e-01,-3.133771141071620026e+00
-2.626227946638841182e+00,6.002138080208819781e-01,1.780432124592815857e+00
2.345235343344741263e+00,2.199689337204404627e+00,3.714903335442024668e-01
1.970108133334967926e+00,1.719303244547164766e+00,1.920717776549877298e+00
1.691161583461355367e+00,-1.674079261924753537e-01,2.772791857005930893e+00
-2.600579068244070591e+00,7.741604286321407402e-01,1.806725078895875747e+00
-1.862201864078885105e+00,-1.350228106147481011e+00,-2.320790175532766675e+00
2.044082054055950337e+00,1.015147742105023454e+00,-2.349211431537018058e+00
2.148493950452187384e+00,2.481905165851007400e+00,-5.048512573994139857e-02
2.830774247303382563e+00,-1.378035595980807049e+00,9.577198755476290515e-01
-2.894479910974058878e+00,-1.450378252956148639e+00,6.318012510095065704e-01
3.111120187742677068e+00,-1.044767566091725497e+00,-4.021141572274326559e-01
1.282779583391838729e+00,2.562243663765952473e+00,-1.665364024706788237e+00
-1.816915403332523882e+00,2.476321858571638224e+00,1.265970701570162005e+00
-2.690440962250335577e+00,-1.231580095225802252e+00,1.527410442023153569e+00
-2.876922353323602799e+00,-9.392139528777765367e-01,-1.407793858815888921e+00
-1.187964568101956386e+00,2.031838872882144820e+00,-2.377758802547903727e+00
-1.979844593881833870e+00,2.185923708470440818e+00,-1.596317840251551434e+00
2.165774894070953138e+00,2.129519388649677991e-01,-2.561931996088572472e+00
2.644150571992075260e+00,-1.972426983820811053e+00,6.861546881685678390e-01
-5.619929669424774676e-01,-2.836207747245556909e+00,1.745428163377458430e+00
-2.545004526307512283e+00,7.259019609627106462e-01,-2.110996928641557968e+00
6.686638422939144011e-01,-1.704197982074007189e+00,2.857094147240002879e+00
-4.733952515890036405e-01,2.752749087771581227e+00,1.940875674362618097e+00
-1.498620580923018197e+00,2.847620522161737888e+00,-1.126278943430549795e+00
1.781377577425893866e-01,6.670214637553106840e-02,-3.412030558192016727e+00
1.410259901066269528e+00,2.595743949736099676e+00,1.733921297891470870e+00
1.876948210304062004e+00,-2.187492901546061574e+00,-1.865597930452493669e+00
-3.330732372059135749e+00,4.722469664414957746e-01,-7.261395285163249058e-01
-9.905622167255396793e-01,1.391032259494513923e+00,2.997281285639048054e+00
-1.689828410119924573e+00,-6.027206337546441722e-02,3.016086858163756990e+00
2.630226480434480152e+00,1.956226853191816328e+00,1.125753189148021249e+00
1.777549018653429513e+00,1.235821220249585739e+00,-2.716956557551918117e+00
-6.366447457941599719e-01,1.810327993990174855e+00,-2.905681878426343179e+00
-2.167495442649363113e+00,2.161569280568575113e+00,-1.676970116889165308e+00
-1.247527007225765594e+00,8.848606338389335413e-01,-3.146530508922346758e+00
-7.757143370710243291e-01,-3.419264229249658449e+00,6.647734372725323804e-02
1.406306337992259750e-02,2.057889041802082541e+00,2.849602411129731117e+00
-3.000851455606417861e+00,1.364509496028702751e+00,-1.243551010852117944e+00
1.644746728693791682e-01,3.442521865395589131e+00,7.705449460099418335e-01
1.638154580816023387e+00,-2.690106108144865615e+00,1.615586346395198936e+00
-1.775790628068461274e-01,-1.069951302877145904e+00,-3.378292868144096239e+00
-3.696886517310874476e-01,-1.984642833208657420e+00,2.927939425987828859e+00
9.066005859223831287e-01,3.446785150201076675e+00,7.368307819649691504e-02
3.446642720301206886e+00,3.638371421814091677e-01,-8.692508487281334073e-01
-9.319108338355636123e-01,-3.392559485047855095e+00,6.703030620022418784e-01
1.381431379419344463e+00,1.729957565952827458e+00,-2.826001933186211623e+00
-1.796346189392215908e+00,-2.073800943969533073e+00,-2.328157730585902918e+00
1.808548882869080332e+00,-3.033407943665511919e+00,7.322015574767694046e-01
-2.121608618655673517e+00,2.899668467996939114e+00,-4.002551042399739578e-01
-2.791479165710440302e+00,1.243888919114227720e-01,2.307145149266260464e+00
-2.828462980444330643e+00,-1.861309725621090205e+00,1.314376151442856022e+00
3.112764593801573998e+00,7.548635886382250026e-01,-1.730585332423199674e+00
2.246106057778804566e+00,2.619244866372484104e+00,1.187717267294067236e+00
-6.334645424127064439e-01,5.074242080819773015e-01,-3.566467016212669705e+00
1.564085132988090932e+00,-3.229116506558192601e+00,7.533254325135515517e-01
-1.626861081947198695e+00,-2.598792338477461161e+00,-2.025720826249394424e+00
6.298678027504690524e-01,-2.126341898185547308e+00,-2.940926236734250132e+00
-2.898648992674308200e+00,1.956160095712131008e+00,-1.183988499051766619e+00
3.340022449796073545e+00,-8.485565242287090859e-01,1.348512659529939928e+00
-2.373980923355480499e+00,-1.829634353432800786e+00,2.185165155256361125e+00
1.797687214171201919e+00,3.062914309622116527e+00,1.099756080956423743e+00
-2.037101278002263260e+00,-3.106896318415769631e+00,-2.908225157127488636e-01
-1.754107467229308215e+00,-3.297658516486104752e+00,2.413200319880684855e-02
-2.558753092312978428e+00,-6.759876230616342907e-01,-2.648206996710357419e+00
3.851193309357328065e-01,1.898294363347821090e+00,3.214152552442536503e+00
2.347348909965038199e+00,1.515738593621631214e+00,2.518100892595943385e+00
1.084833878567486032e+00,-9.395429880252103017e-01,-3.486367027597451873e+00
-1.191993253368200056e+00,-3.101006796092247164e+00,1.800994054525454580e+00
3.643947776351893264e+00,-5.011530080749642124e-01,9.043031020680512011e-01
-6.418447748480573534e-01,-3.526309754544966424e+00,1.251936993705818901e+00
3.619017362144818062e+00,-5.099951804837966618e-01,1.060180630145189928e+00
2.705464445415272756e+00,1.617586929430038678e+00,2.147726616192556115e+00
2.583077301527395342e+00,-2.755652729098559739e+00,5.922272501800923683e-01
3.102159311634329342e+00,-2.055044959722121423e+00,9.154939774687007592e-01
1.750937442029983249e+00,-1.737056313672511676e+00,2.944481893211255752e+00
3.502146517186761204e-02,5.014563981374419582e-02,-3.849424627661056864e+00
1.680256403068722371e+00,7.816254282289839539e-01,-3.384760762932891076e+00
4.720125775349083841e-01,-3.335665507954843623e+00,1.900169469300505343e+00
-2.778614203845040542e+00,-1.136925228311109093e+00,-2.452837816672764237e+00
4.070193162027615497e-01,1.761470293862649861e+00,3.439648118430186141e+00
-1.526607073048822594e+00,-3.222300508572448763e+00,-1.567192613872977702e+00
-3.710223975281562447e-01,3.877260809462305780e+00,2.637504233431145484e-01
1.318645606508934476e+00,3.643373967252454104e+00,5.460909841566830014e-01
1.051623247881034867e-01,-2.300147616710606524e+00,-3.175001117772384696e+00
-1.091608808574082934e+00,2.151597803772746162e-02,-3.776475384057887297e+00
3.921245743290758590e+00,1.380508152441516923e-01,3.611051873921456434e-01
2.843616642267353001e+00,2.512243780023254214e+00,-1.095536185031446230e+00
-2.858344789594757795e+00,2.720608272219058321e+00,3.135258705487284914e-01
3.690994355233618851e+00,-1.302727325079232834e+00,6.498793715101249813e-01
3.759756509495200572e+00,8.018943792053269126e-01,1.018398946965740404e+00
-2.243224034632809172e+00,-4.486274542843924906e-01,3.264353002273419957e+00
