-0.000000000000000000e+00,0.000000000000000000e+00,0.000000000000000000e+00
-9.409842576475023826e-03,6.492505201552716335e-03,1.499951872406397532e-02
-2.200541015022543581e-02,1.492082383391416141e-02,5.701254430262419660e-03
1.474681087060720173e-02,-2.288670730587947372e-02,-2.003748558810025671e-02
1.110315337841958142e-02,4.971466811630186576e-03,3.761628468051323587e-02
4.206813165836809087e-02,1.486960324438991315e-02,2.744635148603279465e-03
2.667909925894291698e-02,1.610536382221235824e-02,3.842773557433678405e-02
5.186639222618002337e-02,-1.137265278663900613e-02,-9.549557044569820241e-03
-1.183364824213874351e-03,3.052851985066096230e-02,4.952584865327507024e-02
-3.342236668130471600e-02,-4.176422131366303199e-03,5.234056405380424493e-02
-3.520440815202631468e-02,-1.631922337181448968e-02,5.355477468765428017e-02
5.551434524429685324e-02,2.985640632617762857e-02,-3.019771533898466323e-02
-6.800526763058448165e-02,2.750302093645233537e-02,-5.172516419095134731e-03
-4.957690407028513685e-02,1.564974946900359737e-02,-5.691223014427756327e-02
-2.252365117169514985e-02,-4.401835229254506127e-02,-6.357466063223592145e-02
-7.108446005475843599e-02,-4.383823757996010290e-02,-8.221285234709951179e-03
4.739297009248021053e-02,6.620611367601281216e-02,-3.129621619091204482e-02
-4.988193094873918237e-02,-7.544157371560188119e-02,-2.482586040538695398e-03
4.653576951206616491e-02,5.468175783325850137e-02,6.014671362706894980e-02
-6.582613411975414552e-02,-3.988058089082242158e-02,5.871683817860370164e-02
8.231990255789130295e-02,-3.189389877424812086e-02,-4.675111078806012954e-02
-7.005921977085727281e-02,7.472119627432263766e-02,1.031616193254545483e-02
-1.022153981033487036e-01,1.565420929236454456e-02,-2.310142393138899311e-02
5.079822343946076985e-02,-7.267294876841690066e-02,6.327574369441484048e-02
8.279934371167615992e-02,1.382421148869926626e-02,7.394493022800130433e-02
-6.820400212153696073e-02,-9.229327415525616363e-02,-2.004700047137357270e-03
1.073398244770593923e-01,2.900005700465524763e-02,-3.847400640536267208e-02
9.545842003949646382e-02,-7.242358294912244754e-02,-1.284121538296225003e-02
-2.870296772383491499e-02,1.059203733514620799e-01,-5.629142686463293327e-02
-8.569773037928987702e-02,9.061660506281871141e-02,1.885714552034932837e-02
-9.712125080789327236e-02,2.433165884603094575e-02,-8.121489765217083934e-02
1.123414958514020179e-01,-3.415971378447245181e-03,6.861134885175435016e-02
4.571119983782737095e-02,1.217593802553710441e-01,-3.397516421363668687e-02
-5.485691362963264484e-02,-4.603373141805654212e-02,-1.169622349286948276e-01
-3.139575262243381008e-03,-1.305638274754603867e-01,-5.001162685709601569e-02
9.719032285809932337e-02,9.446646819302020881e-02,-4.412996418411026245e-02
-1.132184216682826372e-01,8.830482753400024920e-02,-2.169294336382180180e-02
-1.274799839025943411e-02,-1.463963493632730872e-01,1.648554631225493394e-02
2.507355569294832109e-02,-4.692820665987837425e-02,1.408002606167650383e-01
-2.638280896017277874e-02,1.189309717323615012e-01,-9.281462366135584396e-02
8.071947303302727528e-02,1.312116502982771382e-01,2.307921692452757911e-02
4.317528763893491855e-02,-7.484065047942187188e-02,-1.327374668586558115e-01
-3.075453663593023801e-02,-7.630277593574455453e-02,-1.383701376415011619e-01
4.833444441399759040e-02,-6.264959468532067810e-02,-1.431536609253079573e-01
-6.422416653319350244e-02,1.516592924100009232e-01,-2.188453804709703659e-02
4.402111859048252890e-02,1.403515731087796592e-01,-8.263183653300355813e-02
-2.289174804170901467e-02,-6.993946401570623472e-02,-1.546586631827689129e-01
9.119229357876480757e-02,1.206000018784824934e-01,-8.576192015683999081e-02
6.852726705668762963e-02,1.203724811421578167e-01,-1.091827216525525779e-01
4.852363348662930981e-02,-1.482431536769267255e-01,-8.761832995035705174e-02
-1.112189445657409126e-01,-1.554761103181184594e-02,1.425048405784066774e-01
5.109151957200253058e-02,-1.563811474390097711e-01,-8.231283719845336466e-02
1.048213630530794443e-01,1.464325135169527725e-01,4.840428438625464513e-02
-8.437478259575516282e-02,1.388702846374844369e-01,-9.649599067791402029e-02
-5.229858840705397388e-02,1.039592917574311444e-02,1.839165899191539666e-01
1.509639595322255778e-01,7.217218549708738495e-02,9.814809029583233813e-02
-1.435961269364781911e-01,6.338330823484267240e-02,-1.181890765020523204e-01
-6.679926184687667856e-02,1.306351879033687824e-01,-1.343977401989962794e-01
1.453880170866815591e-01,7.486492446516490595e-02,1.176566385292684702e-01
7.744897503005557238e-02,-1.273986573272783696e-01,-1.391489759762385148e-01
-1.655211712819888159e-01,-1.026911187594860553e-01,6.829939286128597353e-02
1.639908385439035610e-01,4.032022973458811166e-02,1.229464761966627823e-01
-1.112491415878048978e-01,-9.597140898514071317e-02,-1.519388666342434968e-01
9.049637683296306301e-02,1.179220877411912005e-01,-1.537062416077972782e-01
1.915882009658965712e-01,-2.859707152570215970e-03,1.003291372346806209e-01
1.330651241521290003e-02,1.865871276745096341e-01,-1.133954006087301430e-01
6.726200449989898356e-02,1.966249288092167258e-01,7.580155888574149903e-02
-1.706241336553171450e-01,-6.146761115770261324e-02,-1.308914557753779739e-01
2.150329868111605300e-02,-6.783544850680928162e-02,-2.146215228915770157e-01
1.263419310733741516e-02,-2.165795646081422055e-01,-7.193148207594439458e-02
-1.977620935904396138e-01,4.881928493619598630e-02,1.089605648740535615e-01
1.625097356188839326e-01,-1.670460593140650485e-01,1.371117807949207013e-02
1.067475777641617718e-01,-2.077709879067849430e-01,3.294476003860739161e-02
-7.885665584064602274e-02,1.834947164526753438e-01,1.300734614180673598e-01
-1.732118746302804824e-02,2.290841232948377659e-01,7.209779931549553655e-02
1.892106521409861741e-01,4.461310680810049584e-02,1.461773710610901611e-01
-1.415692692886445954e-02,-2.430514167895564681e-01,3.281682927100263575e-02
-1.156588825609367599e-01,-2.318874477180177598e-02,2.182672590010431846e-01
1.758819982837237991e-02,2.242696144818224768e-01,-1.102927060926573444e-01
3.614285770932981756e-02,-6.681444852000925638e-02,2.413029446443161752e-01
-1.651277000677299836e-02,-2.532266204961522993e-01,-2.897680965801398278e-02
-2.214651918566887812e-01,5.981034767585925727e-02,1.177370384689902100e-01
3.491832370833718863e-02,2.324938163098798360e-01,1.116923812868577948e-01
-9.230690693733181740e-02,2.201899909843973435e-01,1.096225449295135101e-01
-2.347661824866660862e-01,-8.314478061533921160e-02,-9.098516301056029654e-02
2.139283177191880492e-01,1.587860951394138020e-01,-2.500404695188599563e-02
2.435362147864496979e-02,-2.686622385255387213e-01,-1.183073095964679716e-02
2.464513727055838710e-01,1.130616818526197498e-01,-2.668487156004495028e-02
1.501485930574119054e-01,-1.951928556294740269e-01,-1.221526968096704052e-01
-9.880606628275984127e-02,2.179684912373235917e-01,-1.401359968847326054e-01
6.038603611160197997e-03,-1.709280568607000061e-01,-2.213935363597373251e-01
-2.169907567418742356e-01,-1.166249057714903725e-01,-1.376616244533598044e-01
-7.554296774601997055e-02,1.536808914456708475e-01,2.273628162842128986e-01
2.651785550501459809e-01,1.064671463490497461e-01,2.751510845790868659e-02
-2.337799551022252675e-01,8.028875982673279454e-02,-1.507267966864305475e-01
1.646132178655453915e-01,3.622163188724725896e-02,-2.383835231994996529e-01
-1.994020951545020237e-01,-1.942089207394613326e-01,-9.585753387850098894e-02
2.112963680765133079e-01,-5.724015953646512112e-02,-2.004685083919499344e-01
2.632691021479573457e-01,-2.455735387111845219e-02,1.401867971845896788e-01
2.476589626294897761e-01,3.161149972096981980e-02,-1.694113418224281187e-01
-5.737836005731043049e-02,8.644340257733976879e-03,2.985775650115741753e-01
-1.095728608566590018e-01,-2.863235938579292705e-01,4.691046205354587433e-03
-2.233143561577319858e-01,2.129785391042837428e-01,-1.693865926382878348e-02
-2.886614984328421674e-01,-5.379267797200486950e-02,-1.040023638816368057e-01
-2.407135378864368458e-01,1.568263233324849459e-01,1.266118375392429052e-01
-8.548403401145757141e-02,-3.026407957306325169e-01,-3.485020884324792345e-02
-1.521876262825350504e-02,-1.050278494639958204e-01,3.006818116416526410e-01
-8.902366670318366537e-02,-2.698678816830331617e-01,1.499658212134913904e-01
4.635383976749268831e-02,-3.108415318211882883e-01,7.782868330129283363e-02
7.543564229461001414e-02,-2.604653273745384801e-01,1.813664011049127001e-01
2.249779561554943186e-01,-2.539195300973780961e-02,2.382814081634137826e-01
-2.762404812216039951e-01,1.395776051399263973e-01,1.177790134950503359e-01
-6.666335521744921888e-02,-2.767497023610330786e-01,-1.739724033157486749e-01
-1.722218512760163162e-02,-2.136318352291340372e-01,-2.588770646640520257e-01
-1.070421931006947242e-01,1.453596206854076700e-01,-2.864093717530200589e-01
-3.074227576647612925e-01,-6.119209149508526152e-02,-1.343260182553187021e-01
-1.984119558502289160e-01,-1.380711467535946646e-01,-2.440458865922146003e-01
3.287819460355519419e-01,2.508597790675823423e-03,1.076656762729164551e-01
-3.302385037502374859e-02,-3.465403210221036923e-01,-1.533812770048585510e-02
-3.074136649787571063e-01,1.355256475590675413e-01,1.013896001403698927e-01
-1.299741173408768546e-01,-2.734919405218140254e-01,1.822286354785170315e-01
-2.598521862095054535e-01,2.228775967145554260e-01,-9.727815378714868566e-02
-2.852836848082337395e-01,-1.966821439172858621e-01,9.146767443877019954e-02
1.414448633106147983e-02,-1.826499332417307886e-01,3.109123309278392644e-01
2.823615372902503751e-01,1.253478566633819125e-01,-1.912910076830544870e-01
2.143409777115489745e-01,1.619054508396686534e-02,-2.960529621414978996e-01
-3.536575145457878655e-01,-1.831464259118629340e-02,1.013709400958947016e-01
1.388942997209252350e-01,1.735964200556735504e-01,2.968263137949628261e-01
-1.420923249843367153e-01,2.521703192084420730e-01,-2.358298916197615058e-01
4.244522110534244136e-02,2.402927605270540057e-01,2.858861560026776383e-01
-3.554418462348245544e-01,-1.114915558794662420e-01,-6.630083439408809842e-02
-7.818819262607132337e-02,-9.459793666932124739e-04,3.727700877907136334e-01
-3.809516078955128005e-01,-4.188561201143591040e-02,1.071929606978205655e-02
-3.033848409795700252e-01,1.793719847638499398e-01,1.572046571394760395e-01
-1.267357479126916264e-01,6.936515298314242794e-02,3.605662860031988437e-01
2.176014549383957497e-01,3.128557102574729409e-01,8.728723085305739593e-02
-4.726830998328215155e-02,1.178563189860169225e-01,3.724319154754330841e-01
-1.035752477905211577e-01,9.488071213136337057e-02,3.702658214451697294e-01
-2.446932162177841152e-01,-1.802202652500507762e-01,2.578472076771564647e-01
3.603779962592953967e-01,1.345761166152336374e-01,-1.135076774776444253e-01
-3.446252743106657523e-01,1.942585764627891565e-01,-8.004528044659924013e-02
2.037386266962183945e-01,3.195170929823631933e-01,-1.461792235784294125e-01
1.849037338535760855e-01,-4.037102355649949820e-02,-3.622487100711946351e-01
1.236920100542111822e-01,4.815936918442922932e-02,3.892484798200930851e-01
2.950198536053511705e-03,1.071945745087826418e-01,-3.996747459482830056e-01
2.872811866353768284e-01,2.347366618943573791e-01,1.890217858549294028e-01
8.618943689073370329e-02,4.036616847200258373e-01,-7.160532700270323681e-02
-3.255788943803644142e-01,-2.624883165689114728e-01,-5.244688693664033979e-02
-2.316478691836909298e-01,-2.240838489091543650e-01,2.755865106266803255e-01
-2.257039990634459314e-01,1.639476196964552157e-01,3.227803136968654951e-01
-3.718841758374779038e-01,6.157020873063592803e-03,2.141840149693476081e-01
-3.835640750619450645e-01,1.607703788368886333e-01,1.160201717041065422e-01
2.188035711150029539e-01,3.287709065624128124e-01,1.808285921120277584e-01
-2.468863705616864204e-02,4.003838663074283932e-01,1.732026179185728876e-01
3.566644273880235638e-01,-5.659474362470313935e-02,-2.505427593504010453e-01
-4.297144845326908436e-01,5.043499202553070049e-02,-9.094427327352568036e-02
-7.489653236381042800e-02,-2.587066914288287944e-01,3.538815652060141592e-01
-9.250702368952359866e-02,4.665806064929870628e-02,-4.351492472466155781e-01
2.340877896213183207e-01,-3.511850333372125155e-01,-1.558746693673891404e-01
1.402614292150642927e-01,3.552659382640995234e-01,2.426733658449560238e-01
-1.677422096459046386e-01,2.734648776286094929e-01,-3.228416702779653424e-01
1.613593527991949161e-01,-3.679784628325101226e-01,2.192924407018652933e-01
2.320618361263052098e-01,2.632893957322677281e-01,-2.979335512861643331e-01
3.711818962398813482e-01,-1.834766035442896293e-01,2.071723239289927632e-01
-3.757005372045882918e-01,2.740208444803268750e-01,-2.368199030869549276e-02
2.440996649750307446e-01,-2.462227616294085653e-01,3.147150305269012516e-01
3.732944902780468421e-01,-1.405009142994032290e-01,2.502816771554919884e-01
2.400386982494624732e-02,-1.648972511314083719e-02,4.726248149933670040e-01
-4.208042142940986996e-01,2.206357346395267875e-03,2.228255268158993163e-01
-2.999160753161664861e-01,-2.505965510754675774e-01,-2.766078131509618343e-01
2.372157049580142507e-02,-3.657140467126959726e-01,3.122444798087580797e-01
-2.794986728485927552e-01,-2.307328808399626840e-01,3.209563377845634502e-01
1.647832715719369234e-01,4.565060265474341628e-01,-3.743164058119256149e-02
2.792252418359567057e-01,-1.902479736965070334e-01,3.541072644404029135e-01
3.095963373427320087e-01,-3.756852623915145073e-01,7.199064428041321295e-02
4.665141449884809277e-01,6.211391529561529484e-02,1.526952966341162954e-01
-1.784310860887889372e-01,-3.621106441050853664e-01,-2.906952711895656183e-01
2.483368582259027069e-01,-5.042969656151419927e-02,-4.311912848437297052e-01
2.126382841653638722e-02,1.352107823632845152e-01,4.838385217677763084e-01
-6.867867335458816003e-02,-4.261275842099844779e-01,-2.631440159782387211e-01
9.887873771332027217e-02,-4.363550440928622431e-01,2.410289025625453330e-01
-9.728779250534468070e-02,4.758974605755151299e-01,1.583819458335538888e-01
2.480725645279811820e-02,-1.504977838432426107e-01,4.904414624997279759e-01
4.474825137677359010e-01,1.694250651161015864e-01,1.940136470574687355e-01
-2.445414772260282033e-02,-5.044195461979422701e-01,-1.198247663953028730e-01
-3.241061316003626125e-01,1.644260303018700020e-01,3.743556308220929996e-01
-2.983209687321330406e-01,2.891507935256864420e-02,4.303936771590110566e-01
-1.336830417963929055e-02,-4.815931790524636269e-01,-2.140713184012629222e-01
-2.724127287608587022e-01,-4.249752454708037308e-01,-1.612804514543867140e-01
1.561442655507890021e-01,1.388159783080023801e-01,4.899794026251923507e-01
-3.254682392696575666e-01,4.227476668910723490e-01,-4.485779745993886958e-02
3.953385839648846933e-01,2.492141147985053040e-01,-2.668405185850479810e-01
-1.369450001394424427e-03,-5.388374902294925661e-01,4.715241001505030699e-02
-8.925836207201526262e-02,-3.948873201821161971e-01,3.628432689308881409e-01
2.276630599177322245e-01,1.009683275616009152e-01,4.863546376953583605e-01
4.481586209193677561e-01,-1.537905830790622930e-01,-2.776622571267604589e-01
-3.719565595730632834e-01,-2.718344518466893067e-01,-3.039688994325702720e-01
5.529745270902666210e-01,3.223990242281198765e-02,2.986530707616049177e-02
4.535879564225985816e-01,3.193093249325451577e-01,-5.569511767515968742e-02
5.537439813263126398e-01,-8.353600731059525331e-02,-1.740513063647975908e-02
-4.574475016467159649e-02,4.076752892887959279e-01,-3.856865091859870698e-01
5.059650993342899028e-01,-2.131918977353789157e-01,1.369221963337106940e-01
3.805684351440876689e-01,-2.598060320678977630e-01,3.332300167895895782e-01
-4.786529799827294457e-02,-5.615420050749302394e-01,-9.460020227474892629e-02
-1.753669701771889966e-01,-4.873178196168175824e-01,2.481026038500754594e-01
-4.630951776441109558e-01,3.044003384351227082e-01,-1.609640592916967705e-01
-4.277252174683378594e-01,-3.796768876955383676e-01,-9.583022493207248027e-02
-1.445191557908158120e-01,-5.578772395963268460e-01,8.635119310195106535e-02
-3.193025284067166347e-01,-4.903624803472411142e-01,2.154700459209854188e-02
4.339907852474439998e-01,2.782216957680514469e-01,2.836280383466879829e-01
-1.816617732072468849e-01,-3.025901804866760747e-01,-4.743278807018857512e-01
-5.794142949030695044e-01,4.358699953753417816e-02,-1.236884622974437076e-01
-1.681557140769363023e-01,5.687355495410461037e-01,-6.764848958631786147e-02
-4.915818844779356600e-01,-8.390316755027448642e-03,-3.435190312446378957e-01
-2.626575423448213598e-01,5.039955333478014499e-01,2.004152490909628936e-01
5.795997150529651476e-01,-1.202154713070372610e-01,1.274368988241827705e-01
4.254526343457037951e-01,1.163303198647951953e-01,-4.190094214354505575e-01
2.380757758897467276e-03,-3.831934063242309896e-01,-4.762095207486642945e-01
5.216499406802421746e-01,-1.427264666043049912e-01,2.909616890181127569e-01
-4.772483001036190720e-01,3.628833843903488954e-01,-1.457770617015438919e-01
-1.661067964641617101e-01,4.993351658210131161e-01,3.276438687484557466e-01
5.588746256433224646e-01,-2.705716033427588152e-01,4.824420708733782176e-02
2.578598851213921850e-01,-3.555623820348000064e-01,4.456280100764399288e-01
5.970606146927469604e-01,-1.964161578830163346e-01,9.324195605710241044e-03
3.996031709693712575e-01,4.729614825821356616e-01,-1.242703857306573650e-01
-2.344737987127555601e-01,-3.569170649146335972e-01,-4.691964460691057104e-01
4.659181035291089512e-01,-3.983839987742438526e-01,-1.744771414070007964e-01
-5.915760805437044745e-01,2.279834907723984616e-01,8.964313340967249022e-02
-4.605755229064338319e-01,3.961919845030779097e-01,-2.112909403873076408e-01
-6.439126665381619263e-01,2.690394392044798827e-02,-4.675427726554796243e-02
6.292848153642738307e-01,-2.358305569013168825e-03,-1.591993733461616878e-01
3.832765014682876226e-01,-4.995012244395152790e-01,1.696695638734590783e-01
-3.650602078766663761e-01,-5.086734960556761331e-01,-1.924524398662431079e-01
2.108653854441542089e-02,2.065734331936552315e-01,-6.243627297147602562e-01
-1.814091889519907352e-01,2.247302617965219740e-01,5.945153633979238794e-01
1.713643492116624090e-01,-2.406855411180089666e-01,5.945644247945408578e-01
-1.000699453038536579e-01,4.041213134088713077e-01,-5.209990527539859473e-01
-1.638916511468818116e-01,6.306933132670750064e-01,1.553217819334840877e-01
6.589403280720477207e-01,5.161130818663586806e-02,1.261356320781003293e-01
6.621564999485872738e-01,-1.342494828508908611e-01,-1.856631609956977541e-02
2.657113535801792215e-01,5.861232041929453906e-01,2.162043628637614068e-01
3.243427333803018398e-01,-5.492253022462735279e-01,-2.411119377357699156e-01
5.594726907179931041e-01,-3.332132189145851076e-01,-2.122764621300218812e-01
1.167404422756222471e-01,-5.654661490014332298e-02,6.755907280528710146e-01
6.226424487454745860e-01,4.864391070597799682e-02,-2.955872598993129485e-01
5.651953818811988883e-01,-3.961534315988178845e-01,-7.237261771525030363e-02
-4.118198565795602173e-01,2.487282652650942005e-01,5.043668432363994647e-01
3.105265561516293848e-01,6.180468820275923925e-01,-1.081268825708835285e-01
-3.495895455714615463e-01,-3.352813367130174638e-01,5.096601199966703799e-01
6.560448970125142276e-01,2.159660579951101222e-01,-1.471407447707201999e-01
-4.892437574890706187e-01,-4.441941523873771391e-01,2.575901681099145857e-01
-4.827565487664310928e-01,-4.397063000329867744e-01,-2.845809842293047787e-01
-3.997673339322695973e-01,2.919594703303978744e-01,-5.164458391305865037e-01
-1.132728014212821960e-01,-6.992618759298550035e-01,1.199539658088362715e-01
-3.823199894034605695e-01,-2.870747388585357940e-01,5.404168723928042262e-01
-1.148360228951111756e-01,-3.451016797649189560e-01,-6.267537703332701771e-01
5.647990870090098259e-01,-4.680548922230710895e-02,4.565237289418805355e-01
-7.018168715620159981e-01,-1.902623621755014649e-01,-7.337611116725467619e-02
9.508758985372171846e-04,6.264735816925581791e-01,-3.823833842268581917e-01
-7.213549665819042611e-02,-3.644904059159934095e-01,6.365651010795970732e-01
-6.301363717211188042e-01,-3.868475345797536824e-01,-3.409472419431124057e-02
-2.886861715027637110e-01,3.254544843275959942e-01,6.027164502474364749e-01
-1.980939890829472305e-01,6.963301278886803169e-01,1.818834448339866627e-01
6.163076533136804258e-01,2.509534341183021211e-01,3.450880465056054835e-01
5.080339885733239358e-01,-3.914366598974179379e-01,-3.940895095879597965e-01
2.866036485587274973e-01,-3.189041036943255913e-01,-6.225309680521485811e-01
-2.551112542019681739e-01,-2.400641633639659378e-01,-6.733956917825590915e-01
6.480976651797401011e-01,3.914017760556826042e-01,8.812509444521204882e-02
-7.211466158940899041e-02,-6.388837361686138250e-01,-4.152907956188129912e-01
-1.695650777809490639e-01,-4.347817769978527536e-01,6.106793342751888343e-01
-4.195882388100099503e-01,1.189706368935649211e-01,6.367227800350223621e-01
-1.253686815723625003e-01,4.322514433724243266e-01,-6.308749974188628817e-01
1.255865081194565969e-01,-4.621429310749405328e-01,6.133366824921956395e-01
-5.133481060177457200e-01,5.784784594971591476e-01,-1.111977990774260655e-01
3.259809554498654394e-01,-5.855807008532348812e-01,4.079087227866766141e-01
-3.789935344814172602e-01,1.334522496421132187e-01,6.776226311506811095e-01
-5.953874429244077060e-01,-2.170742331234847278e-01,-4.733938960865701762e-01
6.984371398856105140e-01,1.419357864587892648e-01,3.505301038747735687e-01
-3.295121940411092076e-01,-5.432514269370178894e-01,-4.819593743854605483e-01
3.032394163558612687e-01,-5.196132431582159983e-01,5.284111444903445420e-01
-1.681138078837749461e-01,7.851384966374120866e-01,4.101837632804038875e-02
2.495184667471095075e-01,-1.711403750452980543e-01,-7.483898379084902297e-01
-6.641033248972424419e-01,-1.197963224406691091e-01,4.489232150473138616e-01
-1.109359599088055731e-01,-5.208164693260284306e-01,-6.153637826586849657e-01
-5.218944377128195145e-01,5.017273200061943550e-01,3.787744512949784981e-01
6.953380189952105273e-01,-1.157617064189873646e-01,-4.195902121046442002e-01
5.716281139463968985e-01,2.108848552117663089e-01,-5.541937108452275051e-01
4.409433367234216750e-01,6.970517174435316710e-01,-5.909799457896057484e-02
-2.412653108528872992e-01,-7.538874158193334951e-01,2.504503383141525319e-01
3.173432924895003282e-01,6.417945962710028818e-01,4.268283917825804186e-01
-2.329476911232847836e-01,-5.973869491748932115e-01,-5.377694969404160918e-01
-1.274045630101953153e-01,-4.621076927814464219e-01,-6.900232793993150704e-01
7.968630712740637501e-01,-2.743223542922846869e-01,-3.568522027181099399e-02
7.996472534276849453e-01,-1.769920804207077425e-01,-2.154024010172367887e-01
-2.824585610398790969e-01,-3.268534409825678555e-01,-7.322713033100410884e-01
4.466888162125165485e-01,-3.065201603607713987e-01,6.595931038513987987e-01
-3.645496921511071076e-01,-4.841188693672428545e-01,6.058272270997041575e-01
2.299708267935955674e-01,8.046220247009878701e-01,1.994269619368508328e-01
1.680477626885392428e-01,-8.157377010842795650e-01,2.285192060464662500e-01
6.373410606505186538e-01,-1.668782451400676881e-01,-5.636370466927825840e-01
4.449063316303257798e-01,-7.255988247605498209e-01,-1.821758489503702005e-01
-5.286006822779282244e-01,-8.046575931823304884e-02,6.911221003734703272e-01
-3.809410788237413414e-01,1.463095914205306547e-01,7.765151574643796017e-01
8.513850311006331273e-01,2.065799313837001216e-01,8.920438133808440695e-02
2.914044310946160010e-01,7.988173222168686305e-01,-2.418470748774214918e-01
1.957595772536486686e-02,-6.654397624381583887e-01,5.868430688941506101e-01
3.983416796063139476e-01,1.835476581495068538e-01,-7.754423009636162156e-01
-5.059260704366504990e-01,-7.134246983008371013e-01,-1.867495776543412200e-01
-1.620741812843085328e-01,7.152805325357199928e-01,5.177725089425356808e-01
4.780116912800554951e-01,-5.844223567076932691e-01,4.920832129196168747e-01
-5.339188779870262386e-02,4.820059744975619398e-01,-7.637112285715488280e-01
2.844158468532951844e-01,-8.600334511611452681e-01,-6.455337705823836758e-02
-5.231571593571485712e-01,-2.508344772638590459e-01,7.031533704550551045e-01
4.739454248485882593e-01,-7.543278754331239622e-01,2.091830679596398679e-01
-6.052692222102861175e-01,4.106036429375803376e-01,-5.557338563345032290e-01
5.952481949809792505e-01,-7.030969404090144925e-01,3.939910394060222587e-02
-7.541015663991773761e-03,7.230342938913291162e-01,5.777994675552904358e-01
-1.052602383039533823e-01,-7.919647280347799079e-01,4.742443028464209953e-01
-2.392308644600552869e-01,-5.987676338984589952e-01,-6.737860141895437582e-01
7.363017668713226493e-01,-5.061466150294510191e-01,2.792878494839714509e-01
-7.652585266488273197e-01,1.089192421777882558e-01,-5.342900176568029513e-01
-3.301649625930176968e-01,6.811726418398365845e-02,8.808878183832657971e-01
-2.329028700700649934e-01,8.341265468599835531e-01,3.824955836627901840e-01
4.278150323014355272e-01,-8.348280067466614662e-01,-1.519573518237783138e-01
-3.777923193548140546e-01,-4.894697199596553805e-01,-7.263107064545185620e-01
-6.594827907586631177e-01,2.978560723487201911e-01,-6.269124029509316465e-01
-1.403748859202991750e-01,-8.452725935021940806e-01,-4.351138621949260932e-01
4.252048626047147950e-01,-2.711867435615787358e-01,8.222369623380083592e-01
6.265721869805139788e-01,-4.976494433592734135e-01,-5.450759626392808199e-01
8.690898403518608761e-01,3.566029945281154467e-01,-2.487038214743038100e-01
3.701288877090549434e-01,-7.844257563652622389e-01,4.461378316119307685e-01
4.864897797149793091e-01,-8.135849686721237095e-01,2.445975107045897934e-01
6.058072394919716830e-01,4.186590072571386156e-02,-7.725084783175116820e-01
-4.630187764857078281e-01,1.802921298557274010e-01,8.519260458779368550e-01
5.215243467748863493e-01,-7.717827794153037102e-01,-3.349925270869923977e-01
9.007883916964155580e-01,4.175727026895574290e-01,3.602834056921845607e-02
-4.219006123895519544e-01,-8.662827503087576764e-01,2.567278879816359827e-01
5.876779794738457019e-01,-5.387580971600567370e-01,6.050140811100254146e-01
4.952432189176496635e-01,-5.529013312541195546e-01,6.767990819585810724e-01
1.101802205913383625e-01,2.184324341740386810e-01,9.780429023597277949e-01
-4.540946020143381556e-01,-7.099872468581430729e-01,-5.599794258495029986e-01
-3.175771429025543435e-01,-4.157964741538031084e-02,-9.637220107727405560e-01
4.127547302666413620e-02,9.157176416065584412e-01,4.456775537235058149e-01
4.594371374334166869e-01,3.231348153232088127e-01,8.549517818584634332e-01
-4.323514029379690871e-01,8.885826775598000271e-01,2.784746265416713218e-01
1.865237991469622381e-01,-1.011300659235022437e+00,6.475086035463992196e-02
3.100894844930045524e-01,-8.720957894650187558e-01,-4.612029897479411056e-01
9.961022224134385983e-01,2.568221541891745896e-01,1.377816195046330794e-01
3.327774422904218321e-01,-9.867829379935568745e-01,2.169080914118132197e-02
-1.022277400522811908e+00,1.855348258409031956e-03,-2.184788514312907270e-01
8.504315961498049026e-01,7.506383552392499603e-02,-6.097538255446439681e-01
-7.918306155421144243e-01,1.148900510597479219e-01,6.843965804854010848e-01
9.765392527568222958e-01,4.006160139543221144e-01,4.943094559995239029e-02
4.589450181744984814e-02,-7.822599838373941461e-01,7.145247580505669216e-01
6.868727063349003847e-01,9.230763767535297981e-02,8.076700006417858457e-01
6.946127837637392499e-01,-4.515478729557877990e-01,6.740715330212025957e-01
2.289845864835278744e-01,3.867387367653136176e-01,9.730928121316011481e-01
-5.747365322137555355e-01,-9.074801595256736242e-01,-5.718649174446780586e-02
2.738954710519648783e-01,9.191691056641185797e-01,-4.954504047016468071e-01
-7.736915413953077136e-01,-6.434915034503287945e-01,-4.012205303971090875e-01
-1.413223312872796400e-01,6.486277897750886146e-01,-8.609943666206568702e-01
3.750960239774244753e-01,-9.923490607714394729e-01,-2.548306667093219735e-01
5.946491174714796379e-01,-1.207369708984614154e-01,9.113979432178151985e-01
9.518191382434017245e-02,8.491392638183095642e-02,-1.091351508257428549e+00
4.282353208614543827e-01,-9.512540846147770068e-01,3.571882270787327673e-01
-8.103137852922735751e-02,-1.069159791859213060e+00,-2.734377389023993077e-01
-4.852156813806500768e-01,-4.905943964779321265e-01,-8.700300429567596749e-01
9.911007477895249218e-02,1.096059281328498169e+00,-1.748773877347417627e-01
-5.478883770125002606e-01,8.602849592420718228e-01,4.584862969598058058e-01
-4.049275738065390429e-01,3.395328248031911356e-01,-9.899560101013419322e-01
-1.028104733795653258e+00,-4.348899079590660133e-01,-1.481997391146478993e-01
-9.637680512077858586e-01,3.366839754203348467e-01,4.845273300180500953e-01
9.804840677003341387e-01,-2.227282392915164166e-02,5.692598684324907676e-01
7.308583220543848347e-01,-4.343384901517212127e-01,-7.563588833816775603e-01
3.965260574781918068e-01,3.061971067384212097e-01,1.026121056446423374e+00
6.724408247005770889e-01,4.605682836047167439e-01,8.054170537434418575e-01
6.115183751649642119e-01,-9.154238090990631793e-01,3.319256673092101373e-01
-9.545120347744473488e-02,-1.705764121717901483e-01,1.137149097850828294e+00
6.215488589732234281e-01,5.612316920754257810e-01,-7.995300353575109931e-01
-7.453505960344148917e-01,7.478394590652438778e-02,8.880884558495359959e-01
-1.088432605073439280e-01,-7.709112566112985565e-01,-8.677738745707554990e-01
8.418912841480663545e-01,7.848558747030166538e-01,-2.092764815198687733e-01
3.409229958440213037e-01,8.364218021778206946e-01,-7.497953145370196415e-01
-6.079622829455311878e-02,4.418887346294851359e-01,1.090211344468901000e+00
9.109974806767285882e-01,7.118840809475177611e-01,2.457239593184057658e-01
1.125349901011617915e+00,-3.261965393482121889e-01,-1.840261967946331401e-01
-3.959076544526495267e-01,8.047533060916923775e-01,7.822863517572415937e-01
2.470731466990989389e-01,-1.654052152622940142e-01,-1.156569610653398694e+00
8.425139464972905001e-01,7.180640153693677030e-01,-4.586726590236249734e-01
-8.524056427564863370e-01,1.602637177103272415e-01,-8.326884886726746426e-01
-7.245044511779810126e-01,9.038017703284066950e-01,-3.372895356247364584e-01
9.163465317276330291e-01,-6.468181399831983425e-02,-7.884083305072031589e-01
7.977007785481731172e-01,5.899489738151989515e-01,-7.007748521758196958e-01
5.596970739820725793e-01,7.063240128792190875e-01,8.205744181163655560e-01
4.511221345928535104e-03,6.067109802826148313e-01,-1.061828311853909357e+00
6.196941135692360936e-01,1.025083887781968794e+00,-2.663411450192132435e-01
2.012488656030206047e-01,5.520932776467424308e-01,-1.081971040765549619e+00
1.011864330413227986e+00,5.098986028116379021e-01,4.923152943820779393e-01
-5.662589825656351161e-01,-6.225490519898623232e-01,-9.101383935604301367e-01
-6.413096296721659817e-01,1.025290093070329922e+00,-2.906134552231600110e-01
9.927533192456521327e-01,-6.506062253785321881e-01,-3.854214052442120342e-01
5.591816788673507066e-01,-1.254828384859634494e-01,-1.113314185806380641e+00
-4.339532037784227247e-01,-6.169628053670934698e-01,-1.004738615813237868e+00
1.139515598653418671e+00,-4.285526312204934740e-01,-3.269911540620750734e-01
-9.563251159587975447e-01,-7.888210450055761491e-01,-2.509125154150925185e-01
-6.056509451412120937e-01,-3.188372310385333419e-01,-1.068653113598829751e+00
-9.774655449949602726e-02,-5.483210773476610012e-01,1.145021864188900729e+00
1.197292974956701617e+00,-4.450872032418579649e-01,2.297565209672314257e-02
8.392745315179683807e-02,-9.282872334130171099e-01,-8.799406398087106229e-01
2.554193839795105281e-01,-4.793797358159817557e-01,-1.165756608460354782e+00
5.241399654871057301e-01,1.556401378547043746e-01,-1.168812429285945864e+00
9.149397274269426283e-01,-8.654918001427007734e-01,-2.999597264860547896e-01
-9.596258759571921759e-01,-5.216312408813107426e-01,-7.030963195182095005e-01
7.498634387890212860e-01,8.581672297611588895e-01,-6.322970907517895256e-01
-4.032369852756336748e-01,-1.896558343806768188e-01,-1.229332592946087210e+00
-1.118451348391797939e+00,6.593333667853811253e-01,1.884636256333850068e-01
-8.977532788713057377e-01,-9.623849370208249487e-01,-2.082382363578437826e-02
-9.083978822868887804e-01,9.512669237493925900e-01,1.181252338557192694e-01
-1.667984213445571351e-01,8.905458033211861579e-01,9.667927909537392672e-01
1.022381214222270351e+00,4.516256679584151335e-01,-7.196867122286559892e-01
-1.039411547584938589e+00,8.172654611137482039e-01,1.747535328041517622e-01
8.627371391941311973e-01,6.196768038971268711e-01,-8.137857633685177117e-01
3.749255905844503522e-01,3.015395828396190692e-01,1.253337547335228841e+00
-4.317736227976226027e-01,1.269115857605569886e+00,1.308427579081005709e-01
1.300790720009398216e+00,-2.477990572209508302e-01,2.695561140423472501e-01
-6.302388207457847447e-01,-2.982863163182015720e-01,-1.162724820978472184e+00
-1.229059507930612805e+00,-5.747243795387596554e-01,-9.622005927869592412e-02
2.500790386763828699e-01,5.060175709079265394e-01,1.242447311926316411e+00
-1.292604156537290105e+00,-3.596666335253434488e-01,2.725147201923934226e-01
-1.199651991184569999e+00,-1.525086482577755198e-01,6.513631325714319686e-01
-5.724656199119309008e-01,-3.235706246793880192e-01,1.211031660338405036e+00
1.425357529354108199e-01,-6.323122039920489046e-01,1.221171334978720546e+00
-7.485382857789215638e-01,5.956738223574579161e-01,-1.004344268863057499e+00
1.137970482977177927e-01,-9.142142380564100002e-01,-1.042892354911681085e+00
4.276937366511700533e-01,1.326035032188245921e+00,-8.750411564810883780e-02
2.193235138886405200e-01,1.050229225349965878e+00,9.002877859124340798e-01
1.133844663654537399e+00,-7.817906350515281266e-01,-2.784339748859082642e-01
9.586355571960103461e-01,-7.757325868951016057e-01,6.829168180359511675e-01
5.719315617950871955e-01,-1.534844618947747430e-01,-1.284257669461631224e+00
1.169936176787479409e+00,3.206325460340693767e-01,-7.357699617923654234e-01
-5.976467291559606210e-01,2.398687651030953216e-01,-1.269329499636027370e+00
-2.348053964278601358e-01,-5.038134687020298097e-01,-1.315305207857007108e+00
9.404295101630014697e-01,5.566787393531565931e-01,-9.261937525897623313e-01
-1.222104277762906532e+00,6.895929923710704124e-01,3.102775020886405777e-01
-5.320411069039535645e-01,1.007122349178036114e+00,-8.838969278371819893e-01
9.707309287057066527e-01,-6.339472036325056736e-01,8.647478686730054598e-01
-7.114594358753870695e-01,-4.209027375989614628e-01,1.192516152610991975e+00
-1.232994470032902523e+00,4.052497229691664482e-01,-6.591133778930811093e-01
1.027067274939606145e+00,7.753730577788782163e-01,6.902466562115671111e-01
-1.066070977767154204e+00,-8.962303516393845815e-01,-4.543415055223545829e-01
1.759279958292163937e-01,4.153546212250101566e-01,1.398719942869139699e+00
-5.191995329506043921e-01,3.291177301178694337e-01,-1.340074777689567398e+00
-8.417822148949052341e-01,1.144258044112297590e+00,-4.118704999684817403e-01
1.414551672992685916e+00,-3.000720121090405881e-02,-4.468256886051219512e-01
1.130020071989186192e+00,8.448239059046767085e-01,4.741957155541026703e-01
-1.071460451569621775e+00,-1.611102086884846352e-01,1.027448477129538906e+00
-1.068975232903321304e+00,-9.949177132790150146e-01,3.335283059304564035e-01
-5.233200702815314909e-01,-3.129388111676971174e-01,1.373414846771510156e+00
2.638981770219524514e-01,-8.678550984076267572e-01,1.203984024427460886e+00
-1.031961188535085894e+00,-1.495317846135051643e-01,-1.095214638892779258e+00
4.819067840898694777e-01,4.621695100826281322e-01,-1.362148311449582705e+00
1.010503562457694127e+00,-6.404902907708278637e-01,-9.404783817902893084e-01
7.379090661479317248e-01,-1.309953533419843330e+00,-2.645697510990284718e-01
-1.300324212792231648e+00,7.909471885528399637e-01,1.695988193762320573e-01
-1.333622519486147295e+00,7.443314537343980186e-01,-1.656022586654834206e-01
-8.478798664497710913e-01,1.284511359229181693e+00,7.752682524459426905e-02
-1.152364807503405197e+00,-5.023261347716261316e-01,8.997563317247245784e-01
-6.061797789803017311e-01,1.422225440368682925e+00,-1.212284582040072944e-01
2.553447954583324409e-01,1.512337640704441100e+00,2.600535389005700915e-01
-8.285354177374276707e-01,-8.449300365277832014e-01,1.017258955831425560e+00
3.244488770784473286e-01,-1.278251164348207514e+00,8.433749903943332793e-01
4.773974189882768115e-01,-1.087962519563887565e-01,-1.492009525292500083e+00
-1.144314825140762437e+00,-1.042673483451806993e+00,-2.909605573040898729e-01
3.756015369026968753e-01,-1.390863123519681110e+00,6.490250307784992678e-01
9.454538131342006269e-01,-1.218671940813986637e-01,-1.266367462075224104e+00
-2.836654687523657570e-01,-1.223679115514701099e+00,-9.748121422979391104e-01
-9.589183551793606375e-01,1.243019850078748600e+00,2.815507490370230959e-01
8.617805099267307201e-01,-1.346336915105218468e+00,6.683812293789492820e-02
1.509336384724143221e+00,3.739539910680159118e-01,3.971968689990573731e-01
8.259894048829000135e-02,1.014745822714207268e-01,1.604560967061386734e+00
7.811631809385614078e-01,-1.147238988809510252e+00,8.255181438970964347e-01
2.441328304623491541e-01,-9.960991073832823339e-01,-1.253891122675051539e+00
9.588163318979829874e-01,7.476123453857669299e-01,-1.078004830525991053e+00
-1.007788921182026121e+00,-1.249261410948985906e+00,-2.836049712657254807e-01
-4.213996007095152097e-01,-4.106987984336244457e-01,1.525430243272029029e+00
-9.395209365694092707e-01,1.153095336800072479e+00,-6.909500316992234215e-01
-2.374254145447955155e-01,1.547783984781020861e+00,-5.043552476097606929e-01
3.312139337467888689e-01,2.882682526970700709e-01,-1.590694022153871234e+00
-1.807170041896038748e-01,-6.648846610924886713e-01,1.505056756011363239e+00
-9.766910771305281624e-01,-1.293947617698026631e-01,-1.336474599503216343e+00
-1.226670947548329949e+00,-4.654197831750683245e-01,1.025910412252447390e+00
-6.320345371229940667e-01,-1.079681842806513803e+00,-1.107129448252824888e+00
-5.960655628025302022e-01,1.153794185952521367e+00,-1.059036568931964517e+00
1.607158756433747726e+00,-4.921156054762386711e-01,1.500691422145018945e-02
1.571609935454672202e+00,-1.960872573144352426e-01,5.781993013740502896e-01
-1.664129573086510841e-02,1.232238847617237454e+00,-1.158224993737765995e+00
3.644777996082710358e-01,1.625080774698364872e+00,3.224713029676428144e-01
8.707719154143773732e-01,-1.372835605742072529e+00,5.024297090331732996e-01
-7.562541273976397527e-01,-1.075988167603104534e-01,1.526299485075631734e+00
1.608188439775224687e-01,-1.853172810594377606e-01,1.694316249577969336e+00
-1.311142785949480416e+00,-9.176377934233597156e-01,-6.226374020878876481e-01
1.707293481289370973e+00,1.949140337141253010e-01,-1.183351549726866930e-01
-1.491251984031098043e+00,8.082391249844137482e-01,-3.284384740231238164e-01
-1.059276814163098823e+00,-4.478204683086586813e-01,1.296359905083338981e+00
1.110352183540325610e+00,-1.140528925667146920e+00,-6.984069269601221874e-01
-9.361375590873631802e-01,8.326866581118950172e-01,1.212492202764836824e+00
8.445111759255699013e-01,-1.528665500775176600e+00,9.129725678284393575e-02
1.450378781475138990e+00,2.208589765785094056e-02,-9.863357815348408053e-01
-3.790747181590963799e-01,-2.844101929467270917e-01,1.694416726530855843e+00
-1.113627452199803525e+00,4.251304731698709594e-01,-1.301353718906437695e+00
-1.634574442685380047e-01,-6.725663941740430696e-01,1.629186085274307638e+00
1.648066246889803299e-01,1.368576363097969706e+00,-1.118988759291499324e+00
5.591171608200716792e-01,1.686388404881425496e+00,-1.219326382554526966e-01
-1.655477009094684648e+00,-3.723021796224474933e-01,-5.579963360400947980e-01
-2.269024734152345069e-01,1.655924407408048138e+00,-6.452061973174673115e-01
1.618053800180314084e-01,1.647161725535113863e+00,-6.999489715345195151e-01
2.187019686098665427e-01,-6.995715698656082004e-01,-1.646666984086275098e+00
1.491184501658156636e+00,-6.667283656610963893e-01,7.747124382852508262e-01
-1.624283996500652583e+00,-2.090251699796820406e-01,7.784885246588497676e-01
-3.036379494509039434e-01,1.891448187132266368e-01,1.783217081511200952e+00
1.061023634218492884e+00,1.168270561372869221e+00,-9.149383046110749484e-01
8.737705847572516671e-01,9.791515600790004492e-02,-1.604582747460516323e+00
3.352922490868854299e-01,1.777782584773346164e+00,3.081073946144386455e-01
1.004106240491969615e+00,1.526600822348219255e+00,2.221300746362759038e-01
6.797910012748665798e-01,1.531792075237069284e+00,7.745344197882635395e-01
-1.461006086433020545e+00,1.115140193572986105e+00,-2.253031540314774928e-01
-3.893658015264789829e-01,-1.617937989669034238e+00,8.246499087633388791e-01
7.808348765920468670e-01,4.927726826179648634e-02,1.690529879271147840e+00
-1.422444850676758188e+00,7.794673941706840026e-01,-9.272852652099337067e-01
-1.503166176719500369e+00,6.512120709035520982e-02,1.117089997014938385e+00
-1.189866166659145241e+00,-7.715975034579077851e-01,-1.233477567912077744e+00
1.779933719492419852e+00,5.419103637139337515e-01,-3.030867037810806575e-01
-1.018448334114173015e+00,-3.602632430567109245e-01,1.551727193577729702e+00
-1.846327090821592298e+00,1.052717449262888932e-02,-4.326100732983608754e-01
-9.986144780423883427e-01,1.549556656237483510e-01,1.611321575667149508e+00
1.332536443726891839e+00,2.850320605093480952e-01,-1.335001041270892141e+00
-1.108146155297922819e+00,1.559535579914063330e+00,-2.495325053008796284e-02
1.055789620292778341e+00,-1.177120854107217340e+00,-1.087293316644874830e+00
1.112307500906267732e+00,1.842011031723579106e-01,1.559877409243380031e+00
1.410163516994650701e+00,-1.155505005870180790e+00,-6.345077545678964315e-01
-1.876795788110240171e+00,-4.291131422922773719e-01,2.048035990360340119e-01
-1.286806251313990179e+00,-5.763344337494437086e-01,1.335148059328519654e+00
-1.886510532121519201e+00,-4.275031477901726773e-01,2.264811848962603735e-01
1.650934734530125292e+00,1.022117340269887098e+00,2.123771707539723608e-01
-1.730638051852806392e+00,-8.967383627769435206e-01,1.967768719384893339e-01
-1.387490044739648987e+00,1.115336829805570806e+00,8.315869083756046720e-01
-1.239337796361280886e-01,-1.810638818680208928e+00,7.678930589738874879e-01
1.283966017015024885e+00,-9.904012028705019288e-01,1.129990273338819184e+00
4.943180000632217963e-01,1.868423961519892984e+00,4.404667210289793244e-01
3.597538895859774821e-01,-4.632059897424086192e-01,1.899614240365537388e+00
-1.829780419333543851e+00,-6.563887630051298272e-01,4.436688689070026337e-01
-1.728439714389102821e+00,9.873437185034913410e-01,-1.918897262522754332e-01
-1.797838500226485448e-01,1.901429078569018216e+00,6.123137669534649552e-01
1.711191580912108656e-01,-8.181668690007255773e-02,2.002583051950304949e+00
1.387764214299414878e+00,5.503967425714475503e-01,-1.356923989823195287e+00
-7.940871272111722501e-01,-1.306614085650820822e+00,1.325191058014862255e+00
1.813334841082868465e+00,-9.082534030402233949e-02,-9.063743922881558612e-01
1.536208539863520128e+00,-1.272367736033894525e+00,-4.039999077818736128e-01
1.358614696470398897e+00,-4.959831762785222309e-01,1.440308705312116855e+00
-1.428852365383752154e+00,5.477584030680502369e-01,-1.359793961339497592e+00
-6.512464458874905882e-01,1.945851817896706359e+00,-6.883621301667801340e-02
-1.325458729335297514e+00,1.072928825994868385e+00,-1.154041131723888558e+00
-3.675265394423437582e-01,-2.029808697172729826e+00,9.687434697811980744e-02
-4.207573370804848500e-01,1.898929336795596834e+00,7.116867357804915750e-01
-1.441763381550591250e+00,-5.494159748384981334e-01,-1.390661708313297940e+00
-1.628416050196513920e+00,1.068812213087873220e+00,7.385949588572453539e-01
7.415537611577165400e-01,1.478969549495972258e+00,-1.275789606256484410e+00
-1.136753727289965710e+00,4.628573906562031826e-01,-1.698189501395832579e+00
-5.905328090891235338e-01,1.609447042433316044e+00,-1.215227306290840303e+00
6.390165884445289102e-01,-1.224658728960208665e+00,-1.591652999182131989e+00
2.442036381373200171e-01,1.054490075520997161e+00,-1.815406934988136767e+00
-1.224548202896411420e+00,3.114090830788197040e-01,-1.701976121330017300e+00
-6.852859729149334278e-01,-1.043662496871959666e+00,-1.720590457443864629e+00
1.631712005322473180e+00,-1.069459770111842234e+00,-8.597958641509114708e-01
2.664449870623121774e-01,2.052115016121317304e+00,-5.381826074567755969e-01
-1.361655328515582575e+00,-3.687674746282705862e-01,1.614986885730276711e+00
9.864635139803650254e-01,-1.584824754283894022e+00,1.067755398433854586e+00
1.520237269292398219e+00,4.811667565978696159e-01,1.452232570887482144e+00
1.268995982001932088e+00,1.169239904205483960e+00,1.304234597668886275e+00
-1.840519671371252830e+00,8.449008715874860576e-01,-7.772689844925803060e-01
9.926574402233001582e-01,-1.488061756991271301e+00,1.238134100559457496e+00
-3.022787892976274149e-01,-2.100862305330560176e+00,5.049481925480557853e-01
-1.494597672902929553e+00,-5.482277360721964088e-02,1.597051955057731565e+00
7.553483331142769597e-01,-8.914932155652258716e-01,-1.857328029487743004e+00
1.080373886567313146e+00,-1.005969174746649930e+00,-1.632027717693683266e+00
8.424800699874540610e-01,-4.299809889801660678e-01,1.993965799562100960e+00
-9.176889746679735005e-01,-1.835313579484588731e+00,-8.294754910115491597e-01
-6.930211783080733046e-01,-1.486273775677119602e+00,-1.495799698041304859e+00
1.790916435269142237e+00,7.769359401974411661e-01,1.069571983909972435e+00
1.645131870700888621e+00,-9.168386622495858784e-01,1.198490248845270889e+00
-1.570014246937881941e+00,3.683479395874297846e-01,-1.552864173724867181e+00
6.304585341344840499e-01,2.026538838778427110e+00,7.323947286224515851e-01
2.193830558432464439e+00,4.767087052312241613e-01,-1.716701232308431857e-01
1.513168817094635576e+00,-1.541649462215545219e+00,-6.574753808624657081e-01
-8.120661787231746309e-02,-1.346407266132709335e+00,1.818900972251503489e+00
1.942249552006546365e+00,-3.679055011317626284e-04,1.176772931208160511e+00
-4.272549045012230540e-01,-2.856489504921992939e-01,-2.218660869901802890e+00
5.458164619254076699e-01,1.356725448784714683e+00,-1.754308805271823646e+00
8.864009208432251929e-01,2.099923575532262277e+00,-2.249566980469477895e-01
-1.176620927314399712e+00,1.972346037529187246e+00,3.646564744549811443e-02
1.166807991880715489e+00,1.536110302472063927e+00,1.258934807295464253e+00
-6.001206296554324471e-01,-1.566206195572831472e+00,1.588419568350879274e+00
-1.169680747822700706e+00,-1.148059286262150813e+00,-1.637197370487039061e+00
-1.661292989219623761e+00,1.305686754800733596e+00,-9.656273802100486803e-01
1.182544649728953345e+00,-9.456398650878140577e-01,-1.770648997019455217e+00
-2.009375271018728260e+00,5.822469207868379293e-01,1.040238681684176214e+00
5.696920470829102134e-01,-2.179800222826122347e-01,-2.262220692662324950e+00
-2.061647250038896928e+00,1.115724562097091699e+00,1.601373671280976740e-01
1.606854249678196567e+00,1.647659776738940041e+00,-5.054087889804524947e-01
1.006516038379225986e+00,-4.770758881862439127e-01,-2.083989376436722996e+00
1.840517187559194356e+00,3.353989952615988313e-01,-1.454420265925588263e+00
6.630581274537983294e-01,1.126147105983324126e+00,-1.984764144980497358e+00
-5.031508144572698349e-01,1.147992286526291927e+00,2.026836142479853109e+00
1.894339875171951126e+00,-6.384780377999853540e-01,1.309605428236892966e+00
1.789572940130987666e+00,-1.946888971554966985e-01,1.582107738542787523e+00
-2.173410902934318933e+00,3.909774451430618747e-01,-9.483784728814015352e-01
-1.574291854288300430e+00,-7.577559188777619470e-01,-1.660131403159955443e+00
-5.538209902621220593e-01,-6.820209761330511267e-01,2.251565185487194753e+00
-1.120601672217832467e+00,1.847532962881016649e-01,-2.141142628522434421e+00
2.426689564625902573e+00,-1.362637478778566669e-01,-1.041986054170968880e-02
6.989203061011018958e-01,1.910080271802536478e+00,-1.343091804383530041e+00
-1.092495711797300428e+00,1.630073377739209572e+00,1.457246711974270470e+00
2.737003344061532117e-01,3.608770852251631522e-01,2.408888129596599370e+00
-1.780137605628166142e+00,1.095569798620255275e+00,1.293261703643587834e+00
1.584033122670875260e+00,-1.311066388079261236e+00,1.359267130514022925e+00
1.653006844047370194e+00,6.580044936386697518e-01,1.715927774741375922e+00
-2.881034929937262290e-01,1.963586853603922266e+00,1.485076553674619104e+00
1.918964686089468907e+00,-1.192449580874035853e+00,-1.036465855535022795e+00
-1.015974400951113132e+00,2.268748835196807700e+00,1.840274035338965164e-01
-2.636232611763370676e-02,-4.677307961722462215e-01,2.455334664164559921e+00
-1.983856110770686465e-01,-1.647971022263881036e-01,-2.493319264929601431e+00
1.404181803071056500e-01,5.272241424229967555e-01,2.453705597355247736e+00
1.934525885637550013e+00,1.030824036401510657e+00,-1.244484278692703505e+00
-1.397867940249922780e+00,-1.094168040446100276e+00,1.799457211214802843e+00
1.860130476645731681e-02,2.372294452596287240e+00,8.926884415152299690e-01
1.727407338219187904e+00,1.267030820294187787e+00,-1.368076043179917045e+00
-1.658968804514715289e+00,-6.505696080406896398e-01,-1.822529618337517254e+00
-6.152604220551901593e-01,-7.468662905678994379e-01,-2.365789001806079650e+00
-9.040841289541944326e-01,-1.557114385560492753e+00,-1.824226411050078100e+00
-1.933899809517707569e+00,1.581350164207992792e+00,6.048022918081471522e-01
2.380086088602372918e+00,3.172437794996756932e-01,9.369106900372149438e-01
-2.240470223143587791e+00,-1.287405553990838891e+00,-5.615676009281374975e-02
-8.636868713227168204e-01,1.001486286400072451e-01,2.441617089024024523e+00
1.943733945630945037e+00,1.246808139460990672e+00,-1.192576903397002397e+00
-1.851078448221345152e+00,-5.681491480235132396e-01,-1.744468043490866593e+00
3.367561065450058178e-01,-2.491165551665435629e+00,7.147828391624899691e-01
-5.424456709891659623e-01,1.539735274393212672e+00,-2.050159705377098796e+00
7.713878696106170052e-01,1.394676120234329630e+00,-2.089540468105885562e+00
-1.115263356412018458e+00,-2.082133306994899069e+00,1.168586413728518680e+00
2.348015941085324076e-01,6.399052447188650072e-01,-2.553157647512021011e+00
-2.483845730495122528e-01,-2.375528839610439036e+00,-1.147660794754391755e+00
1.014138553424753120e+00,-2.727815795153680778e-01,2.440901214992512003e+00
-1.963367690176396119e+00,1.509057839763905173e+00,9.838401222081074593e-01
-1.650836985918191779e-01,-2.393301956388925511e+00,1.176513416024489223e+00
2.491600513169379472e+00,-7.368894506462806415e-01,6.540416572465277412e-01
1.898826248182659882e+00,4.306582300088335202e-01,1.851367024139142003e+00
-1.468686821419523003e+00,-1.957249538898305330e+00,-1.127217093662175484e+00
8.849790312329803843e-01,-3.433263058828450731e-01,2.529336406226542433e+00
5.881383440144261066e-01,2.644409867445657092e+00,1.064579136719561413e-02
-1.995416887749601464e+00,-1.840681197352575627e+00,-9.823718323432301114e-02
8.412292470609018524e-01,2.460830001901325392e+00,-8.104454665793741075e-01
-1.547845595610093161e+00,1.899049160346290677e+00,-1.207845250141852622e+00
-1.472058220145933349e+00,-2.218596159808034152e+00,-6.427411429278679922e-01
7.947914626224975576e-01,1.455712777962133719e+00,-2.189244292690760041e+00
-1.847544727762350236e+00,-1.632366107344365158e+00,-1.227637530827166090e+00
1.635621496301040034e+00,1.248736808315405789e+00,-1.841817744504608667e+00
5.307680254307214351e-01,-2.687360307733733134e+00,4.065005518339792068e-01
-2.408352513422837848e+00,1.373498744996205501e+00,1.561462910231677381e-01
-6.729834477583798158e-01,2.574590639819156479e+00,8.197619477813392619e-01
-7.546505522772504193e-01,2.538067087848487002e+00,-8.858639554932479232e-01
6.002719773340546849e-01,-2.710836468331326188e+00,3.604071863771975415e-01
-1.735179764884069220e+00,1.401032209997192357e+00,1.705328672206847029e+00
-2.779965694133362586e+00,4.272946304976459886e-01,-1.197640373838349814e-01
1.832211778558292536e+00,-1.881574215143954287e+00,-1.035024615227585931e+00
-1.977452080800134793e+00,1.965202155248107818e+00,-4.898398002365729753e-01
-1.890158460093829706e+00,-2.109348130661039100e+00,1.847464604635461471e-01
1.107450003358980917e+00,-9.015356362492156217e-01,2.461927716308602410e+00
1.262299379969570090e+00,-1.573492454803366303e-01,2.554698163537159061e+00
-2.637659790280733052e+00,1.173662096216124551e-01,1.103712018836960240e+00
-1.478416892491092760e+00,-2.260733275444014811e+00,9.681728681009068582e-01
1.760226969871278691e+00,-2.235845754374869543e+00,-4.261394908532583625e-01
8.682885353087432811e-02,-1.802468196578976833e+00,2.251178411707343674e+00
-1.249817056496301371e+00,2.698447289743384769e-01,2.595156523386335845e+00
2.697278038020232582e+00,6.099523904339519964e-01,-8.763754110841541767e-01
-2.157825911173566258e+00,-1.948931667625114716e+00,8.218240889933529914e-02
2.287883875352156426e+00,-1.675313532928324856e+00,-6.829050061691660511e-01
-2.337344129099305334e+00,3.487907412296376020e-01,-1.723076110869562694e+00
1.669586533608833578e+00,-1.857933316300191540e-01,2.403828946393181898e+00
1.019206298665415789e+00,1.062615864635098939e+00,2.545454537894690450e+00
1.979744253511754648e+00,-1.386745161997823272e-01,2.180763495399619778e+00
8.128590756845622822e-01,-2.808958363020666926e+00,4.366576380494790466e-01
-7.393463366773216361e-01,2.020603350690779898e+00,-2.039541977062783840e+00
1.972351224050801433e+00,-2.204979393357623607e+00,2.913444431422413938e-01
-2.072529871326868278e+00,-1.513693799529670425e+00,1.516033321706552250e+00
-2.106206880199694709e+00,2.062755814749387628e+00,4.921355689286704971e-01
-1.918030433269812374e+00,1.106330120869994493e+00,-2.019643592340694127e+00
7.116864164916135715e-01,-1.682911841474338810e-01,2.914736775285574399e+00
-1.392907107975845715e+00,2.411235796844987789e+00,1.151193791966631075e+00
2.914764847487977928e+00,3.322465699024244046e-01,-7.228298641882227038e-01
-2.285379012748996741e-01,3.001370246873833025e+00,-3.431422957240116145e-01
1.989267902411709921e+00,1.888596592768361004e+00,-1.305349255253240637e+00
-2.219143280107187255e-01,-2.107081207527226496e+00,2.188344549959890806e+00
2.011474553401680243e+00,-4.077077281082396309e-01,-2.261824654102282839e+00
-2.485577841262565979e+00,1.148269056196597138e+00,-1.371843379518921546e+00
-1.085092748209529834e+00,-2.106037204222658055e+00,1.953579386688952590e+00
1.176883708171174020e-01,2.727325482750971641e+00,-1.424116188385011750e+00
1.199387001736826885e+00,-2.591114059673595094e+00,-1.174344209743308332e+00
-8.838850847246696452e-01,-1.925082505243758124e+00,-2.257380904784913156e+00
7.421804316485043351e-01,9.993420417446020609e-01,2.843445458349863397e+00
-1.983296313039683900e+00,2.776184905046686358e-01,-2.382467946877810494e+00
-5.633714994030744050e-01,1.670143573819041549e+00,-2.575300475537737555e+00
3.064071192969960222e+00,-5.909316734026078821e-01,-2.317677589253676063e-01
6.025147520286571190e-01,-1.040705016353498769e+00,-2.897952362338186649e+00
-2.260705882321445426e+00,-2.184578375142971929e+00,-1.186471138232782219e-01
1.476663839394493527e+00,-2.787153952866774365e+00,4.222504009830669452e-02
-1.794555058284828197e+00,-2.602324800614411071e+00,-1.076280228125794103e-01
-2.857856531577477988e+00,2.686442733445416620e-01,-1.348487259871587574e+00
-6.649181576404800120e-01,-2.887745578452603379e+00,-1.153617574946658841e+00
1.013623293400955028e+00,-2.545829652841481439e-01,-3.012331392840610800e+00
-1.571386931447425583e+00,2.670144000570451315e+00,-7.887266201165281654e-01
2.822354363769329133e+00,-7.997707434397199888e-01,1.292516720682677756e+00
2.636105205599659218e+00,-1.774157845493317120e+00,4.841524637807529396e-01
2.856171621901068658e+00,6.305991176139578158e-01,1.353205685350748144e+00
-1.758112893958894141e+00,-2.217572139265235442e+00,-1.560022974017490238e+00
2.155366740817804327e+00,1.748640641679751084e+00,-1.671797411423045610e+00
-1.812859969369160273e+00,-8.428800015240286436e-01,2.560785717391625305e+00
-2.283455835664642386e+00,-2.183444428968495110e+00,7.934008942704222633e-01
-3.021393392787934395e+00,4.623823848964949135e-01,1.151218153965356983e+00
-2.652806638684888974e+00,-1.587310471963253589e+00,1.080784943223369376e+00
-2.072991917730208744e+00,-9.221031907628399749e-01,2.373786321835188229e+00
-1.773487935357154432e+00,-4.163824771954994786e-01,2.742531503960421890e+00
2.802479605942276297e+00,1.567634236596215258e+00,-7.659704683234971334e-01
2.541932931936357942e+00,-5.778176309771344554e-01,-2.039862047397891232e+00
-3.126287801623460982e+00,7.720430715834289970e-01,-8.032117809751546655e-01
2.598657277138190835e+00,-2.076163322537546208e+00,-1.011552877728203459e-01
-4.380542607384819709e-01,2.899002055772597508e+00,1.592709517197359537e+00
-2.153535667506505380e+00,2.097725386406092962e-01,2.551572402806146833e+00
6.304054627743866934e-01,3.253672388277933702e+00,5.178365297377318655e-01
-2.081314094016096516e-01,3.171896535905497139e+00,-1.098956766754155989e+00
-3.127910558259869855e-01,3.031739822881012625e+00,-1.443248630211831030e+00
2.248443220467555292e+00,-2.183617295500457911e-01,-2.515883366711441749e+00
-3.218506700081562588e+00,9.672876219585138102e-01,4.464448331784328650e-01
2.767427122550856655e+00,-6.800258415592962402e-01,1.853065597471206027e+00
1.151576754802314140e+00,-2.463175741863355750e+00,2.055012118404683008e+00
4.475043156448104686e-01,-1.454221250764813789e+00,-3.059938051667219217e+00
-8.115998764687136768e-01,5.542892386419053796e-01,-3.282440597270164684e+00
7.053253602215926454e-01,-3.362277629297894865e+00,-1.911950498048528915e-02
2.186506063208610851e+00,-2.643430632059940777e+00,3.113629141737629391e-01
-2.012082557263846105e+00,-2.599561337055077193e+00,1.059394104728289321e+00
-7.117594553396652257e-01,3.348490850890623705e+00,5.223595782813845734e-01
2.389066638260948228e+00,-1.874907159590150307e+00,-1.683029632327241343e+00
-2.587290111577147833e+00,2.754090747223114644e-02,-2.329086302705432487e+00
3.361845758788322591e+00,1.069040455058612588e-01,-9.329083626885015246e-01
2.942080756082058990e+00,-6.007192098988890505e-01,1.797678794276031278e+00
6.894850564977756946e-01,3.405017642061042848e-01,3.423731477104742016e+00
2.754133561663166141e+00,-2.160465989112060115e+00,-3.544566621523509431e-01
1.515551358003641713e+00,1.384532885998960960e+00,-2.868838542286340054e+00
-1.119078093488092174e+00,-1.148966062770075514e+00,3.152377359365136300e+00
1.924149180527290781e+00,-2.789706303531240383e+00,1.044669649743657835e+00
1.961821170145535698e+00,-2.362734650026586447e+00,-1.792043138472981800e+00
7.822815502729465464e-01,1.792443949874662046e+00,-2.980723639677321568e+00
-2.476668373850954841e-01,2.589532500084523292e+00,-2.451469307135362374e+00
-1.879486277572457731e-01,1.734315100102909197e-03,-3.578953468174714825e+00
-3.139681448016456766e+00,1.544341663513033813e+00,8.182256588424334787e-01
-3.105599697951960447e+00,-7.342574405353480271e-01,1.672238744966671131e+00
1.069097758972044954e+00,2.109769798549899544e+00,2.730326769084200134e+00
-2.701124882402032856e+00,5.059963992867843041e-01,2.359137253085314967e+00
-2.886673449111224254e+00,-4.284157993914082807e-01,-2.161111941092378697e+00
-3.076841533014114116e+00,4.864918871978422543e-01,1.884869273663502653e+00
2.911986841863287157e-01,-7.535495931550173498e-01,-3.560000001515433610e+00
1.645914998033788823e+00,1.531756565802454784e+00,-2.888102445721972167e+00
9.238742188275104184e-01,-3.667138289178855093e-01,-3.532561200502500665e+00
5.042819494144910042e-01,-3.644591697829043575e+00,2.387072666461403925e-02
2.489097837142286718e-01,-7.986795871832153004e-01,3.592955478405154057e+00
4.304796756148925735e-02,1.061011925611914819e+00,3.543046701844255519e+00
-2.887055365690305742e+00,-4.742285802492499647e-01,-2.278761584420572195e+00
-2.220561354412030397e+00,1.969265967184039123e+00,-2.239674973937084257e+00
1.655578449432084431e+00,1.969216241944255597e+00,2.697954142867092120e+00
2.307053407200577499e+00,-2.509412883359491087e+00,-1.533323521736485562e+00
-1.144730027047803800e+00,6.438505586493166177e-01,-3.509865719638131765e+00
-1.323302933534511450e+00,3.334176799477549302e+00,-1.118025097747267882e+00
-2.557651172343553103e+00,2.702801804184343126e+00,-5.875609952785630918e-01
3.431709383704249494e-01,3.056536148076876902e+00,2.192311094051456966e+00
3.068952673570157774e-01,1.721697184490115884e+00,-3.358989247499259534e+00
-6.315975110061293751e-01,-3.107440592852623418e+00,2.088378784736969696e+00
3.121394578371092354e+00,4.718137038271610559e-03,2.179188844588212159e+00
-1.148602989385100193e+00,-2.927780190772529600e+00,-2.162576405542742553e+00
3.171484772589306722e+00,1.969315821903426800e+00,8.412524256990089322e-01
2.429681734835501761e+00,1.916407993627556650e+00,2.268243904828984636e+00
1.590161644786865613e+00,-5.218986839890173979e-01,-3.463663312517467840e+00
-1.465807382702287720e+00,-3.435346625530683262e+00,-9.618667493833048532e-01
-4.424669863689659199e-01,-2.213966568443373362e+00,-3.139389862649776042e+00
1.844122833355762436e+00,3.278626499759798474e+00,-9.387235545552267135e-01
1.428940926250444665e+00,1.905787220242515512e-01,3.609953129309082964e+00
1.497207348561695017e+00,9.394441454659070434e-01,-3.473431218847599755e+00
-3.770247695491951934e+00,-1.022539537027439938e+00,-8.886155046637184141e-02
-3.819126953960032544e+00,-3.432472923595695780e-01,-8.027647243977550362e-01
2.417656015980118145e+00,-2.306461091864865143e+00,-2.064770283843452514e+00
3.274755839130147006e+00,-1.720531995694213112e+00,-1.350686556807177308e+00
-8.738175747979082253e-01,3.772549210450623303e+00,-7.706034112549039472e-01
1.216077946001297150e+00,-3.703933805741395968e+00,6.876353082281245754e-01
2.158636866702620338e+00,-3.326725344322102984e+00,1.602971634754472297e-01
-1.766390934512022337e+00,-2.416062384484223280e+00,-2.622424583136165666e+00
-3.989280236790897050e+00,4.073019465431810399e-02,3.294561368860610823e-02
