0.000000000000000000e+00,-0.000000000000000000e+00,-0.000000000000000000e+00
1.745823850060383362e-02,2.453549434603529214e-02,-1.192687605115835478e-02
-6.497687922105080047e-03,-2.736416900890506487e-02,3.719234371860986182e-02
4.218604655053096592e-02,-1.831087455749381282e-02,-3.518410994776097200e-02
-2.739238472165441210e-02,5.479680786322129599e-02,-2.870076322550011577e-02
6.728120481167099154e-02,1.974791622675266256e-02,-3.040856985443304850e-02
-3.113594439221160221e-02,-2.230004438621002033e-02,7.534644577542934374e-02
6.674178042925373033e-02,6.342999308554543580e-02,1.995697835290814216e-03
6.208596187910028763e-02,6.214418868751202946e-02,-4.622953802387576305e-02
-7.757780974918439265e-02,-2.385891829701403816e-02,6.834283909770488830e-02
-7.942906673576853593e-02,-7.736367830229179399e-02,2.000915460265719273e-02
7.854368284240829945e-02,-1.872836866084574836e-02,8.741587459996788545e-02
-1.180024515383331501e-02,-9.986391166237561234e-02,7.447340287940318326e-02
5.752251379985885010e-02,2.847966845705442868e-02,1.143011477024571121e-01
1.108048311382098389e-01,-7.695977848670597365e-02,-2.322507409409267989e-02
1.422217069531211131e-01,-7.226651282109182971e-03,6.660452883206804432e-03
-7.277641222355615835e-02,1.276658380700753381e-01,-1.844867709381507043e-02
3.621304595822508882e-02,3.349108246664561639e-02,-1.454019316930095229e-01
-1.134938419538868426e-01,6.294868013027417157e-03,-1.110005518747301662e-01
-1.237403847647769312e-01,8.150451700958691315e-02,-7.057561393393992077e-02
1.286794732715110801e-01,-1.051907602200485847e-01,3.214006705213347248e-02
1.386268504761929005e-02,-1.737487231447671088e-01,4.827462500846815656e-03
-1.480791093455559038e-01,5.206168406434445728e-02,-8.683545449803500849e-02
1.168654805366926008e-01,4.843113641624761934e-02,-1.340732412622714087e-01
-1.071754896483198410e-01,1.510118481638113297e-01,3.891437896305934702e-02
1.414966077542799405e-01,1.232279772533348694e-01,-4.951686563643651479e-02
-7.360737588136127829e-02,1.488056871524515712e-01,1.094349952643619700e-01
1.346777491643815217e-01,-6.219139029061220708e-02,-1.394133775466506742e-01
-4.356140094577484745e-02,2.004273553723020240e-01,3.610841466693159862e-02
6.241799750546735137e-02,1.189490248755539770e-01,1.651786858687911141e-01
9.707621429221650888e-02,1.935269191333215955e-01,-2.084337947102374647e-02
6.140329850935930672e-02,-1.836958446674066825e-01,-1.086464548958364779e-01
-7.667073558642163722e-02,2.024938316445951819e-02,-2.122814567192391755e-01
7.370577931028465812e-02,2.174948276187272378e-01,2.596453071388108921e-02
-2.286408877470983425e-01,-5.415336019441326088e-02,1.690680918590545256e-02
1.995083390550305147e-01,9.540374027160011816e-02,-9.327130047414280978e-02
1.748273147398060889e-01,1.095982309463053861e-01,-1.310115885140345215e-01
-1.636787666431433613e-02,6.301881427409110337e-02,2.401291998291981700e-01
-6.070227582047187792e-02,-1.476650243305367427e-01,-1.964637277940189108e-01
-1.038690775286846835e-01,2.385654076156712780e-02,-2.343964920848619349e-01
2.179113135715927685e-01,-7.796688445329809369e-02,1.223637344639249003e-01
2.112797815804524637e-01,-1.014993864641300925e-01,-1.259314698307093527e-01
-1.021133403559697228e-01,9.154537915369477530e-02,2.329824122596657887e-01
-3.250253654453499202e-02,-1.970877957771241529e-01,1.884211559585478590e-01
-4.435545142637385002e-02,7.745832948904267379e-02,2.641495525812554979e-01
-2.075387817322921769e-01,-8.162483081798312112e-02,-1.742770262539024839e-01
-4.443444335295761854e-02,1.770589364227522222e-01,-2.217522477311601181e-01
2.285527834017986315e-01,1.711578474801742356e-01,5.816831776843923996e-02
-2.396510966665503783e-01,-8.002860295679699310e-02,-1.533624020743200034e-01
-1.415175180739643157e-01,1.361164787430940437e-01,2.264297453677288074e-01
4.211418580474176471e-02,2.082005465049988346e-01,-2.172513612626766344e-01
-2.195504927178117682e-01,2.158719219626731023e-01,5.989373861417293492e-03
1.933511793354452113e-01,2.434121433703467785e-01,-2.739506186788312481e-02
2.713092390271851784e-01,1.235563934084834142e-01,1.052681223761385010e-01
-1.562580501139766154e-01,-2.391961124269465500e-01,1.446462783837022537e-01
-1.740813724798302153e-01,-2.694067384070962801e-01,-4.788847082682553408e-02
1.930048896468777309e-01,1.454926574013318263e-01,-2.222801635694884870e-01
1.101776942738264542e-01,4.801754807267458874e-02,-3.099333977222054060e-01
-7.834777173073141643e-02,1.165354239058085800e-01,-3.057563595635727771e-01
-2.498729636270023147e-01,-2.238390562978495313e-01,5.825843707743785099e-02
1.701134704197501402e-01,-2.983555030710561828e-01,2.710903329380628599e-02
-1.909533488760631337e-01,2.564071292124602830e-01,-1.387919263874090314e-01
-3.386294798153674512e-01,4.492560817991991806e-02,-8.712517373963116207e-02
3.510956813973688251e-02,-6.928247791177012671e-02,3.479668554594688157e-01
-6.748792193983678411e-02,2.399996903123266800e-01,-2.604237628548062289e-01
-3.361936345439872076e-01,1.257142660370218212e-01,-6.350484012506375786e-02
1.629554636514788657e-01,3.101222454608489401e-02,-3.290316028492275557e-01
1.642698304967784295e-01,2.422794174341777462e-02,-3.333891475355861833e-01
-5.418732594582201939e-02,3.474245558890498020e-01,1.343453246040131610e-01
-3.188656703519984759e-01,1.919479816016819163e-01,-7.851979502777294007e-02
2.708511212252684985e-01,1.386294083206095207e-01,-2.347964587323003449e-01
-2.975747999162257559e-02,-1.748528318258236458e-01,3.453971261653446256e-01
3.987013693166512746e-02,-3.901496067214668684e-01,-5.438003883064868905e-03
-4.529652234768159064e-02,-3.374055501051974049e-01,2.026000712830100803e-01
8.923951830258267798e-03,-3.948992193968204889e-01,6.362952272854836833e-02
-3.005977639184225780e-01,1.575022885014337390e-02,2.694938847788211911e-01
2.947158404640060417e-02,2.224989458124569108e-01,-3.406577240431806763e-01
-1.346103009928176775e-01,2.192569696990603056e-01,3.216275657807722843e-01
-3.849034826521243735e-01,-1.348450620481392581e-01,-8.091762136858829391e-02
2.355397349349561409e-01,-3.000602363001807493e-01,1.750374961023178633e-01
3.449245129127773701e-01,2.311681103170087348e-01,-8.391309708867487893e-02
2.950719852496339057e-01,2.409497577107523048e-01,1.940534367871755428e-01
4.108448153516331969e-01,1.262059575974030512e-01,3.762789788261798607e-02
-4.940036831708552456e-02,2.978112611867382298e-01,3.136717690516174772e-01
9.138095642219265513e-02,2.799780128132896007e-01,3.258786689506993905e-01
2.398627662227044710e-01,1.685252045795027354e-01,3.323280471793271795e-01
-1.602675041691047336e-03,4.241500937081212341e-01,-1.412140271816623438e-01
-3.908435468020440146e-02,-7.210552657655987241e-02,-4.434182395528057929e-01
-4.021204046133923793e-01,-1.103515532672124794e-01,1.816491514340223823e-01
-2.346860440633625755e-01,5.359342979141912267e-02,-3.904895592697383289e-01
2.282533396615395171e-01,-1.817961455353732103e-01,-3.589829893278810302e-01
-3.186454713959038232e-01,-1.890402388843960835e-01,-2.834830235062389958e-01
3.173640295853497051e-01,-3.202976533136349668e-01,-1.340454020176526095e-01
1.829242915026243199e-01,3.964160691991093777e-01,1.853269003466510578e-01
-2.030220180157175647e-01,1.267460994165142407e-01,-4.139740205687922892e-01
4.688018015157976448e-01,-1.097483788130322185e-01,2.389146955170617231e-02
1.568116447705574512e-01,-4.484834208129157562e-01,-1.021117269435809355e-01
7.943049849688189890e-02,-1.495917970756368565e-01,-4.596308530404307757e-01
-3.410553587441609857e-01,-3.541017239379686821e-01,4.543162204334911386e-02
-1.049047399146170872e-01,1.786734049131904201e-01,4.524325063315005613e-01
3.923759490550948192e-01,-3.777472250487885763e-02,3.100360625536743853e-01
8.368760823123884418e-02,1.823429821416703567e-01,-4.638639866395538602e-01
2.301563330736943191e-01,5.099871098635163497e-02,4.514358010711135294e-01
5.055873803076018635e-01,6.215291680646061606e-02,6.213571453665735905e-02
-3.771885338824090828e-01,1.998384899844044549e-01,2.917908745994567399e-01
-2.450013215222542062e-01,-4.558118996580488580e-01,-5.996134195347774254e-02
1.428490951676786302e-01,-4.705390806586809416e-01,1.834136811314845961e-01
-3.555459115105751855e-01,6.369407022981039834e-02,-3.861123337644468134e-01
-4.017509113695546530e-01,-3.481102003262835920e-01,-3.314216060591870794e-02
9.383651964817202318e-02,5.771672393328352441e-02,-5.250791540182020434e-01
-2.086608266458188643e-01,-1.211808491958620143e-01,4.835428801806685439e-01
2.128766792999029767e-01,-4.559400004903430559e-01,-2.075209583166425786e-01
3.540154117536020717e-01,-4.072125831960918263e-01,9.680047036709585329e-02
4.099260257165372456e-01,3.367106711509841310e-01,1.529523355059199119e-01
1.929383642333988014e-01,-3.187009008230114876e-02,5.204684956945926366e-01
7.943349077696515437e-02,-5.523496463080462826e-01,-4.562063774716528658e-02
-4.189678696223829713e-01,3.752502298457364716e-01,3.897707802513174224e-02
1.080747381043791200e-01,-1.712286969640945955e-01,-5.303621370278815972e-01
-2.550213699777236775e-01,4.515085488912535250e-01,-2.404942519196217876e-01
2.560188632130420694e-01,7.708441639846620730e-02,5.096354764327865050e-01
-2.464466180443261878e-01,-5.056920186541262810e-03,5.243757536073374581e-01
1.283066199820518116e-01,-5.279400277594951119e-01,-2.123595836762213196e-01
-3.445706582382945249e-01,3.838642289607100411e-01,-2.806789688393710458e-01
-2.908564540364426687e-01,-4.977664755937962759e-01,-1.307944112893234534e-01
-3.429959882625713830e-01,-3.307239830660193419e-02,4.851641108094981170e-01
-1.325000328693549667e-01,-3.130747442257397067e-02,5.833262141748404295e-01
-1.438649817954972265e-01,-5.252032364898864270e-01,-2.588157956086933331e-01
-1.219135782221643233e-01,4.951869102781054077e-01,3.289335654906244133e-01
3.227761961262201051e-01,-6.480829144913914652e-02,5.144596577300452056e-01
3.152506772585215722e-01,4.280909887404319991e-01,3.085864010652863421e-01
-4.124297293866548419e-01,-1.562905641177222416e-01,-4.338165302015545288e-01
-5.765563729566364204e-01,-2.289514984878240345e-01,-5.264494987596847475e-02
8.587885158007260711e-02,1.097135330906008760e-01,6.108318428505327136e-01
6.128731611368862797e-01,-1.437588987653745931e-01,-3.467789496351460221e-02
2.004876245426420386e-02,-4.282570414978783546e-01,-4.676177589084573594e-01
-1.375216477047470909e-01,-6.226042821378919845e-01,3.080271071250027456e-02
-1.311154290052483629e-01,8.760012339535724890e-02,6.226490698360811482e-01
-9.023593296268936359e-02,-5.875297433037157679e-01,2.536104066562014370e-01
1.715078060446360020e-01,-1.021590794938737057e-01,-6.188142108528220664e-01
4.245580463386949138e-02,2.432340622387049733e-01,6.057913525586169357e-01
4.511293559790051644e-01,3.150338885611006501e-01,3.610902527843224408e-01
2.085158550233443334e-02,5.650389856635547325e-02,6.593636001986589168e-01
6.351083391418270718e-01,1.183795932904902759e-01,1.621269493920284577e-01
-4.446156716230946215e-01,-3.380587434858074447e-01,3.701411734367932027e-01
-3.165565517570671505e-01,2.440333364066659405e-01,-5.427311773411397366e-01
-4.242208750553569940e-01,1.663426723193173196e-01,5.020626034215189826e-01
1.001271055032334212e-01,-3.109025632765552993e-01,5.986931950868024099e-01
3.850489768416462955e-01,-5.666940026839587530e-01,-3.421506488168166854e-02
5.641503461062977731e-01,3.039062281368288820e-01,-2.558201097022486659e-01
-4.295181610706669262e-01,-7.835615931760567254e-02,-5.394193004707600325e-01
-3.506815724002911722e-02,-2.723751775519990259e-01,6.416760668131454848e-01
-3.111751465587625498e-01,-3.875071755372373472e-01,-4.957613522099058589e-01
-4.091290401131770227e-01,5.741841533911329343e-01,3.660067689021264531e-02
6.932766042623990099e-01,-6.946775946464570084e-02,1.365126235922726472e-01
3.447603745361133565e-01,-5.286672602120525699e-01,3.338612830300996537e-01
4.734921736690009264e-01,-3.578536293514134603e-01,-4.041217807111154303e-01
6.549842532197025502e-02,-7.597332317090083054e-02,7.150531981034859985e-01
-3.867942590983319273e-01,-4.568434967221846610e-01,-4.109504977202317333e-01
-8.421700006625316981e-02,4.106982367088089503e-01,-5.977475809297062570e-01
-6.091065458916645747e-01,2.638504819667112922e-01,3.136084270773968341e-01
-1.252712252303460339e-01,-6.681396601097739918e-01,-2.877915020677358493e-01
4.847527687131713559e-01,-3.782945735189516268e-01,-4.157208628585853938e-01
-1.409726498105024796e-02,5.297877163673482270e-01,5.254234662464728478e-01
2.047594722638770293e-01,-3.950283920259855391e-02,-7.207800061342249931e-01
-5.151162251297111139e-01,3.597626282931188357e-01,-4.175447708054347284e-01
-1.995980667717197343e-01,-7.129645542801581470e-01,-1.646397140884473531e-01
5.106155776590070028e-01,-1.013510268253532132e-01,5.571806862016448481e-01
-4.255325461404654841e-01,-6.076981375495819210e-02,6.347490652815466206e-01
4.169242397249414006e-02,4.082944778011166759e-02,7.684653455210611606e-01
-6.233430109860438328e-01,-1.119475354599030470e-01,-4.462768403735745681e-01
6.813175838950394914e-01,1.193471487792678032e-01,-3.579979696107208897e-01
4.220282989109916949e-01,6.593275531285321955e-01,1.297073810924627944e-02
-2.291799370063704877e-01,3.233375651159048347e-01,6.799620285128684660e-01
6.471065503088196946e-01,1.732236437043919997e-01,-4.208763618040944898e-01
-6.735460046422105940e-01,4.201563348707855194e-01,4.698189161162359684e-02
-6.779873761950963029e-01,-4.072408868276214400e-01,-1.159527771772903837e-01
-5.611191243713108401e-01,5.715051511722186728e-01,6.387657204334323824e-02
2.736001435657427483e-01,7.115524072467606098e-01,-2.665090103513083064e-01
-4.942841204153315404e-01,1.292096814300365548e-01,6.307606516382253670e-01
7.726645344940684390e-02,5.810553230347387244e-01,5.674485517916421085e-01
-3.654694558923521908e-01,1.353297808143073544e-01,-7.214402191136628506e-01
1.952099926260291163e-01,6.349922731386925534e-01,4.876919342654132961e-01
6.656058917426248556e-01,-1.401243135981541099e-01,-4.725990675567295907e-01
-2.709128342108129209e-02,-1.275767200168573257e-01,-8.221311065217424829e-01
-3.098179481086439369e-01,-2.148968919407058531e-01,7.467785015639771817e-01
7.228009417514362767e-01,2.327205839305370172e-01,-3.608683694250319207e-01
6.870425432207026839e-01,2.248807501538452325e-01,4.373224839164739364e-01
-2.959881234508690007e-01,-2.646211607009111844e-01,7.505224604050539927e-01
-3.253086603316059366e-01,1.919105675382172527e-01,-7.650970133677394980e-01
1.661833068054429097e-01,8.188779566958184208e-01,1.923709275114106887e-01
3.297533066404543800e-01,-7.634561102236587793e-01,-2.253491500530646063e-01
-4.512002857437719811e-02,-7.846945233483370030e-01,-3.631089907798256133e-01
-5.380202646319607318e-01,7.271686018812232449e-03,6.836668017624438765e-01
-3.807190751163777587e-02,1.807760536031140508e-01,8.544729618103518165e-01
2.785136414070059074e-01,5.229700390470144455e-01,6.485103596521973879e-01
5.031043774879880859e-01,7.127987161572313379e-01,1.336497701993532572e-01
-7.654262323926409595e-01,-4.373329522246113821e-01,-9.690991758372882736e-02
-3.768003374423434804e-01,-8.073875148672848834e-01,1.386828579525947909e-02
2.547147199629973824e-01,-2.253015164845456053e-01,8.282315573714537082e-01
8.356280611992488172e-01,-1.926904063079223628e-01,2.716848710615987761e-01
-5.747871812801276237e-01,-3.527659567588047329e-01,6.017037764592685356e-01
-8.858213593783830220e-01,6.294714009766327889e-02,1.895557343528045391e-01
9.424375133451676212e-02,-7.758135948923109426e-01,-4.706941984742042950e-01
-5.400900561879349304e-01,-5.927007303083308143e-01,-4.439883820607788412e-01
7.340667146371183671e-01,-1.440474376749239227e-01,-5.369880664936297343e-01
7.075972139433965857e-01,-2.143092753972577758e-01,-5.560823836506191276e-01
2.935684720315596130e-01,-2.986642409069327209e-01,-8.297016770565875943e-01
-4.322702814340086963e-01,1.791107706882996697e-01,-8.079820440342108112e-01
1.957828424235584230e-01,3.996055676041483928e-01,8.257065916802716066e-01
1.582035132121101251e-01,-3.307989187510935181e-01,-8.680049318220756094e-01
-5.271983051529763875e-01,-6.785972920056635438e-01,-3.969721871240739497e-01
8.180008323345779875e-01,4.632492604069270437e-01,-1.430843567341364697e-01
-8.796034010012478144e-02,2.335936657042627165e-02,-9.508647237352203518e-01
-4.283987641772934452e-01,1.141412573236676303e-01,-8.509699406257060783e-01
8.399071266782490719e-01,4.504397701986008196e-01,-1.438405754723101337e-01
-2.844737231929170829e-01,8.169964653307436597e-01,-4.347385805288099259e-01
-2.799696404619225198e-01,-3.759395119165328536e-01,-8.521258731716613299e-01
2.561992215610355283e-01,1.231804874996475646e-01,-9.346103008413803037e-01
-4.144241648845023995e-01,4.656969194785646748e-01,-7.577684164948855772e-01
2.143374724038976664e-01,7.057510259727295399e-02,9.594212460253319641e-01
-1.105564580083399917e-01,9.203987590352402659e-01,-3.473918991212987528e-01
2.889284753899485358e-01,4.513632280091471327e-01,-8.375603966267628486e-01
-1.397469632839442866e-01,-9.517237809135775661e-01,2.685846311515468487e-01
-5.674143561212486864e-01,-6.638890683463356535e-01,4.934753280471943504e-01
1.090512315160541978e-01,-9.341532058792947346e-01,3.612802349950669512e-01
9.756454146816405659e-01,-2.454342739061883272e-01,-1.087188066151415500e-01
-4.263810517795095512e-02,3.707522952222830903e-01,9.453054739693383945e-01
5.734036839246118289e-01,-6.979368851497909088e-01,-4.753506755214701451e-01
8.635845261544419227e-01,-5.487642050884262712e-01,-6.313700889344929512e-02
6.025881368288724671e-01,-2.375591779477806420e-01,-8.002832547942737573e-01
5.373163471811606140e-01,1.981866447268867404e-01,-8.609063306689543893e-01
-6.065911446166459831e-01,4.762820071487122719e-01,-6.953766853080802779e-01
-4.445753415055442304e-01,8.695329858594883499e-01,-3.658746581892863281e-01
8.789219244120640706e-01,4.900023124184763601e-01,-2.903442252267514068e-01
-9.512585100374814084e-01,2.502920763997940057e-01,-3.724613749226479698e-01
-6.209960761397379514e-01,8.539553341867783809e-01,-2.837631312945178980e-02
-5.661577496143924693e-01,-8.756429718639223703e-01,1.945891024751590925e-01
-6.265324254539166304e-01,7.058210589883070485e-01,-4.939104905276909263e-01
-1.722197470829921195e-01,-2.107017301890207195e-01,-1.034503506206447820e+00
-1.173241231767294390e-01,1.014427605636326390e+00,3.332531914395415740e-01
-2.194906535149840909e-01,-5.411352282570306427e-01,9.069572793663569499e-01
1.985527647603950452e-01,4.502068550709018013e-01,-9.649923021338567830e-01
6.880683892920484990e-01,-1.727526739063576719e-02,8.422490190065687887e-01
3.184907835880308458e-01,1.001292174647192113e+00,2.982516202168777331e-01
1.013465440697084885e+00,3.689437393988370673e-01,-1.991420173446848962e-01
-8.106090679713799929e-01,6.678291265643042651e-01,3.313243019639892095e-01
-5.137907173291758056e-01,1.768125460371289814e-01,9.631413252228677724e-01
3.045427616088219880e-01,-6.943250852169605691e-01,-8.112548546867203170e-01
-7.965222962206688351e-01,-6.174654220443802632e-01,4.768619643893405868e-01
8.018762598312648704e-01,7.048045785802492524e-02,-7.780319967580705542e-01
-8.653674817116356888e-01,-6.195447123142604484e-01,-3.617544641101645420e-01
5.208034225400638428e-01,-7.429215590859762353e-01,6.713480937095654966e-01
-9.652640181902546468e-01,-2.576967560004924107e-01,5.348898026850402720e-01
6.044590215669798372e-01,-9.528169475626450113e-01,-1.464565925402995517e-01
-3.577198080179028739e-01,-8.058172421924029161e-01,7.265434482593765564e-01
1.109989867781229655e+00,2.724899371877090304e-01,-9.690722766808075594e-02
-2.786939900656575930e-01,4.966774110941528653e-01,-1.000983957988682782e+00
8.511704346978882230e-01,6.309654100949558808e-01,-4.630197084421230347e-01
-1.145822128487303138e+00,-1.344310431051632115e-01,-1.293970246587564932e-01
-1.033583516003392599e+00,-5.259374657434905398e-01,1.166475411387308397e-01
7.857540651509389296e-01,7.742510546623508905e-01,-3.904947427609948285e-01
-1.097155115166190020e+00,4.197003064515579251e-01,-1.928304990073357802e-02
1.041879901019737709e+00,-2.279447318582535631e-01,-5.037531218436271940e-01
1.852442484227348751e-01,-1.159244898279653935e+00,-1.552643348885881236e-01
5.547701229202406381e-01,-6.025465247259339518e-01,8.617029211179841885e-01
-8.884050363754062429e-01,-4.042325867216023383e-01,-6.869143763934526525e-01
-1.856771616803427616e-01,2.525519342785099153e-01,-1.156493467166686884e+00
1.688926984435778766e-01,-1.026826526250363303e+00,6.034212998782438886e-01
-5.117753956007793370e-01,-1.093820050372184882e+00,2.416905386159595302e-04
1.007839545036979922e+00,-2.529636368583297323e-01,6.245236836158780669e-01
-9.409625929005978051e-01,3.655579425398577387e-01,-6.798422499368870220e-01
-7.079424764890368538e-01,4.378508399856074762e-01,-8.943511212450276915e-01
8.792905782792733715e-01,9.673779780000729689e-02,-8.496143598221269633e-01
1.063781099841071498e+00,4.593326466488835691e-01,4.164094229832825955e-01
-8.803006020701032996e-01,-6.364475094349225648e-01,5.896965618659620878e-01
1.187670959666365711e+00,7.844635466841146099e-02,3.504399094981169860e-01
7.929935084572091730e-01,1.879037891193857945e-01,9.419289873328690055e-01
1.115012313143222356e+00,1.035437229571801870e-01,5.561659831216099192e-01
7.088380898198625157e-01,3.551050534892356558e-01,9.729986318416454782e-01
8.144411511069746257e-02,-3.062796357871904740e-01,-1.219379235946650875e+00
6.941826420957664112e-01,1.039285795698308146e+00,-1.934845294644768343e-01
3.897004087827373175e-01,1.168778537904956893e+00,-3.061242408099908996e-01
8.028187408179628948e-01,-1.811188819866110800e-01,-9.729066117261242486e-01
-8.887914839747239615e-01,-1.843342630236626811e-01,9.012514710659463857e-01
-5.924193770821764016e-01,4.604523808679201746e-01,1.041915569896952221e+00
1.238682088912189914e-02,4.630621569374183677e-01,-1.202677907988127348e+00
-6.936796841397815383e-01,-1.091548974462626109e+00,2.932908328285783670e-02
8.016771642373621276e-01,-1.021235728388850017e+00,-2.251513595554032257e-02
-9.063164197115233800e-02,4.329881503588313696e-01,1.225999951756967521e+00
2.651634524022171147e-01,-3.055249607552226743e-01,-1.244119483327717601e+00
-2.105023632861556526e-01,-1.253547502891233956e+00,3.295277398597709073e-01
4.615739255095859805e-01,9.017648316174007306e-01,8.431552235523948058e-01
1.700609624727599245e-01,4.487978641352731723e-01,1.232773391941664132e+00
-4.746110302043830831e-02,9.325116756645133176e-01,9.440546685400879046e-01
-9.401390697213736214e-01,-3.221446209652636256e-02,9.440550952583686151e-01
-1.001514222349440431e+00,-3.831130339894922576e-01,7.996704705213411035e-01
-3.955850530683584498e-01,9.493459262306404023e-01,-8.629859087720693767e-01
9.208074595535096218e-01,-1.900373912192791226e-01,9.652829129149845810e-01
-7.563911988977654044e-01,5.847419500467359033e-01,9.565950452202292009e-01
1.005636671905717705e+00,7.658320291992775086e-01,-4.947180564027046090e-01
-8.557229696395693974e-01,1.059931051715208739e+00,-1.819477508276890962e-02
-4.764092789708518905e-01,-1.931510659197691049e-01,1.267021233151050197e+00
-1.373782507260573327e-01,-1.354811614122255259e+00,1.699133850041509575e-01
9.759549084368364102e-01,4.875843540930563380e-01,-8.406820157637248103e-01
-3.741290306229803908e-02,1.340861592968612293e+00,3.338433456983561087e-01
-3.210015096607002349e-01,1.345362319091601089e+00,-1.076149203366533330e-01
-6.304739247261680335e-01,4.370554688299689849e-01,1.161913760967917986e+00
2.004074625904563867e-01,1.363209869884417724e+00,-2.325169485861187102e-01
-1.059959909715751936e+00,4.395999252172623772e-01,8.061574935032593814e-01
9.914198327477817818e-01,-9.938103361469711183e-01,-1.011940162774661034e-01
-5.948716845587063151e-01,-8.255117887949463551e-01,-9.796454422339428980e-01
1.227421721004745336e+00,5.880808682618118288e-01,-3.961746286976171594e-01
1.367690116620525975e+00,1.916131453648814986e-01,3.412504513723392252e-01
6.157740524329103904e-01,-1.134206121173072512e+00,6.104137479897727703e-01
1.095664511006946062e+00,-2.945729558956706184e-01,8.749235396328879366e-01
-6.176869282453097965e-01,1.097850815821656001e+00,-6.932153246892562848e-01
-1.172864767447890033e+00,-1.253238425508280407e-01,8.311054947795539771e-01
2.320744344538456794e-01,-9.019634267874938605e-01,-1.108795882448770698e+00
-1.145555851164729688e+00,-8.894688414824688527e-01,9.066677071205617167e-02
-4.553012438347648905e-01,-1.161381710410064327e+00,7.553103073887881269e-01
-1.000018310902590191e+00,8.331715876313429137e-01,-6.688754050072365231e-01
-1.451331805958359311e+00,-1.144698385049919137e-01,1.929322956021644331e-01
-1.329802952977516828e+00,6.065356598795057508e-01,-1.886597716038004857e-01
-7.647626896234019922e-01,-5.193924287252414951e-01,1.154325238623287175e+00
-1.302191699002662961e+00,7.014409228533218243e-01,1.212349921249109980e-01
1.029456749716924469e+00,-5.210139159102870066e-01,-9.415877162778132359e-01
5.162106238981184481e-01,-1.357738819723868229e+00,-3.512553313502529417e-01
1.473166269190031130e+00,6.312289160117123821e-02,2.732588179178759846e-01
1.042541654272430618e+00,5.263481264280315264e-01,-9.489915632750204333e-01
9.819162219913548650e-01,1.637651997701412843e-01,1.135460420966080575e+00
-5.407045461234681882e-01,-1.286106933088260407e+00,-5.912926141658807477e-01
-1.174336017840781787e+00,9.509097073815193646e-01,1.692868316281005980e-01
-1.468129098196376603e+00,-4.113845985008673933e-01,5.733968744972090664e-02
2.707697807637864801e-03,1.232744275066414152e+00,-9.079214499407612937e-01
2.603416080449048042e-01,-4.244492299133159063e-01,-1.453339166371529600e+00
1.122163638969128963e+00,7.757974296987401042e-01,7.178043902697959222e-01
-3.692539015292354287e-01,-7.969750048920403174e-01,1.273243527801458219e+00
7.373389253979483193e-01,-1.361748817012750301e+00,-1.050401723522210451e-01
-7.869991988800869587e-01,1.168691702273746857e+00,6.635768379822005736e-01
9.277562611251779501e-01,-8.489924136846309644e-01,-9.276788822087552733e-01
6.767089520864042473e-01,-6.244073178273887859e-01,1.269228031517581679e+00
1.354720216156797719e+00,7.406942622307565172e-01,-3.026581452848843834e-01
1.460229393639000506e+00,5.112802623989789463e-01,-3.140754894549470655e-01
1.457798657505161577e+00,-5.124038591054814740e-01,-3.485642269737017074e-01
1.137517148038270198e+00,3.457621322734968361e-01,1.054861625113697299e+00
1.542901056716804997e-01,8.524065999587903120e-01,1.338997026501331788e+00
1.003379070952521657e+00,-2.699285274946773838e-01,1.216905189827490963e+00
-7.762139123809416175e-01,2.267714887468344209e-01,1.387017655281615580e+00
1.297840357543737166e+00,-9.537107022827051583e-01,-3.388960038784392254e-02
-1.022850570838965911e+00,-8.242898835004489611e-01,9.417351727916634108e-01
7.603918662456915500e-01,8.764730482779118370e-01,-1.132992066025709121e+00
5.136206013184300145e-01,1.276599985049858610e+00,-8.684340402907289036e-01
1.126330654328223213e+00,-6.552021202735287819e-02,1.180037083099855444e+00
9.509722316098789818e-01,-1.311695085901733560e+00,-2.414736460699675735e-01
-4.168010276755933496e-01,-7.632740562032273857e-02,-1.587937149649026436e+00
-6.030289051337225370e-01,1.060689390053922265e+00,1.109220752371202545e+00
-4.144272148141988632e-01,-7.109307809808843581e-01,1.435262724690774094e+00
1.349396108386099691e+00,-9.607913806328363115e-01,-1.064378068470809013e-01
-1.636033648742432955e+00,2.775773285564740456e-01,-1.411514401351722792e-01
7.843774172269386558e-01,-3.757514475879745741e-01,1.426707777676642142e+00
-1.386526355384653852e+00,5.926745952359928626e-01,-7.325710382565632228e-01
-8.029840313060203627e-01,-1.026719272458762378e+00,1.063006867020829915e+00
-1.476338131165901180e+00,2.716595037958353109e-01,7.708314706579622033e-01
-1.618166234589665908e+00,-1.258436321322154994e-01,4.816485924796617968e-01
7.769825132543138890e-01,-1.502903994620901296e+00,1.506202984971370673e-01
1.124203566812863153e+00,9.785502546025719450e-01,-8.262171481578474141e-01
-5.877159369234187247e-01,9.925697392650303374e-01,1.261919415219046936e+00
3.040707154537881651e-01,1.686878993396526472e+00,6.432920505120499899e-02
1.365135103803188033e+00,-9.554092927918516054e-01,4.300775271482909501e-01
-1.360717330022659155e+00,-7.187227530922997154e-01,-7.826621747254418615e-01
-6.838623086405837270e-01,1.500744345319656059e+00,-5.293176728806642251e-01
-1.545333150264650346e+00,-3.447477656749965008e-02,7.939381396393606627e-01
5.713680710869386559e-01,-1.353571104459704744e+00,9.383845064622233778e-01
9.538103443261997105e-02,-7.840790613559232014e-01,1.560449918792898849e+00
-1.547257578300567760e+00,8.224621785697249221e-01,-9.072227755187607656e-02
-1.270946214941757857e+00,-5.095157267945353841e-01,-1.106195691359978861e+00
-1.385579005766026661e+00,-7.874366548408445743e-02,1.092038828753350677e+00
-7.073502828315997304e-01,-1.622807621340132789e+00,6.949294809667311279e-02
1.574747336830684130e+00,1.201643372743829430e-01,-8.152364155499436382e-01
9.390518319398210023e-01,-1.954538139026965327e-01,1.503050502533688881e+00
-1.692384267114991792e+00,-4.668898204547108355e-01,3.426878691614396177e-01
9.525205402890184470e-01,-4.997208285580056475e-01,-1.436341158867280754e+00
-1.615249587115911822e+00,7.291215181496017994e-01,-3.163103609188980259e-01
1.008880512325341483e+00,5.196532775366543566e-01,1.404825599983312356e+00
-1.087114838587277310e+00,-1.435324546926470157e+00,-2.006379716705970206e-01
2.055011003363821712e-02,-3.869889729829161795e-01,1.775660061975687931e+00
-8.099737587909943137e-01,-1.609255065778899318e+00,-2.800308756648596797e-01
1.543400091179556011e+00,-9.666223955181560967e-01,-1.698947842793616381e-01
-8.896423989254299558e-01,5.260475340039633824e-02,1.603842848733852966e+00
9.380607973332967253e-01,7.105858017238361191e-01,-1.415271805182249043e+00
-1.172955666598605617e+00,8.776667265680355712e-01,-1.123925646854303295e+00
1.696820765588771929e+00,-2.547171140372541109e-01,-6.977150751210504653e-01
-1.143435955796696213e+00,1.329676542794797856e+00,-6.140560318893617531e-01
-4.385513361109490416e-01,1.041072149384078660e+00,1.482620006490073417e+00
-2.159631540419809370e-01,1.828646961879504040e+00,-3.249759036821795455e-01
-1.676234244354380287e+00,3.182760233473516109e-01,7.791826267880834767e-01
8.037773729807318190e-01,1.392878711915443324e+00,9.767874799091019744e-01
1.605604202902032762e+00,3.273634158174817954e-01,-9.366736323896829308e-01
-6.309905916002007675e-01,-1.742067609081410007e+00,3.896881280356407906e-01
4.047155668671120199e-01,1.851878298450081228e+00,1.182564659304074922e-01
-7.664197861429026259e-01,1.742207439876555908e+00,-8.416987110610128775e-02
1.267329179256822425e+00,-3.735357280186878959e-01,1.380857749364823084e+00
-1.134491225458004848e+00,2.106580941917856331e-01,-1.530926157967002821e+00
-7.699465963149086933e-01,1.755674471065722386e+00,-1.511481968853544966e-01
-1.495258311964814624e+00,9.191751754497710092e-01,-8.002270377339110174e-01
7.357951364764667712e-01,1.757894230866544616e+00,-3.354966376866311828e-01
-2.623690983555501122e-01,1.867485671818168935e+00,4.593682665948477517e-01
-1.793823995543826877e+00,-5.733464284893780710e-02,-7.547165516767515570e-01
1.204701165941191476e+00,-9.663419997881959045e-01,1.195412679150477553e+00
-1.545069416480944424e+00,5.813963783023375909e-01,-1.054718844711520109e+00
2.182807847591480832e-01,-1.952819509406831466e+00,1.477824514923070480e-02
-1.205779840279690651e+00,9.301020625246508855e-01,-1.251465695827303160e+00
1.131605894340568907e+00,9.355783809894387959e-01,1.324096581483395152e+00
-8.933036186020377745e-01,-1.017538772379272372e+00,-1.449041354609823973e+00
-3.063308511278157176e-01,-7.070462339306053945e-01,-1.833981780085492508e+00
-1.265857024684803545e+00,-1.515175375205001451e+00,2.887126429622954848e-01
9.158663718763883077e-01,-6.567987431230198903e-01,-1.653992713979835383e+00
1.327131616145637905e+00,8.837585273884539516e-01,1.219869680036852699e+00
7.884507028414299290e-01,5.181227318975124563e-01,-1.779018170353870998e+00
1.902441000156030571e+00,2.942539103818403445e-01,6.114626540311566272e-01
-1.321055399326057422e+00,-6.879991382246329890e-01,1.373348809754400657e+00
-1.199603349167456035e+00,1.384827661946211874e+00,-8.790940243289557809e-01
-1.143401435495539298e+00,-4.746075598300564941e-02,-1.686739430294723396e+00
3.699142542760753827e-01,-1.233395065882475050e+00,1.588029934782131836e+00
-7.546482757373867978e-01,1.863715967679509644e+00,4.029400551112010676e-01
-1.059432526542058994e+00,4.446310780235204069e-02,-1.762496595424700940e+00
1.758037236240812318e+00,-9.940556274843199702e-01,-4.213404443529959464e-01
-7.704378518361808537e-01,1.353267674182679459e+00,1.362786459973378994e+00
2.044969359728709968e+00,-9.506891438828359020e-02,-3.420640967213171568e-01
-1.089974099085041948e+00,6.675862188137838826e-01,-1.643230767425057692e+00
5.225286115445089141e-01,1.715159238312992107e+00,1.070148525253636462e+00
-1.908534422513685103e+00,-7.166605671494189478e-01,4.797385645144381927e-01
-1.113883207873898717e+00,-3.046857485992583436e-01,1.754720263841275774e+00
4.949433344612611668e-02,6.071868861327320843e-01,-2.016921441225845157e+00
3.983713514159730185e-01,-1.651254181320479075e+00,-1.257128244660150607e+00
-1.853424023094859763e+00,-9.679642205909607666e-01,3.468704267083369541e-01
-2.041778579179310160e+00,2.313633941857223472e-02,-5.915504358252763328e-01
1.489734349434588268e+00,1.470317232687262221e+00,4.064338897481365454e-01
-1.689811031005749031e+00,1.160129918999166732e+00,6.100003508423417209e-01
-4.508048578867463463e-01,1.511189655082284755e+00,-1.453894343768221686e+00
7.646818717572549939e-01,1.892148849082152307e+00,-6.805578369297032859e-01
1.847902403071871369e+00,1.109364608344518777e+00,1.010967416132071972e-01
-7.902371861388560736e-01,-5.545355747757231279e-01,-1.936835365767308081e+00
-4.644767467512076475e-01,1.741266738446229700e+00,1.209695367267664246e+00
2.264394943285866768e-01,-2.057823433976356142e+00,-6.731485912588540677e-01
-1.264331671550328329e+00,-5.967738547257737114e-01,1.677030717323763742e+00
1.876290750633666349e+00,-5.965683790875165871e-01,-9.586159756743780624e-01
1.745683524546072451e+00,-1.173963845328582112e+00,6.309032802997387446e-01
2.041953376935709219e+00,1.755819501233476521e-01,8.072858731530687670e-01
-1.956772886106636078e-01,-7.154474089417786065e-01,-2.081001584106685343e+00
5.560321766422297030e-01,-5.341766916692616274e-01,2.077246343905066794e+00
8.661248623457250551e-01,2.025784524654669738e+00,2.904799059254469795e-01
3.862146798402269487e-01,-1.461470278866615624e+00,-1.637779083378838596e+00
1.255600176432322357e+00,1.535389132398644385e+00,1.030819555910449159e+00
-1.608587128806543864e+00,1.343258496143670877e+00,-7.962082957314751130e-01
-1.383602834057250375e+00,-1.301213001806918346e+00,1.203235272908023124e+00
-1.673378017243361437e+00,6.205132118710001699e-01,1.378274772365289502e+00
3.413635249151568667e-03,1.773437321937511246e+00,-1.403391231985257726e+00
-1.066245820639732944e+00,-5.914395250418310601e-01,1.912534080188452057e+00
1.960037756317174251e+00,8.540205169785157757e-01,7.767756020581331189e-01
-7.360385151366728440e-01,2.159164829172310451e+00,-2.982347232469497941e-02
-4.266676846715559135e-01,9.281877932994121450e-01,2.047280321929740854e+00
7.479908438281475114e-01,1.746387878972506247e+00,1.286863713567582224e+00
2.127783454572761190e+00,8.302665026094800949e-01,-2.813613682864144483e-01
1.473607329403586519e+00,8.398104507082593262e-01,-1.565217233202602420e+00
-1.465088962553667162e+00,7.855244470412139357e-01,-1.610606569457899928e+00
2.038035946513847563e+00,-1.034523108861753471e+00,-4.059424497141417287e-01
6.949991495901003402e-01,9.021241674198091642e-01,-2.030503376215519129e+00
1.464482947984328209e+00,1.152606345985022429e+00,-1.406382094450925102e+00
-1.274053486117473710e+00,1.036085836589631493e+00,-1.669105099126806380e+00
2.185566083995592379e+00,-8.292828898721971154e-01,2.231911169893922020e-01
-6.697705799803728155e-01,-1.977173670794964089e+00,-1.090041796822695863e+00
-1.168835364792285114e+00,1.897863712839680916e+00,7.809377530524256317e-01
2.211368037628771155e-01,2.178625839540489828e+00,-9.026036517820328342e-01
1.428019569557700041e+00,1.082766357668285773e+00,-1.559042569287582003e+00
-5.877744881753206307e-01,-2.302088422255045508e+00,-1.718456243203313749e-01
-9.494149989026263725e-01,-1.742032045414995789e+00,1.330824682980485951e+00
1.096599139489050856e+00,-1.783005166685478704e+00,-1.165424396372638061e+00
1.874552066991579169e+00,-2.331812562052684723e-01,-1.484715281462612779e+00
-1.712332351101302663e+00,1.005912765846491252e+00,-1.364462824191662316e+00
3.369249068075305109e-01,-2.130586695017504528e+00,1.089009911854462498e+00
-2.181116001405986271e+00,-1.898965364895270277e-02,-1.055722162884543680e+00
7.439213658681986807e-01,2.288267391280871532e+00,-3.406819033261518914e-01
-2.300641618501659380e+00,6.887671953044153250e-01,-4.146455517531148494e-01
1.375154232591083936e+00,2.010074097459375597e+00,-2.040274951251520308e-01
1.355535179576263516e-01,2.008566863286151527e+00,-1.397966217590411730e+00
-4.289703731918056984e-01,2.190186419822519159e+00,-1.029662198235931747e+00
-2.145574204193636536e+00,9.702343971699903258e-02,1.209341316415859513e+00
-2.343766269767856514e+00,5.210635510971569628e-01,-5.874479089632880235e-01
-7.667365717683410908e-01,3.556275618126347182e-01,-2.330253853657763496e+00
1.604640080308150196e+00,1.369726650077845775e+00,1.314601655933412161e+00
2.110856768136951889e+00,5.161173139933922238e-01,-1.221486076719858094e+00
1.701686073924823184e+00,1.278009338375427628e+00,-1.311550965417368042e+00
-1.971970184102428858e+00,-6.350918265434480903e-01,1.411543167711756253e+00
-1.202917577178109321e+00,1.586292317084401660e+00,-1.535104835053871630e+00
-2.493475960266370528e+00,3.772830661680454112e-02,-3.696219219078838991e-01
-2.085098709025341890e+00,-9.422374496488200579e-01,-1.075067755782671997e+00
1.218410196246762167e+00,-2.071655112877538674e+00,-8.067595374038480927e-01
-1.206463913875918337e+00,-6.865312373531451406e-01,2.129870463525463276e+00
-1.434752749236090086e+00,1.439896778380148623e+00,1.538723164090194384e+00
-2.347848106392655954e+00,-8.745112391544060948e-01,5.086799602375119411e-01
1.593490461318939566e+00,-1.754324969632293119e+00,9.775723089639617447e-01
-1.310193172206685297e+00,2.210008406264369007e+00,-9.243086287610527418e-02
-1.343856808185325713e+00,-2.190443613773623177e+00,2.055137960253408391e-01
1.831394365300477389e+00,-1.781634448179826746e+00,-3.938529710805043771e-01
-2.409083709013870589e-01,-1.902452821415480777e+00,1.744498063604495997e+00
3.172009170800710320e-01,8.278768401438709734e-01,-2.443789141610315241e+00
2.684426571422660057e-01,2.159686080719624091e+00,-1.435073669219641967e+00
-1.639313690284871283e+00,-7.356882927430498202e-03,-2.036210782059575841e+00
-9.566121312596356230e-01,-2.268028427237168909e+00,-9.013827343118981927e-01
2.503950646321826401e+00,-3.668397498709483062e-01,7.109011719821076714e-01
1.349545694632508175e+00,1.867545533170499039e-01,2.256527920397707554e+00
-1.739030932242170202e+00,-7.085793853524054997e-01,-1.860183626374771748e+00
-1.693892135686814626e+00,-1.887268861965979871e+00,7.708756092516549918e-01
1.803917765512674576e+00,-1.873855615441494482e+00,-5.465683116920724283e-01
2.594977751086846585e+00,-5.870268799172505547e-01,1.573207380369174291e-01
-8.621148331350138028e-01,2.059996723128656892e+00,-1.468224178628510845e+00
-3.594833584972322305e-01,2.027281161785486674e+00,1.715472860196702642e+00
-1.056069045076496238e+00,2.321189209701516987e+00,-8.475613908624778370e-01
-1.200799488399258763e+00,1.695775067678668702e+00,-1.715747791050495019e+00
6.558229885556070560e-01,8.221305046807462213e-01,2.489045441486419374e+00
-8.032250057857527326e-01,-4.507594458948850913e-01,-2.548169453637988635e+00
-1.454622528239669643e+00,-8.951398026315687817e-01,-2.112978760780058973e+00
6.325198226467069196e-01,-1.744572103627795689e+00,-1.994696637792557459e+00
-4.179642396982819474e-01,2.699700345128367207e+00,9.308001161322458639e-03
2.014236601747794730e-01,-6.660523079909144162e-01,2.649507397061031000e+00
-1.104732784199514484e+00,2.615234592740559721e-02,2.514772734484186589e+00
-9.081967552650754838e-01,1.028719520430243062e+00,2.388183322805660147e+00
-1.822076527605279939e+00,9.935678634115167052e-01,1.822322875850052704e+00
2.528593586746472610e+00,-1.040066389191689478e+00,-4.406417192345343792e-01
2.648503896370668187e+00,-1.395311952231403918e-01,-8.231209380258818209e-01
-2.760298517998436285e+00,1.938668399508592655e-01,-3.111474231048942385e-01
2.051708081924370486e+00,6.928688460679455208e-01,1.762481614660860840e+00
-1.170098000485168821e-03,1.946891118184199687e+00,-2.011962626473064120e+00
-1.136206386194932527e+00,-8.306430416857147891e-01,-2.429013957295210524e+00
-1.244891023452532552e+00,6.250091395480621426e-01,2.446121484621358366e+00
2.053547152582509305e+00,-6.208766829942207188e-01,1.834233742254212318e+00
-1.615554555814541909e-02,1.882524706921781199e+00,2.113303699512766975e+00
2.743548850949005802e-01,8.398318195922175322e-01,-2.696864846122708492e+00
1.639982289897437662e+00,1.411057851599634372e+00,-1.848431148910167021e+00
-4.571046713428417174e-01,1.863420810819548912e+00,2.111847352026349878e+00
4.431731251237066016e-01,-2.372102555923402356e+00,1.536869362825737717e+00
7.633561808074073030e-01,-2.291025774813190363e+00,-1.548544814799105218e+00
5.735685512702959343e-01,-1.991212476584426794e+00,1.995009050521072691e+00
-2.692151782621244216e+00,-8.161267230159372499e-01,-6.363145116846536942e-01
-1.046637984448106906e-01,-4.504571498361385484e-01,-2.854759318161588677e+00
1.934351643897597617e+00,-2.159745175097833148e+00,4.883258150594264185e-02
3.216007724600229989e-01,-2.152247507092360124e+00,1.928287920047602411e+00
-1.893348220887719258e+00,-9.139735302749184553e-01,2.019721364790805662e+00
-2.526802226059468470e+00,-3.529244042543534798e-02,1.469395233894443820e+00
-2.054515428300583313e+00,2.025017479028301537e+00,5.189276056952334404e-01
1.847272002899180698e-01,-2.445452058257049366e+00,1.619501205348269579e+00
-1.815565961964213049e+00,-2.246891660873422847e+00,5.819645065825381769e-01
1.254457414143344218e+00,2.264176646550003280e+00,-1.424738033308978968e+00
2.305346371319303866e+00,1.459050628370917480e+00,1.154709416050813564e+00
4.886998204990899985e-01,2.902209937039348375e+00,-4.026606217096618812e-01
1.067340704807697493e+00,7.950192989482129935e-03,-2.780593948676448601e+00
-6.409005934897977763e-01,-2.367957337005034191e+00,-1.703061742305136628e+00
-1.699332775090717007e+00,2.316046612669172333e+00,-8.451159102404410817e-01
3.290416703948925159e-01,-1.732346948848435986e+00,-2.429933797358295511e+00
-1.303916250348535977e+00,2.273725985030047525e+00,-1.480510757502897734e+00
1.885985513951934922e-01,-1.855839601755013835e+00,-2.372870901598995719e+00
-8.085754322693765594e-01,-1.605561436529839181e+00,-2.434566127749766107e+00
-6.392975271825963590e-01,-2.807090578174412876e+00,9.586472342711188643e-01
-4.819447166697250484e-01,-2.932890141321346622e+00,6.498462301662086826e-01
1.052727725111935131e+00,-2.834927089108369991e+00,4.006791884982016105e-01
-2.657038053797592614e+00,1.511416450790850075e+00,1.037322470613660230e-01
-2.628220073439822446e+00,1.099660379628847551e+00,1.134823017664018829e+00
1.635545407228377324e-01,2.752331000660186877e+00,-1.361026486586812023e+00
-7.301776527376435677e-01,6.097157212155301931e-01,2.932513593778526051e+00
8.819647981281882876e-01,1.913007802046599704e+00,2.262166162357168719e+00
9.908052119924625201e-01,1.216605262052468106e+00,-2.672745839866170758e+00
1.513119678407980118e+00,2.660207308000895665e+00,-5.384486830392181123e-01
-2.765704346835692995e+00,-1.240655890595323108e+00,7.202861417395255428e-01
3.662647112958447582e-01,2.942094348285293925e+00,-9.840332962124871408e-01
-1.056953493161459701e+00,-2.741895790609469419e+00,1.083840990471239163e+00
3.024741333027819667e+00,-7.123616716056094811e-01,-4.528060814577812843e-01
2.744881461798297728e+00,1.495793701879778670e+00,3.764476550336962046e-01
-1.389735984899623800e+00,-2.834059618976925154e+00,4.894070538157047762e-02
-6.311647495024736987e-01,2.715308008824622643e+00,1.498931333753882322e+00
-3.008353357077931944e-01,2.647857081884325225e+00,1.723095229722452659e+00
-2.372407564876563235e+00,3.188093617200541408e-01,2.096099411900401943e+00
-6.252469912248427297e-01,-3.122911192268317926e+00,-1.822234554492244418e-01
6.063368658018316593e-01,-3.035333129640894523e+00,8.057212191284284231e-01
-1.094553236006267971e+00,-3.010782402784709433e+00,1.443180598662421321e-01
6.165141102035336385e-01,2.222688490341194534e+00,-2.239888698702632741e+00
3.151849339634275271e+00,2.243137408999515761e-02,-6.759969277365472928e-01
-1.493980300073304512e+00,-1.886876839853017129e+00,2.157240642972676703e+00
-9.821568300324163836e-01,2.223815695260052294e+00,-2.142560545322929499e+00
2.778490064155504591e+00,5.162540621882772962e-01,-1.602766771296989079e+00
-1.465824893560990327e+00,-1.907418860126512294e+00,2.196264594066918985e+00
-6.339602227422305170e-01,-2.861236114577967893e+00,-1.441256388562812907e+00
-1.989709665650164272e+00,2.448632173965566317e+00,8.755764017684870559e-01
3.190064057726761160e+00,5.389661278472637207e-01,5.569710607732909491e-01
2.419750912070269266e-01,2.661917501614012416e+00,-1.920660681656312985e+00
2.898437850547052719e+00,9.680939228028435650e-01,1.245585836910956701e+00
2.629400625333740749e+00,-4.912769762527222084e-01,1.947080741566175277e+00
8.643051420621284953e-01,-1.175709347021670625e+00,2.978885044532457727e+00
3.126257460736472371e+00,9.879797865553522351e-01,-5.573030318352796275e-01
2.628956790069560956e-01,1.379923908115451570e-01,3.321051431816437471e+00
-7.726481659853520201e-01,1.061827987455321365e+00,3.074198400342116333e+00
1.920178206802346299e+00,-2.746666304074633302e+00,4.219525259779226267e-02
-2.200034280990135205e+00,2.396729993991829843e+00,-8.406645844142622837e-01
8.833687532972429590e-01,-3.926136216493489317e-01,-3.227243493916063688e+00
6.904727555947351991e-01,-3.299305269662070383e+00,-2.146755193671043282e-01
1.451612826049223814e+00,-2.797091419667742773e+00,-1.239469483538146788e+00
-2.681101209887848391e+00,-2.601385548476378151e-01,-2.066496004536032771e+00
-2.257966285332615453e+00,2.546993275336783213e+00,-1.606762015350822123e-02
9.253276804606667127e-01,-1.889561163813033629e+00,-2.686801570760072977e+00
3.024052952152402884e+00,1.259974168702129749e+00,-9.864804330308062363e-01
-3.247849610937171061e+00,8.215468641538726802e-01,-7.364629603712229411e-01
-2.428382243251226313e+00,-2.919572446631958362e-01,2.417458344956580962e+00
-1.064752493852122450e+00,-2.214931320021341909e-01,3.271763950846898972e+00
8.785605978527377680e-01,6.500723806588017961e-01,3.279301607756812231e+00
1.181087913836942338e+00,-3.250262605516278214e+00,-2.246462989922344278e-01
-2.533978149155259985e+00,-7.564011972306063925e-01,2.253461524000980098e+00
2.393651208942934705e+00,2.348131202157646147e+00,-9.433464344496880205e-01
-8.899340770484720498e-01,-2.541652332720954810e+00,2.223375623751355779e+00
-2.518446184099719432e+00,9.155887136623426237e-01,2.253213955419810510e+00
3.902399665644143978e-01,1.644235191742780877e+00,3.076491362767570514e+00
3.325916637010019716e+00,9.755953451594986392e-01,-6.083731711795244967e-01
1.702527622335007873e+00,-1.775123604724048620e+00,2.529283289517391786e+00
-1.402480353927741064e+00,-3.835810716857162572e-01,-3.224352418031029011e+00
-1.431948122544547619e+00,-1.816155668553170788e+00,-2.688032380338701177e+00
1.341911347416637756e+00,-8.422697251671127372e-01,-3.182520598877291107e+00
2.442667900065593756e+00,-4.730333434318113039e-01,-2.551989160635609100e+00
-6.221833889491821257e-01,4.053535727425625623e-01,3.495190172670048057e+00
-3.339660208258658614e+00,1.276036926402304816e+00,2.262949339280109218e-01
-2.146707539673658793e+00,-2.224049135988390269e+00,1.828492494938877444e+00
-1.951432974855986435e+00,-3.024641866436389215e+00,-8.484229286477060206e-02
2.486654086141879105e+00,8.053750177825773626e-01,2.489493460645336498e+00
2.889311709015849328e+00,9.923243376045003394e-01,-1.939852492420518715e+00
-3.097520931382080622e+00,9.658363584011363523e-01,-1.623231211776735572e+00
3.286670181773064137e+00,7.356408913535279481e-01,-1.373237688249140165e+00
2.755581577859335773e+00,2.377146731281936987e+00,-2.284439532012758900e-01
2.468150530740972570e+00,1.358675992012558842e+00,2.329349223861747475e+00
-7.674165918860407221e-01,3.176802887885062265e+00,-1.658409877780250952e+00
-3.151298875117911624e+00,-4.461182150257841372e-01,1.835651587431017751e+00
3.272063351785230001e+00,-6.896852024865827158e-01,-1.544524627778149473e+00
9.606663194046358711e-01,2.679430817338694482e+00,2.352444138312937305e+00
-2.979454806358181163e+00,2.189550058287388801e+00,1.839838230235032457e-01
-2.547372967483932715e+00,1.448858661031653394e+00,-2.277288875635699927e+00
4.267627693968044644e-01,2.340562628375053578e+00,2.860683133948558332e+00
-1.935305224184336037e+00,3.087124549948508268e+00,7.987213597276144883e-01
3.441694517421657995e+00,9.937678242522285377e-01,-1.072850144919954118e+00
-3.069335958789854768e+00,-7.532645334876294507e-01,2.016449198941018928e+00
3.173776284843803364e-01,-1.608842897888816736e+00,-3.381709970815301336e+00
1.342381459010755451e+00,3.499783426707741452e+00,-3.816768981869574917e-01
9.099790490105223728e-02,3.273696718035457032e+00,1.882067290322229747e+00
-1.226830578536204364e+00,-2.297090839907586002e+00,2.749095229194266299e+00
-4.441743709372793503e-01,3.728529196388224776e+00,5.586393762649034533e-01
2.840182533264864695e+00,1.712981382181007373e+00,1.866202359073891204e+00
-3.276411344266180858e+00,1.715097916511972187e+00,9.380281510382396659e-01
-2.653658215554585809e+00,1.369795735658086988e+00,-2.389787628802231723e+00
1.869748432514871217e+00,-7.814816478210166728e-02,3.346727199438296996e+00
3.450650552261748660e-01,-3.801867952731523559e+00,-4.505849151882940773e-01
2.232953943652268958e+00,1.977692197817437325e+00,2.439860797405332793e+00
2.264088031906891507e-01,1.003019149457885950e+00,3.723877532498015785e+00
2.270342713093770559e+00,1.101200864828550813e-01,-3.135701010663668242e+00
6.159624582654510405e-01,-2.169632131720090840e+00,3.160292970676116919e+00
7.034985541596728842e-01,-3.618333598571608078e+00,-1.249884180435263392e+00
-2.633904471845629036e+00,-1.049383843742131450e+00,-2.680751125049554151e+00
-3.318354498425401644e+00,2.048910015414181274e+00,3.025538909127394871e-01
-1.723376696802555452e+00,1.549220225451710009e+00,-3.163421434143598887e+00
1.493780735976037555e+00,-3.548333752850244327e+00,-7.949389844359563417e-01
-1.348035401837621050e+00,3.534908710220436401e+00,1.103710467021922215e+00
-2.376205988947211356e+00,2.008822237571517288e-01,3.149851130602827176e+00
2.078124521600434704e+00,-9.808932111012236277e-01,-3.225705247733670955e+00
-1.960498753279965811e+00,3.358189706343012393e+00,8.018314833946473819e-01
2.459571105475854669e+00,-3.110176616775967684e+00,-3.458077684552887665e-01
-3.011394799846704551e+00,-1.822515895646263928e+00,1.879068719000506871e+00
