-0.000000000000000000e+00,-0.000000000000000000e+00,-0.000000000000000000e+00
-2.487157711419729633e-02,1.161491226170704473e-02,2.196649893544166607e-02
-8.901834941868590895e-03,-4.997730910973408741e-02,-6.313866705890220851e-04
5.611741125989982981e-02,-1.168372792340852638e-03,2.903017011191541194e-02
5.045140680343183914e-02,-2.680715799351241282e-02,4.700108567968693668e-02
2.669510070942621854e-02,6.467269136775853633e-02,-4.599508151910826348e-02
6.346055052867524693e-02,-3.373545639620458697e-02,-5.862595090169472195e-02
-7.417411478526647617e-02,-9.183476301897820424e-03,6.825614552331603357e-02
3.954351159336120386e-02,-4.678324602875926636e-02,-9.046768848335957902e-02
-1.369973452741176344e-02,1.705431269369947489e-02,-1.148796684483176650e-01
-9.174987785354428438e-02,-2.113063161233943305e-02,-8.121890311067746226e-02
-1.081913849387474147e-01,1.420272776670704167e-02,-7.337686639601694039e-02
-9.628727107449306516e-03,9.584822489109451338e-02,9.942846096690262370e-02
-1.100438949032399825e-02,1.191310884258312691e-01,-8.228053537261961758e-02
-3.084805961651920780e-02,-9.215735279446443662e-02,-1.166165986447911668e-01
5.260689956581376947e-02,4.673335725532794943e-02,1.417584203243723862e-01
1.131906042359207137e-01,-1.177676541998533555e-01,-2.025907360264121715e-02
1.628145984590694539e-01,-5.157207483680562726e-02,3.136996290913143803e-03
-1.633348191174859021e-01,1.585587046459857943e-02,6.615145574925934691e-02
-1.032361419770867934e-02,1.460323573657866802e-01,-1.097369672435579840e-01
-1.158105089239384322e-01,2.742522547646713757e-02,-1.466946034913982899e-01
8.613939070143621091e-02,-5.584758920800948073e-02,-1.655126810601056375e-01
1.608148285747097728e-01,-1.119191096461388257e-01,4.285326882054256437e-02
-6.222801307575022423e-02,8.520248490255695473e-02,1.772640081887069952e-01
-2.120753370944062841e-02,1.160664068033790963e-01,-1.760795016417743830e-01
-2.045804171189447573e-01,-2.521704267235697419e-02,-6.962122766618776548e-02
6.226730987497368364e-02,1.831185249549887595e-01,-1.112549319079904342e-01
-3.538707863655852354e-02,-2.130727045042444256e-01,7.500827165942476615e-02
-1.705935828891317896e-01,-1.458962075749385134e-01,-6.649700094498947611e-02
1.864795140456406430e-01,-9.293437151688366260e-02,-1.181932902925364320e-01
-2.421839579441817381e-01,3.630184903186797762e-02,4.646966340559049481e-03
-1.696721261521047242e-01,-1.778804075254860340e-01,4.705283641273714373e-02
9.687234073210627960e-02,8.874581401152931148e-02,2.192616872939021633e-01
-1.704787739130863566e-01,1.949023450591554352e-01,3.190236610830120279e-02
2.521739672322484971e-01,6.441174359922886838e-02,-5.567173339539307347e-02
-5.868243609637841668e-02,-2.597871372240348475e-01,-5.214909518236562208e-02
9.822425630746564607e-02,-2.258805887982148208e-01,-1.258391938362441731e-01
2.712469998341542343e-01,4.736562256259344711e-02,-5.983881135785451555e-02
-4.120961916751932769e-02,-2.007644419776991318e-01,2.008201640432300816e-01
1.568079366584341494e-01,2.091063981474165778e-01,-1.303613289842008027e-01
-2.781447318130563784e-01,3.124140537451969291e-03,1.046415772519199844e-01
-1.258999915694702376e-01,-1.019133775778614803e-01,-2.552327812520147066e-01
1.118601600085538800e-01,1.746906440657846338e-01,2.268244223318370278e-01
2.993805604060026382e-01,-8.774567433489960377e-02,1.702871811360688256e-02
-2.468329181017192564e-01,-1.662602488116375621e-01,-1.105874951446657040e-01
3.000962819873956855e-01,-7.528552425176572582e-02,9.107662951816575259e-02
-2.119113453741102715e-01,1.854304592533195795e-02,-2.490665586442551704e-01
-2.457330808091849617e-01,1.215362345366238772e-01,-1.882398052493008955e-01
-7.814767380020291865e-02,-3.196254479626779443e-01,-7.530045717913309844e-02
-3.243467403233760704e-01,8.294026400634803287e-02,7.243987669637072524e-02
2.467020749278203973e-01,2.379365036011613366e-01,-5.730500603447604563e-02
-1.032101563562953100e-01,7.119478221598088234e-03,-3.369438750050935960e-01
1.344185061575895457e-01,3.157303669509996524e-01,9.998766928656087349e-02
3.114254143809920203e-02,-3.350952356030097445e-01,1.343617183234781243e-01
-5.701528559426131265e-02,9.346955938758896854e-02,-3.506104997544070567e-01
-3.338602322533243960e-01,1.236912635394232934e-01,1.086249254362184197e-01
2.707404622356962554e-02,-3.220693703604766145e-01,1.943961410174339099e-01
-1.857562115499193645e-01,1.779814311984630193e-01,-2.824932177176720516e-01
2.946068548299569656e-01,1.476441904112167081e-01,-2.029055431165983914e-01
-3.731544026291092608e-01,4.158829309075644243e-02,-1.122961092322780491e-01
9.576103418367446624e-05,1.630123581633968199e-01,3.617692421782102707e-01
-1.208995925696973797e-02,-3.891445310657418721e-01,-9.889732641224950604e-02
2.003953727883321934e-01,-3.072448198840336750e-02,-3.524386499366861658e-01
-4.066878508178790042e-01,-7.324063904197717148e-03,6.218160660369064646e-02
-3.494862837890468921e-01,-1.642895511502887596e-01,1.556551314030825972e-01
-6.477151182911444760e-02,1.593035300990213177e-01,-3.845486624638030371e-01
5.701641226072600571e-02,3.563341527137365294e-01,2.266312533150896258e-01
-2.636859909615607567e-01,-2.325695091623463939e-01,2.492981225397470357e-01
2.685846636122673492e-01,2.174118020518817918e-01,-2.656890684301699279e-01
2.628515471844865004e-01,3.152286836194264086e-01,1.606561188489806502e-01
3.794631936089125079e-01,1.231963776888560097e-01,1.985484032855809045e-01
3.239871813271770762e-01,8.228171749066391649e-02,-3.020275048170507071e-01
-2.750116164104925431e-01,2.807295871449595470e-01,-2.300708015744856449e-01
-2.674798158053789399e-01,2.821565572537756417e-01,-2.463270821811379130e-01
4.159624099014178622e-01,-5.288417227138580978e-02,-2.013022680916052021e-01
-3.296108852081547913e-01,-3.277533234386802996e-01,-6.953789035740348679e-02
7.354490861535921409e-02,-4.174551221598182815e-01,2.140759637077160882e-01
4.418207130930759674e-01,-1.037318647622450379e-01,1.555430791022649473e-01
2.352621357575077621e-01,1.067967439371639571e-01,4.100092214752164566e-01
2.550417881362040395e-01,-1.077165188174308841e-01,4.036866524995373906e-01
-3.669581445972520117e-01,-2.369819475935540931e-01,2.315018899033987609e-01
-5.131795348135939627e-02,1.611044168870582882e-01,-4.697582363833776031e-01
-6.954256000453105935e-02,-4.671243034958150742e-01,-1.764041311489614183e-01
1.149954198101891673e-01,-1.758277931003420780e-01,4.636474571669555456e-01
3.141998757783188712e-01,2.207015997609774183e-01,3.415792089688544086e-01
-6.098312462346792973e-02,4.754359200285080966e-01,-1.984895303449614179e-01
-3.118058680298538832e-01,2.202207158247483643e-01,3.585195217642397347e-01
-1.782878128296778164e-01,4.947845281270746853e-01,5.300007678465488981e-02
4.757128993225320235e-01,1.306966764124103397e-01,-2.030398108662719303e-01
2.644056346950544034e-01,4.854830732112005998e-02,4.664719950214920030e-01
-3.467340329102775454e-01,-1.475947108895440119e-01,-3.913571747867900519e-01
4.342336745550792743e-01,-2.333023361409080898e-01,-2.398711267687574922e-01
-2.971772595392538352e-01,4.543788157196393951e-01,-1.056548587537707584e-01
-9.842971604616294889e-02,3.817179069493602528e-01,3.949728257146233878e-01
8.047233309634152509e-02,5.317409956441104812e-01,1.664103483267531380e-01
-3.782630957510383918e-01,4.027241227116112876e-01,-1.312118445380645315e-01
-3.590237447197190401e-01,4.461395883648137106e-01,-1.307194874527950121e-02
-1.916937835856574179e-01,7.337826754645244975e-02,-5.400516453016839247e-01
3.860272724082830509e-01,4.353788378729939734e-01,-3.076290197477480129e-02
6.267026645475927416e-02,-5.094040852594011737e-01,-2.861540617704562695e-01
2.011172275612084503e-01,-2.976186809864920235e-01,4.712963143779512754e-01
5.802725286612182565e-01,4.659407318308497747e-02,1.347377247670468459e-01
2.897842889988521131e-01,-1.348868462622953013e-01,-5.107091745715497400e-01
-1.171666078720330351e-01,-4.064393325745025987e-01,-4.359816182592644584e-01
-5.004007467632881623e-01,-3.093771722554416459e-01,1.701459135977616832e-01
2.973686679897077911e-01,-3.165456970818532612e-01,4.388118642609635800e-01
2.501157260659391257e-01,5.615469828864203539e-01,9.731134937917250427e-02
2.857765874332990341e-01,-5.239956401141582232e-01,1.932798953991794744e-01
-6.934217926331284754e-02,5.902176249745840764e-01,2.161563299255841453e-01
-1.297124099872989100e-01,-5.900411614597337318e-01,2.031370180235352041e-01
-3.038299654513434978e-01,-5.399527968527104704e-01,-1.696609507899107805e-01
2.252195810082774086e-01,5.726114319388204699e-01,2.012593068519261119e-01
5.980109370727574314e-01,-2.301574374764868425e-01,-1.226738748760019815e-01
-4.634859498522346244e-01,-1.767265497904852989e-01,-4.314759713066914637e-01
4.955640080931978941e-01,-9.738714645338440723e-02,-4.287181416136965906e-01
3.054196304246579730e-01,4.226649163357787953e-01,-4.167067286636975676e-01
2.145555621928365089e-02,-5.899139465712840424e-01,3.222992982567929876e-01
-4.385260310524609073e-01,-3.359548447644056801e-01,-3.924154606288582925e-01
6.713289474550360181e-01,-9.902760514492461863e-02,-7.454918001700373831e-02
3.568689295466357381e-01,-2.146923594071405705e-01,5.473076593030418158e-01
1.404007673424390867e-01,-7.508774715773691710e-02,-6.742791622460565515e-01
1.678499274559988597e-01,-4.453169551064635190e-01,-5.104833317596378928e-01
4.477546954423625158e-01,-4.644025833432620098e-01,-2.793805943559625193e-01
-1.677476803544279138e-01,-6.847104169672725282e-01,-6.660504098681706286e-02
8.215322240198291714e-02,7.059536769429330949e-01,5.952839152646292875e-02
2.378627868168373474e-02,-7.118546283827682508e-01,9.318600664885295926e-02
-5.826966456267468342e-01,-1.752440397427391106e-01,-3.913151667029032277e-01
-1.190992452905570084e-02,-5.958538545732160463e-01,-4.190955040666788367e-01
-6.445670416734327057e-01,-3.052060953811195909e-01,-1.724043215003517593e-01
1.984178254021758403e-01,-5.951025328011931848e-01,-3.903909249633106260e-01
-1.221109244827171814e-01,-3.152527188377297618e-01,6.627766491861167841e-01
-4.246247137017532536e-01,-4.604628225874043967e-01,-4.110333800775757829e-01
2.516454983443722898e-02,-1.414969074018678809e-02,-7.538074856801815216e-01
-4.178258690150432608e-01,-6.234269905505559484e-01,1.168963353056177573e-01
-4.281527348705880254e-01,-4.655423054253442494e-01,4.298514607353121075e-01
2.879350199622198944e-02,7.409004912563240675e-01,2.074458092148917243e-01
-6.885309809924105018e-01,3.265515157541715174e-01,-1.418910841364428854e-01
-2.312723782671190775e-01,7.249981779692181716e-01,1.727725770603663613e-01
4.892559258251710785e-01,-2.223116650711564890e-01,-5.730184882263663626e-01
-4.836708747750252391e-01,-1.667810816922068728e-01,-6.030290385086557459e-01
2.072140044652977797e-01,-3.510257378298850539e-01,6.837862640415051096e-01
-1.919653594153716281e-01,6.505398512214304318e-01,-4.266853019356428578e-01
4.441864956114954244e-01,-6.728559720454863058e-01,-2.322523050045491311e-02
7.382238552117048602e-02,7.207017877724166688e-01,-3.664003038416650537e-01
3.026302014574110966e-01,-4.497175828764006233e-01,6.114605182903034564e-01
2.707680417153477404e-01,5.270602951449884221e-01,5.703362991827739537e-01
8.045631375057027412e-01,-6.010669273678997948e-02,1.849464320037387255e-01
-8.214065273391376598e-01,2.567802225644717079e-02,1.363549374388251245e-01
-8.077472696936334184e-01,1.309872783159636289e-01,1.823214619797202118e-01
1.887815245088415861e-01,-7.605239497405392735e-01,3.127080051564177232e-01
-7.353486159861138960e-01,2.478777763487619024e-01,3.445013566542013961e-01
-6.345907411458684422e-01,5.043179791094669628e-01,2.700648393942051695e-01
6.282398653132594823e-01,-5.854930309354636764e-01,-4.097711138598065378e-02
5.468167649132648078e-01,-6.685014317982690413e-01,5.028264147844085930e-02
-7.273512027121283863e-01,4.727092116638952901e-01,-7.264538748733329054e-02
-4.692400395169691318e-01,2.705945459166941153e-02,7.390999155991904157e-01
7.076110079759292404e-01,2.247891519339978994e-01,4.748010191472348818e-01
8.628576020542698677e-01,-4.465752047200123066e-03,2.042194439327747191e-01
-3.383825518782075381e-01,-2.972884379264211230e-01,7.700728381864041516e-01
-1.083901125279150904e-02,7.883969685270344474e-01,-4.288734534031071743e-01
1.292879412235989622e-01,7.129805616085933551e-01,-5.388558794142547237e-01
4.331786472900993612e-01,-7.922152602951615386e-01,1.002740115157968182e-01
1.342243019458181363e-01,7.968453756144323608e-01,4.269489808742955028e-01
8.226647223428880107e-01,6.224919405682572543e-02,-4.057734745960290823e-01
1.677753970065004041e-01,-3.778671022172780392e-01,-8.273406181185000152e-01
-2.387941490100575492e-01,1.185389399533225696e-01,8.913761429941510217e-01
3.414771645174122794e-01,-3.113152889768801557e-01,8.138695929599611967e-01
7.515371402281655344e-01,5.669559046750329845e-01,4.910473370002150714e-03
-3.728699117728281887e-01,-7.721870775685972799e-01,-4.017611320760917648e-01
-2.188372754161037326e-02,9.284982237685815987e-01,-2.113226235283211518e-01
-2.940953281342058578e-01,-6.750383141856031166e-01,6.129336075676213857e-01
4.114083901697456747e-01,7.149944994537092979e-01,4.980735326476686264e-01
-9.039947292106603749e-01,3.108422815191340116e-01,1.596895289205931268e-01
-5.042211244155605510e-01,-7.589028337677330427e-01,3.464406720096087078e-01
-3.008150406441432168e-01,5.225810842163758352e-01,7.730209742261983097e-01
-2.540052361532909031e-01,-2.819856753547539396e-01,-9.100228591184306159e-01
-5.863788734523674995e-01,5.627038384143334682e-01,-5.681729949590085260e-01
-8.368765889849709427e-02,5.055341241675100905e-01,-8.555318371326362525e-01
-1.002522379841959799e+00,2.706862736262571553e-02,-3.623860960974778500e-03
-5.007100549806610124e-01,5.166959502886316891e-01,-7.067483277587337520e-01
5.319068105574929067e-02,6.895587411025596580e-01,-7.418406909948823680e-01
5.778504751473335643e-01,6.430446635727808946e-01,5.410996601186494059e-01
9.493389176771423188e-02,3.434666659622857138e-02,-1.020618373616432484e+00
7.430539581562343177e-01,2.536565214391951484e-01,6.686706814696043999e-01
1.554166016079348567e-01,9.940310465476216439e-01,-2.513301207077292543e-01
6.132022834938056777e-01,3.646959289171122776e-01,-7.604716337975373497e-01
2.569885953168085102e-01,8.312859035895503457e-01,-5.850364379538166570e-01
-7.734488627620691448e-01,7.094876034778204721e-01,9.926172134891826648e-02
-4.973883562451497098e-01,9.229725428770775286e-01,-1.561067710961104027e-01
4.264593067178348851e-01,-9.755646313918404644e-01,-4.833278388312053225e-02
3.400365553888931025e-01,-9.577312412284179066e-01,3.397597022316727888e-01
-9.475657854238821454e-01,-4.241331829160915889e-01,2.881242591546991916e-01
1.059054885324458350e+00,-1.645830363175522781e-01,-1.570673093287591748e-01
5.841489116082323463e-01,-8.773180056271612237e-01,2.740490515841588204e-01
2.709241587510127780e-01,2.072314188340648733e-01,1.040401616471391844e+00
5.576522667104159003e-01,-3.717543835256524321e-01,-8.731894799549038133e-01
3.812849766715850075e-01,9.149481890359508762e-01,-4.920190410874492604e-01
3.044218459533712395e-02,-9.211032468717300636e-02,1.108256098548282997e+00
-2.766145917199772652e-01,3.429854261694557094e-01,-1.027928774552371749e+00
1.036716680608585628e-01,5.642091840469573016e-01,-9.669336437683188068e-01
-7.185415193610752427e-01,-8.712332819016792573e-01,4.515226923549027493e-02
-8.704250140758419407e-01,-5.002722168574542660e-01,-5.319055828732240920e-01
7.324342052514528634e-01,3.577550261016482214e-01,7.999593580349693145e-01
5.852274538617382449e-01,-9.820653837351493998e-01,1.053040400005785665e-01
-4.977801834193213981e-01,8.518598722528872846e-01,-5.986091328767404462e-01
-1.032390443860123685e+00,-4.822488350986048888e-01,-2.173528979501255509e-01
4.328540689836810618e-01,-5.000239275512852188e-01,-9.603153522404966891e-01
-5.037420192085638460e-02,1.169510194842451334e+00,-5.796464960918291248e-02
-5.713499179587012977e-02,1.022659202048016969e+00,5.819955653429609299e-01
1.125489643506558446e+00,3.611973745874749731e-01,6.994915279760310911e-02
5.264538163634373547e-01,5.892084939244740527e-01,-8.900206390524494360e-01
1.009997674338154239e+00,-6.158120327348113321e-01,-1.778113679870422792e-01
-3.285192564958179240e-01,6.689994270658397024e-01,-9.434181305609712354e-01
-2.621492977465420537e-01,2.363840769794142427e-01,-1.155688857564181715e+00
-8.065323237253565480e-01,-6.247586058042623458e-01,6.589386382159069244e-01
-1.155915910462838037e+00,-3.899784185488948673e-01,-4.126769302178544957e-02
3.474261824269535004e-01,1.049445470870066677e+00,5.318892377652725267e-01
3.609299027513435121e-01,-1.154558110837565987e+00,-2.383296899348586462e-01
-9.659983282908949365e-01,-4.579890803087558471e-01,-6.264252050717840081e-01
-8.939395433607477681e-01,6.782113058717716969e-01,-5.399698123578967612e-01
5.866994622990277797e-02,9.769650213249756465e-01,-7.798880928247624578e-01
2.373477639011966067e-01,3.561855205247944633e-01,1.182582343313555162e+00
2.429713466293019763e-01,-1.062075933245210546e+00,-6.405862008090223991e-01
-6.514417336139128878e-01,-1.036487580446453061e+00,-3.383932099851551523e-01
2.493770992421265598e-01,-1.243964697451038548e+00,1.395418414882894365e-01
-1.551471695216953828e-01,-7.819087245964868593e-01,-1.004832581051707807e+00
1.131355129708499163e+00,-5.455178715057200645e-01,-2.893673313901298227e-01
-8.046407012328292696e-01,-1.936908158036911853e-01,9.962873967984882118e-01
-4.955136469882834294e-01,1.198253241991998008e+00,1.121949603572774540e-01
-7.843912347293094944e-01,-8.678677615654811772e-01,5.847795382241457451e-01
-1.145334494778216916e+00,-1.342915020896750244e-01,6.302565460058299207e-01
-2.499639250579800687e-01,-1.210918169422391610e+00,-4.636600182073045140e-01
-9.420411099419854217e-01,-5.474524413318618832e-01,-7.572955408676970146e-01
-1.279336626916016906e+00,2.889953724247217304e-01,-2.395811592256494038e-01
-1.323526263789656321e+00,-1.822103392763970153e-01,-9.897584352261626361e-02
3.277185573850396882e-01,1.258280008751409440e+00,3.482407962020533931e-01
-7.346277093328013041e-01,-1.119175207599212518e+00,-1.924906109998430481e-01
1.139114449848494193e+00,-4.764398109509754842e-01,-5.676042627343436120e-01
8.342068481662686663e-01,-1.073961782078262539e+00,-1.226709113992129341e-01
-8.242175042227908310e-01,1.516630331315824975e-01,1.086150971034287815e+00
1.192253164651029262e+00,-4.647463113931209477e-01,-5.122949754745966811e-01
-1.160290551028061667e+00,1.485336340909582387e-01,7.413068294615359211e-01
2.819713914846355696e-01,8.299706149481919648e-02,1.359989880071577728e+00
-2.385572979717989206e-01,1.349697535402029525e+00,-2.749554759863721554e-01
1.276447457177586065e-01,5.845986645787958347e-01,1.270629074669798353e+00
-5.183800159892304471e-01,-1.377338667463799959e-01,-1.305121305649904695e+00
1.363185730132928875e+00,-3.380195353975111727e-01,1.926419674651240199e-01
-7.235077228500440549e-01,1.857712866006801522e-01,-1.212606102502677086e+00
1.321971282618781496e+00,-1.748834596906392175e-02,5.471292363824379335e-01
1.322288223332611090e-01,9.165582761553686675e-01,-1.099413384832736762e+00
-8.326890431972597817e-01,-7.574868214708208036e-01,-9.045763875152804667e-01
-1.360665532012070855e+00,-2.437668151369055958e-01,-4.402947637741670972e-01
1.060141538171264886e+00,7.151507888183198380e-01,6.991161332330807499e-01
-3.664126847459228675e-01,-1.566335168442392067e-01,1.408850332761902857e+00
-1.460544954272311013e+00,4.608676231716975213e-02,1.673920554114433912e-01
-1.255867233445299158e+00,-3.366297744783205981e-01,-7.018796390850188249e-01
1.967093401969337851e-01,-3.413812809854426256e-01,1.431041963793542982e+00
1.029759911668215233e+00,7.716234006079071284e-01,-7.532645172886245355e-01
-7.968866390014773815e-01,1.140257978866076494e+00,-5.551914905239426767e-01
-9.978566997017715989e-01,-9.580994735967492959e-01,5.917438849877598717e-01
4.924305102868786199e-01,1.427380866266336534e+00,-6.671003040047818189e-02
4.206074787605589282e-01,-1.189644428834869094e+00,-8.443060688676428116e-01
3.305979336154121762e-01,-9.342809582496791609e-01,-1.159158144188407125e+00
1.298649459081117952e+00,6.877114000725430554e-01,-4.328237239912343104e-01
-9.893823403053229049e-01,-5.720970307897862428e-01,1.030386552087244167e+00
-2.584800556260917828e-02,1.542603394756360435e+00,-9.389535395588237410e-02
-7.129596894413168240e-01,-4.327079250769864660e-01,-1.309560765651631931e+00
-5.547406592014364479e-01,1.157621780363205843e+00,8.855543330738105956e-01
3.204447713943919251e-01,-1.926731825308638235e-01,1.521153225983622237e+00
1.214485912964565317e+00,9.524627920100905420e-01,3.055908666714279298e-01
6.950698027829292913e-01,1.374400536390063099e+00,3.541618035040459689e-01
2.414015680424115295e-01,-7.608154438302550115e-01,-1.372059681419601551e+00
1.928105977578569441e-01,-1.535319432061280631e+00,-3.841430902088759924e-01
1.336502606595921794e+00,3.890896047617055653e-01,7.916787975610664052e-01
-3.332552785084555991e-01,-6.941844452432801571e-01,-1.412099631410048017e+00
-7.446766042322753298e-01,1.414358576680945223e+00,-2.340273102502555547e-01
2.275222548755449770e-01,1.180053383376858944e+00,-1.090105933805310512e+00
-1.120098425156073274e+00,-1.027209042486264101e+00,-5.881341741517132071e-01
-6.736662254496429691e-02,4.197351195363214771e-01,-1.580563025408004307e+00
-1.157703297531943454e+00,7.301958850234927523e-01,-9.103873281093946002e-01
-7.395333239701096240e-02,-1.115360996936059168e+00,1.215031103129640355e+00
1.446074365564845809e+00,7.589957738894339556e-01,2.868552728150758346e-01
6.650973832411011255e-01,8.773439668093009347e-01,-1.249502833582589956e+00
4.649962958883998576e-01,-3.296577751160593150e-01,-1.572406769112969949e+00
2.241266951034194266e-01,-1.264475385487869641e+00,-1.082776725997955714e+00
1.205120972182546879e+00,-7.432694537225297271e-01,-9.171212014685453662e-01
-1.519728164454671182e+00,7.480393493379955405e-01,-3.530740941545016526e-02
-1.729145879825231755e-02,-1.693822690363169459e+00,1.603757812281811634e-01
1.442409937952595422e+00,-9.008814256904053019e-01,-1.666105726439915669e-01
6.547814301419229155e-01,-1.308140470989087589e+00,-8.971780337031067809e-01
-5.386112409026805325e-02,3.529797350530258226e-01,1.685994455148963178e+00
1.207574800350873279e+00,-1.238003104736455695e+00,6.729332855107839073e-02
-1.333001643988887208e+00,-6.644263623380635142e-01,-8.958659139933002891e-01
-6.969251521995966092e-01,1.383689037449232995e+00,8.039387957049347611e-01
-1.426466163589631853e+00,-7.938593238992921672e-03,-1.018630224488303426e+00
-5.277755577508416174e-01,-1.659852960011834133e+00,2.546558846688931066e-01
-1.732548737952515294e+00,-1.046805592159163467e-01,-3.347120846060641086e-01
-1.413052291928887483e+00,8.898372351217673781e-01,6.021384109231273651e-01
-9.191668835693916906e-01,1.458081705297155306e+00,4.547381425765786300e-01
3.289127826709462021e-01,-1.235616606965975750e+00,1.252781497207739569e+00
-1.011019097968700597e+00,1.452884729935877806e+00,3.134888053218193860e-01
-6.525687726764743957e-01,1.631227445490867067e+00,4.143127085990383485e-01
-3.239637614517541786e-02,1.797215506386280470e+00,-2.337665326706342139e-01
-7.787648006545501156e-01,-1.241887559344357461e+00,1.079063615265322573e+00
1.057363879257960937e+00,-8.913962674531815678e-01,1.195061727758029768e+00
-5.913061579995341349e-02,-1.450909995262425478e-01,1.828675732133649090e+00
-1.559246979872970673e+00,-4.537155788776817134e-02,9.814798038637955191e-01
-3.348681717335852404e-01,-6.761308263431418109e-01,-1.689827920531599359e+00
1.660388599996811321e+00,-8.021952129276129773e-01,2.297462943438590144e-01
7.797435938254940746e-01,1.693325677559369025e+00,-8.006245705842784943e-02
-8.303618420920934051e-01,-1.630894665336744875e+00,-4.015023964063394457e-01
1.191126466016857677e+00,9.919567650468215092e-01,1.066167341362616261e+00
-1.643979865467376733e+00,-2.398339702583391075e-01,8.991249195976156461e-01
-1.721943431101183863e+00,-3.403754723256582349e-01,-7.190314701501537842e-01
-1.405566261428271013e-01,-5.017686989127471131e-01,-1.831925719483976422e+00
1.176069020759706651e+00,-1.099176420930679798e+00,1.032412970556513487e+00
6.523469218637879541e-01,1.301958213958784638e+00,1.251587748186526738e+00
-1.028722469705672493e+00,1.492851534475221786e+00,6.560221419322457281e-01
8.687473047940245108e-01,1.501934706968802491e+00,-8.585023845534228704e-01
1.602064280224617110e-01,1.910763399374636240e+00,-3.184149981653435213e-01
7.866083981975995065e-02,2.998698463632498701e-01,-1.926830831055054816e+00
1.576419562452693546e+00,-9.342304089752991869e-01,-6.941316383693525438e-01
1.370221386559811627e+00,4.168760635477395393e-01,1.348900222971844087e+00
-1.995960057251631448e-01,-7.671887105495273085e-01,1.809345587969541702e+00
-8.965556816733337431e-02,1.804634760952401384e+00,-8.178835792590801734e-01
-6.514998079845710777e-01,-4.070592798741964891e-01,1.837189510062116726e+00
-1.123858668480810952e+00,6.297925677003831657e-01,-1.528941312595842428e+00
1.984661050893318901e+00,-2.708486188783434390e-01,-1.314265550478491695e-01
-1.078777672608173699e+00,1.428596353023538157e+00,-9.258647792851747438e-01
1.683488714864443736e+00,-4.221895139983170564e-01,-1.040226170533275818e+00
-1.001035161713373922e+00,1.243740612008267465e+00,-1.256293557584968745e+00
1.571526519530763499e+00,-1.275222360628435192e+00,-2.536702659093472145e-01
2.045284986110159908e-01,-1.933171574184393116e+00,-6.437916730925101749e-01
1.359722083462057363e+00,6.689879173266015666e-01,1.389422516780287165e+00
-1.046168568097132656e+00,-1.333023513714200359e+00,1.178606382834148425e+00
-3.183982834682538843e-01,9.640579913800055856e-01,1.806548176819267493e+00
-5.092237762927726008e-01,-8.333146801224162736e-01,1.837054065432591532e+00
-1.890261422096472799e-01,6.223042964718854542e-01,1.984894427408623985e+00
-3.009930732624554461e-01,-1.973814699509605752e+00,6.409292052451066590e-01
-1.024628636202505744e-01,-1.053477025063875860e+00,-1.819828305885707209e+00
-1.978867802667899634e+00,5.938732554583402434e-01,-4.454946391609110878e-01
-9.223483567853789644e-01,1.364886447602858155e+00,-1.337398518930581925e+00
1.578515049430782025e+00,-1.339950547594710439e+00,-5.005341541282227746e-01
9.674474975061226889e-01,-1.779693197020779216e+00,-6.856482868469853109e-01
1.242019665135903450e+00,-1.728604544571655577e+00,2.803291285988243065e-01
1.993944014508113760e+00,-7.763214983906816524e-01,-2.586690749503024467e-01
1.409126532927604813e+00,6.903156712702768205e-01,1.489826764353871846e+00
-1.210357573792693930e+00,-4.015449608536713066e-01,1.758450253241254924e+00
-7.638922108386393406e-01,2.042418991684618490e+00,-1.319891861423118200e-02
1.896814544994361862e+00,1.049080905965162014e+00,-3.062214112154473811e-01
6.905417144154527564e-01,-1.890298263418157099e+00,-8.828803224336867483e-01
-5.439157381027862614e-01,3.101926467275140098e-01,-2.115427713787900732e+00
1.354073917677820482e+00,-7.251873018485032185e-01,-1.595453483822925955e+00
-1.572318723612991853e+00,-1.153908592333168226e+00,1.067343625522247264e+00
4.842207092529938195e-01,7.903639552484417186e-01,-2.030281201944330594e+00
1.978018150201184211e+00,-8.780950522116216517e-01,-5.797398857530781102e-01
-1.825380775136756784e+00,-7.993583290664183494e-01,1.042823853103352016e+00
2.228336688565823565e+00,1.308430444680041826e-01,-3.389387598843250360e-01
-5.883247278216625631e-01,5.592245292394228962e-01,-2.116102282673750778e+00
-1.496647822052523669e+00,-9.576454995868489695e-01,1.420993163773989210e+00
-1.090241408023529868e+00,-1.557158269535857953e-01,-2.000788399842238441e+00
1.991095074114867192e+00,1.080832350205884751e+00,-3.512699627209762143e-01
6.381049648525906060e-01,-1.057623307584368400e+00,-1.941798129835349274e+00
3.624461419897079817e-01,-1.820640413795471035e+00,-1.375048876655487140e+00
7.105797342349124968e-01,-7.771963308455989150e-01,-2.066081310981772390e+00
-1.459407033103435003e+00,1.169862104650468693e+00,1.385732609571930452e+00
1.561940047597893289e+00,4.650168973147881246e-01,-1.674549627358577597e+00
-1.768254653871904836e+00,-6.717086644065820566e-01,1.386965204968200860e+00
-2.284837643671028484e+00,5.618962510325182791e-01,-8.496526922320468689e-02
-1.626780914841639891e+00,-1.016042668182471465e+00,1.380860823047348696e+00
1.831876524190149957e-01,2.109769171952042388e+00,1.069217053496909431e+00
2.267056709071975096e+00,1.667633368478905753e-01,7.093623303100732302e-01
-1.350615023490094879e+00,1.007888969113145849e+00,1.695129105431279148e+00
1.160403493652717222e+00,-1.074929627464336512e+00,-1.804061699132250229e+00
-2.067470191248915956e+00,7.596558981148142653e-01,-9.739593886545933055e-01
-1.135665615498147041e+00,2.092965520295446691e+00,4.166526682794843839e-01
2.077078665677644320e+00,1.253659331392734444e+00,4.396904737008409947e-02
-1.536404142971476761e+00,-1.754190041089608965e+00,7.031493314250978344e-01
-2.270406300468547300e+00,1.895661832304349204e-01,8.865820723965726069e-01
-1.918507045893638407e+00,6.101647282493387614e-01,-1.403063653447963910e+00
-1.474426679973017684e+00,-1.660582289164318937e+00,1.065468659527126327e+00
-1.163792746922782451e+00,1.986174320071630195e+00,9.015580597745012081e-01
-7.994803775566384774e-01,2.317339365301825271e+00,-3.854640968605038687e-01
1.970906201347919717e+00,-5.945970011896122287e-01,1.402065830517163159e+00
-2.276489019703541228e+00,-1.024034106685249190e+00,1.379827905947699773e-01
-5.877585828236421284e-01,2.423023143166709747e+00,2.831241457324404354e-01
-1.496667316826755245e-01,-2.422201487486762783e+00,-6.738446482555315864e-01
2.203937869911202441e+00,-8.167658222346425578e-01,9.307196632745836640e-01
2.323144340404867503e+00,1.020347429407418849e+00,-6.025711077843767458e-03
-9.278103780678852441e-01,-1.767946524344717663e+00,-1.580959519239333755e+00
-2.220516446271886546e-01,2.291192183348041311e+00,1.111344402643601459e+00
2.564106280114368364e+00,-1.677456644429722865e-02,8.595865610778488652e-02
1.730028609875645884e+00,-1.210698928800664875e+00,-1.473831712403411931e+00
9.164947361276608584e-01,-1.401344471616165155e+00,-1.968808337360517191e+00
1.708280516569365304e+00,5.420142188543377593e-01,1.875421147355213591e+00
2.454870938972793848e+00,2.926671494832945863e-01,-8.165416209878777476e-01
1.859764647926494208e+00,3.288176588325626981e-01,1.806053578163702378e+00
-1.150069485688973048e+00,-4.269969524171779440e-01,2.318165292576738867e+00
-7.209349954521447890e-01,-2.323559902412198230e+00,-1.005342602423203280e+00
1.628320659964091588e+00,-7.780212119064825460e-01,-1.929631315661376689e+00
-2.294595573545401113e+00,7.847081844643302162e-01,1.072582970259888135e+00
1.573805397397786354e+00,1.492707044497237012e+00,-1.542011395545034302e+00
-7.895911417210875749e-01,1.711765744458588978e+00,1.892360570333399661e+00
4.225557523909012070e-01,-2.646315531828867584e+00,-7.208250158756039638e-02
7.822528066668344993e-01,-1.792617285550947015e+00,-1.847640113803595829e+00
5.274088606258036105e-01,-8.018229479810168314e-01,-2.524054567153378503e+00
-1.971959704869318708e+00,1.599142439416073813e+00,-9.482297544877119622e-01
5.843758161108844051e-01,2.367738746012577611e+00,-1.204474668472338861e+00
7.494657675739988534e-01,-1.256639423160983648e+00,2.304636916865965279e+00
1.650273299999724497e+00,8.526622190725114958e-01,2.013912551078644420e+00
-1.512383706629278901e+00,2.242032738422461424e+00,-4.966737273595596691e-01
-2.461296824396624228e+00,-1.198571320755385639e+00,-3.477124888679337111e-01
1.365103288438855200e+00,-2.047104984116217441e+00,1.271382016269967163e+00
1.384138609832420430e+00,-1.673023952397072467e+00,1.735266416616054075e+00
2.087814690369985016e+00,1.849975770385233975e+00,-2.004159085012185634e-02
2.359347893153816766e+00,7.377188837443102720e-01,-1.314214528947671212e+00
-1.032229870439411501e+00,1.310516419600169957e+00,-2.260848586739850674e+00
-2.337135309671079408e+00,-1.572382823483490899e+00,1.289378177447918772e-01
1.895763797300899389e+00,-1.317033843370280843e+00,-1.637037884124874276e+00
1.986480596383150665e+00,-7.830955512207485314e-03,-2.029718161617131145e+00
2.068407053066961598e+00,1.541576496079752667e+00,-1.212040664232673537e+00
1.374346667719781312e+00,1.759628626409495578e+00,-1.787996144648155150e+00
-2.678648087725410409e+00,-6.719237151466498359e-01,7.835928159605117793e-01
-1.482070897261213327e+00,-2.466443009841045697e+00,1.405126767014298894e-01
-2.966644385466233325e-01,-2.856451139158331376e+00,3.341017635100554939e-01
-2.239414599729216082e+00,1.549631134600521820e+00,1.001152259832627678e+00
1.954011521647271543e+00,1.248377883290145096e+00,-1.761275921278985246e+00
4.038542610369231234e-01,2.869630474058530112e+00,3.758385435927654727e-01
2.338504379129179078e+00,6.163168637547358220e-01,1.658760146764651777e+00
-3.579449110936244738e-01,-1.189139098069690759e+00,2.668133146769026354e+00
-2.549332980112139158e+00,-7.462193798666652000e-01,1.291015598846460444e+00
-2.614180281362786129e+00,2.140481536170940613e-01,-1.380158949854800365e+00
8.427745735596047227e-01,-2.786211575337617763e+00,-6.112780536730776371e-01
2.670447363520527251e+00,-8.026700782143250112e-01,1.064908335606522538e+00
2.931493140624146232e+00,1.866913618552720200e-01,-5.866603931353882029e-01
1.294290983265312667e+00,1.299469315401927894e+00,2.381665643481061689e+00
2.715413062780294595e+00,1.313915651097554260e+00,-1.233728504057148359e-02
-2.731938978194646817e-01,-1.910480570689142343e+00,-2.332309730546175519e+00
5.056630078761623071e-02,2.694642142248932171e+00,1.401864729225869022e+00
1.516705865373193296e+00,-1.143138206652185795e+00,2.384690813914133400e+00
8.064093600751255364e-01,1.729564316746595276e+00,-2.391161846579908268e+00
8.197609234753159280e-01,-1.975116117430395293e-02,-2.958509359585737908e+00
2.576825724085979097e+00,1.535036907979316023e+00,-7.035914424494172925e-01
3.813296581757079085e-01,-2.101350204920200859e+00,-2.235389009939437788e+00
8.181708840478385536e-01,7.802598087389830406e-01,-2.889097777688018009e+00
-1.638203017238285542e+00,-2.189618449743408579e+00,-1.488090052856056777e+00
1.514961238047689784e+00,2.090733956610467459e+00,-1.759016986372306857e+00
-1.221730938905595254e+00,2.086208742694879437e+00,-1.995946882808951717e+00
1.320587126923288279e+00,-2.796202494266019301e+00,-5.785286531329922877e-01
-2.389639000860542595e+00,7.322430289239064694e-01,1.928718510334609615e+00
-1.627457255202540143e+00,-2.490738755202313914e+00,1.087956391296499126e+00
-5.379835361971926910e-02,-2.432986932247066747e+00,2.045405992172169896e+00
2.745641486240492757e+00,1.612985204496128366e+00,1.900583384485552418e-01
1.470745495364052191e+00,-2.716461530756201004e+00,8.396120591280878953e-01
-2.607077810515163185e-01,2.877428072162905082e+00,-1.403882821813714710e+00
-2.144636276139780140e+00,2.399733904445721322e+00,-1.787094489423877441e-01
-1.528826691846217223e+00,2.925117838599436415e-01,-2.835376979936313990e+00
1.686117441792837957e+00,-1.656689802695494595e-01,2.768455993914889834e+00
1.015806181846306000e+00,2.882436509559479276e+00,1.125821794651031160e+00
-9.720256950173392640e-01,-3.029850518809991122e+00,-7.459102664331226373e-01
2.876263770672623288e+00,1.575071131131866586e+00,3.669164617043541021e-02
2.184547230708667964e+00,2.461117537439158731e+00,8.285932100598502811e-03
-1.682531998577231902e-01,3.296823616137883661e+00,8.268119493419266719e-02
-1.585388884534916776e-01,-2.690891722364475047e+00,1.927015248129837266e+00
-3.316381254271691059e+00,-2.275495731761860430e-01,7.029870395692160157e-02
-1.358486993509525176e+00,1.787368460997039277e+00,-2.468010354669160300e+00
-2.446134820046943936e+00,-1.427834275828816502e+00,-1.784815117231101089e+00
-3.293410438485812719e+00,-5.742581653204370529e-01,3.295343718734445870e-01
1.776200002570860859e+00,1.565424015948511771e+00,-2.399377207443857074e+00
-6.887255475901973290e-01,4.352652194599857666e-02,3.311225276752236102e+00
1.372562119603772501e+00,-6.968352475553035892e-03,-3.104021010160149974e+00
7.219588375832997063e-01,1.870034031341430092e+00,2.753110070738417736e+00
1.854009679993203971e-02,-3.218231948280465549e+00,1.148881087151888858e+00
-1.772112818785929855e+00,-8.147629413585882885e-02,-2.934308535912771188e+00
3.250143768710125336e+00,1.120654314356019920e+00,-1.351678385408590644e-01
1.463087755774337806e+00,3.025964340183266543e+00,7.882585384619281710e-01
2.164434019446013657e+00,1.641100330563467269e+00,-2.149838652584117771e+00
3.325048563410482050e-01,-3.458355941542811340e+00,1.041603165146363225e-01
1.597077394338362183e-02,-3.038609295858432535e+00,1.711890557424760706e+00
7.574549346344325862e-01,-2.572724290619232246e+00,-2.248144580593824049e+00
-3.028184015731264722e+00,-1.546225877625877487e+00,8.771653687061202742e-01
-3.101054413229648254e+00,-3.592064104971752214e-01,-1.633522236621101298e+00
9.595328174687300926e-01,3.356456997119683372e+00,-5.583817921697938891e-01
-2.392434823637048513e+00,-2.556527654274993733e+00,5.688233556437843896e-01
-8.941875190873205259e-01,2.674208231879995790e+00,2.171986998149054049e+00
3.698749873317621617e-01,-2.623304531687670860e+00,2.394956598487255395e+00
-1.259345129273668935e-02,-2.837388889246390100e+00,2.188560014305421131e+00
-7.788229872331884351e-01,1.912194429376880001e+00,2.943564589858889136e+00
3.474887720060553686e+00,6.597189078286770370e-01,7.106114206360640839e-01
1.834053377626543968e+00,2.477549850448870661e+00,-1.897624348671605787e+00
3.054468425918986707e+00,1.492302041432269633e-02,1.965057488525696616e+00
1.954916536022226203e-01,2.166017233449080148e+00,2.924141057830398349e+00
-2.429107902692154042e+00,4.670167821245161388e-01,-2.692825474574681799e+00
1.482731383211504328e+00,-1.529374958371117144e+00,2.987066270068303719e+00
2.931565765684441160e+00,2.186821243655546976e+00,-4.175941793495150378e-01
2.553039358126176328e+00,-2.633987735246169137e+00,4.311556422419263179e-01
5.577788891503072666e-01,3.631459868096098109e+00,4.846338321769012025e-01
-4.892257942997567666e-01,-9.370660392911492886e-01,-3.564869243070065252e+00
-9.005743397698441344e-01,-2.872977799524940146e+00,2.203061976199634397e+00
-3.079136827485220884e+00,-2.427427797010859034e-01,2.114675934539056890e+00
-3.374224231178661881e+00,1.130746577304557743e+00,1.200744117141388179e+00
-3.118354006937672729e+00,-1.913920179330995230e+00,9.016667669861049283e-01
-4.179425045005082939e-01,3.501247057529731865e+00,1.364493797981510825e+00
-3.389430564852322192e+00,-1.547360014107547865e+00,-7.129370891211004313e-01
-1.267785870494651190e+00,3.043042992753220322e+00,-1.902527673476800407e+00
-3.662813084742145599e-03,-3.801846528959167415e+00,-3.601208608490633623e-01
-3.080899412229366252e+00,6.495850599429128236e-01,-2.183379471544102390e+00
1.139249090311785118e+00,3.644523885396397933e+00,4.455274678096227126e-01
-2.865121452226538690e+00,-1.581151285774213155e+00,2.041678115795769521e+00
-3.645546589781566205e+00,8.588208659017705360e-01,9.741071596848458469e-01
-3.818408962441463217e+00,4.921610479646430503e-01,5.036325160706289772e-01
2.434797571631189594e+00,1.228949979118115765e+00,2.781689700630569195e+00
-3.800567835755716217e+00,-6.902249277241817582e-01,5.970459742335967324e-01
3.509342655244909182e+00,-1.073438477580665129e+00,-1.382341708038290262e+00
1.480552880630349621e+00,-3.601847042351474126e+00,5.615358402850224584e-01
-1.948090434844801377e+00,1.815461320641985621e+00,-2.914163324192017956e+00
-1.502030969852461206e+00,-1.266557209614721513e+00,3.438937562935249659e+00
1.919144408920459899e+00,3.218077172431513810e-01,-3.464642056561393790e+00
7.254949248741743295e-01,3.833634679164827475e+00,8.196356360141766606e-01
