0.000000000000000000e+00,0.000000000000000000e+00,0.000000000000000000e+00
1.319096604256115267e-02,3.271607620730853511e-02,-1.788006664876475721e-02
5.094786092813160389e-02,1.315880088644645445e-02,-2.176967526171396869e-02
6.013075804949811337e-02,1.448949987270386260e-03,3.720140497913373284e-02
2.963422184869298967e-02,3.617840961073225114e-02,-6.813164893224314678e-02
-2.061802141593714957e-02,-4.882725191569521725e-04,9.106200407431049026e-02
5.189065131378231555e-02,4.706680727852178420e-02,7.586330076862739247e-02
8.161102551975610297e-02,-7.534734478202195773e-02,-1.802105355277981019e-02
-1.025503790530488818e-01,-1.244252917588050018e-02,6.357119605657417238e-02
4.385418757536033857e-02,-1.153679172080643855e-01,-3.974094185117074685e-02
-4.513672366218350607e-02,7.357876409326133404e-02,1.072772259438493359e-01
2.846297863426230923e-02,6.862363735701791645e-02,-1.250355181905193624e-01
-8.235856011703523993e-02,5.255000222372919333e-02,1.176765432521604676e-01
6.998419454595361869e-03,1.499291231654635848e-01,5.610584132730381951e-02
1.236491535441271716e-01,-1.114686289808210357e-01,-1.697709111873467458e-02
1.231928935188515983e-01,5.266610649986596532e-02,-1.114555465105551701e-01
1.500984532324368438e-02,-1.710773502251088651e-01,-5.737697624134432961e-02
6.183834660260301846e-02,1.291479061305559617e-01,-1.213915055404296284e-01
1.518035138979959009e-01,1.144682296017636436e-01,3.984198052580553012e-02
1.666228020383902775e-01,-5.139132724690421983e-02,-9.933313957187188403e-02
-1.395338611297243792e-01,-1.521625925144455549e-01,-1.501549952877153163e-02
2.729811960546234522e-03,2.019556980767909793e-01,-6.835762679699884659e-02
6.894673206026193102e-02,-6.274458899752909102e-02,-1.985789690623773751e-01
5.573844751709829126e-02,2.080498892018900758e-01,6.656062999997172658e-02
-1.238217163280903588e-01,-2.410984530479843430e-02,1.940261118480487990e-01
-8.831810510494383926e-02,-1.807973643123463592e-01,-1.258902101757864711e-01
-8.888174142429021429e-02,2.380897937335636066e-02,-2.251344405262903359e-01
2.216583124367802193e-01,3.645044575013338655e-03,1.134111464402028230e-01
1.074772983333031062e-01,1.853820280025134104e-01,1.377840279370853016e-01
1.197163768090096225e-01,2.305629235327145421e-01,1.856182438570309554e-02
-2.185506045584717505e-01,-1.151346194383334048e-01,9.893370486715365175e-02
1.710581227433615736e-01,1.257267008855648405e-01,-1.695623266663232598e-01
1.724496531997795901e-01,2.579740532933729250e-02,-2.155576320643624311e-01
-4.533846003862886803e-02,-1.957840622758346416e-01,-1.989252311927270922e-01
-2.715358938791902488e-01,-9.108385434471531761e-02,-3.252145091237739621e-02
-2.538181566343182261e-01,-6.609212414657901491e-02,1.321360236985302250e-01
1.081271712976706739e-01,8.050057310457021942e-02,2.669919066256754570e-01
2.837332055802063713e-01,3.076162217813958877e-02,-1.060617453677215744e-01
-2.391836982037511272e-01,-1.968593263333648091e-01,4.417409800614637699e-03
-9.534461092049603681e-02,-1.282186324899520224e-01,-2.716100918814692844e-01
-3.103974116810157557e-01,-5.602515864721287903e-02,-5.636191057105012503e-02
2.083916600811045947e-02,3.235265945076722938e-01,-3.092558536675895503e-02
-1.895467766629266582e-01,-2.676347514528022442e-01,-4.405219121396792420e-02
1.201686819176946974e-01,-9.686326608613191058e-02,2.985791659615388283e-01
1.754141132984243512e-01,-2.742685335922796508e-01,1.024381920035111471e-01
3.183747986376504469e-01,-1.353482742518674342e-01,-1.893456130696730827e-02
-1.205243776615239487e-01,-3.086129671198674651e-01,-1.177466577172806145e-01
1.533572252618800938e-02,2.733506128812869806e-01,-2.287089360850353414e-01
2.483926458222910083e-01,2.197819645931126109e-01,1.446744468204183287e-01
1.311974577328452185e-01,1.001309568098561198e-01,3.277255489744867467e-01
3.111774992023374486e-01,1.884686004331264375e-01,-7.771519451396391442e-02
1.555202831768097982e-01,1.521977645118902933e-01,-3.079424050988635031e-01
-4.548774058102707935e-02,-3.353923229234610504e-01,1.773391642932037604e-01
-2.851766587539991127e-01,-2.611975638707790259e-01,-1.797039339891454840e-02
-1.980717812606249545e-02,3.789737553613931609e-01,-9.882011487043154685e-02
3.244418539840653037e-02,5.573375982197633499e-02,-3.918744589281328294e-01
-1.961396134441448225e-01,-2.933771394605474980e-01,1.927923670142029644e-01
2.905435056810212191e-01,-2.740702119151793292e-01,-7.877119780956937101e-02
5.629245741903140393e-02,3.590921672428233902e-01,1.941234329798592062e-01
-3.143859976220624297e-01,-2.586197063891195191e-01,9.045579723166735642e-02
8.772726722600167337e-02,3.793866456753683947e-01,-1.625416841267847967e-01
3.372412081726988142e-01,-2.509994717199051650e-01,-7.418285799223098276e-02
-8.225158709424328085e-03,2.425433793895340473e-01,3.571641381944419269e-01
1.800201290820190592e-01,-1.773312246901285472e-01,3.561933626288186772e-01
2.153440399264630878e-01,-9.323256101113364461e-03,-3.854530734663188518e-01
-4.338646687105350286e-01,8.013413868861586631e-02,6.871275359969832019e-02
2.325803116043902510e-02,-2.681859357867530380e-01,-3.623604314676757698e-01
-2.801930233315164664e-01,2.383705402746292557e-01,2.699449110415591546e-01
-2.047662772561914257e-01,-2.992247159048284089e-01,-2.849640313089355503e-01
-2.969476985717061090e-01,1.291380382968972673e-01,3.351507892175369929e-01
3.501072043311547199e-01,-2.421400280268054539e-01,2.013121245311168539e-01
-3.221418211084667305e-01,3.486359103758033262e-01,-3.170709046355374428e-02
8.861250464406061900e-02,2.905876751209633957e-01,-3.723844768763404089e-01
-2.980870556955518835e-01,2.699439023142546912e-01,-2.718742331312483107e-01
-4.866094646190167738e-01,1.905728479260869121e-02,-5.664602154829258968e-02
1.959948699253147020e-01,2.748176785797884492e-01,3.621926737636482208e-01
-1.813502268703817977e-01,4.629966169762088635e-01,5.169373031001068403e-02
9.860949244615029030e-02,-4.079422864331690990e-01,-2.804127951120776729e-01
-3.710571177130558840e-01,-2.083909190367693454e-01,-2.802685437123645928e-01
1.178858482421809156e-01,4.941303205671747079e-01,8.080802563657842053e-02
-2.096824403445486373e-01,-3.764392079079155740e-01,-2.896420713405674086e-01
-1.688581383243911160e-01,4.113439195514442814e-01,2.772466879006356688e-01
3.766447450541336450e-01,-3.153259836398096261e-01,1.958337405891769079e-01
-1.706224054435725168e-01,-4.623494178445237690e-01,2.046138611427646414e-01
4.036584347716656862e-01,-2.849599927216715511e-01,2.138928019831677907e-01
-4.249329285037908654e-05,1.905282252132441678e-01,-5.087058726969427846e-01
3.248436036166121310e-01,-9.745198718734002230e-02,-4.304606392076799626e-01
-8.888059430940828398e-02,-5.422890491709122518e-01,6.014394333213637922e-02
4.355500177979305110e-01,2.310120177319095747e-01,-2.604726714099279694e-01
1.372106701459866740e-01,3.084536024554661027e-01,-4.497912206545515712e-01
-9.463006309351376655e-02,-4.890178656039983474e-01,-2.712927780909477615e-01
2.081104276807617393e-01,-5.325832449031726590e-01,1.390560454716402092e-02
-3.197714417932452924e-01,9.181154167530883661e-03,-4.799062888464317167e-01
2.304500605743211028e-01,5.749892622963352629e-02,5.308291331753299813e-01
3.614482420426239906e-01,-4.029775400527906282e-01,-2.252711877570781618e-01
-5.765648776278747834e-01,-1.241586248127771325e-01,-3.969390113522277413e-02
-5.523669361371670306e-01,9.066298258328313320e-02,-2.043762893172963169e-01
2.889051886605474850e-01,4.471907168603040938e-01,-2.781712013344555534e-01
5.963125487326893515e-01,-9.987331972629015509e-02,-3.215172317543462527e-02
2.190351501654609623e-01,1.694992815040842205e-01,5.437911141423532602e-01
-7.411485398174219585e-02,5.699696796728402903e-01,2.189087268037137046e-01
7.464048817826059168e-02,4.829376680675727118e-01,3.813006135694138043e-01
-3.579430957579436412e-01,3.729697204163828217e-01,-3.505962289370553875e-01
-4.498524791221488184e-01,-4.325657282709852725e-01,-8.167627399816665412e-02
-5.971308571743983995e-01,-1.542712070795207724e-01,1.477749658583956682e-01
-4.784334893517136478e-01,-2.193363327930685502e-01,3.623442295459195495e-01
-5.066430522333255880e-03,-2.812113728324346362e-01,-5.790857094882384537e-01
-2.760497414905041524e-02,6.390552752788293267e-01,-1.071680895746903728e-01
2.722059828910732837e-01,-5.172936496059021144e-02,5.916986463956666054e-01
1.813717786060544124e-01,4.220761494172921569e-01,-4.713001847160098179e-01
6.065399213807015633e-01,-2.158565204595291331e-01,1.581765246270422642e-01
2.931160431697050206e-01,3.598413202473875749e-01,4.800903202882398357e-01
1.151031175120282163e-01,2.293421377967114205e-01,6.216723079521458972e-01
3.596554076490904861e-01,-5.739622386861994441e-01,-4.533677170827058941e-03
3.480949310188828916e-01,2.724276323228728147e-01,5.195666091552877397e-01
-3.258275991311831987e-02,-2.617696011092491837e-01,6.342961968942218975e-01
-1.025238824763933937e-01,5.894294781386590770e-02,6.815869810267642936e-01
-3.053985458427813104e-01,1.700206076958363233e-01,6.025363891771775560e-01
6.820575638807265806e-01,1.322886633728869998e-01,-9.618456657090690420e-02
-2.600173610196096496e-01,-3.027989723583835446e-01,5.826121379438797820e-01
-6.784477514596743974e-01,-1.699261173249514700e-01,-1.280466950704863827e-01
-3.497508301021605703e-01,3.941266806166294767e-01,4.845411680396533582e-01
-5.023427542253611211e-01,-7.884631935812512135e-03,5.166829356242996774e-01
-2.613901441471996323e-01,1.394926850559192189e-01,-6.622458074548078777e-01
6.835407435199822856e-01,-1.435397516280814412e-01,2.134310570811994712e-01
1.533801324786471521e-01,-7.141200673327858794e-01,-8.351433520493925511e-02
-3.476838797399218750e-01,-4.703141887956695244e-02,6.515413858103759059e-01
3.766666057249516419e-01,4.596100990540218922e-01,-4.490761264805233077e-01
-6.592322677233454498e-02,6.779023980823771778e-01,3.132559022557593886e-01
-4.169679894871439751e-01,-2.975165840590352495e-01,5.540205474212573922e-01
7.055516290119847600e-01,-1.696330504316911070e-01,2.237889210467829681e-01
3.892541054121793631e-01,2.148946622003109763e-01,6.215760942508403719e-01
-7.664104548506229797e-01,-1.292257658482650652e-02,6.286113230910038430e-02
5.641414961294481945e-01,-5.135248354946362337e-01,-1.305425351055707617e-01
-3.215326129103791009e-01,-6.818577764332512947e-01,1.955658708190762818e-01
-2.816647625656577003e-01,-6.466876100678143890e-01,-3.415075251706230497e-01
-5.746379895377712321e-01,-5.389030016713536320e-01,-3.469598342613870040e-02
-5.941260008448166069e-02,7.360587992186996553e-01,2.902282312748463156e-01
3.524251554933752750e-01,5.678757507693751316e-01,-4.366101936063409017e-01
1.728766312633297220e-01,-7.703480100125912333e-01,1.477053403066728721e-01
4.110029893993104033e-01,-3.247398106199826384e-01,-6.153364748972453002e-01
-7.663237189433202978e-01,-1.119107764714444980e-01,-2.473385764214436344e-01
1.329325964418822115e-01,-2.970775513312808314e-01,7.503435988537030532e-01
1.492699317520654601e-01,-2.186266348878953547e-01,7.790424800419651907e-01
-1.620928413242138655e-01,-6.908324367869819183e-01,4.261021658170661142e-01
7.687891441494923428e-02,-5.547169059602896635e-01,-6.161343887330666957e-01
5.698616906333950904e-01,-3.888234521985938219e-01,4.748990616228578876e-01
-3.028812725442509568e-01,5.726695821345570980e-01,5.385502426829230638e-01
5.829636275675572632e-01,-5.839828373163808983e-01,-1.927867034791223011e-01
1.853545350539816672e-01,-1.821416867355054713e-03,-8.319085931220250307e-01
-8.744790003055594174e-02,2.782620753560037241e-01,8.060980231780571215e-01
-4.990074968220787888e-01,6.099975921992434325e-01,-3.496601248322267486e-01
2.644684168988341022e-01,5.248524544276321757e-01,-6.375802373372112530e-01
7.272300475439125167e-01,-2.855206661111591715e-01,-3.874906004034488483e-01
-2.369768644391893053e-01,9.803116335447545349e-02,-8.387114702089066842e-01
6.085163400037842951e-01,1.121707339069613896e-01,6.285376640903282963e-01
4.133032169782345777e-01,2.550725306568710771e-01,-7.421860047121874304e-01
-4.082241430352372968e-01,5.272154574148861794e-01,5.924230428082871702e-01
-3.749120552962110220e-01,3.981802922869133177e-01,-7.108918997841863208e-01
-4.084839386132881334e-01,4.435596235036873280e-01,6.706972601554000990e-01
6.524803450653463566e-01,-2.958211124142626769e-01,5.560784734465908929e-01
7.200230405209971929e-01,5.327818669622446102e-01,-1.710532324218793920e-01
2.992983749059542342e-01,3.264728502093702245e-01,-8.028262733432675047e-01
8.287633618443099870e-01,-2.971957238763689446e-01,2.733600877759952974e-01
3.530768373794251902e-01,3.895085662020250639e-01,7.634042457501746259e-01
-9.123939234804574472e-01,1.016623515600909716e-02,-1.895461143733130627e-01
8.989853948402055650e-01,-1.545065005361442312e-01,2.140925572900546914e-01
-1.240783796740507622e-01,-8.122201119621796916e-01,4.606909406836954823e-01
-3.524814854580425316e-01,3.365365603286477741e-02,8.783334721133031486e-01
-1.536380012130126975e-02,7.451316634258261518e-01,5.924210720047875522e-01
3.110122336039082835e-01,8.942280930355183122e-01,1.403011970091736782e-01
-6.895836372536204850e-01,1.165839655563140689e-02,6.708912496465133657e-01
-4.761899070826630664e-02,8.743419669728034194e-01,4.108257435241520761e-01
-2.087665032338548443e-01,-5.522468876922954628e-01,7.725186643229449146e-01
9.645957696595442998e-01,-1.429688658024668158e-01,-6.595116092601811808e-02
-4.850931620763249130e-01,-8.216132410481570281e-01,-2.341458621055285683e-01
6.301740871318843862e-01,2.957350491128867276e-01,7.004475946470732906e-01
-4.100508299873745766e-01,-6.637653981967170935e-01,6.136457544016135079e-01
-1.120346855348305637e-01,4.465450544760934393e-01,8.851438358976868592e-01
-5.429743949937321235e-01,-6.947486377671363567e-01,4.776489941693875529e-01
-5.307573087527615030e-01,-3.334561495392892039e-01,7.893199225017125675e-01
8.941065395232326019e-01,-4.357895543091973023e-01,-1.921604485213071201e-01
-8.716915088734089601e-01,-4.198397100064275023e-01,3.171143155663523339e-01
4.260268723075827380e-01,-4.846639165042123006e-03,-9.303897110188101838e-01
8.617666682342074447e-01,5.129441815393028792e-01,2.278920295707944910e-01
-6.425172148250518633e-01,-7.433191428808766377e-01,3.208492457259438657e-01
5.898598295598922459e-01,7.509073587498851232e-01,-4.088694051097026549e-01
-1.801297499348563369e-01,8.481832848064428942e-01,5.812496256147305917e-01
-5.662783469483583243e-01,-3.699730560738035412e-01,-8.018548724730207855e-01
9.591688603697012816e-01,-3.664553414449043256e-01,2.389680575130233575e-01
6.748543073528296965e-01,-8.164890573855297928e-01,1.622926782344679200e-02
-7.528234368771675733e-01,-1.351809733386500900e-01,7.405022683259279148e-01
3.655596806452311442e-01,-7.227533192783679450e-01,-6.988832501311328382e-01
1.041996292288476678e+00,1.950331603685193649e-01,1.783323472867185122e-01
-4.729202031554702867e-01,-9.104670908398906359e-01,3.379569281313347662e-01
-9.387880761221856218e-01,2.277319291845524840e-01,4.948997371275981605e-01
2.547747204374965491e-01,1.057329621827584054e+00,-8.134234233889919841e-02
7.289102376783448412e-01,-1.079551984281560406e-01,8.111354233554576298e-01
-7.276784321258369381e-01,-1.586997145252511676e-01,8.109912828982480670e-01
-1.967112370555952894e-01,1.030309066682506769e+00,-3.517820026054748750e-01
7.207548660777447491e-01,7.878104442315958522e-01,3.090234312047027698e-01
6.748364958995748397e-01,8.458296243184847407e-01,2.766111188135688681e-01
6.278933385407302614e-01,7.164366323559807626e-01,5.929618116860679855e-01
4.236484185056656887e-02,8.010601769193705923e-01,-7.921520167015768665e-01
8.494763045218460817e-01,6.149724432443064437e-01,-4.279373697982250535e-01
-6.925566290684090909e-01,-9.029344955269198447e-01,3.687757318726522012e-03
7.856384250717656226e-01,7.054137698111110355e-01,4.383873874966907058e-01
7.532621910300253409e-01,7.570533283407591130e-01,4.226590317726778845e-01
9.000616803805502331e-01,-6.987150634356971146e-01,1.819039944120964536e-01
6.143081709965574344e-01,8.915594221429316013e-01,-4.140687570333441703e-01
-6.300420665636453643e-01,-8.992083505693693191e-01,3.880135393587412773e-01
7.802442800251435662e-01,-6.844050036603347431e-01,5.397632154257256953e-01
-1.557859632699140351e-01,-7.725959304839781217e-01,-8.717165704414875371e-01
-2.465750620514927521e-02,-6.376561382913059628e-01,9.932037528065376097e-01
-9.437208439655181413e-01,5.546245349902007016e-01,4.562117600096228243e-01
-8.911346156519164285e-01,-2.762605713154446807e-01,7.407169953486777425e-01
-5.779227277298777388e-01,-1.043685528527032780e+00,9.306402154975049190e-02
-1.136337152294537578e+00,-3.870544290920288621e-01,6.141226643739274710e-02
-2.577250240249078783e-01,8.474040313941770819e-01,-8.205583354625923809e-01
9.851212525881740678e-01,-2.549723894199235064e-01,6.598649432141501237e-01
1.195847165989193384e+00,1.535092871529149527e-01,-1.744244045130962650e-01
1.112971534977803323e+00,-4.930747381434570920e-01,-1.242272072641197045e-01
-1.772118980768542379e-03,1.433686484761053370e-01,-1.220656845480532660e+00
-1.642757308132802019e-01,-1.459645936283720802e-01,1.214762497226009819e+00
1.252191082644373843e-01,1.641341382480487887e-01,-1.222611559665085279e+00
3.607204795032889488e-01,-9.458870651921601480e-01,7.253384636328696899e-01
-4.900537955190487627e-01,-5.769575247046226929e-01,9.957527952044277209e-01
8.403561786079965373e-03,-2.510053532718988234e-01,1.230927072042907966e+00
-5.804182927747851828e-01,-1.108315244230033914e+00,-1.636705807871190743e-01
3.120634104773136186e-01,-9.062440642543623248e-01,-8.289969453693880608e-01
-1.682909259070834995e-01,-7.391910928860671026e-01,1.022309079432565548e+00
-3.476195860044474228e-01,-4.602182420223161485e-01,-1.140713085690870265e+00
-6.131334566080172133e-01,-1.065171557671745317e+00,-3.707442045497130745e-01
1.710067224488582005e-01,7.634481593941387922e-01,1.024728516519064936e+00
1.984394662262538578e-01,2.058785616570192323e-01,-1.262804199295573415e+00
-1.314720543234680350e-01,1.060971330222242992e+00,7.401694634924570471e-01
8.449669396471704008e-01,8.009649860170928726e-01,-5.913738326850914717e-01
-2.554648650157881340e-01,1.193898077692983728e+00,4.786518099217303979e-01
-6.489306467435301817e-01,-7.594082359959752893e-01,8.582311447812225325e-01
1.245944480793102827e+00,-3.814131088596313668e-01,2.263052263993599322e-01
-1.243873539032025022e+00,-1.825473362978626002e-01,-4.281393264985608460e-01
-7.679004844349192338e-02,5.134018912076628860e-01,1.228509792464282713e+00
-1.148233063212087179e+00,-6.827871759469661406e-01,9.502390942647674643e-02
-1.007641017513277726e+00,8.812328591310498727e-01,-1.295930293536604883e-01
-3.076102193319587563e-01,1.113792720224433763e+00,-6.990521458224545626e-01
7.849279030423080006e-02,5.294667479144995470e-01,1.246013409608828226e+00
-2.703413299088094912e-01,1.632701480216519618e-01,1.324615090702692566e+00
-4.453073924805240336e-01,-1.246099618552554578e+00,3.444895651584851115e-01
-1.105529837193064191e+00,-6.516856391243620594e-01,4.881837894833023772e-01
-1.251682768053737460e+00,4.931307271194205200e-01,3.014844627296944246e-01
-5.159705937749848870e-01,-1.248018687865375620e+00,3.044015748010292510e-01
9.749074686012162427e-01,2.281396346680282516e-01,-9.642044142715051613e-01
-8.407660333231011807e-01,7.217239768396919164e-01,-8.486726862688015460e-01
1.199005222611169819e+00,-6.878992641847688772e-01,-2.304905573628492077e-01
-1.294042023175286715e+00,8.039334296275123248e-02,5.467672102757901165e-01
3.507577439207837933e-01,-1.353327994701061243e+00,-2.038218209046182283e-01
1.406250431631657749e+00,1.508493407607483239e-01,-1.094335957444237811e-01
2.697332710028264580e-01,-4.993697514379170643e-01,1.306307015275964822e+00
-4.507378347483684267e-01,-2.826484466821896357e-01,1.327363831425529828e+00
6.388863221910957568e-01,1.283501510323079353e+00,7.665440335393129689e-02
-6.758271331118475000e-01,1.268414140942135893e+00,-1.112775935496020802e-01
6.412275024049772787e-01,-9.148690670284814752e-02,-1.294265201912234042e+00
4.861995042933448530e-01,-2.186911334898925807e-01,1.351742945028708398e+00
1.024758972252089340e+00,1.788987271295429116e-01,-1.022811572815085723e+00
-1.281884199093181298e+00,-5.129159325051615426e-01,-4.887933379004741341e-01
-5.955510916616896938e-02,-1.460287760799967582e+00,-1.621317819275318317e-01
-2.588147436137609447e-01,-3.886407139357907492e-01,-1.400495711749459860e+00
8.161415828801922567e-02,-1.217908530890466023e+00,8.406487279803451784e-01
-4.232386772513330175e-01,-7.400480370661401963e-01,1.219501748841571365e+00
3.192808556393419983e-01,1.449412190824107549e+00,-1.693579730020500773e-01
1.379400792495301342e+00,1.504884094149214896e-02,5.881957617990919429e-01
6.658719637446904871e-01,3.198693864475090076e-01,-1.311820367099504114e+00
-1.008515214055475173e+00,1.120334192597052247e+00,1.097670137346435509e-01
8.389190794605584367e-01,-2.863943605797818481e-01,-1.231388790574822201e+00
2.898958939089638087e-01,1.493440684606950564e+00,7.513262021996928997e-02
-1.204296345829806381e+00,5.177256988804356669e-02,-9.407782597832574645e-01
-1.038442038339963069e+00,-1.094267219463286978e+00,-2.835767042620015443e-01
6.341435209815625695e-01,1.352703100181330109e+00,3.774652367738829950e-01
-1.071417821359845535e+00,8.268647282951254729e-01,-7.490719740555801254e-01
1.526645799250407665e+00,2.813565278903649713e-01,-3.700820634581362262e-02
-3.970793300086081778e-01,-2.664088120497800083e-01,-1.483598073437496057e+00
1.202984386262569538e+00,-9.948465603121235956e-01,-1.070082887686025636e-01
-1.006905239286815412e+00,-1.025797695559556022e+00,6.332131268024643322e-01
-8.818594149062947141e-01,2.751381695695653828e-01,-1.277709069593389701e+00
-4.375237191403145154e-01,3.272085785996757534e-02,1.520645717267510300e+00
7.174328560637283081e-02,1.296840869076566705e+00,-9.148583024177491252e-01
9.183345461220743244e-01,1.192352042214583907e+00,5.272762350715899382e-01
4.900636014298312970e-01,-1.012505171016541139e+00,1.138855210915118210e+00
-1.304064741833339536e+00,-8.544331350246884282e-01,-3.886432173949479485e-01
4.527794757003956172e-01,-1.202982848533135529e+00,-9.741549446628572362e-01
7.837580432721400481e-01,-1.414998148189743565e+00,-6.508203539311370467e-02
-7.868144220044328563e-01,1.045442339466600368e+00,-9.635299748762579108e-01
1.294534643780524075e+00,2.060654724339892052e-01,9.705287182670536694e-01
-7.588599562793618691e-03,-9.146299312788800373e-01,1.357756949652562106e+00
2.940193056634607949e-01,1.407267937883263320e+00,7.957815425195485792e-01
-1.275278038672109426e+00,-3.870322372203368610e-01,9.716527509808516871e-01
1.521438662439212608e-01,-1.449817691693709110e+00,7.844400051335431723e-01
7.622640438894713322e-01,1.263424661355280643e+00,7.638816434793280763e-01
-1.253600244543145559e+00,-5.523736859576139357e-02,1.098493393641896354e+00
1.205202312977878165e+00,-1.004437820081257815e+00,5.834420705582540334e-01
1.064634394198371803e+00,-6.501658755373714849e-01,1.125309877000936432e+00
-8.796372294157366323e-01,1.277403427538836844e+00,6.616246202697584344e-01
8.924609461478011374e-01,1.222304870383015496e+00,7.573963017988679658e-01
-4.311594329604321318e-01,-5.811385980101030357e-01,-1.536734884814834334e+00
-3.804566301128313177e-01,-9.064654713286146581e-01,-1.392792565701418184e+00
2.934210350501219589e-01,1.379453532105044067e+00,9.687866835230598550e-01
-2.428966687394876756e-01,5.385868842903596132e-01,-1.612393623639109874e+00
-9.258850586067750577e-01,-1.428082723961044742e+00,-2.714255460878723936e-01
-2.010009797164722667e-01,-1.716794563522150430e+00,-6.444669810785155772e-02
-5.287131647293062953e-01,1.649871009344011208e+00,-1.096617716140624588e-01
2.626673822486305099e-01,2.103220192527146537e-01,-1.709451432761843970e+00
1.131553788856766163e+00,2.471343091352500021e-01,-1.309922765713844361e+00
2.029181758771251426e-02,9.887847606810359902e-02,1.751927321866412202e+00
9.976495886414504799e-01,-2.510576076730818285e-01,1.429430926615172792e+00
2.974693923609630364e-01,1.740317651633449314e+00,-8.186569434926760369e-02
7.043974008498264938e-01,1.318584945125413022e+00,-9.547047238103445466e-01
-1.743119244718353889e+00,-5.559116841646770391e-02,3.567567319751725474e-01
-6.450981110678143393e-01,1.303393652532412128e+00,-1.037541153349713641e+00
1.772580907863640309e+00,-2.346263799337120759e-01,1.309745991002352339e-01
-1.727799466936480233e+00,4.531021253355131673e-02,-4.997931083694598375e-01
2.029050562778798583e-01,-1.179055460112450771e+00,-1.352333963221485247e+00
1.329078415340815278e+00,1.154612404970646100e+00,-4.286081321641080910e-01
1.287424148779231281e+00,-4.778175231504794840e-01,-1.191961212718560592e+00
3.167254052127594366e-01,-1.228480167369478959e+00,-1.311657382350173151e+00
1.237426244965072364e+00,-1.205304269915475013e+00,6.078217104095650081e-01
-7.643025125494059546e-01,1.667155407277052470e+00,1.161650837567919231e-01
1.329464293235007810e+00,-1.267644195399886708e+00,1.625376312461767336e-01
3.066517564895350212e-01,1.203909212176210719e+00,-1.371591975431575516e+00
7.578158352850465906e-01,-4.919901919614013547e-02,1.694697587648539061e+00
6.948230945907833966e-01,-3.582319447205668528e-01,1.691665177845840917e+00
1.547831809011856352e+00,3.658668631116132053e-01,9.835959725280859489e-01
1.438679260042256214e+00,3.177049374453327218e-02,1.204444357010894917e+00
-5.358207209329814980e-01,-1.796733079471102057e+00,-1.750980686094261995e-01
1.204344781351584626e+00,-5.243340964989601227e-01,1.358414124223034980e+00
1.503978525656037624e+00,-1.138528604447637038e+00,1.929796566457852580e-01
1.523058834007799067e+00,2.048444879106394168e-01,-1.121908755719496442e+00
1.240042082664037482e+00,-1.430446717931131095e+00,2.480046660303041606e-01
-8.203369642083016000e-01,-1.542269474207178748e+00,-7.867731157626473015e-01
1.507349480252666352e+00,5.751631963091821120e-01,1.045441571413990633e+00
1.107861786324027875e+00,9.477263744578080518e-01,-1.263232507140450878e+00
-5.059577187821244770e-01,-2.295867117608207386e-01,1.854229101856442519e+00
1.982733926409284975e-01,-1.843585273293108617e+00,-5.783192655056617060e-01
6.907760992829228286e-01,1.594478988548745590e+00,8.825390221272473301e-01
-1.310023402592018105e+00,-4.987613814736907569e-01,1.363619688094804161e+00
1.446841026901306781e+00,1.322099875312032768e+00,9.588751436725002908e-02
-3.259503377837699167e-01,1.409611708598168311e+00,1.335472763497133508e+00
1.898325988273123599e+00,5.111855229605664075e-01,-1.953607255325323366e-01
-2.654091554280463838e-01,-1.920688738472751567e+00,-4.124923703294698929e-01
-7.092904024685366959e-01,-1.090053150148813099e+00,1.504986957785175328e+00
-4.659608179172028963e-01,-4.202574470436410969e-01,-1.894559226428000676e+00
-1.764519969701483282e+00,9.388972757210091169e-01,1.223394436113244971e-01
2.271384336006734006e-01,1.305085657060527371e+00,1.510715238125355242e+00
1.679346872225135012e+00,-7.545039424478173773e-01,8.214831771832666885e-01
6.116895219400995121e-01,-5.822103077136484561e-01,-1.838080719497171112e+00
7.263895934055208947e-01,1.889649617998654385e+00,1.440653613755912832e-01
1.801151783193764677e+00,-6.065689791490475047e-01,7.312590446027096291e-01
-9.167454231216101146e-01,-1.004245268679188507e+00,-1.525013732956332246e+00
2.795953387044508021e-01,-1.200841449101098579e+00,1.637782555769582427e+00
1.387314556091225004e+00,1.498697760402869283e+00,-2.446648955314655316e-01
-5.357965562054360642e-02,1.940116880510073250e+00,7.013489445347753648e-01
-1.282825321995259893e+00,2.939534582714938282e-01,-1.598476722796494220e+00
-5.057834984943364587e-01,1.673344798400020039e+00,-1.122402057213552240e+00
9.872144231661863500e-01,-1.497236328933808647e+00,1.062088944426308634e+00
3.683924021065534959e-01,-1.669522490316909691e+00,1.204212107353516803e+00
1.091826912448824460e+00,1.540635397489309666e+00,-9.145780843658234405e-01
1.308497430001865469e+00,-1.158387687926459853e+00,-1.173528508640945267e+00
1.097828386010234913e+00,-1.785803808219364130e+00,-2.571458645304723900e-01
-8.120067891726557852e-01,5.911905812528697179e-01,-1.865739767870070454e+00
4.207028455680120738e-01,-1.314701547606556442e+00,1.616776348874089608e+00
-1.342140657340958665e+00,4.887668149757046221e-01,1.583939490137932671e+00
-1.930067968372993104e+00,9.236188194358987413e-01,2.681284965338380163e-02
-7.100065815082867715e-02,-1.243717654020146668e+00,1.748452249276467585e+00
-1.150438711000083991e+00,9.280258282239950418e-01,1.566645845818530169e+00
-4.087316296656933745e-01,-2.121756608663794008e+00,-2.285302424440254637e-02
-1.184702185465950297e+00,-5.144648156732558597e-01,1.741180906263713357e+00
2.006866030427828296e+00,-1.396086441842918748e-03,-8.384604295905931926e-01
-2.120384356084728861e+00,-2.763709548363288415e-01,-4.346255852001259523e-01
-6.862650093603225310e-01,-1.849248358787916713e+00,-9.495097908777572204e-01
1.295379052704830336e+00,-1.120890694327193460e+00,-1.374387349501834610e+00
1.089329393606844665e+00,1.907269435100632959e+00,-1.740168612022949257e-01
-2.041022133155989682e+00,2.189335801016136229e-01,8.199429483473593683e-01
-1.012147167652053703e+00,1.674022005843530669e+00,1.044409102720974092e+00
1.500519228940499383e+00,1.034613797025893511e+00,1.275668784850723547e+00
-5.404132049496094270e-01,1.593852924352165079e+00,-1.465876717799789564e+00
9.821015197401312680e-01,1.376159625111736284e+00,-1.467966205183758310e+00
2.113689122818071642e+00,7.601070960147796596e-01,-6.066191107735915099e-03
9.050983398163150451e-01,1.613545545544341708e+00,-1.286518579515737670e+00
2.233814840920897549e+00,-2.038903334717581950e-01,2.809041538589228670e-01
-1.170296709365557852e+00,1.319046957637187711e+00,1.426056577014616744e+00
4.864691292595242356e-01,2.164263353601304729e+00,5.052755109176204629e-01
2.111728883303197524e+00,1.128447171554179673e-01,8.584284802184924956e-01
-9.283380089101874733e-01,2.061004967753012895e+00,-3.642621942748143771e-01
-2.045794641540275904e+00,-3.936980518277043983e-01,9.671303623628446644e-01
-1.232251968652369606e-01,-2.235187764279493283e+00,5.458109442843627201e-01
-3.921123730833552812e-01,2.274386652485339333e+00,1.276086449545803525e-01
-8.903496335936664785e-01,9.064479021312149554e-01,1.939686191174142982e+00
-2.310362626456112789e-01,2.243155220013026696e+00,-5.706857458609037037e-01
-7.400874091662239529e-01,2.156421944533590374e+00,4.971358715090875569e-01
5.609924395242833484e-01,-2.261551038781199008e+00,2.238283369818573343e-01
1.735079080063057333e+00,9.907212482135782095e-01,1.233679512109176590e+00
3.968626744803909756e-01,4.417708396416922256e-01,-2.279489757476470757e+00
-2.167852615281582018e+00,-5.042328569130583027e-01,7.936090774158011119e-01
-1.835937546192877967e+00,4.439804695119899391e-01,1.432116214137032939e+00
2.364821892822276617e+00,4.237431065517500289e-02,2.446034439070396971e-01
4.414099625587283859e-01,-1.708736467942305826e+00,1.604627461524567256e+00
-1.007655924825628047e+00,2.053612089823112274e+00,7.016978882577105114e-01
7.678706160466567399e-01,-1.995135439057605264e+00,-1.091183307690103410e+00
2.301376830283646147e+00,-1.893045445794757503e-02,7.072167925838469538e-01
2.395101614203750451e+00,-2.726091331692986897e-02,-3.094374739640042837e-01
-2.435804457265162634e-02,1.665388317857331213e+00,-1.759327280265312599e+00
-1.452047955528378509e+00,1.465698912383220032e+00,-1.284190900041874972e+00
1.630033208371812092e+00,1.431739799971290528e-01,1.806946753065757916e+00
1.307392433792181397e+00,-1.461106789401306560e+00,1.461279972971236019e+00
1.283886772880123761e+00,8.809480159774323305e-01,1.895278260375589108e+00
-2.302732524074812659e+00,8.609353432248084692e-01,-9.989559517666288246e-02
7.648270030847784673e-01,-2.173111596721753191e-01,-2.336454175232427044e+00
-1.292335197939846303e+00,-1.730150749509155705e+00,1.210484795566967975e+00
7.352319241369941194e-01,2.283263752945040803e+00,6.424760723035394250e-01
-1.476191173653494504e+00,1.983039107252442923e+00,-3.050369220403516546e-01
-1.443530037601744143e+00,1.562031142764782055e-01,2.033381228353884573e+00
-4.663994460732385772e-01,2.417205813672680836e+00,-4.698724006580166090e-01
-2.410770484369348932e+00,3.040266524129368597e-01,6.446013312445164622e-01
-1.169901718272454039e+00,-1.135367281171276499e+00,-1.923742285595074319e+00
1.662686903884136758e+00,1.674380051640206757e+00,-9.107055458562463013e-01
-1.110516952047761574e+00,-2.253011784087342928e+00,3.567787652139577936e-01
-1.870379446133686729e-02,-1.957676413140345906e+00,1.625757650638286034e+00
-2.148053425511919912e+00,-8.199868909567131769e-01,-1.108580433047864133e+00
2.460807053978930625e+00,5.340375359018995072e-01,4.630530742220980711e-01
-3.943459924728358046e-01,-1.654785986449389457e+00,1.923870872576049162e+00
7.552923579190673475e-01,5.727292223878389654e-01,2.395148225957315358e+00
-1.749208127271226543e+00,-1.890906455631805594e+00,-2.006925070910343112e-01
7.003609650590673086e-01,-2.025720941150319199e+00,-1.456706883302637978e+00
5.282035960507983074e-02,-2.467922329102094636e+00,-8.144485967421492001e-01
-7.575253018129242122e-01,2.351050899910374081e+00,8.344961643401788143e-01
-1.475005856650011271e+00,-2.155731703358197304e+00,1.263332114901056791e-01
-1.615443559384061478e+00,1.108805574237884839e+00,1.743843059696165376e+00
-2.061117298679320697e+00,-1.634887999098010081e+00,2.346673302924169244e-02
-2.027787733907086831e-01,-3.144260023874133059e-01,2.612154755570955444e+00
5.375479673640497502e-01,1.161073012668882409e+00,-2.316940469299178407e+00
4.675640533646969188e-01,2.169337736376346637e+00,-1.456966289527001246e+00
-6.764395862552127214e-01,1.336613507456939187e+00,-2.201278040827665095e+00
1.779481560544036167e+00,-1.544530386583133019e+00,1.257039322146185967e+00
2.831776701874205160e-01,2.179942435129321066e+00,1.530585384532194837e+00
-3.401742716388591603e-01,1.125355848241306411e+00,2.415750129246030387e+00
2.586412553691050942e+00,2.596177239864545516e-01,-7.100947598087761214e-01
2.434379318936366055e+00,7.041437963258314614e-01,-9.394298557218901946e-01
-2.138958939735405629e+00,1.663806804876749368e+00,-6.889726005911965545e-02
1.923820234056125900e+00,1.828888878357918468e+00,5.882473015730301791e-01
9.751932571725974164e-01,2.247994693700273050e+00,1.196450518590483458e+00
1.581504276604176251e+00,1.674337468431508880e+00,1.475008796390136601e+00
2.101199906156653086e+00,-3.741638421648726398e-01,-1.723260120494509939e+00
-1.164922576997079462e+00,-2.227638424534319928e+00,1.117996602657701288e+00
2.379289353632867421e+00,2.164477019908347122e-01,-1.380707381270095624e+00
-2.588149879525311614e-01,-2.590124489514990636e+00,-9.399973275298798558e-01
1.738122232463329642e+00,-7.540486030317095079e-01,2.028544041687800448e+00
-1.492846528323888089e+00,-1.175443898931450404e+00,2.034682866495395093e+00
8.005803095598057473e-01,2.338145244540103196e+00,-1.299271748010815353e+00
-2.033924319699587535e+00,1.035491334992854479e-02,1.924835457803285133e+00
-1.444371434633344276e+00,4.677190351484112885e-01,-2.362877047235489414e+00
1.028925787097784150e+00,2.615011168137653552e+00,1.939621079081265687e-01
-1.208631295698705310e+00,1.882153112325153144e+00,1.725677619324490930e+00
-1.452367561965049569e+00,-2.425593673631025293e+00,1.877851804701908822e-01
-1.213923590766941008e+00,2.429042023127570005e+00,8.374945882123970842e-01
-1.582645911764352986e+00,2.369590920889654839e+00,5.352554941117858983e-02
-1.312820244256452940e+00,-1.751928670345177519e-01,2.532977510494198725e+00
1.288146795230263875e+00,-2.541460758890875749e+00,3.156264694983168528e-01
9.470646529091341081e-01,2.575334851209142517e+00,8.583212696647287698e-01
2.635162154281701086e-01,6.511765959778215151e-01,2.796567206644035242e+00
7.151963986712387422e-01,-8.813653718158318551e-01,2.659782988181001340e+00
1.911017520798804270e+00,-2.007514578437440134e-01,-2.172371449697514834e+00
2.591830995159203788e+00,1.194923098137030015e+00,5.612692933960039543e-01
-1.484314617458551089e+00,1.695139065477144102e+00,-1.852826910760363655e+00
-1.575590784041759118e+00,1.325974414997560302e+00,2.078075565470688169e+00
2.744340398816872639e+00,-1.034958407086744359e+00,-7.890574140026353211e-02
2.818515495406865412e+00,-7.779210720010166780e-01,3.308992238675726449e-01
1.160619335201594327e+00,-2.033485267543457375e+00,1.796313311364636345e+00
2.042505964187353751e+00,-4.680037650179369457e-01,-2.090067018178727754e+00
-2.760583034240620126e+00,-8.225828867917711618e-02,-1.087332786445428523e+00
1.190048306793323629e+00,-2.412016471593882549e+00,1.275430114454249697e+00
-2.441378840046199983e+00,1.457808378756249912e+00,-9.090387968098996296e-01
2.039865608579145118e+00,2.151299040911377691e+00,-4.172776048612634736e-01
-1.777752038757189457e+00,-3.408211269858780756e-01,-2.395478527556876180e+00
-1.858484628596353438e+00,2.130962838240512358e+00,1.035266809216877526e+00
2.908402634848215929e+00,5.469917881452333042e-01,6.007113635662063578e-01
-1.608216457189976634e+00,2.524549411408867794e+00,4.599073107476553957e-01
2.109652209718333449e+00,-1.209206386133416355e+00,1.819622879962939921e+00
-1.993132448615146046e+00,5.449435884502734639e-01,-2.237669905400286208e+00
4.385321904659322811e-01,-2.644016449643822764e+00,1.465159930821517076e+00
2.197572412894418292e+00,-1.774624206731552967e+00,1.185152099920862900e+00
-9.754325276249617427e-02,-1.934474407293108822e+00,2.384349856045042682e+00
-2.756002011545731101e+00,-1.365919036014741739e+00,-1.715619380809081107e-01
-9.698783854633423740e-01,2.932078187022745031e+00,-8.432879111085472834e-02
-1.577497640706408299e+00,-9.937711507855256921e-01,2.474505794321500751e+00
-1.626102885755318361e+00,2.097211661217557754e+00,-1.615986353911212703e+00
-2.617336286992412386e+00,-4.508218554822061575e-01,1.629463312396030039e+00
1.091517674073092081e+00,2.518730560304071608e-01,-2.917048537436020883e+00
-2.548462356354530556e+00,-6.268447132706191915e-01,-1.712271589822888185e+00
-6.240931593312449843e-01,1.657269995006803720e+00,2.595985785559082437e+00
-7.027559665736737848e-01,2.804110993172101995e+00,1.254690664599342975e+00
-1.340430142895094878e+00,1.242008680928547326e+00,-2.578382358435731714e+00
1.595543573554021544e+00,1.347540461830218250e+00,2.383752921570086780e+00
2.884266845837641036e+00,1.334644585225725155e+00,2.020425951775316545e-02
1.079844333226321201e-01,1.960421775990133009e+00,-2.510540221728622345e+00
-2.471901348989675284e+00,-1.585074432525811483e+00,-1.261858469639296265e+00
1.291485046904827794e+00,2.240635869120704893e+00,-1.893211824223307582e+00
-1.939344296180896654e+00,-8.508649791670468143e-02,2.561679263419554875e+00
-1.880080128209293377e+00,2.615639103505292606e+00,-1.111969957741266307e-01
-5.183756007745259353e-01,1.340529407517852656e+00,2.895050003021104157e+00
-1.320494674114698119e+00,-1.064371309191935788e+00,2.762090524080542675e+00
-2.693524849164496970e+00,2.059998183206709355e-01,-1.807537578488707553e+00
-2.467419628164136736e+00,1.521571663233598493e+00,-1.490171445026509778e+00
-2.635463219922749456e+00,1.242593210942806392e+00,1.481139325509192695e+00
1.164285013216986409e+00,-2.862850701166416378e+00,1.091701827245803447e+00
9.293233148913167263e-02,-7.270077233889032930e-01,3.204091345703935279e+00
2.629302696278698726e+00,-1.822940537932434157e+00,7.920912108677936603e-01
1.318005543252206202e+00,1.039792665739281530e+00,-2.847122496205472864e+00
2.668308515234204314e+00,-1.064496401843456397e+00,1.652978507675039399e+00
2.764722374681197969e+00,1.726777655394933664e+00,6.489565399893402198e-01
-7.563022634786509268e-01,-3.195762858343553336e+00,-5.685293206649322251e-01
1.688610804333618987e+00,-2.815886823438133124e+00,6.239451026517246479e-01
-3.152223508505566318e+00,1.036469764618525913e+00,4.703773742656637280e-01
-2.220262221774795819e+00,1.894813949926098084e+00,1.665698297559776275e+00
-4.814718922874332008e-01,-2.792836903469462673e+00,-1.823560618805253553e+00
-2.651983751532743128e+00,1.481608893322606813e+00,1.480516903660317185e+00
-2.791512923003127700e+00,-1.913202497879836095e+00,-1.746647522234194005e-01
-2.420501664747061632e+00,7.376135670721817306e-01,2.268055221772565133e+00
-1.104713470109598639e+00,8.436104012108077699e-01,3.111074693320959650e+00
-1.122519765715870088e+00,-2.895247879157371695e+00,1.425666494323257094e+00
8.660222083597676201e-01,3.055177780547897015e+00,1.286627909589082464e+00
-1.098194381024465427e+00,1.109325828796954960e+00,3.060664383772825126e+00
-1.520862811322460040e+00,-2.906403643085889499e+00,1.053177799017838590e+00
1.297861293529640525e+00,-3.161315913662938737e+00,-5.063798920962451211e-01
-3.326009060897773928e+00,-8.661065602012033571e-01,-4.335968492990557865e-01
2.932597456646007572e+00,-1.859126889935655891e+00,1.000534348321446276e-01
-3.122642816754164219e+00,1.496344584025111724e+00,-3.779730605347668693e-01
1.131701512419778649e-01,-3.341727434401105867e+00,-1.009696698143317306e+00
-1.032559813065646592e+00,2.081954413585719976e+00,-2.620241101837115227e+00
-7.011018135617197444e-01,-7.469221251844936071e-02,3.440422684810124920e+00
9.031208503680174804e-01,3.392162023176105823e+00,-2.807288378679211882e-01
-2.193439332331166280e+00,1.412066546603282680e+00,-2.379910781203530057e+00
-1.973263485313946131e+00,2.494732555148819753e+00,-1.555578876124295018e+00
-1.999602908598351769e+00,-2.367635979515258171e+00,-1.732539557571325384e+00
4.754990577731568191e-01,3.062580033372995114e+00,1.751898914167385302e+00
-2.493193321107981308e+00,-2.881298544087567137e-01,2.538656277908577952e+00
1.462078672627371345e+00,-3.259830436713127444e+00,-2.216383875692576333e-01
1.965275390145438950e+00,-7.222675035071770555e-01,-2.915325580729050348e+00
-2.474394577193502268e-02,-3.516721675189386165e+00,7.650436478207074398e-01
-3.340737600253355755e+00,-6.349388542301357408e-01,-1.208313594485806330e+00
5.461523454345175166e-01,-2.425861932625066331e+00,2.628953803069957296e+00
-2.931492935078504836e+00,1.585497742528276799e+00,1.434626171604966416e+00
9.869344470356540278e-01,-3.118955613372744295e+00,-1.592210165610014494e+00
-6.736378003206847653e-01,7.238865280642312605e-01,3.511558158792871698e+00
-2.991494500059405759e+00,1.265447106182013615e+00,-1.682427399655724409e+00
4.684124709035534795e-01,2.570190891767041297e+00,-2.574513360947780605e+00
1.366459657923080051e-01,3.612048278709752314e+00,-6.787012095647231291e-01
-3.106350143987524959e+00,1.955732207118116239e+00,-3.535937851522633624e-01
1.621284891131507866e+00,-2.194434163026967033e-01,3.316033161227102788e+00
7.438743010305847170e-01,-6.245882628825436544e-01,3.578148342970814966e+00
2.270889236324446614e+00,-2.685952036545119270e+00,-1.203943702694771911e+00
5.247003399013919767e-01,2.601283620132369467e+00,-2.617874248756032696e+00
-3.493921940805230886e+00,-1.009023587500296193e+00,8.628295108639861821e-01
-3.001223145140963666e+00,-1.196653654612633622e+00,-1.898937076215962971e+00
-5.903539591416053778e-01,-2.092909195195515437e+00,3.064642339823873129e+00
-1.690304933229991091e+00,-7.202792090251145529e-01,-3.289494415427336893e+00
3.384408854769626718e+00,-1.583518401882723969e+00,5.578451093493909108e-01
-1.753271836421449459e+00,2.257509607716224664e+00,-2.485804664971450251e+00
-3.462802798715004293e+00,-6.532328210171547411e-01,-1.417309558866653330e+00
3.461623657983921465e+00,1.359066118344210983e+00,-8.209054988500351646e-01
-1.095604799163688581e+00,-5.223987638219654839e-01,3.620524035316979639e+00
1.274168078345334854e+00,1.903464492455417378e+00,-3.068025763170123543e+00
9.779868299475272808e-01,5.724969441954425031e-01,3.667919285434325882e+00
6.560270776659126168e-01,-3.790498792314548115e+00,1.353950755021424979e-01
-2.031562043107309812e+00,-1.906469981891346421e+00,2.670920736784624605e+00
2.043987388863486576e-01,5.082734448192731680e-01,-3.830801413356109908e+00
-2.716350911567292137e+00,-4.641535360817961586e-01,-2.731482512991241229e+00
1.222035149029291112e+00,3.570285837145642294e+00,-9.459874621176262988e-01
-3.521642938269982093e+00,-1.614212671793342491e+00,4.562095721872292398e-01
2.457354061282951641e+00,2.951084759529214008e+00,-7.411042627802462146e-01
9.097223524519731930e-01,3.219330236077113661e+00,2.046060599702102856e+00
1.057434610402863351e+00,3.764599373467580001e+00,4.115389489282630930e-01
-1.527400861940799159e-01,-3.837997242913798956e+00,-8.878397321266496833e-01
-3.408750007375255464e+00,6.282127332497194905e-01,-1.900008637456451766e+00
-3.224247996212301182e+00,-2.300977523065776964e+00,1.296778599272269683e-01
-1.792914495193840552e-01,-3.912850286528500199e+00,6.691455113389783715e-01
-1.279693313481554906e+00,9.716867213563419314e-01,3.645833319585991550e+00
