-0.000000000000000000e+00,-0.000000000000000000e+00,0.000000000000000000e+00
-9.282516953293325560e-03,5.310524268434787913e-03,-2.887600082925464388e-03
-1.404779440253761842e-02,-6.495509159174050681e-03,-4.008411309450551907e-03
-1.690500715576259000e-02,-8.940682847047000392e-03,5.475241482024095600e-03
2.021361424714797003e-02,7.748643419850468998e-03,8.562408789528351202e-03
2.570008718692557217e-02,-5.065157527349794728e-03,-2.760878099507254897e-03
-7.374012514928075107e-03,-2.802044737514519657e-02,-3.356372204401106979e-03
-1.170425849580794368e-02,1.965849903434092188e-02,-2.211938946435969278e-02
-2.465567254963895935e-02,-2.110712504416337176e-02,1.122202479154232012e-02
3.641523805941102032e-02,3.340766584751689999e-03,-3.646224573543522130e-03
-3.218288041861997600e-02,2.213458403722650888e-02,-6.655853773638337623e-04
1.232743532940761694e-02,-2.903362092018097959e-02,-2.666667407074643781e-02
3.368797022197598384e-02,-2.739077527600220635e-02,2.242354648288831694e-03
-4.365124208265696443e-02,-1.067348471713444862e-03,1.311029010328690000e-02
-8.993102531137981900e-03,-4.651907481889738100e-02,5.092249512909477124e-03
2.038122161925472187e-02,-2.672765228020421158e-02,-3.657175576381609811e-02
1.709101072193485935e-02,4.458611180469874286e-02,1.968891769300774516e-02
4.005470956308388591e-02,3.156919729533507607e-02,-1.646414375322153081e-02
-5.680923699370802639e-03,-3.966391692871097663e-02,-3.840413775658788748e-02
6.517769221857201093e-04,-4.030201576560019788e-02,-4.084015740731292143e-02
1.632170412622331243e-02,-4.051831738643020542e-02,4.000704376300618509e-02
9.791342551685844331e-03,-2.239500401931958026e-02,5.595758189124290516e-02
4.352294600961648975e-03,4.716902555491613719e-02,-4.133529031384700070e-02
7.783726107834875070e-03,5.384867145147684275e-02,3.492622192273786563e-02
-4.659896800722632126e-02,4.535479408420126785e-02,-1.352956421285617106e-02
-2.412399341066862046e-02,-4.192872533036597765e-02,4.802980971846449593e-02
4.755087569678116688e-02,1.999736533711323275e-02,-4.716939887708592599e-02
3.197821638991293902e-02,-5.091157045890572219e-02,3.891305720385287992e-02
-1.636973937839553833e-02,6.239764587865888334e-02,-3.484355612497965632e-02
7.327122504882273291e-03,-7.461712024696465217e-02,2.143043867693537972e-03
2.508076056686798019e-02,-1.751871161905764127e-02,7.031591904087286515e-02
7.124510231521956338e-02,-2.416645024589074431e-02,-2.187418704680749865e-02
-1.153409892868622819e-02,-6.429674515074182417e-02,-4.618593448920763761e-02
-5.598143013877644042e-02,4.252884846711795647e-02,4.151282357851322075e-02
-1.646605133289148065e-02,7.498564555283854238e-02,3.227166275700100312e-02
6.062563409495369537e-02,5.412777538973378294e-02,-2.456561629183420109e-02
-1.995284793531878348e-02,-5.901549174666823744e-02,-6.004119196554771193e-02
-6.925360368205611683e-02,5.153242464027776165e-02,-1.775389789376832089e-02
7.529475459203740020e-03,-3.839928375289469037e-02,-8.074933666722362846e-02
6.937400515724580219e-02,-2.182092737813380243e-02,-5.523940968883601227e-02
-7.669453754321155572e-03,4.836718934086171873e-02,-7.895942260815438929e-02
-1.976346349166884560e-03,3.569732014431886008e-02,-8.746972559894827803e-02
-5.717521516261674097e-02,5.700093456416365466e-03,-7.699283535458162353e-02
-2.509816975972547701e-02,-7.388020284098005541e-02,5.869677109802091258e-02
-5.251443118391874859e-02,-5.762031241933047998e-02,6.134871265729029827e-02
-9.075198795508110372e-02,1.125946032131119878e-02,4.231734081765394645e-02
-7.939375260353465080e-02,1.580899900158342850e-02,6.257803655932391018e-02
1.953218130889955439e-02,4.025438596019283166e-02,9.373986734252696962e-02
-5.971033127828248577e-02,2.012460254890199862e-02,-8.451325616505138416e-02
-1.381352809618403323e-02,4.753313932412492337e-02,-9.481715127715716063e-02
-8.048045354017485664e-02,-3.736762185042738493e-02,-6.243981290275524981e-02
4.612724077847809440e-02,-7.712097120030296515e-02,-6.350169494320354047e-02
-9.437860824303456395e-03,-1.055420998560996221e-01,-3.491832270102660646e-02
-8.808059432258967536e-02,6.082359759997427173e-02,-3.651689832928681906e-02
2.950023257609183172e-02,-1.044889324335504521e-01,-3.675200779177947158e-02
-6.096431230397247186e-02,-3.085136335441757485e-02,-9.392676472035055291e-02
-9.000926679500484417e-02,-3.922886808623780343e-03,-7.569336512691278440e-02
2.380539328403855417e-03,1.080723858295513096e-01,5.021130296400946880e-02
-1.579515190023274632e-02,-1.142664489037499426e-01,3.555586857139020340e-02
-8.150401434052241545e-02,4.225421578563241798e-02,-8.068688659056827417e-02
-6.069234452619356318e-02,-2.225875328439258505e-02,-1.055082658650510624e-01
7.997453089988802721e-02,-1.105666682118995256e-02,9.575646884376545764e-02
-5.267093520726449929e-02,-1.106951269483464617e-01,-3.225657139592345152e-02
4.911700844274372035e-02,-1.117364662347930249e-01,-3.943921757026669361e-02
7.609745871490539160e-02,1.870541482643835185e-02,1.034471664969474763e-01
5.554202418312705059e-02,9.080244684718367931e-02,7.684613730084016714e-02
-8.847037414065977989e-02,2.492064828851701247e-03,-9.899325907698217075e-02
7.532353764973104271e-02,-2.352740702150037458e-02,-1.086624933375294894e-01
3.575731967509754305e-02,-9.720395222613983921e-02,-8.782734290880962746e-02
-4.350615190368902624e-02,-6.789470400315301968e-02,-1.111251614071486898e-01
3.157167611879264056e-03,1.252943126995909318e-01,5.964414054642754731e-02
-3.842596424328680732e-02,1.346463228003172419e-01,8.888517302631467054e-03
-3.972418855022967488e-02,1.232319739364562128e-01,-5.783233045517854193e-02
-7.652876613592685118e-02,6.470852797548376500e-02,1.024342753997310868e-01
-5.224296521942253108e-03,1.112271702841672039e-01,9.257532096135684396e-02
4.119833751612789197e-02,1.111343315848309921e-01,-8.577650790777639755e-02
-1.326276754618770370e-01,-6.339320634469941540e-02,1.543390743059617175e-02
-1.033965581927610150e-01,5.902983789131398956e-02,9.009648439824601007e-02
8.000651564096147861e-02,5.101048037515187178e-02,-1.172172741100804272e-01
-4.132674502364631908e-02,1.283113770177947977e-01,-7.089486238481929048e-02
-4.717610053267504849e-02,9.592193652260311287e-02,-1.105917574887474580e-01
1.193530432964355625e-02,6.740171335494372917e-02,1.394117176209700160e-01
1.420236441397580707e-01,5.954284909927772679e-02,2.955569145095174668e-02
-1.063718497898728937e-01,-1.082025819267754402e-01,-4.516637350575485738e-02
1.547510168743969905e-01,-9.746889593158740775e-03,-3.870025850778661958e-02
-3.485075983129217597e-02,-3.855850160184490227e-02,-1.527146094218823635e-01
1.112846367391783220e-01,1.558394859693909866e-03,-1.188426902713317634e-01
-4.484177439486396188e-02,1.565040744233028303e-01,-2.231366042033432195e-02
-6.490954716116895118e-02,8.818712312098410389e-02,1.245338059046898066e-01
-8.585632171336199728e-03,-3.942559045293420744e-02,-1.623953535426693739e-01
1.650512424911265708e-01,-1.874313129214520701e-02,-3.022217931410295724e-02
1.522612590008795563e-01,-9.590524587591736996e-03,7.577739168382645329e-02
1.647879112164060689e-01,-3.990200043790247120e-02,2.804273644023322354e-02
-1.290610356251045976e-01,9.160814681085327482e-02,7.075051001905065251e-02
1.009703848155812517e-01,5.432236930091155144e-03,1.426731715831913161e-01
1.359448266008696504e-01,-1.102906750275175901e-01,-2.158213497836794850e-02
1.356959448585484396e-01,-7.905893139482360332e-02,-8.356271803993224612e-02
7.387265665117818958e-02,1.612186129228336540e-01,-2.717391121350289096e-02
1.453836322886533083e-01,-6.190671737113753736e-02,-8.811244213601658604e-02
-6.538115178722923859e-02,-1.348554450551650019e-01,1.040317788571651497e-01
1.472337675812053770e-01,-1.959817729454637822e-02,-1.085225591164983433e-01
1.831020216493410846e-01,2.940209094550281024e-02,2.999642966262014692e-03
6.219956432900191484e-02,1.757570381303736884e-01,1.436822718877710757e-02
1.510554401363137511e-01,-9.011018598471974561e-02,6.781787606242063726e-02
5.271025864952103707e-02,-1.570027852169275373e-01,9.319268528951163422e-02
1.831661157740010482e-01,-1.308701755628722402e-02,-5.452981234216397466e-02
-8.139631422573104236e-02,-1.369700944059075998e-01,-1.090648410116267369e-01
6.462802496182551773e-03,-1.222338804995083683e-01,1.512957089214004014e-01
1.026461999056219598e-01,8.449559491863335714e-02,-1.442040270268333813e-01
2.707829924876424196e-02,1.769449142520937990e-01,-8.384750346902233864e-02
5.870040473663485497e-02,9.568039206807997521e-02,-1.645618723745918555e-01
-1.659165774862296147e-02,-1.829671268108994386e-01,8.088360954548226567e-02
-1.865846223671709103e-01,-1.208632274566657019e-02,7.715729704829882296e-02
-1.323978534568095999e-01,3.197235112422726344e-02,1.516110361577304999e-01
1.853747049270894065e-01,3.051032555945055319e-02,8.289945927671575621e-02
3.157176514331578449e-02,-1.646489851632395862e-01,-1.212273568032196380e-01
-7.304629832013585788e-02,1.871014570799002241e-01,5.567861652812290674e-02
8.792482819109498013e-03,1.025547783159668769e-01,1.830144469955950204e-01
-1.760439154543575746e-01,-3.695321518241908437e-02,-1.112830895277931581e-01
1.178676498159006956e-02,-8.225111202362188345e-02,1.961994592858765651e-01
1.780466157899185387e-01,9.993135202050759669e-02,-6.614122346079298609e-02
1.478510020076645622e-02,1.984187483533828567e-01,8.450892084463826337e-02
-2.029085857208260402e-01,7.892547858825064988e-02,-1.943076839908123047e-03
1.459268967122855781e-02,1.653809150856294305e-02,-2.181713634902770760e-01
-1.636722102272725743e-01,6.971810389738676561e-02,-1.308513529629949934e-01
8.397414426254941333e-02,-1.498561493467333861e-01,-1.412609755150957547e-01
1.381347479368406073e-01,-1.761681120266976597e-01,6.672870458851747413e-03
2.232659909531969633e-01,7.287987682560681697e-03,-3.104448511909804406e-02
-3.645551934950237716e-02,2.052645666714871531e-01,-9.006434184258092779e-02
-1.815436198750170760e-01,-1.388087657892477511e-01,-7.979944213546717735e-03
-1.916089654121760077e-01,9.663010086849894986e-02,8.342515831355307165e-02
-1.783801295916654650e-01,-1.467853090720596665e-01,1.931940925552924279e-02
-7.324343603926507240e-02,-1.776520568276373779e-01,1.324663842320573381e-01
-7.571094320076719730e-02,-6.829657194744759297e-02,2.116961846164440719e-01
-3.974266541396551805e-02,-7.088897270027247344e-02,2.221550896610998416e-01
1.627170368163873559e-01,2.497855889516101616e-03,1.738575796126292095e-01
-6.181522132950836856e-02,2.307487963225828553e-01,-2.003781891001182175e-02
1.037808409584983077e-01,4.089577235768865338e-02,2.139837656180114955e-01
-2.039782429284747456e-01,1.315985915747622803e-01,-8.789916623039125548e-03
-6.393056062513774451e-02,5.438225042344962956e-02,2.296408539034119622e-01
1.272379047433559729e-01,1.951262102598831927e-01,-7.936604071815259176e-02
6.166767510813932901e-03,-1.361142241552391607e-01,2.068505983913306867e-01
-1.548919012414302632e-01,-1.936043182467275803e-01,2.596423556165231364e-02
6.434506024964248283e-02,2.125730272062750087e-02,2.415751394822100162e-01
1.757486524529565386e-01,-1.001740049581338748e-01,1.511198091957298151e-01
-9.425916005446477799e-03,-1.648187982660969109e-01,-1.931863209912894064e-01
2.411879060324842172e-01,6.120602483912982589e-02,5.898497257486315370e-02
1.757314442519117628e-02,3.261366275747615284e-02,2.546627235312541870e-01
-3.207706948975978800e-02,-2.495809943695550398e-02,2.557516512227716032e-01
5.367294838286003344e-02,-1.457110148568345476e-01,-2.092608708045636534e-01
1.787647947379591637e-02,1.023073444700658835e-01,2.407587609616920477e-01
-1.863904842187127930e-01,-1.193213358697290949e-01,-1.436225306928450574e-01
-2.760274259389095333e-02,2.365721405968961022e-01,-1.172185785868290059e-01
-1.652537729357448845e-02,2.638242861942732831e-01,-3.822324063766468355e-02
-6.374323229984620032e-02,-2.561699239455437760e-01,5.026784342637611452e-02
-2.604057707407846367e-01,2.063889914947144438e-02,6.970348692265686263e-02
7.424045362937405079e-02,2.110127841087694467e-01,1.547488849967877944e-01
1.409094556330700299e-01,1.579640645193426951e-01,1.734175884058574146e-01
6.755653512774560665e-02,-2.551403318772028084e-01,-7.826135513082621564e-02
2.378394631726984121e-01,3.563788499276875771e-02,-1.373252690316578706e-01
8.139082552271414972e-03,2.784728958236165619e-01,-4.190694924428674576e-04
-1.990353596469611186e-01,6.094385439853645600e-03,1.971957522433404886e-01
4.939236567575790854e-02,1.449697660607638106e-01,-2.366738689520082595e-01
-2.697893179871047598e-01,8.718418479803397014e-02,4.710846979388961728e-03
2.266551954030900373e-01,7.792206461132335227e-02,1.546336619261892698e-01
6.820042641399479220e-04,2.812097290307388406e-02,-2.855144144558537933e-01
1.898864978503596312e-01,2.123986855378812433e-01,-4.583369905781241316e-02
-7.852017561400050083e-02,-2.126240835718600786e-01,1.812866450690285014e-01
-1.437631003084998138e-01,-2.389808065410283233e-01,-8.622926988973811380e-02
7.541568955896071902e-02,2.816793843848443557e-01,-3.417130443880878748e-02
-2.390358860949547692e-01,-1.099749759135623117e-01,-1.340025105567291819e-01
-2.361120231124108348e-01,1.800522464901908593e-01,4.473826604545616016e-03
1.825103422732620717e-01,2.177073101332740179e-01,-9.212599020356000701e-02
2.667045373548719844e-01,-1.341298343080681021e-01,3.294221261499289538e-02
-5.604005551898107867e-02,2.860704080177255970e-01,7.906857526248099732e-02
-8.940773307785078450e-02,-2.858911911872515921e-01,5.030014771344688135e-02
-3.904370159468065204e-02,1.769363764866732358e-01,-2.458932882039011614e-01
3.045785042536169884e-01,3.683688542205271893e-02,1.462770166036582616e-02
-1.812670653371689367e-01,-1.711337969069600118e-01,1.823373508921860009e-01
1.321446037007402985e-01,1.655044768757393536e-01,2.271516001653650085e-01
2.140725843651189453e-01,-1.436173658673388642e-01,-1.762584603404223071e-01
-2.315946141620472687e-01,3.875588169187751258e-02,-2.084664377576194993e-01
-9.729514714673588582e-02,-2.885700169828330219e-01,8.331655768089123171e-02
-7.345065651384209693e-02,-2.792338623449938662e-01,1.319336587626814827e-01
2.556891823177460110e-01,-9.512615360994726432e-02,1.656732092802667422e-01
1.255117393443748453e-01,-1.366526767763338035e-01,2.618302755476313304e-01
-1.870913463171123767e-02,-8.170055705099832366e-02,3.115672300887037949e-01
2.009129265483778903e-01,-9.009612656180885845e-03,-2.545135513520606074e-01
-1.932765150226212481e-01,2.512938765903744431e-01,-7.650743441331335493e-02
2.478741715945363688e-02,3.087538026137022773e-01,-1.075003759160708533e-01
-2.614526317488256590e-01,-1.427117026914060116e-01,1.411587856226282633e-01
-1.891035551594638098e-01,1.810963204814019512e-01,2.031073340409439432e-01
-2.272357126199665844e-01,-2.384666103334204534e-01,-4.973369899144248346e-02
-2.012982622230047591e-01,2.640807488925038249e-01,4.349674680690904238e-02
-1.982791385434842790e-01,-3.369147091143141065e-03,-2.720477846726622184e-01
-1.788787715833041192e-01,-2.090106799161087769e-01,1.970936355665588446e-01
2.284803265943418649e-01,2.142216414724613383e-01,-1.328025722450006108e-01
2.531374877832190950e-01,7.495118055237359744e-02,2.173588958744513411e-01
-3.769107244322773831e-02,2.111660928720298092e-01,-2.686050656856170393e-01
3.365912353795021822e-02,3.429930488362162300e-01,2.472563575683254383e-02
2.756286258245401743e-01,-2.004769991846217791e-01,-6.680842050195574811e-02
-3.388607466237705257e-01,-7.481115259713244647e-02,-3.805486420247734120e-02
-9.379807274898044334e-02,3.218347478064441658e-01,-1.036858638800794430e-01
-4.513359548733927168e-02,-1.706123681709816875e-01,3.053601574371646588e-01
-3.284613573679049520e-02,-4.799225002009439855e-02,3.496876184686388833e-01
-1.543571316200875454e-01,5.569952609819358441e-02,3.162550484061996126e-01
-2.091007750608415289e-02,-1.606582576539634100e-01,3.193571314893317581e-01
-2.499397694966794814e-01,2.587815032272249849e-01,-1.001276529618248465e-02
4.209471583715520410e-02,2.202968923778969856e-01,-2.838051458098933000e-01
2.282772755600299963e-01,8.926182459679746217e-02,-2.684944296912348816e-01
-1.328234038266069145e-02,-1.172052655116735675e-01,3.458074152656269717e-01
-3.555784136977443444e-01,6.481325965313336490e-02,-6.479030107481500989e-02
-1.636379539584430776e-01,7.556163141238986247e-02,-3.220177331869886195e-01
-1.194784219431073782e-02,5.653666409527772357e-02,3.663340056722048099e-01
2.946496087866440350e-01,1.984152128273577453e-01,-1.127820064893584467e-01
-1.996105396518260133e-01,-3.017698466926734269e-01,9.681977634712639336e-02
3.409532374278405054e-01,1.594293971210494765e-01,1.755933320712103462e-03
-2.287786078676306775e-02,3.419174504554409189e-01,-1.601100641130375479e-01
-1.009021812083135961e-01,-3.300596851263641329e-01,1.592219349636404824e-01
3.201568693584035397e-01,1.380628977666131241e-01,-1.559695240521082327e-01
-1.795780412767248591e-01,-2.587475331974075088e-01,-2.193528878071403232e-01
3.161659695676158344e-01,-2.021735425341784909e-01,-8.896728897151461035e-02
2.424844956262436901e-01,7.537457545428621897e-02,2.927733805004335554e-01
-3.318473302300986583e-01,1.603700541212427777e-01,1.257430268883955038e-01
-9.953054990003128155e-02,3.431630572309775085e-01,1.595358752970875427e-01
9.623478001432855811e-02,3.437173456724022524e-01,1.649024222302631071e-01
3.668236690043065740e-01,-1.100329296729322809e-01,9.703431924343265680e-02
-8.915688323367067236e-02,-1.902647128876679417e-01,-3.367940282367060112e-01
3.127151965970831338e-01,2.960781219767722947e-02,2.458051169724277119e-01
1.462896235662449473e-01,-3.504117745961404240e-01,-1.281278037002586689e-01
-1.138574301515739573e-01,2.181837518138070864e-01,-3.186956326372709647e-01
5.152054571853560000e-02,-1.765484629384700688e-01,3.603473555485756652e-01
1.963371411969596636e-01,1.321619583818051669e-01,-3.304677321136571533e-01
-3.846737494777492938e-01,-7.516772936049408160e-02,-1.147198976826613731e-01
2.862636478794834960e-01,7.575131974901756771e-02,2.840266508605950868e-01
2.649914069614057177e-01,-2.731515666427159483e-01,1.584501114869289740e-01
4.057421705905604470e-01,-7.919572206983481466e-02,-2.516507268537799408e-02
1.695601954429176439e-01,-3.422527203793123696e-01,1.650715753217104897e-01
3.246563833109212815e-01,-7.516329563935750246e-02,-2.523889997486388759e-01
3.758931623082897300e-01,1.602159541456167902e-01,-9.702087906433924658e-02
-1.315970249333743569e-01,3.613168963694829428e-01,1.736310064420585053e-01
-1.699525791069023961e-01,1.600474590406346376e-01,-3.537867744086953259e-01
1.834438745245989613e-02,-3.480233703812548041e-01,2.446781436435026824e-01
1.425829167478500359e-01,3.857488897824964957e-01,-1.177431650723774897e-01
4.007689232346150487e-01,5.971504288830090101e-02,1.431667151884667144e-01
-1.988002193156718500e-01,5.669296325348639060e-02,-3.789946626276778918e-01
-7.168773405127291942e-02,4.104819632385909856e-01,1.201823011967697863e-01
-3.871762087476298547e-02,-2.805026464890730820e-01,-3.310814953067628408e-01
-4.321582925554530163e-01,-6.414886765678327885e-02,2.547413213302309604e-02
-3.448547945992367914e-01,1.801933349236214399e-01,2.046243300729826409e-01
-4.135363162615874888e-01,2.997518484775681460e-02,-1.520110877651022208e-01
-4.319868083897576150e-01,2.931545984914096792e-02,-9.649153785842605469e-02
2.368845234325096527e-01,2.218985139122364170e-01,-3.052961964152456353e-01
-3.841085988439894572e-01,1.729199660783090620e-01,-1.513494085069947981e-01
8.701997562901613026e-02,-4.274311032432323576e-01,1.089862105718168023e-01
3.197029243171191637e-01,-2.201366164617395982e-01,-2.308469339618137717e-01
8.823488115685333699e-03,2.292091639457286278e-01,-3.913700070029495492e-01
3.133473941022324460e-01,2.445260905507949667e-01,-2.228062612645712037e-01
-3.506400528512776948e-01,-2.724256442997964323e-01,1.109389066444814581e-01
2.062127439432511755e-01,3.653230143607307800e-01,1.880128152686502963e-01
-8.524584901745378696e-02,3.771770049335941843e-01,-2.523456956818942443e-01
3.820384776128673554e-01,-1.465232992700990222e-01,-2.183392997210418240e-01
3.416547113729633822e-01,3.065951544327230049e-01,-7.915454238024104139e-02
-4.059305239159271550e-01,-2.249693826337729186e-01,5.928992755825617661e-02
-2.679663161106951574e-01,3.382262945725194037e-01,-1.860860930702938343e-01
3.642661054935333875e-01,-1.038654185525173385e-01,2.815864292111424638e-01
-1.744828722907103558e-01,4.042821216168362430e-01,-1.755877761715780860e-01
-4.144911310988276254e-01,5.880977844864891668e-02,2.267630899992885141e-01
2.354700854533743337e-01,-4.126787987425545867e-01,5.394161451507958199e-02
3.494654048951815334e-02,2.654942990607281339e-01,3.986739928033782854e-01
1.470450668167829281e-02,4.818513618233085660e-01,-1.598316490970291479e-02
-2.936181246999479688e-01,-1.323985297311524034e-01,-3.618393271540804590e-01
3.102221183256116399e-01,-3.519048665921223340e-01,-1.289320486556529144e-01
-3.023987021648287254e-01,1.189404686315565646e-02,-3.836076716827172550e-01
3.508601499187155581e-01,-3.364003048503885762e-01,-6.730373184272051001e-02
-3.409648799718520973e-01,-1.748582770216133286e-01,3.098958199259870816e-01
2.082760695697220277e-01,4.112388179900277052e-01,1.801536254532351000e-01
4.161859825253808043e-01,1.733106815933539435e-01,2.092885647028547846e-01
1.459029189640138613e-01,4.648240694920564575e-01,1.086795389406351453e-01
9.290883034830140288e-03,4.992752015848206382e-01,-4.385659019198806519e-02
-1.100971636925098252e-01,-8.331087209534643323e-02,4.841099499577845022e-01
4.131269885801751585e-01,-2.627830996591192791e-01,-1.258919342792198526e-01
2.222233148110475121e-01,2.566340124869744832e-01,-3.774925861946670791e-01
7.522078924651398601e-02,2.272156841263406335e-01,-4.501568073467244746e-01
-2.874167421343173934e-02,4.314568783304018607e-01,-2.741183088689187475e-01
2.795729231257390035e-01,4.308372925431033784e-01,-2.345653102382704719e-02
-6.572687692514686542e-02,2.181503117419262838e-01,-4.632999895933108125e-01
4.621825762088577205e-01,2.328842719504431724e-01,3.078331957605546024e-02
-7.482043544594298157e-02,1.542866226868098711e-01,-4.915755593571655702e-01
-3.184185571786677937e-01,4.113410991897324953e-01,-5.220482206405276104e-02
4.283022987168830231e-01,-2.996775593831048634e-01,4.848408268978702390e-02
-7.894023724987081492e-02,-5.439187364596456686e-02,5.183705118706501969e-01
-3.340800080523827487e-01,-3.537904401551880684e-01,2.084073776463451488e-01
2.897465459560378265e-01,-1.864627663394584911e-01,4.047432241339710135e-01
-7.691778007683409968e-02,-8.980738070453116173e-02,5.204801776283513037e-01
-4.066504062590622220e-02,3.145725845657402209e-01,4.320066696206424917e-01
3.260653148410553870e-01,-4.269608438122980965e-01,-3.159769285646905901e-02
4.740685446663068237e-01,-2.558918628775702642e-01,4.218436491886219664e-02
4.514417991477670533e-01,1.807601091367382617e-01,-2.406891050140493316e-01
-3.932289377178951884e-01,1.564202448774984211e-01,-3.431157075885012397e-01
5.353190412732864445e-01,3.037576176382492804e-02,-1.084925406630334044e-01
-4.316545778723355764e-01,3.368164759654840301e-01,4.404065117054953293e-02
-1.865120163919812835e-01,-3.470312265499840287e-01,3.859530482431320353e-01
4.446151540759516463e-01,1.476961457141376111e-01,2.952334650043162978e-01
5.454974631679200270e-01,-7.996935001139926502e-02,-7.207896967812391087e-02
-1.149503884234196749e-01,-1.882484880760055546e-01,5.128560014613461338e-01
-3.763769176419828888e-02,-5.027702216393939993e-01,2.449661232512110598e-01
-3.462637619081994633e-01,1.608229404295891396e-01,4.135057742057379193e-01
-5.189105193483937173e-01,6.071263228474053225e-02,2.153103154519019624e-01
4.188729957365752155e-01,-1.258432259927489416e-01,3.613876298623517336e-01
-1.786410533779682619e-01,4.932915430247309385e-01,2.218983460749878178e-01
3.875850619429967447e-01,-3.019711226833969864e-01,2.927316362529873150e-01
-2.525691458318317095e-01,3.893152507449292865e-01,3.381895655365207976e-01
-2.666625028912872897e-01,5.535145978221911456e-03,5.111126322285174384e-01
2.233406549391611651e-01,1.543771490299491733e-01,-5.111996514895005284e-01
2.818308700034343750e-01,-1.028915441095442779e-01,-4.976975578048620230e-01
-3.928140178822997486e-01,-4.272975962256659876e-01,5.940415236915819880e-02
-5.348379551298264312e-02,-2.839914158930187948e-01,5.095264569439221791e-01
2.500598524819164226e-01,1.483902698560337352e-01,5.111852786006394478e-01
-2.080703255565785614e-02,-5.899475277646195615e-01,1.172344817441481855e-02
-2.981656871184502622e-01,-3.842018792757699863e-01,3.389107328506495431e-01
3.071396281041448018e-01,-3.736032977247583653e-01,3.467615576079232653e-01
-4.577394723431266188e-01,2.778692696711367316e-01,-2.649943780467764465e-01
6.233409490145513931e-02,-4.439806175859882242e-01,3.984635289724378082e-01
4.982119909303272531e-01,3.284546380868719750e-01,8.072436010004140072e-02
-5.970533342668684490e-02,3.491657490595586055e-01,4.898847513115262564e-01
1.162828991800536060e-01,-1.674709749944711390e-01,5.716403963509409936e-01
-1.769159509002396213e-01,-3.442017284950119604e-01,-4.705926836446957529e-01
-7.755401843487123859e-02,4.106276468790337475e-02,-6.053425182007696748e-01
-1.729975437061506416e-01,-4.878157601104646246e-01,3.304165059585740805e-01
-1.814354774413095839e-01,5.853944453395939496e-01,-6.638860851535267893e-02
3.383443260039396550e-01,3.818390052753259933e-01,-3.502842316014234125e-01
-5.377229564686307750e-01,-2.789456086639540700e-01,1.378511920996196571e-01
4.957697523142357010e-01,1.002607691537849288e-01,3.648575883017843857e-01
-3.199011105822647805e-01,2.026098028340098667e-01,-4.985916606263057216e-01
-5.401839163386275011e-01,-3.139608236432298027e-01,-6.819184029787984935e-02
2.989193966013053427e-01,-2.489513901741484056e-02,-5.550727315747689961e-01
-9.921101047906408232e-02,-4.555524480949122434e-01,4.287011885794075328e-01
-1.481390046124792803e-01,-4.791954487134481022e-01,-3.907411154091303684e-01
1.472363713838704680e-01,6.140909655887925034e-01,-9.263714218976837333e-02
-2.641156231673463806e-01,-1.007377422429875380e-01,-5.749765575464562684e-01
3.308808951432529177e-01,-2.942578350999250913e-01,4.664635140573377137e-01
-2.227725694589522687e-01,4.958998603336093880e-01,3.482646723638916919e-01
-5.066990541899091260e-01,-9.074457669362648304e-02,3.937618041541566249e-01
2.242647535289698513e-01,-2.836190524197972906e-01,5.408387961438355651e-01
-5.880709889404487356e-01,-1.643560377603507927e-01,-2.315919496526425703e-01
2.703295419859645388e-01,1.880072301236845322e-01,-5.668374788405126097e-01
4.565795733621308417e-01,-4.587502615613031631e-02,-4.716297050493821752e-01
-1.024193383351563319e-01,-3.799208286494987208e-01,-5.305367748551552687e-01
-1.622502069729167273e-01,-6.248242605595408783e-01,-1.512732675609316235e-01
-3.912948126064114129e-01,-2.149585909063310707e-01,-4.935899855660504376e-01
2.084013340262766134e-01,-4.794747703093600877e-01,4.159076880401794685e-01
-4.136276188249490837e-01,1.876864037996040513e-01,4.933250826331787020e-01
2.646802874763586888e-01,-5.547992096800840045e-01,-2.742698647716420579e-01
2.564616999029296074e-01,5.901748279902969685e-01,-2.059660119030880254e-01
-1.637841521228793340e-01,5.982011842478414110e-01,-2.743561534887714037e-01
6.851823054443000049e-02,3.809673791721766567e-01,5.599748439640063191e-01
1.543149174609420027e-01,-4.635650300968300885e-01,4.776818559408177456e-01
-2.325395924316502883e-01,-2.116963594889483269e-01,6.095079299755651325e-01
-2.930584391353501239e-01,6.041097076569503788e-01,1.519344301888134463e-01
-1.943391445879676660e-01,6.154781839962020912e-02,6.602330360407854259e-01
5.100207110443176761e-01,-3.867273768086580410e-01,-2.671212788255154513e-01
2.636831507220223081e-01,1.849015996403760853e-01,-6.171766181242412941e-01
-4.455723721615627575e-01,3.384400682621716561e-01,4.185229377235341608e-01
1.246174756561655578e-01,3.514768761654254448e-01,-5.939764576979245092e-01
9.932910286928101073e-02,-6.965632763533574634e-01,2.156057730192188077e-02
-4.498261354055549943e-01,2.052544306093713189e-01,-5.047167645075744113e-01
5.996227093111976547e-01,3.003494639098931995e-01,-2.305595950858373155e-01
3.544689032045044569e-02,-7.082060891718755524e-01,6.187268699317744619e-02
-9.820781841267244450e-04,-5.825126195810252927e-01,4.136026105830111210e-01
6.604125217370396816e-01,2.276912968616095490e-01,-1.617788601465851850e-01
-3.637605842699269676e-01,6.205406327341841388e-01,2.371560307985401059e-02
3.955323301811087267e-01,1.602779382981786849e-01,-5.827843968705271882e-01
3.597745012871010895e-01,2.471665240792757928e-02,6.289394439465780806e-01
-5.838477593757052109e-01,6.274167801370594821e-02,4.297244167213442601e-01
-4.619176692046406130e-01,5.558331540278189653e-01,-1.051061575328073455e-01
2.661362947030869175e-01,-3.152251010380575230e-02,-6.822427454580999306e-01
-6.564955296167749310e-01,-2.601516764533473580e-01,2.062705371842548652e-01
-4.366666931136057861e-01,4.723075359099151438e-01,3.625189697196953831e-01
5.265847335823764519e-01,-7.069219156644301894e-02,5.165915527778356386e-01
-7.061210364666133943e-01,9.582206248660130044e-02,-2.130131856972581061e-01
2.147117751762186721e-01,6.126911837291111329e-01,-3.683799959287771819e-01
-6.296748291747148452e-01,-2.328529282394604660e-01,-3.324772329399734438e-01
3.540477834396235646e-01,-1.271453113311035027e-02,-6.631905025535753673e-01
2.186912151529621096e-01,6.373494094136568089e-01,-3.397041582705324081e-01
4.166549229002590449e-02,-1.062663670972247704e-01,7.486930350348831587e-01
3.267768756041104505e-01,5.928869166587955736e-02,-6.836865820206832201e-01
-6.278059802489676100e-01,-3.971392891792859259e-01,1.733395929037487293e-01
-3.203596069267789503e-01,-6.708968224433066174e-01,1.827019689089326715e-01
5.886149160424675175e-01,4.406616507001115957e-01,-2.229222103006352762e-01
-7.233334186869720961e-01,-1.140809979583685962e-01,-2.416114083557081571e-01
-9.088446914384336328e-02,7.389517641233115386e-01,2.111280553603775700e-01
-2.206090241912372629e-01,5.869504098888713578e-02,-7.423477117132151193e-01
2.667479141130535414e-01,-6.185567345566730380e-01,3.921243497140056711e-01
-1.333145565611740810e-03,-7.816411812672133808e-01,-3.040763942463347788e-02
-6.984405527629350408e-01,3.220176643801533206e-02,3.569599474629785441e-01
-1.020214462390660673e-02,-1.582668755149773954e-01,7.717109053158182075e-01
6.741320095341358787e-01,1.508295908527735874e-01,-3.846126448447672597e-01
-2.471866774224908136e-01,-3.408307548066830672e-01,-6.725551868390778898e-01
-2.684213487766785589e-01,-6.867876352481570024e-01,-3.006057749256816347e-01
1.484431701258092859e-02,-7.477430052077853606e-01,-2.815527041419877974e-01
-7.596869374389381493e-03,2.347397219201543539e-01,-7.668111574775344774e-01
-9.394327220317691407e-02,-1.915756490923010702e-01,-7.760209070289266764e-01
6.958376867363444962e-01,3.297670838570070928e-01,2.437237349689053700e-01
-3.793158906227825922e-01,6.541690756355360570e-01,-2.918050765023462167e-01
-2.132461439672818371e-01,2.506005670762097570e-01,7.438759039621614111e-01
7.362090415729322102e-01,3.149828017549362036e-01,1.584105242535688296e-01
6.530420325593420117e-01,3.220251845321775441e-01,3.753153775347926602e-01
7.979926733236416547e-01,-3.892005750898860222e-02,1.935479404764298417e-01
-5.866259043402790585e-01,-3.350320656641256334e-02,5.790388179129957180e-01
8.071672143631515306e-01,-1.738486658355802295e-01,-5.995907712436081977e-02
-2.769846563160856534e-01,-1.276599307468305189e-01,-7.727531669479111853e-01
-4.098642746861597685e-01,3.305315973949107256e-01,6.463602898159399590e-01
-1.806005227712585426e-01,-8.080137646192345757e-01,-1.200172297807352850e-01
7.567995537272673712e-01,-6.669950036229710388e-02,3.572493725381380991e-01
3.428838277016417746e-01,-7.181064588892491773e-01,-2.766209668623936802e-01
-2.591501272719303750e-01,3.449500364733413815e-01,-7.270415115899949710e-01
-7.098200169335301402e-01,-4.491849612727402685e-01,1.188697120640656579e-01
-6.387805596056019830e-01,5.422080718880810668e-01,1.508114217338516472e-01
-1.491262796477611230e-01,-7.738071950317574332e-01,-3.298797907861357737e-01
-7.219136726848949248e-01,3.146397941364256767e-01,-3.387802497705458826e-01
-7.639240605270448681e-01,-3.414271573313040764e-01,-1.997500939088644178e-01
5.874889894743944296e-01,6.317287967251853376e-01,-3.132689073002782598e-02
2.566668585063873187e-01,-7.853754175364621171e-01,-2.601874458890728325e-01
-1.303778118775908712e-01,-8.055041378306355693e-01,-2.996153547543621287e-01
-2.109402704228454384e-01,-2.928972156870933152e-01,-7.940816786922714199e-01
6.980647055269236789e-01,-1.860929219905033960e-01,-4.941680925798996316e-01
-1.832505950331393130e-01,2.019940498129901285e-01,-8.348967675792426935e-01
1.317123217549266423e-01,4.623991057387082382e-01,7.386564290404412647e-01
-8.966828730228597333e-02,-1.319199523890592918e-01,-8.698862603108445946e-01
8.638148315129302590e-01,1.772180678301692736e-01,-9.982901134417601630e-02
-7.078061273283360322e-01,-3.733677088388774878e-01,-3.906275351527029316e-01
-6.469564803432229505e-01,1.984552534616037811e-01,5.835344531246334787e-01
2.707328615456892212e-03,-7.605599117442152224e-01,4.748578828781900851e-01
2.870640840432850394e-02,1.047455875198498865e-01,8.931318852122950291e-01
1.268690809673622133e-01,-9.851918782138995023e-02,-8.883932924210741211e-01
-3.927158976782443300e-01,6.993242085953554898e-02,-8.133419341580080397e-01
-7.992769850211414173e-01,3.029722243201883325e-01,3.092499426016586117e-01
2.154995430223541342e-01,8.467847731064318539e-01,-2.616295626846010802e-01
1.017344315040057262e-01,-8.069584843383613704e-01,4.196416646865869238e-01
-4.577487697127285982e-02,-8.156803377590278181e-01,-4.194416204901062484e-01
-6.196713488703182726e-01,4.765462839406680584e-01,4.878891267951613875e-01
7.258132433766347757e-01,3.318619147664802344e-02,5.718532663425129892e-01
-5.129116455998838225e-02,-6.887364917085228022e-01,6.194879204002535777e-01
8.150907323267696514e-01,3.128649898327772183e-01,-3.230519317529855217e-01
2.182428297285100016e-01,2.915988299152550978e-01,8.601514502718961008e-01
-6.643968909041594317e-01,-4.652826927108474342e-01,4.696212467242214528e-01
-1.936424899045491310e-01,5.458182731347804850e-01,7.409521856612502066e-01
-6.714450915727314673e-01,7.764512378057279729e-02,6.584547690361445271e-01
8.622402951208545385e-01,-2.495392743829940030e-01,3.012337806171848098e-01
-6.383781880365566597e-01,2.446389412456951573e-01,6.596744897445580014e-01
2.069340122371898516e-01,3.818264766698676871e-01,8.485535760752350720e-01
8.465073837937708845e-01,-4.378752670116927148e-01,-8.058249744745463183e-02
5.805110037146633123e-02,-4.957810958012690006e-01,8.196443708464828948e-01
-8.270010214544056826e-01,-4.304367369947230682e-01,-2.408278994835206799e-01
5.775282000724148990e-01,-7.503654320390691634e-02,-7.709023436529627293e-01
-1.805365378243846686e-01,-5.999461805462024122e-01,-7.397449463155073568e-01
-2.272813625449155162e-01,5.479133160198127461e-01,7.708528290567507879e-01
-5.936979011566707598e-01,-7.066120995731881571e-01,3.172813266401289245e-01
4.205778886560901375e-01,6.139126433775248248e-01,-6.364537158999007405e-01
-1.444219804802068519e-01,-9.716120558935900098e-01,-1.999990021277497226e-02
-8.901268472868861803e-01,3.663161298495239415e-01,-2.127246629767524655e-01
5.518508490538919231e-01,-3.999609646347512815e-01,7.167789768079133594e-01
-7.065169890479844339e-01,1.779692255903762566e-01,-6.737907810324917923e-01
5.077888502574986473e-01,-5.679068457946889747e-01,6.411371503745082467e-01
3.570520931924363039e-01,4.445724593963681359e-01,-8.203189992182727819e-01
8.509383316839648215e-01,-5.294062507172249132e-01,-1.884799823689211826e-02
5.251583450185461077e-02,9.884626756101032585e-01,1.777998930024715096e-01
7.557519814429243254e-01,-6.256998452304964875e-01,2.356134608047666390e-01
-3.582132061656644884e-01,7.046715739753242058e-01,6.325198759647613356e-01
6.248559234528838768e-01,-3.955855779646698100e-01,-6.963129377222168070e-01
-1.017348926140127618e+00,-4.386194270693808545e-02,-4.154444933403794032e-02
-4.244042698275156122e-01,-1.420792877972615609e-01,9.193731709425384535e-01
6.835067868694553184e-01,5.372369624201481786e-01,-5.446938361669338979e-01
7.967350186608943563e-01,-4.855129750877957284e-01,4.347080490039999523e-01
-1.739882771052183030e-01,5.920123918276901653e-01,-8.281030551197062772e-01
-6.613431688367413797e-01,6.230696567873834635e-01,4.979759001669125107e-01
8.614653620867526174e-01,3.954287936840787387e-01,-4.268375578608827881e-01
-6.403693664913204242e-02,1.040963742002164016e+00,-1.085827533293652787e-02
5.249711416693697563e-01,-5.410972086309980833e-01,7.256941083353454225e-01
-9.756814032680330984e-01,1.997524851744517660e-01,3.322466253105469947e-01
-1.022374765095573235e+00,-1.693359049587508658e-01,1.886539237406071046e-01
-6.494178175573553924e-01,-6.235149100266428324e-01,5.534571482474738291e-01
-1.002926286627982139e-01,-9.092795901846938422e-01,-5.360386743655161101e-01
4.470879348988985869e-01,9.652121117541223594e-01,-7.883651963353719913e-03
-6.853532203470293904e-01,7.155288649942448398e-01,-3.966548148670733243e-01
-1.051221697618732326e-01,-8.768069686676894792e-01,6.055318875735269391e-01
-3.718945101293553712e-01,5.739970085018667456e-01,8.284077612784676026e-01
2.863224262281988119e-01,-5.887000274152962565e-01,-8.561893212119129348e-01
-3.197064294563839448e-01,-2.711649441762629120e-01,-9.967348151254470379e-01
9.584842210399273643e-01,-4.876518818726835458e-01,1.427757717579476171e-01
-8.140418364958567077e-01,7.201618084907089878e-01,-5.732874102080434686e-02
-2.535214396618110447e-02,8.833928094309784207e-01,6.413305746381736672e-01
2.349616262626073593e-01,-2.338707345503420604e-02,1.069751324661944558e+00
-2.102419579217381651e-01,1.077571046725221526e+00,-5.095976693184993411e-02
6.345804871996253427e-01,3.229178887719709734e-01,8.419446185999954757e-01
-1.102384471923643527e+00,1.191336027483475696e-02,9.149909126917947499e-02
1.080934296807579909e+00,1.453836626919100816e-01,-2.053828881441241150e-01
-3.965969734480848108e-01,3.790406553159209602e-01,-9.689139484531681390e-01
5.090012838852748800e-01,-9.254179855019361023e-01,-3.637831707015531379e-01
5.815856124793060689e-01,-6.172666574780774074e-01,7.325769503695778173e-01
-5.667550705994530702e-01,-1.979054612251339995e-01,-9.506353404855026890e-01
4.598218586492918147e-01,5.338201165348135380e-01,8.808454003672175903e-01
-4.969988519154087125e-01,-9.755635654106008525e-01,-2.860188760831662846e-01
-2.372508318913349734e-01,1.082603896228823803e+00,-2.460025936903006138e-01
8.682543405416892623e-02,-9.394940529254665051e-01,6.379605852072237626e-01
-2.476079073482706228e-01,-1.041295500086529158e+00,-3.999602694964619065e-01
1.084394728012674225e+00,-3.471208967753485752e-01,1.327032663573538274e-01
1.126078367128841018e+00,-3.976897868128897312e-02,-2.299347769502764482e-01
2.412996221536139740e-01,-1.099294686758106376e+00,2.537071938792133108e-01
-8.260052884732367318e-01,2.854552470761260730e-01,7.588534817484100525e-01
8.939433113386564544e-01,3.172750234019838106e-02,7.403527540328318501e-01
1.024644548707019098e-01,-9.108914233878853128e-01,-7.188366159737054062e-01
1.776356731085225182e-01,3.112997147253124819e-01,-1.112304191603991965e+00
-2.945219182954963433e-01,1.105942294281513583e+00,2.541952254723817695e-01
1.920943105213833157e-01,-2.956126786737523493e-01,-1.122057900547159592e+00
1.065408996406804309e+00,-4.993879386136563792e-01,8.775549359909888547e-02
8.255312411945108231e-01,-2.814817938014695931e-01,8.002419272577525611e-01
4.906948927551714190e-01,-8.318298012366771577e-01,-6.909304565031154644e-01
-4.033641295181172315e-01,-4.600874744739791300e-01,1.022135751107057011e+00
-1.051619411544795657e+00,-4.291222265523582102e-01,3.717313480559640837e-01
-6.529186910049351589e-01,-9.691148834962742820e-01,2.681186248116307347e-01
8.139697087613606552e-02,9.279443331700979458e-01,-7.608288476475038031e-01
-6.939124633409933240e-01,-1.867886108206314733e-01,-9.692301593117870206e-01
2.097091393405057513e-01,9.013349405019115412e-01,7.802092475780406655e-01
-1.433308285916412850e-01,5.857714894343264422e-01,1.053939005508650828e+00
3.751371434986143227e-01,-1.153704796207382088e+00,1.100009671863173832e-01
-1.127873964487134950e+00,2.689740415365111659e-01,3.858406405760417823e-01
-6.702211959946466902e-01,-1.439675949733702220e-01,-1.016320403499199498e+00
6.108968628471156403e-01,3.446490855648969287e-01,-1.010156852461478794e+00
-4.037085296137082890e-01,6.154633727758741513e-01,-9.900696552143479767e-01
-6.630980158141021041e-01,-1.040081122026822236e+00,-1.010907134292308579e-01
6.411798547917731961e-01,-2.197717749213556615e-01,1.040194238799304616e+00
-3.004417680998858198e-01,1.521574991015198774e-01,-1.199075277498986791e+00
-3.073441090289101285e-01,1.088888157064769269e+00,-5.299997067526607264e-01
-3.374601644854845484e-01,-8.068043691594196654e-01,8.978415331525716470e-01
9.429083043832037214e-01,-7.521185077971300759e-01,-3.551398950611265315e-01
9.766726157595249092e-01,-2.998827871093899811e-01,-7.396421465703645337e-01
-3.901489232973217591e-01,7.598377350869414126e-01,-9.334792860525824576e-01
7.296028970136005931e-01,-7.489101898753601771e-01,7.196435016181684796e-01
-7.347129814412446391e-01,-7.142657755452096469e-01,7.558257646349855197e-01
-9.448411401481252581e-01,7.640843969174603290e-01,3.936202024688793544e-01
9.057429984394645972e-01,-8.188329706403516539e-01,3.884866817851216902e-01
-1.251792972407451465e+00,1.166714314183623091e-01,-2.674567351141030058e-01
6.521522229266865089e-01,-1.061878187844995436e+00,-3.311387743936217154e-01
7.317000794788327545e-01,2.935412199371224551e-01,1.025406132789100422e+00
-6.631817686913257237e-01,-6.533626805354666445e-01,-9.037941817019344848e-01
1.268544364641982947e+00,-6.828010157466554708e-02,-2.832962747027920614e-01
6.040986129459064990e-01,-6.756590533645970842e-01,-9.398511402656477554e-01
-7.688621851010560837e-01,-3.912188432833149654e-01,9.855333314952702262e-01
-5.715897750843675906e-01,9.081319413290913634e-01,7.581726612207800864e-01
-9.225545008451719875e-01,2.286131275306924060e-01,9.130724345939738029e-01
-1.293731490583039490e+00,1.158553793589809228e-01,2.465708010649706461e-01
-1.166302528074037337e+00,3.098448961358021489e-02,-6.306260799029539399e-01
1.073737099497638070e+00,5.298449918609965392e-02,-7.837116106964477913e-01
1.193762866320382754e+00,-5.965931988706661970e-01,-1.754897128609443462e-03
5.719196242607356151e-01,1.179369903003334885e+00,-2.722625302702848527e-01
1.794818332188054602e-02,4.497696951092837736e-01,-1.265194069412659772e+00
-9.158116964085544209e-01,-4.434509071946075576e-01,8.827416299004344769e-01
-7.449948235210975822e-01,-8.558171982884873463e-01,7.338099887092444096e-01
5.557166881629476141e-01,-1.211026385326648303e+00,2.487972382231752877e-01
-3.519228361230896437e-03,-1.326536621521655190e+00,-2.984069994900994671e-01
-1.288478962192323385e+00,-4.292669892712743240e-01,1.258061327180373945e-01
-1.001602769680961735e+00,5.658014928740203731e-01,7.406196208112850732e-01
1.832673554072858924e-01,-1.247183961928873819e+00,-5.426311774873047167e-01
6.778806053821663513e-02,-1.257637777905115328e+00,-5.558481710587177549e-01
-1.338595577681279236e+00,-1.461884809281543685e-01,-3.062409627493184461e-01
2.630224252386702544e-01,6.184644237054191113e-02,-1.358613451300340724e+00
1.262344703757931841e+00,2.742921898225796074e-02,-5.800687326110924857e-01
6.947697153984657703e-01,1.203743302049367969e+00,1.049764468871336592e-01
-4.762673414915433723e-01,1.161937928962283983e+00,-6.146839963305903431e-01
6.633298543880125075e-01,7.610150840331162403e-01,9.735129903936883267e-01
-5.059283729381049977e-01,-1.119395551964727176e+00,6.855998361359806337e-01
-1.280866981061193677e+00,5.827931023682528799e-01,-1.050536086485817505e-01
-4.567806890408711573e-01,6.514479309741150193e-01,1.170720734529621776e+00
-2.469900602090353281e-01,1.239222723802926751e+00,-6.475551300234523300e-01
-7.396501677908827732e-01,-8.831702277366885179e-01,-8.374882595406287766e-01
-1.692219367650965312e-01,6.261718870967486472e-01,-1.272892315823423992e+00
-1.238941174842161930e+00,-1.398629004821005106e-01,7.064267900606412409e-01
1.757069568529582562e-03,9.395878500310027581e-01,-1.087847028370426017e+00
-6.233854890095065215e-01,9.895951586319824411e-01,8.432473904653426944e-01
-1.067218092138966012e+00,-9.650573139792024691e-01,-1.465942691557156341e-01
3.296263774692519966e-01,1.395179464374664002e+00,2.224362958889028186e-01
7.996486456317033475e-01,7.637917780216050279e-01,-9.459336448695845334e-01
-3.684651696828404877e-01,-1.410791190486084368e+00,-6.729996915533265067e-02
-6.233439420447860480e-01,-1.093144587009394542e+00,7.484643451385120105e-01
-1.061363087757699830e+00,-2.005652188324676954e-01,9.950731742354230747e-01
3.971902784210618043e-01,9.574106774488472249e-01,1.046772998862240955e+00
3.697832033024047726e-01,1.273777295537156462e+00,6.513025473520522857e-01
5.942866650054772215e-01,1.286061010978123420e+00,-4.355479663946161817e-01
1.384043938583596312e+00,4.658335982821592558e-01,2.787758485565691169e-01
5.575963006316692061e-01,-4.190788747377201529e-01,-1.318063622252555467e+00
-1.462495448365072725e+00,2.137452339281474545e-01,2.299255605724533635e-01
-1.372780748315977961e+00,5.447750249751206475e-01,2.642497897884580338e-01
-2.692953839156814189e-01,-9.792957176986588630e-01,-1.110567357683069911e+00
-1.507123382399084166e+00,-4.895996883311656139e-02,-7.016950965569930532e-02
1.156828053688207895e-02,-1.497690037498986326e+00,-2.223762381510287767e-01
-6.074695093704578497e-01,1.389834350990277301e+00,-7.744579129096447467e-02
1.248221237650467330e+00,-5.321175146414470758e-01,6.924775600455210789e-01
-1.311361462401170686e+00,4.048255695658408704e-01,-6.718109475920092111e-01
2.012374286875553975e-01,-5.874991215205418449e-01,-1.401235727399442910e+00
-1.445799432347765201e+00,-5.208445875775121747e-01,4.251982233826689939e-02
-1.265761798550178341e+00,-1.773655021509764340e-01,-8.626707041235235351e-01
-5.922685188508628462e-01,1.188959335447714372e+00,-7.923855984354561954e-01
-5.873594248510156657e-01,6.516866613461157476e-01,1.279509266624279995e+00
5.592500755873612839e-01,1.418905940751898465e+00,3.088784237133469501e-01
1.536681779070633524e+00,4.280401560780649345e-02,-2.700901554928755721e-01
-1.501957518320296447e+00,-2.404316571353805054e-01,3.705141434514419574e-01
1.544466291148170189e-01,-4.669355045114061409e-01,-1.491293632961742555e+00
-1.137161524100480436e+00,1.058901768602999338e+00,-2.576569290583998195e-01
-3.712081798723274040e-01,1.452276953705397000e+00,4.989313917857795544e-01
-3.874517947915843696e-01,-3.732748436165457817e-01,-1.490471975655211834e+00
1.479411623873034820e+00,2.893694940401075888e-01,5.037591785489855534e-01
7.197149402252757122e-01,-1.255758876433791471e+00,6.682350269829111511e-01
-9.793475194675712592e-01,-1.001186918353177857e+00,-7.715808791423701685e-01
1.418119568851549939e-01,1.123028360626928235e+00,1.136218053058257960e+00
6.938598336961329105e-01,7.766273745644854121e-02,1.449264736339073156e+00
-1.110793720155771824e+00,-4.846689441247885033e-01,1.065226264321735394e+00
4.422256232690847111e-01,-1.436352542400817223e+00,-6.004334997570747179e-01
-4.311685217943561077e-01,1.267984816380633317e+00,-9.172275913057204022e-01
2.409759041821431524e-01,-1.587649994141739240e+00,2.686808858769434427e-01
-6.965354689041323155e-01,-1.344814342481685632e+00,-6.108886134120475875e-01
-1.507768952940409024e+00,-4.235749964372563237e-01,4.797481694638746630e-01
1.640006746925596115e+00,2.628908801194363223e-02,-9.373316264923990671e-02
-6.553398642248760009e-01,-1.028745188129917665e+00,1.107952706220041383e+00
-1.142191750313677590e+00,-2.102498514788747053e-01,-1.175957446456639133e+00
-7.116468099795292268e-01,1.403842345116258716e+00,5.204759807838980068e-01
-1.565169317710266572e+00,1.213815287903309698e-01,-5.478492037021962524e-01
-6.103485981631328050e-01,6.191333502466592753e-01,1.423159952697749864e+00
1.040031743183461588e+00,-1.301621940455959248e+00,-1.484930394553030664e-01
-8.458773389990827951e-01,9.516195662902524610e-01,-1.092538229468527522e+00
4.970360025754099187e-01,-1.587642423699426875e+00,2.529021666241241806e-01
-5.869309171653618318e-01,1.510183990151749089e+00,-4.727017047000330319e-01
-1.545055836176878250e+00,5.449928189860975269e-01,4.259659828406506255e-01
1.477091476021725525e+00,-4.721444090496604296e-01,-6.914531096328678794e-01
1.554414007243958951e+00,4.244572542180330976e-01,-5.511078424789047636e-01
-1.044517403974323022e+00,1.247402018208183527e+00,-5.200125595960066738e-01
-4.908687318408748168e-01,4.364681690565820338e-01,1.582224741018998238e+00
-3.216111501118508742e-01,1.607585693326107457e+00,5.144632674612035217e-01
-5.971933555220054757e-01,8.058041767269776834e-01,-1.401470805301733069e+00
-5.851099098956157318e-01,-1.625913343596844918e+00,4.327406810607465487e-02
-1.531010412402360910e+00,7.834465709252345089e-01,-2.188065874276689526e-01
-3.015048119926151959e-01,-1.223085826846634028e+00,1.198644635590905283e+00
1.676925736151307689e+00,-4.446875569708235165e-01,-1.783254798811025887e-01
-7.183755873171175921e-01,1.582293684304518777e+00,2.001076654766499874e-01
3.791631120646010711e-01,1.698644793651886920e+00,-2.209832510392832072e-01
3.133281897757521639e-01,-5.161892829643314196e-01,1.652785259630956238e+00
-1.445644361401028588e+00,-1.009458385667118208e+00,7.657989947868910907e-02
-2.422262001993041314e-01,-1.368040866159773605e+00,1.096851607124117001e+00
-7.948488925218606393e-01,-7.979667122694013015e-01,-1.372367777390169685e+00
3.436558978801731445e-01,1.411223333225620102e+00,1.030056637847269529e+00
1.014699801517204014e-01,-6.967700512626789910e-01,-1.641256792715156454e+00
8.809911416337266044e-01,-9.719151343583889435e-01,1.219708402087778421e+00
-1.434578168876470272e+00,7.415271686777222815e-01,-7.871621712588862119e-01
1.626469075112337015e-01,-1.750475263120647940e+00,-3.950144678509554530e-01
-8.989755714036878897e-02,-4.325791560043671380e-01,-1.752342857984855007e+00
-1.147704476958301800e+00,-3.025691662531528880e-01,-1.369854488707782592e+00
1.591745442087557638e+00,5.889720941650736785e-01,-6.513083459439705791e-01
6.992434550415339567e-01,1.195901447005744300e+00,1.185410658492452418e+00
-1.182202883320975451e+00,1.122726409520495405e+00,8.281816847904467371e-01
-1.189884203137979934e+00,1.195650766809813748e+00,7.199921911824354037e-01
9.491380094672784429e-01,1.352581765736685204e+00,-8.083023033139732361e-01
1.790341318485984212e+00,4.109022839892756407e-01,1.718669058862897503e-01
5.600639462937728741e-01,-1.621793168513248895e-01,-1.756087866103708928e+00
3.983613052479236250e-01,2.879742984301449926e-01,1.789532014131264726e+00
1.342254176193431237e+00,-1.659895372406250402e-01,-1.278743507027759962e+00
9.075962510571298214e-01,-1.491034240710140901e+00,6.617543879124730966e-01
6.095028245226759012e-01,2.650818657559256830e-01,-1.750323334589726443e+00
-1.231568713248491598e+00,-5.634337115969896281e-01,1.300710612558794388e+00
1.791339404498288879e-01,-1.871417369518598051e+00,-1.120776970640601083e-01
-1.714333451109501638e+00,-7.759896519830643546e-01,1.632604147126245908e-01
-1.492873121738906850e+00,1.029981260440318458e+00,-5.470241183025431608e-01
8.073609218962893852e-01,-1.449424987204213089e+00,9.258677357983261524e-01
-8.555367861091882631e-01,-5.632910007481108927e-01,1.606829010404302593e+00
-7.320850845288303654e-01,3.571199026030980050e-01,1.728877103599039344e+00
-1.549917134169227273e+00,-5.483312712542341982e-01,9.854264486546938651e-01
3.341504597531280152e-01,1.062417920079003375e+00,1.566901632515200093e+00
2.115892187713120931e-01,-6.255957825485862767e-01,1.811391805201220784e+00
-1.494527545468044283e-01,1.362756949077933877e+00,1.363696212720391543e+00
-1.726337268633161282e+00,-2.059696126980887498e-01,8.592990020688044961e-01
-5.601735296673909792e-01,4.649427214159785327e-01,1.803652060898259801e+00
4.395098650913513705e-01,-1.896489016050497245e+00,1.244020291734628803e-01
1.364681784244006491e-01,-1.037216397502667142e+00,1.653234203813740644e+00
1.841518901459859192e+00,1.511162570825926865e-01,6.603238991768685118e-01
-2.231091775591718951e-01,2.209019054720397501e-01,-1.942687138317673812e+00
-5.080109943098080061e-01,3.874074108391796778e-01,-1.867384487442184104e+00
-5.535637356571191381e-01,-1.479057920840142648e+00,1.193330886932390644e+00
1.634884880700389953e+00,1.059713210281662432e+00,-3.810071073945258124e-01
-1.177629164648274163e+00,-1.033501733117172083e+00,-1.228461985764560893e+00
-1.011457105094473397e+00,-1.705285355737408359e+00,-2.370336412560567207e-01
1.962095899318596404e+00,-3.949096999244456896e-01,-6.894960969644065019e-02
-1.413183734558230986e+00,7.069447134298436630e-01,1.239796398321497461e+00
7.090840407775628185e-01,-1.869050571152210516e+00,2.477044942825329665e-01
4.162249232554500189e-01,-1.538649296303921776e+00,-1.241170592323196598e+00
-1.672841036169856022e+00,-7.130263814242285836e-01,8.934180311057824397e-01
-1.529324922491971606e+00,9.009071409873327108e-01,9.891768061551493574e-01
1.023513995012696798e+00,1.749337747819114997e+00,2.127095666174172728e-01
-1.615337212079781315e+00,-2.936015024492091494e-02,1.251811838229143214e+00
-2.017763886224215597e-01,-1.692002684607303298e+00,-1.139277934852312990e+00
8.665190037921944866e-01,6.442875926540956311e-01,1.749297923300734858e+00
-1.365901312797173084e-01,-3.203402048635498600e-01,2.032074528999724627e+00
7.218337816786349892e-01,1.378206378995658232e+00,1.361923252990215882e+00
1.794293471938896101e+00,9.515618280153610442e-01,-4.186133795785585976e-01
-9.228712880886613679e-01,-1.543283407845705391e+00,1.044882907214356171e+00
1.870088678566919738e+00,6.573945337084571294e-01,6.487919357811707810e-01
-1.251645240032295048e+00,1.416076215955398121e+00,8.965008035582343604e-01
9.119104025060638108e-01,-8.061805287627310523e-01,1.708654986839861945e+00
7.208925998221027420e-01,-4.553634999308971421e-01,1.923411891875902668e+00
-1.628018126718004721e+00,-1.191234403659508168e+00,-6.186737897912586437e-01
1.696920605514196989e+00,6.138700019393097396e-01,-1.105299622201154408e+00
1.856479007468339937e+00,-5.405331960744871322e-01,-8.748349133045392190e-01
-8.351118872047068598e-01,-1.957331993421016936e+00,-3.962564574591230515e-02
8.279255460248503562e-01,-1.967238521088313430e+00,-2.979709493481114829e-02
4.332108222937283704e-01,2.091246003792000430e+00,1.475872682290750026e-01
-1.918121752425721915e+00,6.480680407918790742e-01,7.142202474786031319e-01
-8.969196038623050704e-01,5.232633374431452378e-01,1.886186215437733571e+00
1.898969852711563933e+00,-5.307825379245385555e-01,8.803234663652511616e-01
-1.712130893303207335e+00,-7.744432555045356326e-01,-1.076380429518723592e+00
1.895213088748073149e+00,-9.648258425809845829e-01,4.406098604120701756e-01
-1.331470893621175211e+00,1.673902100169268881e+00,4.115233521561565411e-01
4.244375266204017394e-01,4.153030789387110455e-01,2.102116508603602885e+00
-1.189043742854944963e+00,1.264872387420936439e+00,1.336166859667650808e+00
-1.680719445822436597e+00,9.981417920785976561e-01,1.002828234422626474e+00
-5.548591778819854659e-01,-1.818205710028988120e+00,-1.113947331532222140e+00
-1.592339026484818953e+00,1.001427587160471866e+00,-1.159404620741505187e+00
1.361506623467670485e+00,-1.393364255083840542e+00,-1.056223174058547931e+00
1.897317607076332013e-01,8.388246458001304973e-01,-2.049256090364430349e+00
1.971369915094988379e+00,3.087207148480519692e-01,9.929372127174946883e-01
-1.728720913380891844e+00,-2.649063073220571385e-02,1.416673819697484626e+00
1.091306289361914983e+00,-2.025912803338899559e-01,-1.947540654791270365e+00
1.527613861774809179e+00,6.659046328092509404e-01,-1.508904967238163364e+00
-2.200532442306156966e+00,-5.359641508607718152e-02,4.875323581233239612e-01
3.078580688585351721e-01,1.422271926236579276e+00,1.730463054182370231e+00
-2.567190592541410687e-01,-1.479202294238609605e+00,-1.699288970072708960e+00
-1.031926697960154016e+00,-1.909202464828787305e+00,-6.790799453569170696e-01
3.690685132546443481e-01,-1.239669318660133746e+00,-1.878242084124330358e+00
2.163177286712129277e+00,4.786523886593440080e-01,-5.676350889305172842e-01
-1.665303090111604600e+00,1.576656253612649161e+00,4.005166146687844098e-02
2.073218507413826739e+00,9.481727628026668242e-01,3.059551163697779019e-01
2.015199904939324327e+00,-6.814911471454676573e-01,-8.920586328340145421e-01
-5.864717327373119016e-01,2.197631019961913346e+00,-4.221565432591429246e-01
2.000209318137758707e+00,7.634017068593729194e-01,8.937618010642467414e-01
5.082638896481839891e-02,2.461550334062365120e-01,2.313028659020721634e+00
-6.372605629242746872e-01,-1.620649712152524291e+00,-1.552959873291457571e+00
1.749586873957548194e+00,9.992570325125260666e-01,-1.189917101082169415e+00
3.274349954487953407e-01,-1.245434269399447569e+00,-1.961759386022670082e+00
-1.346287225669069887e+00,1.529774940179548182e+00,-1.177130700793334928e+00
-1.389480268460778323e+00,3.011421389451006680e-01,-1.883794633507505090e+00
-1.375384727429659559e+00,2.516867765306400884e-01,-1.909673327496839601e+00
-1.683038786528283426e+00,-1.408909480345249765e+00,-9.034737840425167699e-01
1.231795704822292059e+00,-8.190523206688883340e-01,1.864924672656167903e+00
-1.892464500505717906e+00,-2.526001488691641539e-01,1.432919010269189330e+00
-1.723767804646561264e-01,1.363535902499313668e+00,-1.960124993681107597e+00
-1.396408558000456379e+00,-1.949353481733386184e+00,-1.175641176438088215e-01
-4.830947761727147349e-02,2.080815958255867404e+00,1.210176637747113926e+00
1.414194454459051009e+00,1.635737989016794236e+00,1.074312623919340126e+00
-1.100155189690080082e+00,-2.097651807316927464e+00,-5.024952836318479221e-01
1.995577662104726979e+00,9.340516442922968121e-01,1.020605581923702321e+00
-2.463036228446948139e-01,-2.126485933339949952e-01,-2.413326646164765332e+00
2.015493110204908955e+00,1.378666379977762535e+00,-2.982324515316293542e-02
1.319732055369489787e+00,1.464921346294512094e+00,1.452621628744599436e+00
-1.960939885829583451e+00,4.418569705172824547e-01,-1.411180495241806998e+00
1.207199305385220578e+00,-1.549662914229801569e-01,2.141249218454631009e+00
2.086251041396948391e+00,-1.061249468816414243e+00,7.887478186135121749e-01
-1.211063791180434945e+00,1.579337419248472374e+00,1.474633540995859304e+00
-2.183803851964732257e+00,3.055609581073969738e-01,-1.143702343207973371e+00
1.819677495462897365e+00,3.358487533273861736e-01,-1.667778159135051119e+00
2.739220644248680503e-01,1.496259055978290231e+00,1.981653609527676885e+00
-1.706232313518697863e+00,1.041671788734251480e+00,-1.509942631744768171e+00
3.617488251654608078e-01,6.606280980622714072e-01,2.396788289965635865e+00
-8.592333724631924241e-01,-2.289255414244688147e+00,6.072518625588368968e-01
-9.778973802783751390e-01,7.311791622278930314e-01,2.211979746426557369e+00
1.003139057705179971e+00,1.892955548131935117e+00,1.352929632105536850e+00
-2.243772449702707839e+00,4.831644526547015928e-01,1.090158389980403486e+00
-4.727601130025376186e-01,-4.182353897264471931e-01,2.468724554878797495e+00
1.986447149336559415e+00,1.482211801934449236e+00,6.220223705584370100e-01
1.679039702163839243e+00,1.935883683381929954e+00,5.018882825309252914e-03
-2.445883228906996221e-02,-2.264722170225035303e+00,-1.214284899667214868e+00
2.872893671864265586e-01,2.557244729997616872e+00,-1.393679150098065811e-01
2.418334226932456144e+00,-3.639808649841052568e-01,8.356097257568741998e-01
-2.422409662448970380e+00,8.900594812718498616e-01,2.379073004406843661e-01
-1.241368320538608128e+00,-2.434479286389235400e-02,-2.283264534441806770e+00
4.829095283802345429e-01,2.488187123092648001e+00,6.073072685016601691e-01
-6.587857890070654143e-01,-1.985779516579788018e+00,1.566588117469990049e+00
-1.769842097097472200e+00,1.134134082497606055e+00,1.565739486002736935e+00
-1.698903059907046487e+00,-8.753724073022302044e-01,1.804556291534901602e+00
-2.298095958990733934e+00,-1.178753774127357934e+00,-5.265971922266963201e-01
-4.795065555258383738e-01,3.038959496998898113e-01,2.581661827857519853e+00
8.470806113897375589e-01,2.399033003774600825e+00,7.441834273490969265e-01
-2.352172541886575097e+00,-1.004508704109660755e+00,7.243122377950375057e-01
1.218399738097440732e+00,-6.861000768823857232e-01,-2.269588097849280839e+00
-6.758494341115528492e-02,6.847564345481503834e-01,2.583194754746114707e+00
-2.848169993177776527e-01,1.636898974080339020e+00,-2.103830402100800967e+00
-6.030953916299858220e-01,2.135027861269945149e+00,1.518260764607845203e+00
-1.640046322846788973e+00,2.128449844985098149e+00,-2.187966558364021485e-01
-7.964062834930448753e-01,-2.116330565669550356e+00,1.481810075995683595e+00
1.145105500702034984e+00,5.008376628100278394e-01,2.405815733721263339e+00
2.270360996462807535e+00,1.401446961139643843e+00,5.223568787020378412e-01
-1.747687566081138177e+00,-2.046778720474850655e+00,4.351441236069646945e-01
-1.488447513942017623e-02,-2.101603642079562295e+00,-1.748697831878493147e+00
-1.988912046353474850e+00,3.648566941160076849e-01,-1.851505720440358882e+00
2.663593528510268982e+00,-4.535044076464922469e-01,-5.087770914373808129e-01
2.467072144165780578e+00,-3.063067531277506861e-01,-1.192264055144741208e+00
4.516104367238204520e-01,-1.153713920643818502e+00,-2.471738833948794678e+00
1.677103640188861933e+00,1.116410542593423871e+00,-1.904840621815757862e+00
-2.332070419008016593e+00,-3.482189055693964974e-01,1.473381643422047249e+00
2.427432944562076589e+00,6.236941892648021346e-01,-1.221745842288941120e+00
2.299427056651090484e-01,1.047815956078250454e-02,2.786532229771135682e+00
-2.456936977290459900e+00,-2.599817649032974964e-01,-1.325709422039144547e+00
1.107419290402450907e+00,-1.620864632460583987e+00,2.013002630371977908e+00
1.296206131213645918e+00,-8.201397164559791619e-01,-2.365869570729089766e+00
2.403623818052887717e+00,-1.436730740319557498e+00,3.912941239558256901e-01
2.600701119601151134e+00,8.749366590514136011e-01,-7.144132930841132767e-01
1.934504318949390900e+00,-1.354447950263712563e+00,-1.583597959986934756e+00
1.773662749057437926e+00,2.067716992994083736e+00,-8.417823666040874508e-01
-1.763781204945543246e+00,-1.776500290626172873e+00,1.381523257458731502e+00
-1.155338067755962594e+00,2.362931268191488687e+00,-1.141503192701348812e+00
1.167610963967600668e+00,-2.524920128836859234e+00,-7.271742622084772512e-01
1.061553513543863403e+00,-2.530793338077207189e+00,-8.841908132271661946e-01
1.363185226368784031e+00,2.546561099539784934e+00,-1.299534125936038786e-01
-1.818535206834556384e+00,1.851618917838566247e+00,1.292807454440061399e+00
-1.287644415079934879e+00,1.884137150758846690e+00,-1.801649453446632743e+00
1.052801549320730334e+00,2.241224171235156604e+00,1.539396857569051091e+00
-1.733967765981578590e-01,-3.938241830237437791e-02,2.918412503738413655e+00
-1.783915574631134593e+00,1.862608614663168405e+00,-1.394584356830733007e+00
-1.942085502369556238e+00,8.842321429620961792e-01,2.022623271111552601e+00
-1.050162378452215384e+00,-1.186422366372318793e+00,-2.486447302101562506e+00
1.374201838113109808e+00,1.582097762461531110e+00,-2.085651874402839390e+00
-5.795468576748765699e-01,-2.688859542473314601e+00,-1.106514429376888931e+00
-9.896699395687099665e-01,-2.762204975745133684e+00,-4.796431122155174753e-01
-1.731356580314003635e+00,-1.759449440275570264e+00,-1.671929818537474910e+00
-1.812432224419267268e-01,-1.303233556903835133e+00,2.684572480646525872e+00
-1.122932276399439600e+00,1.985766334069601680e+00,-1.945200201042308397e+00
1.750239348445353782e+00,-2.158108888809601389e+00,-1.147777936058716586e+00
-4.034972708284191301e-01,2.709659762074256850e+00,1.258365361280550543e+00
-1.412338665457762543e+00,1.269987031673234457e+00,2.351942389678185918e+00
-1.532445724036771706e+00,1.676245567789921731e+00,2.007967024845800363e+00
-1.028295807282545660e+00,1.015391548787209386e+00,-2.674490398684643111e+00
3.004475641372560624e+00,3.215283280715570124e-01,4.031365491151988056e-01
-1.454632572944494218e+00,3.518352582181515920e-01,-2.665476487568505082e+00
9.834839855737330383e-02,1.291114651127224455e+00,-2.778465311168470731e+00
1.452035357262478010e+00,1.517141832910948285e+00,-2.244700202568110647e+00
-3.000354091152932501e-01,-2.797928837402170466e+00,-1.258150043769668658e+00
2.854197023021722401e+00,-1.162299981875095645e+00,-2.383885386759948821e-01
2.956629990082256132e+00,-5.769211122847242024e-01,7.299554013841621503e-01
-2.013009846545131598e+00,2.300245423399504219e+00,-5.633832261372115902e-01
-1.755109773036104936e+00,-1.022579037095894483e+00,2.363968677136399243e+00
-1.403998067697746821e+00,3.325378122664218172e-01,2.772473020545498379e+00
1.860521717667190655e+00,1.610729780162893920e-01,2.516976708520480610e+00
2.520598914817158587e+00,-1.565593862465441521e+00,1.035712629000280272e+00
1.959444684823449911e+00,8.677709676751097501e-01,2.310755131145223906e+00
-1.492655361908955314e+00,2.699057708455374183e+00,6.886456494785854199e-01
2.518667218037255129e+00,1.163302035276958746e+00,1.531544162513019725e+00
-2.925436712599742251e+00,-7.827632894800234942e-01,9.630147311383449038e-01
-3.001476941562377654e-01,-2.351300360148860680e+00,2.129695016196685220e+00
-7.103132759847665678e-01,2.733920459329988173e+00,1.493901186807084391e+00
1.617218629412096487e+00,-5.504290991765407870e-02,2.765643345945731024e+00
7.926276142795461999e-01,3.703808682245415818e-02,3.113596075773278571e+00
1.646846584731239682e-01,-8.662016130221444898e-01,-3.099014019748861593e+00
-3.569416389846696847e-02,-5.897055328648690420e-01,-3.176443556536252544e+00
-1.483041921706285349e+00,-7.897172887868416646e-01,-2.770119903502439307e+00
-9.939874071839610581e-01,2.886686539646063476e+00,-1.110755409287759843e+00
-2.422147908461921073e+00,7.402676506796812550e-01,-2.048993745992281124e+00
-2.625387540758994831e+00,1.935403663942585784e+00,-1.829167197439038883e-01
1.775069181301571208e-01,-1.517580792679116275e+00,-2.897652465195559746e+00
1.372842449003797705e-01,-2.811774605992505283e+00,1.692744331831786742e+00
1.660776402564486443e+00,-7.283174935090285240e-01,-2.749791442270080211e+00
-6.524520922934791134e-01,-2.095134379375901065e-02,3.237874521087043433e+00
1.864747748271395444e+00,1.628761375784846699e+00,-2.200027299263214609e+00
-2.865035749757280037e+00,-1.671007003324296525e+00,-1.737710599698684688e-01
2.918662415627551798e+00,1.093094633773064928e+00,1.174047604266446720e+00
1.103134109984846400e+00,-8.041949177568660234e-01,-3.047862395587968454e+00
1.802521299031822621e-01,-9.006075840545393341e-01,-3.220419868832589572e+00
-1.641900331826641635e+00,2.332670948764377084e+00,1.771839038951130485e+00
1.021708767797611772e+00,2.544863347276111742e+00,-1.954131032058533890e+00
-1.278059053490990360e+00,2.042303916226974714e+00,-2.365793185759522910e+00
-4.630494018088073260e-01,-1.804546527389369714e+00,2.827280785962185572e+00
-3.227404888893237178e+00,1.054198878356563895e+00,-8.733105759191695308e-03
2.355113915607706332e+00,-1.448593880681063650e+00,-1.986488473249598652e+00
-6.189558941966289973e-01,-6.721088921327224297e-02,3.356695209579246608e+00
2.277596254441397461e-01,2.972210591070285179e+00,-1.683258127681408034e+00
5.567214246324674320e-01,3.187011642294828917e+00,1.147548361320714028e+00
-2.523362740069433396e+00,1.723323813156129924e+00,-1.584792345513599710e+00
7.331988770371921094e-01,3.138176509534496700e-02,-3.372754174778916703e+00
2.984947693501170285e+00,-1.676685597031753572e+00,-5.083878959833346700e-01
-2.296892617769311862e+00,-2.415506993084068910e+00,9.670634132559881024e-01
-6.596740829515974625e-01,1.827469800675209033e+00,-2.887401868668562077e+00
-6.834056793835651122e-01,-6.031676284008518490e-02,3.421677624968702425e+00
-3.108489712417068507e+00,-1.370603055501484535e+00,8.392281031231879629e-01
-1.595586591070439875e+00,-1.762199598222338848e+00,-2.581023061173316258e+00
-2.363147091853400550e+00,-1.710405890255937589e+00,-1.967405941589489338e+00
-3.158129482627728968e-01,-2.223367182757317373e+00,-2.721325227789015422e+00
-2.644258981569040379e-01,-3.372248162523954651e+00,-1.036900480236591759e+00
1.031175721379136379e+00,-3.208250503219892025e+00,-1.108935744210737040e+00
3.391404489242939135e+00,-5.098516749689679939e-02,-1.072783225886332570e+00
2.180108226168467667e+00,-3.683692314144457192e-01,2.799292632465985697e+00
2.918073930459396781e+00,-1.318161699270455622e-01,-2.064451949715302881e+00
3.135584185866854501e+00,1.336951439375703821e+00,-1.115983748088154481e+00
-2.104243676809631758e+00,-2.667156699795593777e+00,1.180595330627932427e+00
-4.420396656765676613e-02,1.582144602976748304e+00,3.240560591248265343e+00
-1.849103830481739319e+00,3.028480638446649831e+00,-6.977532032782036708e-01
-1.197114585852957047e+00,3.420660271076153336e+00,1.244450563919830555e-01
-2.165607587429400349e-01,-2.610008667449033037e+00,2.522413118235097951e+00
-1.301411163662000159e-01,3.585064185812623982e+00,-6.515327814044421517e-01
2.207067142711639729e+00,3.557840064137018365e-01,-2.892970162698175418e+00
3.368129376914508200e+00,-2.247969928773847423e-02,-1.447575278260753606e+00
1.225870326941097099e+00,3.313120530056280710e+00,-1.017057645469277682e+00
-3.195646243766076200e+00,-5.386392221631964849e-01,-1.756613124162704542e+00
1.808479982113462059e+00,1.833607888084544113e+00,-2.651356972917159549e+00
2.905708176328140713e+00,1.998632574022349839e+00,1.139985090520202471e+00
1.714600409973003670e+00,-1.339284277449186433e+00,-3.013124925769289142e+00
-1.589222745659320202e+00,3.342552795634320617e+00,-4.356457051892055343e-01
3.328970518140665913e+00,9.988969099594485757e-01,1.372679902910179051e+00
3.644409267461981905e+00,-1.897794786600710271e-01,-8.501584095207753711e-01
3.986729537500837695e-01,3.490276991488486580e+00,-1.332796916823011379e+00
-7.238014671957379020e-01,4.234231356555268611e-01,3.673059548719131762e+00
1.027185905743282085e-01,8.389763103772048813e-01,3.682083246052208825e+00
-9.589409215213470228e-01,2.413468184195040944e+00,-2.757863054217776444e+00
-3.764372313870756770e+00,4.809614125358934733e-01,-1.637934181565333658e-01
1.530535762561560320e+00,-3.482700621747330416e+00,1.891201489422464077e-01
-2.928267423880101195e+00,1.452044905171596456e+00,1.975752686705780636e+00
-5.100172348207884093e-02,-1.623841611105904414e+00,-3.467998086033494687e+00
1.703231767364976168e+00,4.931327508473135057e-01,3.406230235781839699e+00
1.360751372608687948e+00,-2.309186054466693783e+00,2.764620901950260556e+00
-6.077320037163668198e-01,-3.257058261929957954e+00,-1.982498520444731183e+00
3.392118184324822927e+00,1.594746413448781874e+00,-9.694145422464062190e-01
2.548375523466678949e+00,2.002620360357028062e+00,-2.136948156479177019e+00
-3.264492972342697197e+00,-1.023230495963175057e+00,-1.857303297884407289e+00
-9.923684514161517090e-01,1.390083412564559584e+00,-3.509847956498662214e+00
-1.709800066670918550e+00,-2.640314579196173739e+00,-2.329074044131445920e+00
-1.463224360128171364e+00,2.506905308201680782e+00,-2.641439690873260915e+00
3.271757458122927176e+00,4.070753363930173507e-01,-2.148644969525526971e+00
2.422997400215853414e+00,-2.895717092292960704e+00,-1.146781866439340991e+00
-5.396160215927360282e-01,-1.862121693261864497e+00,-3.449258384708866476e+00
2.692726684098469825e+00,-1.842379803063976251e-01,-2.908032777512939759e+00
2.182238575507324807e+00,1.027522091433243689e+00,-3.163726536989325933e+00
-2.740348837092164036e+00,1.053495981892876188e+00,-2.700735897663454566e+00
