-0.000000000000000000e+00,-0.000000000000000000e+00,-0.000000000000000000e+00
-3.832980550152464104e-03,1.044513561576292798e-02,-9.740695756051007126e-03
-1.610903172369594280e-02,1.377243941800106522e-02,1.906248974097167004e-03
1.521076175571593400e-02,-2.077821442557136258e-02,-5.886852269817059030e-03
-1.127498721049951516e-03,-2.971547773352907831e-02,8.220862452824847719e-03
-3.411411659070429786e-02,-4.285567890819580970e-03,-5.662808341424644711e-03
3.237753420826474521e-02,-7.584908682164133789e-03,-1.945081183266992794e-02
1.225902592748420034e-02,-9.830525878208564577e-03,3.891511858982647787e-02
7.790665616082280247e-03,-2.013449709020440070e-02,-3.973910360324698493e-02
1.533698767504270430e-03,-4.451111027791146424e-02,-1.876835636097419838e-02
-2.543817106032544850e-02,-4.354376607615867423e-02,-9.465477195443218819e-03
1.458699076742874835e-02,4.944750493524357332e-02,1.667376524608470481e-02
2.644212478658195323e-02,3.420370806920077032e-03,5.033978671559408841e-02
-1.459896583165909423e-02,-5.194212264353049308e-02,-2.547353068194943559e-02
1.185678869638130337e-02,-4.977093500518295355e-02,3.554039489158766080e-02
-4.209962085853839048e-03,-5.160850768747651807e-02,3.906695115072141011e-02
-1.074362318260542112e-02,-5.393815098835780947e-02,3.892045494714936604e-02
2.480806270500598813e-03,1.407106619235906457e-02,6.836019986113722746e-02
3.242604216195808797e-02,-6.578290626631397254e-04,6.456461320039665053e-02
-4.808160995526204566e-03,-4.417135613069629770e-04,7.447009080302569028e-02
-3.253434850142130491e-02,-6.310680800291590398e-02,2.970146967419799028e-02
7.020810080360886940e-02,-2.876886860618793965e-02,2.292746709518800330e-02
-5.187466709081011741e-03,8.132679682552354516e-02,2.490488660046566351e-03
-3.574215910356325077e-02,1.570502321123277631e-02,-7.411440608975991551e-02
-2.117506243689881024e-02,-8.709924487010443223e-03,-8.287352698816612129e-02
-3.432075480144753526e-02,-2.813205270546174919e-02,7.617955503727055766e-02
-7.192774200672312490e-02,1.681658201231443772e-02,5.197907783376926744e-02
6.064259997878317099e-02,1.941431664350746003e-02,-6.704116869746590268e-02
-3.874182070849403053e-03,9.413161901535323228e-02,8.310976224314198593e-03
-7.205381117862993956e-02,4.977887494650782424e-03,6.425984641489360105e-02
-2.906889328064495362e-02,-6.128491472826023793e-03,-9.417766534190868954e-02
5.276755038384209340e-02,8.096685932301544986e-02,2.869115602696803088e-02
-8.411649748942548466e-02,-5.464258063217937444e-02,2.276322019648480133e-02
8.815056623615263875e-02,-1.042205361796819975e-02,-5.587339951869204485e-02
-6.255419135809729692e-02,8.626586387681368928e-02,-8.523360539563590646e-03
-1.003038753770955083e-01,-8.211842704558556041e-03,4.160216027892765789e-02
9.252090309850449779e-02,-1.283354896760969567e-02,5.975666753898375982e-02
5.524259294306862328e-02,8.268988523881500019e-02,-5.336679717070112045e-02
-3.950993941653652836e-02,5.806695656274422218e-02,-9.083683588378509144e-02
1.111059326857701673e-01,3.293532738193231946e-02,1.437690226761957797e-02
1.093396081953861843e-01,2.222924913937170122e-03,-4.618170958036649926e-02
1.103893315051182773e-02,1.011005093103695407e-01,-6.489694795890249557e-02
-5.014776192809836802e-02,-9.360734155418047597e-02,6.119361349187903837e-02
1.709915115359308263e-02,8.667290905334500140e-02,-8.768858239153531908e-02
-3.750953931783813228e-02,-4.168802867307853889e-04,-1.206808241728453829e-01
2.063900333668763215e-02,1.173293524798344062e-01,-4.755067157718217280e-02
-9.190591165720989053e-02,-9.215511077871810230e-02,-1.112915218763781307e-03
2.070974753958529715e-02,1.126067078375997538e-01,6.575488706334575717e-02
-5.249204302556037538e-02,4.171221934527551828e-02,-1.159094621594910501e-01
1.341543953070374051e-01,-5.410398205748549131e-04,2.086108758714441680e-02
-1.361170254212980824e-01,-1.986371511934388601e-02,4.256935722936200373e-03
1.158148478666807535e-01,6.311240738035109321e-02,-4.535461807021315406e-02
-1.005280409344019438e-01,9.352689508347070135e-02,-3.343665172775790034e-02
1.421359132385761337e-01,-1.663208655378474801e-02,3.865131658699611297e-03
8.727800662354798233e-02,8.562823943447410435e-02,7.792739842750547041e-02
-5.529841254486095314e-02,-1.105560511207882290e-01,-7.921525863776793241e-02
-1.206921716953057305e-01,2.595816879676213565e-02,8.278663589645435250e-02
1.309134092399298274e-02,-8.708033531825445928e-02,-1.219971037142541237e-01
-4.418708285033755984e-02,-6.502104830884783415e-02,1.304078609593752325e-01
-3.121818372642397310e-02,-1.423073874036537290e-01,-5.014428612231252441e-02
6.719762443082478998e-02,-6.954193375897622931e-02,1.222619602653429033e-01
1.300349672946888580e-01,-2.482938488848560055e-02,8.566434529647057317e-02
-1.002399993505549841e-01,1.209284006259088995e-01,-2.760149642818753371e-02
5.866724338779878006e-02,1.500175932748481489e-01,7.829326342230373548e-03
-2.010856938529537521e-02,1.611135813653340743e-01,1.505242242501856481e-02
-8.655419812846168459e-02,1.361318920797879861e-02,-1.396313914397919465e-01
-1.621529729094296490e-01,-3.834055959362771271e-02,-9.608989317111266137e-04
1.378169087081909105e-01,-5.011790337306392534e-02,8.279571350972125821e-02
-6.253235151155765725e-02,3.226191329795716212e-02,-1.549533504589869493e-01
-1.249114637988847920e-01,1.159011187332312370e-01,-2.307111588978274369e-02
-1.621876462886620920e-02,-5.671111010126540092e-02,-1.634041288661596536e-01
9.475219569442809575e-02,-1.147331825547015377e-01,-9.303582559348522185e-02
-7.125869863497172330e-02,-6.770338694289008974e-02,-1.475072918259086041e-01
-1.487436225470036566e-01,8.179772286713442309e-02,5.685425706308778332e-02
-1.679534324058410133e-01,5.804837103162684966e-04,-6.687774224507951615e-02
-6.023123030215014884e-02,-8.436924092380683471e-02,-1.502469799034309994e-01
1.669531139806975928e-01,4.696692658928848518e-02,6.233074321284255703e-02
-1.197429840345327207e-01,1.127939807746179135e-01,8.690897925664509138e-02
1.812101704588551243e-01,4.800145324271197500e-02,-1.130988555532170051e-02
-1.724402701324241616e-01,3.304651183847198692e-02,-7.142888974305985905e-02
-4.723528833704467716e-02,1.023567612131211779e-01,-1.545569531363615023e-01
5.336789808400063673e-02,8.455871118473822987e-03,-1.853319716641746995e-01
-1.768657579781603151e-01,-6.006064377333979187e-02,5.528087704850383893e-02
1.284418280069878904e-01,-1.463961374310865926e-01,-2.642636158419117698e-02
-4.643453930900721255e-02,-1.083351104310437407e-01,1.594463118363049769e-01
1.631753099906246285e-01,3.835556900024997273e-02,1.091437224846939225e-01
-2.000254182228305699e-01,2.641709387295130412e-02,-1.075571645655203990e-03
5.055243813336278424e-02,5.146622034113153971e-02,1.902892513251157880e-01
-2.951172098543928743e-02,-1.767778621145853213e-01,1.000187268879603741e-01
7.678394661882743770e-04,1.012201894180534550e-01,-1.805420463792290764e-01
9.998864273347148057e-02,1.034449660776873975e-02,1.829178586460833977e-01
-1.572848800074327924e-01,-3.089786167442406042e-02,1.363756165450842883e-01
8.004109884411997333e-02,-1.829234324085238575e-02,1.956627173697294553e-01
-1.983607152843304133e-01,-6.837733266532883269e-02,4.173686610211541081e-02
1.033241827865751111e-01,-1.560213285433253161e-01,1.071957874089081025e-01
-1.330904874838664265e-01,-1.718906807691770178e-01,9.281894916746774799e-04
-1.671782763561328045e-01,-5.335727149472226094e-02,-1.312305076855046493e-01
1.713138752083215310e-02,1.013818498277041236e-01,1.954680559825757724e-01
-2.553557454817172861e-02,-9.119254461916914689e-02,2.014441196841943171e-01
-1.448740746254181533e-01,-1.621809829140713477e-01,5.505393788366266111e-02
6.380586324132514475e-02,-8.539132866765170027e-02,-1.993473252623532421e-01
-2.664265775077628504e-02,-5.708588335321160279e-02,-2.189055204993005099e-01
1.802463097048976892e-01,3.821117139991216105e-02,-1.368627031658137538e-01
1.997918799040833415e-02,2.066178172520027889e-01,1.019218435233820857e-01
1.068540101906287482e-01,-2.070301341932404560e-01,1.674541045208942369e-03
-1.535873363151205595e-01,1.344455301087557619e-01,1.158762255169091260e-01
-1.816676818836143459e-01,1.749257244848497622e-02,1.503288673922940355e-01
6.459180101648313854e-02,-2.171788865662335755e-02,2.282238380910395770e-01
-1.902918204798970114e-01,1.111771802418095589e-01,-9.479767064408346766e-02
1.632073711234885705e-01,-1.753978121149937508e-01,3.148092316128162788e-02
2.412366588832613457e-01,-2.339748179629920141e-02,-2.213101832033663452e-02
-1.540292925258907597e-01,1.832169965118912169e-01,-5.277557509832121740e-02
1.838579977543424449e-01,4.856610615470390024e-02,1.573813443773349197e-01
-7.823450628989844780e-02,1.603896355572481947e-01,-1.730450708157930673e-01
8.636671622298337792e-02,-7.525217396173522477e-02,-2.225599534717025429e-01
1.939642892499698346e-01,1.593352192538375067e-01,-2.272380889612515484e-02
1.961551833452443716e-01,8.823290693124744011e-02,1.346914342631699013e-01
-1.355754502009636625e-02,1.948367981532344029e-01,-1.647490124027141956e-01
-3.378562987090054370e-02,-2.370970758690295055e-01,9.392004322656909154e-02
-2.507948690626052995e-02,-2.464557892255958005e-01,7.552751867102033834e-02
-2.571301692419106777e-01,3.262401332690397643e-02,2.821922735137746482e-02
1.459170067058174480e-01,-7.206601432540644947e-02,-2.059135857926898128e-01
-2.051438092806033286e-01,1.494091103918043506e-01,-7.344482505652108473e-02
1.497599563636479829e-02,-1.561481784216609825e-01,2.147478126361106743e-01
2.258702432503034152e-01,-3.363916867870618901e-03,1.436066874990645503e-01
-1.484535200941626554e-01,1.713194715646230160e-01,-1.455941018430360612e-01
1.585068827991398810e-01,-1.565732258200769056e-01,-1.545582086551214596e-01
2.723285831818107461e-01,-1.517857341350327578e-02,9.084540089680025882e-03
7.625716065466420224e-02,-3.253089846298320986e-02,-2.618336276323059431e-01
-6.782362045293501007e-02,-2.396883295344804515e-02,2.668647339920214856e-01
2.378007924738624879e-01,1.065870073855595401e-01,-9.720602345210466178e-02
2.255651462216891334e-01,1.438720209016357554e-01,-8.218604043774919987e-02
2.504472062902493024e-01,7.755978935415420994e-02,-1.028348164758914746e-01
1.175749489210923399e-01,-2.098421291755077911e-01,1.498145887678400678e-01
7.774897406534125865e-02,1.536753284267815267e-01,2.272342004092130774e-01
1.479078628733898060e-01,2.206752140100914084e-01,-1.082739220649905632e-01
2.428885980845030268e-01,9.714978104483140697e-02,-1.219527992757123702e-01
-1.246492480558904770e-01,-1.168619552860055144e-01,2.347892486520367084e-01
1.457231722748371025e-02,-2.128264847461805165e-01,-1.995850956025394807e-01
9.177483776253182735e-02,-1.881077394391300339e-01,2.063078254480489593e-01
6.949868357070491942e-02,7.476077468561516393e-02,2.774636693713493085e-01
-1.777977259455158776e-01,1.309626427346607114e-01,-1.992090834386105180e-01
8.528378601355821043e-02,-2.859750866621633136e-01,2.101290836630504213e-02
7.778084048996897204e-02,8.781598497030626777e-04,2.906923869877741651e-01
-1.441782579420301802e-01,-1.515240204494446019e-01,-2.187895472142132036e-01
1.363043952381186308e-01,-2.577174860065684636e-01,8.768503993990854617e-02
4.376067989822030047e-02,-1.706487510978140498e-01,2.504536002491045132e-01
1.340041028986138361e-01,2.474192439073353567e-01,1.251952011631994321e-01
-8.951279561249043948e-02,2.893177364659969553e-01,6.497119077655624797e-02
-1.283054177313274202e-01,1.456960297670057136e-01,-2.436132194729510592e-01
2.856070942848868421e-01,-3.148177104241145063e-03,1.286907982208868040e-01
-2.439670801911232589e-01,1.909232038910541329e-01,5.730501459985121171e-02
-1.392602879015719386e-01,-2.578273610283353112e-01,1.204456102589652744e-01
2.434269385572962463e-01,1.953975971952358059e-01,-6.376464278724482126e-02
2.237054997219874442e-01,-2.249107836350789369e-01,-4.481519498043372296e-02
-1.830521635345324361e-01,2.636784872599514662e-01,-2.729239887862273603e-02
-1.356591945430499213e-01,-2.815393214502868724e-01,8.521004960208597434e-02
-9.797943510531391398e-02,2.728231545652632685e-03,3.106087003960061876e-01
2.703084312686727109e-01,-1.654968193319845959e-01,8.242181174097151786e-02
-2.843589580532722705e-01,6.526045056791958789e-04,-1.660126933694037465e-01
2.368205295743478489e-01,-9.663711392728768779e-02,2.101829781461482527e-01
2.725149560406996962e-01,-1.833038028343201564e-01,5.404916044881117460e-02
-1.696618803717935275e-01,2.640141592876505405e-01,-1.161521058502406334e-01
-2.666130033716032077e-01,-7.239124917895654876e-02,1.919855654739231476e-01
-2.871409194420072031e-01,1.168609211065815313e-02,1.783369357309702585e-01
-2.605863952347613199e-02,3.361751844958114077e-01,-4.375430308853818506e-02
2.299782328506504991e-01,2.519160684973111297e-01,2.190699390581615086e-02
2.152139418554755435e-01,1.381132815350403498e-01,2.295023676077219410e-01
-2.150443009714606279e-01,-2.045590204679029189e-01,1.766775975693380407e-01
-1.191959480100076851e-01,3.253995938336548543e-01,2.140926919054662175e-02
-1.426851102498416859e-02,1.943991054892444670e-01,-2.895023520458885891e-01
-3.154947886301143201e-01,-1.532275660292834185e-01,-7.325654342132646886e-03
-1.148427383663006701e-01,3.324565912875642598e-02,-3.317320133078041078e-01
8.338897439348584573e-02,2.602884029210493777e-01,2.256441952932176087e-01
-1.787577537906052394e-01,-3.065006135233295237e-01,3.176231380605832461e-02
-1.686413622797257039e-01,-1.232083812605819645e-01,2.908268581074106574e-01
7.638283962258198001e-02,-3.471627593245227295e-01,5.609635792155661521e-02
5.006346771357256253e-02,4.142620142529063187e-02,3.557967023628605396e-01
-2.977280619664334771e-01,1.483440466618698439e-01,-1.465759665611743034e-01
4.759359609757866927e-02,-2.177698445757319731e-02,3.615520031868216799e-01
2.511759591297187955e-01,2.643458540743921503e-01,4.273199275091715821e-02
3.454153815758462254e-01,1.296375617204536257e-01,-4.410538679234415546e-03
-3.309045178993302860e-01,-7.500881404367482075e-02,-1.495466810826197590e-01
-1.224744055004993448e-01,-3.510145484818256723e-01,2.522983711790203337e-02
2.064957014563053861e-01,3.096638450644699780e-01,4.102702171888014671e-02
-1.068188203322373575e-01,3.365198839094960537e-01,-1.301361764536475840e-01
2.394875670737286188e-01,2.839993472463626656e-01,-7.046726272481977638e-02
2.266472739579724061e-01,-1.091776612258218981e-01,-2.847444478003693935e-01
-3.209272872412828326e-01,1.185626470068901483e-01,-1.694629655790926837e-01
-2.583776706943881618e-01,-1.756771134973892923e-01,-2.226141123710996261e-01
-1.487690406563568941e-02,9.872828111895134984e-02,3.723274892904295807e-01
-2.934459743655639177e-02,2.812667425739869276e-01,2.646707395843118649e-01
-3.567902095105142668e-01,1.255656952718853595e-02,1.549213349715287402e-01
-7.915651255296882183e-02,3.173402936183232770e-01,-2.143136477925409733e-01
-3.880719715701055339e-01,5.056443994007706749e-02,3.458823962054411588e-02
1.978850608651730736e-01,-3.745360290779396056e-02,3.394883417747444065e-01
-5.141018678353993093e-02,2.590215232849031324e-01,-2.958846969728918253e-01
-6.144785620201653753e-02,2.643686797705441238e-01,2.917092438395161302e-01
1.590273232615738996e-01,3.221939406501190817e-01,1.764909221770542269e-01
-4.254690874207289232e-03,-3.988136801233856943e-01,-5.169857483551342642e-02
3.922285082840286652e-01,9.229289150768868466e-02,2.977171203157449528e-02
1.101260228089527560e-01,3.660994124574808439e-01,1.363972264380531041e-01
1.580748498092817977e-01,2.199672262767246866e-01,-3.048106968164398523e-01
-3.168002582343801277e-01,-7.203278937556727157e-02,-2.495248945268737362e-01
-2.632121537168768399e-01,2.583822614875447843e-01,1.825150119252536840e-01
3.036151411882804796e-01,-2.499712628487374133e-01,1.274163820923659984e-01
-3.263753273849410302e-02,3.542847392113697147e-01,-2.141911120707352956e-01
-1.730386931112246063e-01,3.596729031326659776e-01,1.213293134662978279e-01
2.315659717023888231e-01,-1.300379691959500095e-01,3.241470347921987516e-01
1.354462545001762497e-01,3.818771039658974686e-01,-1.140767163372773119e-01
-3.996992404988660152e-01,1.089563824177651602e-01,-8.457455502843776174e-02
-2.244997879715878719e-01,3.020687752225668654e-01,-1.968295792019743307e-01
-1.525651460014239291e-01,-6.363972687732269429e-02,-3.932867430573511736e-01
3.339084574882917877e-01,-9.007041569267787429e-02,2.530126205535101480e-01
-1.563780747995911491e-01,-2.138807234944504684e-02,4.004285694859647249e-01
-4.306778818533584241e-01,-2.317077532866386805e-02,2.958579171795219787e-02
8.866264033208108575e-02,-3.969688266232727081e-01,1.519894802318862703e-01
9.062525866524087648e-02,4.189887981591224331e-01,-8.025895813208705487e-02
3.331561224927565568e-01,1.987650826971089635e-01,2.034082800665343305e-01
2.958987105900366399e-01,2.885243061678991472e-01,-1.508381440162960274e-01
-2.353447356065461182e-01,-3.672211046658470091e-01,-7.074280767585648666e-02
5.165971802934737206e-02,-1.526170266654337249e-01,4.134979191414955291e-01
2.784080116967786456e-01,3.397515725525543928e-01,-7.554406737960606133e-02
-1.252207966018963337e-01,2.573856604953539060e-02,4.289800521364253161e-01
-1.490048715908079413e-01,7.647054858998554930e-03,-4.240671762191725591e-01
2.035009075813245805e-01,-1.587104700196835250e-01,-3.704447912496900419e-01
-2.095590701444644544e-01,-1.804011263355778105e-01,3.593303609319011827e-01
3.166948813652367134e-01,-2.328544100581565468e-01,-2.298212865159254270e-01
1.957603247829091120e-01,4.110066281571438940e-01,-4.304384228428687759e-02
-3.188450111278711141e-01,1.577274024714618583e-01,-2.904098454463390766e-01
2.824553002186878242e-02,-3.709097574856574653e-01,2.725668978576165635e-01
-6.772723434598754144e-02,-2.487784014911588459e-01,3.846863049321970762e-01
-2.788335945785891390e-01,3.449820344150003604e-01,-1.396680893053272032e-01
2.241225920103738778e-01,-2.709898879134414740e-01,-3.072756794827274374e-01
5.477763828116324896e-02,3.013158221974911455e-01,3.551337648230620814e-01
4.008877204764258462e-01,-1.424468774121074865e-01,2.018587066827864096e-01
-2.768585254248311783e-02,2.345589870962387358e-01,-4.096486851638987958e-01
2.684465405598247534e-01,1.556450277258215609e-01,-3.593957352227047375e-01
1.894904200736042543e-01,-3.921891969491059782e-01,1.939157161755800107e-01
-3.942249017360872076e-01,2.685616092678028144e-01,-4.076924001490653260e-02
4.647737263651918749e-01,-4.144425306871956510e-02,1.155740875248663369e-01
-4.122448834539071960e-01,2.303386384944427767e-01,-9.993604627734625767e-02
-7.873256300861945778e-02,4.179690039901979293e-01,2.323830470448693120e-01
1.444436303565038993e-01,-3.823346437384939067e-01,-2.641503993375250436e-01
8.256915170240630708e-02,-3.050929090781049347e-01,3.726269083607937072e-01
8.384289781854395093e-03,-6.487170520059354351e-02,4.862233549634051299e-01
2.268710819170637882e-01,3.102948659285723054e-01,-3.080433447890051912e-01
5.594872680165975665e-02,-4.796329122620985874e-01,1.069071592464788528e-01
-1.712255309948006732e-01,3.770367497517770339e-01,-2.740548290151297306e-01
5.032844616195299159e-02,-6.486622762582033852e-02,4.917570463736473108e-01
4.646961440081909256e-01,-5.714543903669538211e-02,1.770676700805093595e-01
-5.708427620748805775e-02,2.740009529592485893e-01,-4.174114696818265746e-01
-4.742493012629413474e-01,-1.711317804786723629e-01,-1.965568936805622835e-02
-1.343381195278654516e-01,1.252821929459424222e-01,4.720919782722537983e-01
2.147259973588679927e-01,4.216176326103862060e-01,-1.865044823824746067e-01
1.840824540865020897e-01,2.411450670392181750e-01,4.106894383321575970e-01
-5.333114377690616192e-02,-2.298180568939356405e-01,-4.550870274158615447e-01
-2.665004706276255519e-01,2.912323289872942866e-01,-3.301496849403582345e-01
-8.493713315951738341e-02,-3.587212773014870626e-01,-3.619756618053540098e-01
2.566356456652783558e-01,-4.087095586839250561e-01,-1.900306314334624935e-01
-4.360272604584993772e-01,2.323630096037447579e-01,-1.643512555734781833e-01
4.663489987216053456e-01,-1.806937318902316625e-01,-1.520201123413766064e-01
-4.983658143997142798e-01,-3.881653758347048452e-03,-1.642791896960406617e-01
4.793237176776103947e-01,2.055540997563874706e-01,7.421885403963830730e-02
3.080723665275729717e-01,-7.937913047063267780e-02,4.224393342999799850e-01
1.113477788704259064e-01,6.204046472184256839e-02,-5.153458154185091011e-01
3.181211454348105150e-01,2.543990247121701298e-01,-3.436340818987340118e-01
-3.465556801991567792e-01,3.036558585368445695e-01,-2.718159434103133987e-01
-5.541420531726563847e-02,-4.156339478165148593e-01,-3.355120655680304820e-01
-3.426029730975221343e-01,-1.596098319191804893e-01,3.843817871153604737e-01
-3.954086563540632621e-02,-5.390947987601673042e-01,2.524637010882096327e-02
-8.101546754220299851e-02,3.634484768525095277e-01,-3.954746885684097824e-01
-1.598560470092451058e-01,-5.084485081542481355e-01,1.150263893039938090e-01
-8.570747219364145686e-02,-5.395951555157388890e-01,3.247385190536222072e-02
4.140602370829675194e-01,-3.543760281191357109e-01,6.932069111875513445e-02
-2.903145283392140619e-01,5.406315714082196577e-02,4.657366988510757699e-01
4.849830256467140832e-01,-2.647977950563338845e-01,-3.292633194281750775e-02
4.128028581389429075e-01,2.407778351927964966e-01,2.834379577565934172e-01
-3.195624372713663508e-01,3.812972124346075131e-01,-2.520484686846879985e-01
1.174519042745134911e-01,5.856932869664316366e-02,5.441893048832809887e-01
2.786950665120021542e-01,2.725654960373473101e-01,-4.046577710996788757e-01
-5.081729584953918744e-02,1.598761411939215171e-01,5.384457976012030356e-01
-2.783921418579841101e-01,2.321798300574864360e-01,-4.347703646954199086e-01
-5.155009247400447192e-01,1.352044451166439509e-01,-1.969625023697682553e-01
8.740144752922747451e-02,-5.214645177697950773e-01,2.136461668046667484e-01
-1.960574264981322645e-01,-2.071957705147755846e-01,4.962319853385955826e-01
2.335307005568056093e-01,-4.992228988694340508e-01,1.620899964112888225e-01
-1.053092507606113448e-01,5.668178677913966457e-01,9.585317309525515778e-03
-1.655749012897100164e-02,5.207507636906829607e-01,2.518983761145971445e-01
-1.032515267623227290e-01,-4.670269627636434162e-01,-3.295298385416616793e-01
-4.314785952763218191e-01,-6.947440498634675256e-03,3.919342394629948267e-01
4.605205320537543445e-02,2.220193768525018096e-01,-5.393547158208444881e-01
-3.484006338295400074e-01,1.708506216789992815e-01,4.407259106468325860e-01
4.218764296403675895e-01,3.608292954037066180e-01,1.978462162967299931e-01
3.828832163955875334e-01,-2.452896962747165288e-01,-3.782531622177514596e-01
-2.054833350883136511e-01,5.086728829676030461e-01,2.267268740002533201e-01
-3.043450170782184272e-01,3.233698187020275783e-01,3.971527998080974231e-01
-3.675414661517151498e-03,3.575940629805928195e-01,-4.791640337536499095e-01
3.564224990890869083e-01,-4.284408700531253111e-01,-2.223978674654243648e-01
-3.504953538394247475e-02,-5.949752166421889976e-01,-8.615646501922522016e-02
-4.684986136697793513e-01,-1.256919939617097137e-01,3.604974343652486146e-01
-1.882685846047210954e-01,-4.729832316012496651e-01,-3.297028785945725904e-01
-5.554532360796530233e-01,2.386031318169498094e-01,7.092453544496363227e-02
-5.353551835796226399e-01,-1.378950840752486418e-01,-2.598292261243301815e-01
-5.444595931025385249e-02,-2.435845623931291726e-01,5.599005947435886643e-01
4.813081560127309144e-01,-1.634747337260939737e-01,3.465164365093258980e-01
-2.954325146872067709e-01,-4.546258066815090926e-01,-2.952500538485138271e-01
3.696015608403488972e-01,4.862738900809513432e-01,1.037602093349284244e-01
2.111859448539488426e-01,1.461759748932140723e-01,-5.661951204881299216e-01
4.599993076154301197e-01,-2.076638174397678893e-01,3.668026035514140859e-01
2.763220854232970591e-01,-5.241853092291260952e-01,-2.021918335235950159e-01
-2.769983072740255792e-01,2.073661473438981329e-01,5.244318836982567733e-01
5.144750834704896469e-01,-3.367718607282800813e-01,1.393688200534916877e-01
-4.666540093682969292e-01,-4.052207294917249403e-01,1.354026464468501278e-01
1.295396535815372951e-01,1.114059723054070111e-01,-6.114786777898735259e-01
-3.925164391929615304e-01,3.747086663125314132e-01,3.338125231990952679e-01
5.391331562610007788e-01,-3.154212922124071672e-01,-1.362873855168514892e-01
-1.118746104486158244e-01,-4.131204724440272757e-01,-4.778934829137512774e-01
-3.949621806434811533e-01,5.054647723822641714e-01,-5.411592072397943681e-02
-5.850121473524184657e-01,-1.554528073804536392e-01,-2.255651836909559060e-01
6.381404190420888467e-01,1.130566750494210876e-01,1.265420152921311811e-02
5.837273386471191206e-01,-1.362782997547638819e-01,2.524897184051503873e-01
2.354125368789748152e-01,-1.870466189656393163e-01,5.792796490722873504e-01
-1.254241919978401065e-01,6.404041752756318706e-01,5.519402234579300071e-02
-5.033494858827367580e-01,-5.576776758943024354e-02,4.187646861701337375e-01
-2.703851975368063987e-01,2.780628661292889880e-01,5.332558929440476270e-01
-3.911413308853159965e-01,-1.696534772607903030e-01,5.059489900408963292e-01
-4.496264376226558057e-01,4.332443367099175768e-01,2.255612456147968736e-01
5.542108232066033091e-01,-1.223148490111296005e-01,3.487566274480237150e-01
4.121723415792959422e-01,-2.287994739271868583e-01,-4.738363505348903715e-01
7.674714698996189244e-02,-4.467906878385013436e-01,4.942404557422053202e-01
-1.974052428620675509e-02,6.578729521471562425e-01,-1.401568236067068374e-01
2.740357556538420836e-01,-3.656195197844759326e-01,-4.971089215938018779e-01
-6.392505467364830718e-01,9.993353570677848685e-02,-2.008431066178825164e-01
6.452196540981834927e-01,-1.151285591183686674e-01,-1.802602984668179309e-01
-4.348603187823683047e-01,-2.520417958913437895e-01,4.610146595182196827e-01
6.451693735906645077e-01,2.216726227578671160e-01,-5.387644623116561587e-02
4.073860118240655442e-02,3.769194463675915596e-01,-5.724460807859265143e-01
-2.986109334718389796e-01,-7.408895500895874842e-02,6.163748087898749395e-01
4.072554340095151382e-01,-5.079294756679257894e-01,2.321532188202270475e-01
-6.118694666562394247e-01,3.216694340621991111e-01,5.544081921620978154e-02
-4.235794827816675712e-01,-4.858402822058125619e-04,5.520053496661728731e-01
5.143380096429248649e-01,4.718321495893132989e-01,-1.330633792710521519e-02
6.897520357773992972e-01,-1.215183027739781541e-01,7.359503796255792950e-03
-2.669951370109757693e-01,-8.804680396605368831e-02,-6.440408872414122854e-01
-4.266555553012272295e-01,-1.767947651282100741e-01,-5.327294507261304268e-01
1.908801357334423687e-01,-1.442946203372102998e-01,-6.656701667107621789e-01
1.452235234836492805e-01,5.433378045448898908e-01,4.328559550650920018e-01
6.231128333709463618e-01,8.972981267361872237e-02,-3.326598853206293449e-01
-1.575833713227998423e-01,6.324083102584525662e-01,-2.924735528089700276e-01
2.165040969323017983e-01,-1.195696328584262003e-01,-6.726730616591699574e-01
-4.623674553689994804e-01,5.227230312928377032e-01,1.732047311580318938e-01
2.307178706481295138e-01,6.519882717508991288e-01,-2.051414596672505863e-01
6.473537498057096995e-01,-1.156867904706217337e-01,3.022389433673046688e-01
3.916776826701554026e-01,5.320023216724192316e-01,3.012868875788047296e-01
-5.802800283558574856e-02,-8.894367500409111615e-02,-7.206686009122178493e-01
-2.341653097739825606e-01,5.334104670760784206e-01,-4.412799779993310523e-01
-3.680339857633498912e-01,3.633541936880788081e-01,5.196888374391196441e-01
-5.927839631962477096e-01,3.736818068896318179e-01,-2.236101821647212828e-01
-3.361965256908671651e-01,-6.029954453389138047e-01,2.605735591381555527e-01
2.452547022115027786e-01,9.012731809685922690e-02,6.926559843828815621e-01
9.108885742543215702e-02,5.551360726769188902e-01,4.848752813405240447e-01
-4.893327102880464657e-02,-7.389172007290397692e-01,8.205884945979734224e-02
5.513182444145221517e-01,-4.598953558203021097e-01,-2.079376274422130300e-01
-4.682066996899336142e-01,1.479985131360780082e-01,5.667070084207678216e-01
3.686155275520137664e-01,-6.431354876509047802e-01,1.279807564433518008e-01
-1.903589348141198068e-01,6.192623441063757062e-01,3.870100625216458812e-01
7.473581476881568930e-01,-9.478693542029895114e-02,-7.488321398172038956e-02
-5.839321518679589929e-01,4.346111111753350187e-01,2.166276132377512875e-01
-6.079053337648612221e-01,-3.215669638687446708e-01,-3.278864841398376195e-01
3.967670134213740485e-01,1.389858394489179305e-01,-6.382892535271155188e-01
6.667759094195844227e-01,3.772181234749588108e-01,-3.129183385577132687e-02
5.598114079228949658e-01,4.245290570851456002e-01,3.130105695542537703e-01
4.171208455432190987e-01,-4.013505413925264054e-01,5.101587484610420331e-01
2.661992872579151959e-01,6.072129401978648700e-01,-3.994086035648403699e-01
-6.828660334579126356e-01,3.013897695517021025e-01,-2.138600914235196104e-01
1.445930011780245938e-01,9.263327243126512345e-02,7.597297760429697622e-01
-6.896729114491223500e-01,-3.005143496241607926e-01,-2.110394393791479306e-01
2.498905222869530762e-01,5.018391840214455613e-01,5.477624892793598876e-01
-4.762257651900387301e-01,3.401693234537842558e-01,-5.250527029170343196e-01
-5.715753485423664682e-01,3.638947578634503521e-02,-5.422522116068189124e-01
-6.328478773534439439e-01,-2.854614590126464124e-01,-3.794306472337170555e-01
-6.578162468887472913e-01,-4.333791686650029784e-01,9.655897159670012719e-02
6.576480594539292623e-02,-1.256430204126669434e-02,7.932908741159738764e-01
7.695727335695727589e-03,-7.797357210343422995e-01,1.723227838902698650e-01
-3.681068192052461274e-01,3.653780845996618121e-01,-6.104967580466458266e-01
7.944809880010811343e-01,-6.564718420787959974e-02,-1.009330733095303578e-01
-2.176892761727551862e-01,-6.815399633871579432e-01,3.712383761123437265e-01
1.587853549916019499e-02,-3.154222697474914350e-01,-7.443019534700484607e-01
2.573232394507364296e-01,-6.158215560064295158e-01,-4.607842204190511493e-01
2.395652212161665240e-01,-6.780899058237752630e-01,-3.803161117042448969e-01
-7.547176201902361381e-01,-1.685303576497014233e-01,2.606152699800772798e-01
-3.840607424232466705e-01,2.077650419118742819e-01,6.923552761802641564e-01
4.294657415469748662e-01,3.290002034666210662e-01,-6.176291839714530552e-01
3.984605801711533779e-01,-2.713630770933320724e-01,6.677437583176486502e-01
-7.986267073614302658e-01,1.466866351625660536e-01,-1.520902121451821187e-01
-5.441564777198110159e-01,5.817468759935983530e-02,6.222096894785297261e-01
4.197126142213687960e-01,-1.156122285846008790e-01,7.080346255210997475e-01
-7.049663544475405219e-01,4.199366663473061978e-01,-1.474314577027271700e-01
5.963490481552556899e-01,-4.845536484746203465e-01,3.299676175066754147e-01
2.648790502588629359e-01,-7.553597314416437003e-01,2.506725126832660688e-01
-8.400469887977074501e-02,-2.963900006549654575e-01,7.829082510278950746e-01
6.517884537755304075e-01,2.887863911769694147e-01,-4.515827635345873170e-01
-6.125421680102409450e-02,-4.137728744748944143e-01,7.358782399060594948e-01
-8.377292136898344121e-02,6.519697920386186007e-02,-8.423496717786567167e-01
2.526338200336797901e-01,-4.825983685630647613e-01,-6.545699370107455062e-01
5.263239791667155831e-01,-4.071464111366974725e-01,-5.355256844070480637e-01
-1.015615741816794232e-01,2.030830881420730427e-01,-8.260885388393311990e-01
8.177221002084535950e-01,2.442637909127821361e-01,1.003659411911127786e-01
-6.114693800055595041e-01,5.279978757016315916e-01,3.002994781436041927e-01
4.335958766410527021e-01,7.462047409889948080e-01,-4.999297705065627873e-02
-1.028184569515142727e-01,-7.220289144650953173e-01,-4.689561143965663148e-01
-6.035586230893553727e-01,5.124192830559560763e-01,3.598235318830735330e-01
8.403330506413133616e-01,-1.464015368543228890e-01,1.824008863457473872e-01
-6.568904168113369746e-01,-4.356570383751978692e-01,-3.796262695260186892e-01
4.062001682410211201e-01,-6.770037728041722325e-01,-3.829648284307979322e-01
4.258760528284050509e-03,7.494821848636237238e-01,4.613580298453884843e-01
-1.963658206255600169e-01,2.957046380692510690e-01,-8.082153222445214169e-01
-8.243699115945568590e-02,8.417437360966177895e-01,-2.617747947371096839e-01
-1.108761131682053508e-01,6.499492989633006701e-01,5.948027627761549585e-01
-6.237489994718262709e-01,7.154757472224862469e-02,-6.316815118336658319e-01
8.136004131321704635e-01,-2.686718433982909771e-01,2.525484739927288946e-01
7.249582381997849989e-01,-3.808000462998488711e-01,3.634108717978278280e-01
6.348547777544700788e-01,5.466537859839214475e-01,-3.248407676845356806e-01
-5.673340237374637635e-02,2.045222570283716512e-01,-8.758531007352625686e-01
6.894141057876014278e-01,4.201138878872560101e-01,-4.064182851042670852e-01
2.422117347129201237e-01,-9.837261884465303696e-02,8.680084916746112489e-01
-1.556736098921127909e-01,-8.832032972333787590e-01,-1.494718185191042381e-01
7.678770564807142485e-01,4.696081573742476589e-01,-1.460191004890924182e-01
4.412208365586599013e-01,7.284721344246277708e-01,-3.332090755018871642e-01
6.086497497110816834e-02,8.818315350742962355e-01,2.448559367987787339e-01
5.257005143162513106e-01,-3.962932736539820922e-01,6.425025096308939476e-01
-3.754329717951995216e-01,-7.046459553668787956e-01,-4.622760212005678770e-01
-1.482195992094923961e-02,4.213938279688854704e-01,-8.236271966028779756e-01
-3.818415894929612642e-01,-5.626378082476072434e-02,8.439123734574611735e-01
-1.794116110775057782e-01,-4.380091107383785598e-01,8.013376583141108567e-01
-1.120173486586163447e-01,4.666380908206888556e-01,-8.005828119480038474e-01
2.002822803553654107e-01,-1.925400811921893773e-01,-8.939351076852112277e-01
6.025382716202316580e-01,7.176094204689498213e-01,-5.818463840800632003e-02
4.567898492040453617e-01,-3.791581430106885087e-01,-7.308237920818733135e-01
-9.415224856930300978e-01,4.166812353484393439e-03,7.199532955441552418e-02
6.525945429568652534e-01,-4.255913575154721684e-01,-5.383544960784271138e-01
-7.314336997805310769e-01,5.365795253113098129e-01,-2.812690938846350019e-01
3.861144617101235355e-01,-8.669014573511488742e-01,8.147817405491812603e-02
9.131237072957784084e-01,-2.591029307547363936e-01,-1.074813877030160458e-01
8.887970602582964674e-03,-1.217956066338973971e-02,9.578719818374732409e-01
-1.261399540382954210e-01,-1.568398008004339428e-01,-9.394280505902746770e-01
-1.458641710212449927e-01,-6.463681246928655311e-01,6.994858674875606974e-01
4.817797447000683464e-01,8.372322213910619038e-01,-2.484350183372370860e-02
9.464653121361225052e-01,9.973024690677065318e-02,1.825016286135155152e-01
-8.454544337632735607e-01,-2.778874336853776050e-01,3.904133456987862183e-01
5.203772809804172450e-01,6.725565241944976291e-01,4.761564651523468306e-01
-5.584996154127682688e-01,-3.357560312333716102e-01,-7.284458942400819925e-01
1.151018450706798313e-01,-9.568226840815672318e-01,1.788629897878902808e-01
-9.120587771702534097e-01,2.291555627698076136e-01,-2.861371802493520855e-01
7.300485352877486012e-01,-5.044765687012693345e-01,4.292828192003565468e-01
-8.416006054936351344e-01,-4.303044140693128572e-01,2.895451749536549491e-01
-9.672749167275964677e-01,1.616779533440007022e-01,-1.452361685179398565e-01
3.383802907195287424e-01,6.661496237766875161e-01,6.558866921812021022e-01
-2.890162377211530353e-01,4.785294820193478071e-01,-8.255535152092292606e-01
9.570187868985399748e-02,-7.593020425467849055e-01,6.434301972389810942e-01
-1.015651567303826747e-01,4.709707716656589271e-01,8.793402413275045459e-01
-1.404670303319861535e-01,-9.777163651909605013e-01,1.881524156420324723e-01
5.292267899781365470e-01,-8.579966182589806589e-01,-2.328033287542363716e-02
9.409082955959502392e-01,4.025076506705244778e-02,-3.682369370889627680e-01
-2.602666307394041478e-01,-8.029170671038066143e-01,5.620361567862680596e-01
-6.281091431131502478e-01,-2.089717747065583109e-01,-7.719504820172893300e-01
-8.121164331866507213e-01,5.720157913126672211e-01,2.306250869114598867e-01
-8.886315912446762777e-02,-7.166117487627876592e-01,7.241173817584911632e-01
-9.845581485239727204e-01,-8.392165466907946375e-03,-2.867553163201608801e-01
1.981349495618452972e-01,-9.046732260264828129e-01,-4.470663695335429511e-01
7.644854956926859790e-01,6.782294063496646652e-01,-1.380540331447897284e-01
5.408334091765684137e-01,8.066056561365820832e-01,3.554412161072479925e-01
6.422477232066768904e-01,6.856532087672030373e-01,-4.391315282209947712e-01
3.728782403248762436e-03,-7.940707895230512126e-01,6.714841968283971063e-01
-1.037985638530300569e+00,3.797821088783383259e-02,-9.294443517088767093e-02
-4.984527623475381031e-01,-6.509203800543768015e-01,6.491626306415790859e-01
-2.673098110657511350e-01,5.480239298794248315e-01,-8.531570538831250161e-01
-2.969529038995645798e-01,-1.003378605582783578e+00,-1.041007492185335864e-01
-9.872415890855674725e-01,-3.499115436487199027e-01,1.218826529627641264e-01
-6.185682259370467451e-01,6.040572077712355048e-01,6.087762235338872729e-01
-6.609225953566918443e-01,3.831111087168092566e-01,-7.353478171811266284e-01
-4.397170921006766653e-01,2.598260392127862417e-01,-9.325801452983213391e-01
-7.055182818718535032e-01,-6.828058300666410840e-01,4.157549063955308655e-01
-4.352445164740307293e-01,-4.351629567518977004e-01,8.742547967996320279e-01
1.346650712448398471e-02,2.170657703723032905e-01,1.049833216658385693e+00
5.874440190757971303e-01,8.992723237120129332e-01,-4.493149586925295619e-02
-9.584672604597337386e-01,-4.715055630117631624e-01,-1.456132376198002176e-01
8.727675370593237503e-01,4.136787213766393023e-01,-4.855265763495604792e-01
-2.472091687561339957e-01,9.102807196259223854e-01,-5.341386762221849160e-01
1.239182174636177698e-02,1.166512589396433847e-01,-1.080617305884846502e+00
-1.001777779874925001e+00,3.757236715030146668e-01,-2.080011526578252334e-01
1.033470058223569632e+00,1.302943052565296578e-01,-3.308784729221385112e-01
1.045475900598910712e+00,1.344015960855087788e-01,-2.999824467300031272e-01
1.587601459473834409e-01,-2.030085290865494066e-02,-1.087217293368200499e+00
8.396555820115126911e-01,4.148138657568261611e-01,5.806731590700517920e-01
6.431386723283942786e-01,8.190944069987261544e-01,3.692902031735057489e-01
-5.660142123502506228e-01,-9.417174785709836460e-01,1.427909772533671184e-01
-9.682168595982626469e-01,4.282594995189458742e-01,-3.368205980683214862e-01
-2.870925988045240906e-01,1.017975998685679340e+00,-3.497659242030871085e-01
-5.713098190751476901e-02,4.876366394359744616e-01,1.003367193846872230e+00
-8.130876057151686931e-01,2.278737783331326872e-01,7.359058524011371505e-01
2.171672637000958972e-01,-8.815709171723050686e-01,6.611302647577546043e-01
-1.012154895250864550e+00,1.270142268699169796e-01,-4.771682322571511592e-01
2.678772788523605675e-01,-1.106328688962751466e-01,-1.091407443503192853e+00
9.111490276860105542e-02,-2.676792601899374499e-02,-1.128303607807232600e+00
7.041391129517866609e-01,-8.426308395184126665e-01,2.884430257487091143e-01
4.059624139260282205e-01,9.663717719085037627e-01,-4.442295417239757738e-01
-1.108565407698645366e-01,-8.608583727702656674e-01,7.413950343792667930e-01
9.187885939275375335e-01,-2.152505913042659369e-01,6.477439669652037546e-01
-5.914413263448722313e-01,-8.908756828594980304e-01,4.167630988518165047e-01
3.241336421832654580e-01,8.234019052516845516e-01,7.356687456428386840e-01
3.629081494926970630e-01,-8.626887348698355495e-01,-6.748833487252667851e-01
-4.883954637112803976e-01,-4.618260105607859267e-01,9.416794688779446254e-01
-1.724056701897333788e-01,-1.137141821391990826e+00,-1.515335548936483645e-01
-4.640394471735860282e-01,-1.063545793797253891e+00,8.094256451347055237e-02
1.906878339217675244e-01,-7.759371391524766404e-01,8.496130728477087057e-01
5.975928133677668036e-03,1.167701752822778882e+00,6.340981504005702152e-02
1.128435795500899730e-01,-1.756584411566996240e-01,-1.153831976367585943e+00
1.739801446600249546e-01,3.846818038723925914e-01,1.097285419370882753e+00
-1.435968878774138147e-01,-1.071469825651821139e+00,-4.701238377040580230e-01
-9.228146517278731364e-01,-5.305398388670390375e-01,-5.138650920012791667e-01
-5.306142718641488898e-01,-8.656784253888460956e-01,6.112543984465305114e-01
1.578797696751979007e-01,-6.989117630324437336e-01,-9.479863264086100250e-01
-1.586096436065629889e-01,-8.646856208759238216e-01,8.042239306984823033e-01
1.504628706197294052e-01,1.164882519573631425e+00,2.181518427317238606e-01
-3.378389998027548358e-01,4.886214336921026469e-01,-1.040141543245586941e+00
1.150768093345465592e+00,-2.811821927125333631e-01,-1.976959658775782058e-01
8.904022443967638534e-01,-2.885688010837381690e-01,7.576239253460826939e-01
7.885347047918298546e-01,-9.093668681248457952e-01,9.512608119170763710e-02
5.448101722155342941e-01,-6.813653606804046525e-01,8.393112510754456856e-01
6.281372497729057480e-01,7.274819994461615424e-01,-7.412856408021436527e-01
2.183606053468148123e-01,7.199215787057573479e-01,9.566230133488772269e-01
1.021707134882510637e+00,6.431218512721441627e-01,1.773264836927853638e-01
2.471704444790131516e-01,1.185722166449890702e+00,1.725695550524071475e-01
-7.081615587503261589e-01,8.377353040585040489e-01,5.490236218531275858e-01
-5.902726457551916717e-01,-8.645022031258496886e-01,6.456617185697685057e-01
-7.567870719228108056e-01,-5.249484157793476991e-01,-8.199679174631431255e-01
6.644532507233587015e-01,9.872027214714272914e-01,3.355487095277440157e-01
7.280582547553418604e-02,-1.180659715722219172e+00,3.707467126783167144e-01
1.212441997297390994e+00,1.245965645986185782e-01,2.434293637860318327e-01
7.824742656707266431e-01,8.740409147494239139e-01,-4.203649049765224577e-01
1.165345903297912544e+00,2.232445978475404158e-01,-3.914195704336474457e-01
-2.889854763971300144e-01,-8.946589863217221383e-01,8.278560601277362707e-01
-6.349523147514462007e-01,1.077911532158312813e+00,1.115614554865904801e-01
-7.195893472388211753e-01,-1.000960684317073524e+00,2.569818159030757831e-01
-4.162125679831142344e-01,2.536993783176883510e-01,1.164679415347041669e+00
9.899737724088248925e-01,4.765957632784648124e-01,-6.286677621842580166e-01
-7.854507379098294440e-01,-7.054015840748141253e-01,-7.044626708023905559e-01
9.765236536083069518e-01,4.341150366096862556e-01,-6.907617144047152324e-01
-4.556753249001579964e-01,1.147161622673436687e+00,-3.225485128631968568e-01
-8.851351331807488787e-01,3.236030369819151153e-01,-8.648484023886163774e-01
4.002736011602686106e-01,-1.209503488336759913e+00,1.468135831722530982e-01
-2.954814087922286725e-01,-9.761205658620096537e-02,-1.247556835491141047e+00
6.779216798121014964e-01,9.722874756410188057e-01,-5.068688055521216596e-01
5.084945301920361649e-01,-5.652480201765142098e-01,1.045181268882578340e+00
-6.691876750745417990e-01,1.109658025506387258e+00,1.457603420422893896e-04
-9.427903028861032153e-01,-8.518044029693156993e-01,-2.710058859659574826e-01
-1.439970928702955233e-01,-6.382841024004021202e-01,-1.126268374930915250e+00
-4.449080367839859385e-01,-1.184348877771592479e+00,-3.237112907212101320e-01
-1.056342683056816084e-01,-9.697469151865776293e-01,8.733141510554767173e-01
1.183623976644630621e-01,3.490678587248621789e-01,-1.259863848252588570e+00
7.592357393835144075e-01,9.253569863549746533e-01,5.470823489388200178e-01
5.884581355695390759e-01,-1.545740876794736603e-02,1.180868058571686419e+00
6.027176891718224461e-01,3.790578457805081781e-03,-1.177571777063047609e+00
2.987464611243405010e-01,1.290251635189914703e+00,7.061130454378587717e-02
1.814988834509413673e-01,-1.134725698271059180e+00,-6.689592127236673180e-01
-9.891673382229814182e-01,-5.563097600855430036e-01,6.994453860477136686e-01
-2.415736498878960914e-01,-4.306892230782974340e-02,-1.313807176047714353e+00
1.239408336800389865e+00,6.919396809773943613e-02,5.045462518252237238e-01
3.780163478373962382e-01,-8.778413633160131457e-01,-9.440401716526286569e-01
4.948636545778399842e-01,-1.769590521998538057e-01,1.240070729468215172e+00
1.203377229461572995e+00,5.797144827798884625e-01,1.977401138049706686e-01
-1.938083015829532851e-01,2.267859455475986774e-01,1.320469917969469664e+00
1.270785880602781637e+00,-3.465059954621927951e-01,3.271995874281991012e-01
-1.279310435263643075e+00,-2.354995256104422119e-01,-3.991953705131553454e-01
3.787568369674168545e-01,-4.139882873507943484e-01,-1.243414548813604137e+00
-1.275051880813562244e+00,3.194446879144270390e-01,3.776672573671328026e-01
8.155945376277128067e-02,-1.368443707484175986e+00,-2.642239426045343495e-02
-5.549682901239981758e-01,4.528598166004452197e-01,-1.173248329603153950e+00
-1.865840064863066028e-01,7.146128773899333986e-01,-1.163501332003692212e+00
-8.008579381137758135e-01,5.326572697258051825e-01,-9.918681209771145202e-01
-1.261725851622506500e+00,-1.278870083030134719e-01,5.570580034595680186e-01
-1.252296621479261685e+00,-5.586211491870269885e-01,-2.192715882933831129e-01
7.017609807878607553e-01,1.201157961912876271e+00,-5.423711197983858978e-02
-7.212876610531768762e-01,-1.152368271793072774e+00,-3.159602865551916495e-01
8.903705677782066674e-01,7.328974107861190301e-01,-7.924851854956045383e-01
-1.164383895004768021e+00,-5.058297360615314764e-01,-5.968352355540041954e-01
-6.096549612576500632e-01,1.259549324113667490e+00,1.403572455389285323e-01
-7.095152522246138682e-01,8.024836715557075451e-01,9.167732688157093079e-01
5.658181075914489044e-01,-6.345769227594439954e-01,1.129199738893506222e+00
-1.453505211875207870e-01,1.279890593298602663e+00,-5.905861199966875308e-01
-4.338503532630698656e-01,-1.304904844089574301e+00,3.566348404421388896e-01
3.447362600544344735e-01,7.636153957688937011e-01,1.151710131620372612e+00
-6.315036362898931444e-01,-3.306984883477446235e-01,-1.237121783749137949e+00
-3.138708366385150605e-01,-9.069345775312300795e-01,1.062011625232772039e+00
6.261733475571678031e-01,9.345029212352671255e-01,-8.909854316272999286e-01
8.038414460989052879e-01,1.071763314624237573e+00,-5.241953929388490918e-01
-1.209137117776084791e+00,-5.531549997832092558e-01,5.586099669099459097e-01
4.418198671216287399e-01,1.311995241904349463e+00,4.170930185406705459e-01
1.425534740581956950e+00,-2.328936128493252489e-01,-1.209308206874076114e-01
-1.006485432012194536e+00,-8.039390609269697618e-01,-6.724861764384802987e-01
1.378620744615392635e+00,1.478330191315983255e-01,-4.469005721585410096e-01
1.401266236325890702e-01,-1.218500031897244540e+00,-7.927415918992016808e-01
2.366859933823608209e-01,1.194477460158450466e+00,8.128428905679483396e-01
2.550015771821294575e-01,-9.075910565581087885e-01,1.124945476346894013e+00
9.772178616400727380e-01,3.729969303233309774e-01,-1.034869092586611750e+00
-4.406567084575837012e-01,-1.324433135716939436e+00,-4.770392799555044361e-01
4.515911065797109658e-01,-9.274942425417318503e-01,1.059512656883680126e+00
-8.695776536717751970e-01,-5.146036474026631780e-01,1.084753961111698750e+00
-1.478612732232916338e+00,1.091472333267371059e-01,-1.021664885890182367e-01
1.030243097592335788e+00,7.658719784547880494e-01,7.561128855337968524e-01
-1.242734795667056247e+00,-2.971874032606987570e-01,-7.733211060449224350e-01
-7.980299060200839456e-01,-4.901693026431135913e-01,1.168218275547101781e+00
4.887977250640841986e-01,-1.631526182688706680e-02,-1.419093401194152948e+00
-4.811575207185019853e-01,7.205130687486842600e-01,-1.230274691037030133e+00
-1.423606774951084120e+00,-3.536239557952574608e-01,-3.518260531584719297e-01
-1.947928203937210612e-01,1.102336255661302999e+00,1.016713829876881414e+00
-7.755377599851967507e-03,5.943800250293823639e-01,-1.394563066124828499e+00
-2.048433693921578036e-01,9.884695971909561729e-01,-1.136013757292180015e+00
1.149801700776955649e+00,-7.917429005317220270e-01,6.100121337995174642e-01
-2.313010019163865005e-01,1.421011415544235046e+00,5.096534183917695859e-01
-7.266535375723898182e-01,-1.261551649654146789e+00,-4.738526773510576273e-01
-6.893334481685459147e-02,1.453093433573125814e+00,4.893318843085767145e-01
5.489741083586794357e-01,-8.249409277602263169e-01,-1.177043545112091749e+00
-1.146098677608608396e+00,1.689286188714067272e-01,-1.018310459031292137e+00
-3.893033135217692231e-01,-2.218298092638091856e-01,1.479872830769863201e+00
-1.272019432705094655e+00,-7.921104288832272466e-01,-3.963850248089385020e-01
-1.537101096136572309e+00,-4.156782686281691730e-02,2.236979341825059697e-01
-8.501154381798996518e-01,1.140561667168979776e+00,-6.346472050655537211e-01
-9.284497426755178306e-01,1.237684310036927471e+00,-2.107836388056656129e-01
8.652504465444220694e-01,1.036411875541627392e+00,-7.921561254654049256e-01
-1.268714741561492998e+00,8.969360179480180273e-01,2.196531277025038087e-01
1.472105317239538635e+00,3.598862568376383075e-01,-4.217556898610150262e-01
6.931749386731869134e-01,-4.952472681319010084e-01,1.326985979013836747e+00
2.154610397383892317e-01,4.370964616023809146e-01,-1.503792382306222919e+00
-2.978250773103200202e-02,-7.835262047293430412e-03,1.584357079853578876e+00
1.812490284019852016e-02,1.223118238282375092e+00,1.013463828316366167e+00
8.279895769567617858e-01,-1.337055626845676137e+00,-2.500875698590649399e-01
1.564367683139674392e-01,7.436766991682133288e-01,1.403825594088421003e+00
1.142382301913052789e+00,-1.030156177248145122e+00,4.409913176717845662e-01
1.588349422352048457e+00,2.123048476877043844e-01,7.305559926360566392e-02
6.681951180295043757e-01,5.237189333364926647e-01,1.365680632888716328e+00
1.801255537735823586e-01,-1.051504842224419312e+00,1.208462408914070751e+00
1.367099066538270957e+00,-8.054964792496632775e-01,-3.056104971253277292e-01
-7.266567737399778348e-01,-1.446951149078536059e+00,4.724252267042900605e-02
1.424287340068069785e+00,1.262251861514833429e-01,-7.695479506664247848e-01
-1.386217489199482733e+00,-1.626419495397126713e-01,-8.375776163464447865e-01
-8.798646434875321276e-01,-5.500243677830521927e-01,-1.259289535831151774e+00
4.384016848291505952e-01,-1.572884707359996082e+00,9.644977858839411111e-02
9.294525871895282787e-01,5.930621779938856086e-01,-1.213623277386742583e+00
-1.975589630666338414e-01,-1.141443239669464704e+00,-1.166036445389067255e+00
-3.315538882954303102e-01,-1.563724769102420753e+00,-3.994153802023373001e-01
5.026233561187498644e-01,-1.367594803975573203e+00,-7.777779102535270495e-01
-6.240627951295607545e-01,-1.218638067567803018e+00,-9.309112549144215043e-01
4.171528905687956756e-01,1.919605648793425712e-01,1.594855619894940180e+00
-4.621862542104742677e-01,3.424052794966064295e-01,1.561066901398466378e+00
-6.340877867392319400e-01,-1.339889181270428331e+00,7.640885924681909414e-01
-1.103398372705302277e+00,1.175901705748017174e-02,1.255805252699081720e+00
1.675544513740076180e+00,2.185070526173536754e-02,1.657748300926772944e-02
-4.408381785383271301e-01,1.102028498569813664e+00,-1.188689469387620878e+00
-1.191613228788563461e+00,-1.087026211752528448e+00,-4.835943317371633188e-01
-8.880827939267660343e-01,-1.177730743969119587e+00,-8.206049653031574076e-01
-1.219695617646676888e+00,-7.577203431269745604e-01,8.950394501112781676e-01
-1.459180484785946419e+00,-2.463865264415756040e-01,-8.287323984804224608e-01
1.444233465511066905e+00,8.953576397964184697e-01,5.579130304356921810e-02
-9.467636808275018412e-01,-1.395110990246821281e+00,-2.486520931770510034e-01
8.189427430673200670e-01,-2.173716733453449068e-01,1.483442334092947013e+00
-4.931822593718617198e-01,-5.052215209924818540e-01,-1.560158781387970039e+00
-4.992074944267738124e-02,-1.606586812350903282e+00,6.025556931021349705e-01
1.566690591883265427e+00,4.743679319467971611e-01,-5.303920731387592458e-01
-1.548088473655159669e+00,-4.079375542084983097e-01,6.419521906068849093e-01
-7.615093792182247023e-01,-9.357004509290662853e-01,1.238529557358799993e+00
1.349562590451398147e+00,1.019531205778304805e+00,3.781249954306676875e-01
9.129415102462766773e-01,-5.416292370144254464e-01,1.375257112549780336e+00
-1.444735557058646869e+00,6.986067770847027569e-01,6.762545773835162422e-01
5.599300378507430231e-01,-8.870938814559455876e-01,1.395246387354600826e+00
-2.494711576109154560e-01,1.602846212399240411e+00,-6.560613328914979281e-01
1.084623062432775314e-01,5.419247283647535829e-01,-1.664626731955726635e+00
-8.021510321301094093e-01,5.545989568828063598e-01,1.462916480862858970e+00
-1.432523808800102660e+00,2.817243834102138300e-01,9.871384296883229936e-01
1.594675388506718861e+00,-5.539666840323417274e-01,-5.204935931469718557e-01
6.720247181735212738e-01,1.619347152080889529e+00,-2.485747621002658281e-01
5.121853880054502151e-01,-8.910884723503451621e-01,-1.447166815882900526e+00
-7.768340938631012049e-01,-1.166833406461169398e+00,-1.095777620583960887e+00
-1.124038931825100951e+00,1.022165687064122030e+00,9.340839813436252470e-01
-5.197168662395255101e-01,1.176942893382794342e+00,1.241233929974929762e+00
-1.746833694638598056e+00,7.389770022809914740e-02,3.928100427557581487e-01
8.674938590863752186e-01,-7.986947682873248855e-01,1.354998338192976437e+00
-2.571716224560795516e-01,-6.698513342826646344e-01,-1.651362064785594885e+00
-1.448556147753920609e+00,-7.287631289393625700e-01,-7.923661347991395321e-01
1.497265855281680880e-01,-1.650807425546845009e+00,7.246767654536105940e-01
-1.283425356193077072e+00,9.396318362509195055e-01,-8.707474376332964283e-01
-1.138649021544837714e+00,-6.128906192890585247e-01,-1.277399228637029260e+00
-8.570170496243413316e-01,-1.485944312076050933e+00,-6.140666437689040746e-01
-4.398697183410545941e-01,1.858875669051204826e-01,1.762751895547532532e+00
1.379557741610256461e+00,-1.195321702684840393e+00,1.384692388965966525e-01
1.306776933742873847e+00,5.908620907893747942e-01,1.144658574184905575e+00
-1.748527841790086912e+00,-1.646882130119575460e-01,5.463534527047729794e-01
4.478638623633804383e-01,1.620897642998869737e+00,-7.557092164065092321e-01
-1.578961092113134956e+00,9.020396684443204860e-01,3.290515483893080018e-01
-2.936935544230811490e-01,-1.827854692938047698e+00,6.251768193562848297e-02
-4.123331533243684843e-01,-2.178613006357751902e-01,-1.797206527083623495e+00
1.253097759290061397e+00,-4.928898626805831573e-01,1.284727002950956987e+00
-3.596656114418724237e-01,-3.411385793677068068e-01,1.798425908401626305e+00
-1.831060552325874502e+00,1.019940585579914849e-01,3.651115621972199077e-01
1.047412660483004965e+00,-1.034858768625046554e+00,1.159731120073473676e+00
1.585509848342231187e+00,-8.673874109005657029e-01,-5.131658696602245939e-01
-1.128685289061873487e+00,1.411607886743121210e+00,-5.287751038552699345e-01
-2.813993937621501185e-01,1.204233155085544071e+00,1.426010452708521781e+00
-2.657803814446794699e-01,-1.760558753927967679e+00,-6.398680001245157234e-01
2.753714771342719025e-01,-1.820723276554407244e+00,-4.534461509034628524e-01
-1.489496544393902999e+00,-1.178962622537153893e+00,-6.951638980334250151e-02
1.291545106341922100e+00,-1.186639045378193202e+00,-7.444221913434394544e-01
1.146322362458284116e+00,-7.224337949036210293e-01,1.345901537613678700e+00
4.996026770158376595e-01,-1.628587734162735945e+00,-8.732915429297657406e-01
1.564302434419407417e+00,4.492501753117663088e-01,1.016299777076486555e+00
7.635704144481987310e-01,-7.624172719968546064e-01,-1.592067588779272791e+00
-1.151358654882795873e+00,4.050171851545731894e-01,-1.492203614513422982e+00
-1.902250347305425304e+00,3.287454997669731482e-01,8.436831829374383251e-02
1.847612858237281719e+00,-5.603465112708688745e-01,1.535251857499474182e-01
-1.616071325124794900e+00,-4.163860791178011223e-01,9.918286629897034024e-01
-4.927640163179878852e-01,-1.631136936420556793e+00,9.396774834917801522e-01
-3.141454765132000726e-01,-3.760234784579886136e-01,1.887866602361524704e+00
5.341925287054162252e-01,-1.680403350653405237e-01,1.873045525753122886e+00
6.062433027868898705e-01,-1.483658949773413838e+00,1.127375513331255741e+00
-1.507299347930543654e+00,1.230307838031019285e+00,2.684544351799786344e-01
1.282155496411501394e+00,1.441980862827831888e+00,3.904431646076322315e-01
-1.000134339569257014e+00,1.385052097924009740e+00,9.874793012298819228e-01
-1.838695365817113681e+00,6.475611615565568524e-01,-3.343181803152673326e-01
3.608307490445746835e-01,-1.639766653522553685e+00,-1.054086471830542271e+00
1.102476384168168844e+00,4.603596393008949628e-01,-1.587781357789869618e+00
-1.475203048721874355e+00,-9.928627605338645745e-01,8.971140434489883742e-01
1.184061589867969611e+00,-1.287708722538975614e+00,9.618078590112076887e-01
1.371367853110299628e-01,4.095660008329306545e-01,-1.953778871893644631e+00
-1.651416660359849020e+00,-1.057676318223528950e-01,-1.133158773973366396e+00
-1.241414214786825898e+00,-9.891759507204823665e-01,-1.233499753769582208e+00
-3.564366764344917837e-01,4.983751482884298811e-01,-1.919489570973103687e+00
-1.259414528990086657e+00,-1.572797761016266005e+00,1.374430225547990103e-01
-1.639505686120636740e+00,4.233324025914281252e-01,1.109252333541442370e+00
1.113194187635260901e+00,-1.554740969960458630e-01,-1.689158600893380990e+00
-7.555795478540838772e-01,3.916202546813786212e-01,-1.847009127275299978e+00
3.897562807480497993e-01,-1.999942144917623121e+00,-5.647730300953660715e-02
-6.412715846762291616e-02,1.332831603454811997e+00,-1.547111537706723272e+00
-1.431052682681440480e+00,1.020049274128136174e+00,-1.051195690008546180e+00
-1.713015656726502245e+00,-1.127787126076752688e+00,8.060201037297644311e-02
-7.851058507717112445e-02,8.694582708943111582e-01,1.862842059461064181e+00
-2.015819346177292637e+00,-3.724779736061576418e-01,-2.226983321485291045e-01
3.333664173433025790e-01,1.757678978856792584e+00,-1.034859676062426015e+00
8.722254454582363259e-01,-2.303624190412141559e-01,1.864773884024469419e+00
7.175486415330304402e-01,-1.300888985628723127e+00,1.450462663618928616e+00
7.109238988449171348e-01,1.739017143226155415e+00,-8.951666428083462357e-01
-9.409134358397740483e-01,7.796531972231451890e-02,-1.859970191211012480e+00
5.870222701989475933e-01,1.756240194336435412e+00,9.705477289318292788e-01
1.872725260036054440e+00,-1.142526191707190497e-01,-9.332304567560981701e-01
4.661217575129644186e-01,-1.882241373881868407e+00,8.069628230641605615e-01
-2.175696249966235507e-01,3.448990299066239662e-01,-2.065260614719147014e+00
-1.467522145651028787e+00,-9.412195548512229670e-02,-1.513109186597146216e+00
1.615081704433018572e+00,1.358583708452924199e+00,1.349508791085138049e-01
4.420991098428419530e-01,7.207997327733173254e-01,1.943708304432114398e+00
-2.022474281409022634e+00,-3.102700393794969105e-02,6.498319444542153267e-01
1.605549430204437966e+00,-2.848924709831227586e-01,-1.369459668388652629e+00
-1.825458425044170108e+00,7.647536982486395109e-03,-1.105815227271420564e+00
-2.899792240116902953e-01,1.795092768650705217e+00,1.126781322237608407e+00
1.336766728534206639e+00,-1.480215963850166183e+00,7.868175625242500582e-01
1.952096974724467637e+00,2.217751085593436255e-01,8.707874324954347767e-01
-1.305487755462216626e+00,-1.591375699981556702e+00,6.344453084700863998e-01
1.830689741120693270e+00,1.141919363988893377e+00,7.167031346158762861e-02
1.059364074018432911e+00,1.362665771365301648e+00,1.304900222701954382e+00
9.699059279852566551e-01,-1.829918194184336988e+00,-6.434114604010466865e-01
2.159071037832482887e+00,2.381059784944269953e-01,-8.077294022237604953e-02
-1.101306121707952723e+00,2.616526761502197540e-01,-1.861469327758759285e+00
-4.926891750269637993e-01,-1.033651148446385504e+00,1.859278379334752707e+00
-2.068759805179544387e+00,-3.024120058287966747e-02,-7.135750336838936336e-01
-1.150345920505693176e-01,1.895762457113866706e+00,1.097538240582604629e+00
-1.082352765314334109e+00,2.236241094589782041e-01,1.900579086167492049e+00
-1.750434690734497645e+00,-1.199207598969481842e-01,1.333169819136435175e+00
1.252857950156448075e+00,8.033957468278194458e-01,-1.631804452028029928e+00
-6.901714425476395132e-01,2.103666501949802425e-01,-2.092731051176100809e+00
1.605172775265133911e+00,1.373294525424555879e+00,-6.781729941762660863e-01
-1.110533576010507950e+00,8.561835819576372186e-01,-1.725837493201662687e+00
1.493493542002608088e+00,2.608426309592498105e-01,-1.633644643846213551e+00
-1.294766364508793233e+00,1.646335745483542334e+00,-7.766044755298244784e-01
-1.195390541019870634e+00,-1.062170603412104342e+00,1.566998135727116548e+00
1.926984145598707787e+00,-8.911162375634830157e-01,7.266895815138657566e-01
2.174264002906641124e+00,9.222092052614710989e-02,-5.677892658945524751e-01
1.327818046050140977e+00,-4.479364315176795897e-01,-1.765655452322321795e+00
1.702522402784054867e+00,9.554578210483567480e-01,-1.137045747609387591e+00
-1.271838941074755480e+00,1.869272160399364502e+00,1.255613269224350181e-01
-2.923225381257718025e-01,-1.990037374970588413e+00,1.051225735206497758e+00
-1.888627589553457220e+00,-6.003750970304583268e-01,-1.116586946169642269e+00
-3.465184128230409943e-02,-1.205124444441620257e+00,1.934956138571690909e+00
2.408874450074038331e-01,3.739149379746197210e-01,2.241269348198235090e+00
3.509396872193246697e-01,-1.410630685377213700e+00,1.769670340425881561e+00
1.823849321317930539e+00,8.484061440167439683e-01,-1.105573066736813770e+00
6.237672983663753584e-02,-1.066020145977262690e+00,2.037660249595286022e+00
-9.303578633391085262e-01,7.215258662320617189e-01,-1.982452937094697054e+00
5.356185200986746109e-01,4.935776738148496268e-01,-2.193128594052492719e+00
6.259602488002611320e-01,1.484292009014626990e+00,-1.664182381429072821e+00
-4.035983774897042298e-02,-2.046365893673212533e+00,1.095190223834405119e+00
5.995214215557911341e-01,-1.138524821976898860e+00,-1.938388653484203195e+00
-9.068765445752968724e-01,-3.541067156502853419e-01,-2.118874664667501406e+00
1.658913847992606216e+00,-1.461057020921117333e+00,-7.584821232071685682e-01
-1.502536541305570461e+00,1.773686388006137760e+00,2.881501128555645774e-01
-2.090318897876960236e+00,1.725617807776173018e-01,-1.054576852736110570e+00
-1.222943323162465123e+00,-1.685948446017337066e+00,-1.094607200077434950e+00
1.021206325799890874e-01,2.325100050100162186e+00,3.802562863127491588e-01
1.614338547742368624e+00,1.059194401516033723e+00,-1.363147251875111099e+00
-8.957830988601042654e-02,-1.377008542212006637e+00,-1.925387337144916389e+00
-4.086321898386249818e-01,6.452868683501784552e-01,2.247923890984297568e+00
-2.041740886224644669e+00,-6.404764201476723096e-02,-1.220277307271957046e+00
9.871904437146183930e-01,-6.028560907491936627e-01,2.085510833331175817e+00
-1.498604051736139198e+00,1.379933833126324227e+00,1.250143914624067598e+00
-1.268797369855433121e+00,-1.488692978428020952e+00,1.382930862931303073e+00
-8.222329158104115798e-01,-1.783408078533505137e+00,1.381196951385470717e+00
1.121742494665810996e+00,-1.936048210952981075e+00,8.852106658149030416e-01
1.477910025154896445e+00,1.815717301776549553e+00,-5.788918324091444356e-01
4.279583559564771877e-01,1.935846390042037513e+00,1.382604807511746525e+00
1.953991805877285604e+00,-6.117861210511953418e-01,-1.294630686502529437e+00
7.647797336884556429e-01,-7.222596139748459487e-01,-2.188191976815037076e+00
2.064272570890388181e+00,-9.106227569000712174e-01,9.114163836404416408e-01
-2.557481715160877522e-01,6.623880708508942394e-01,-2.333126970216467644e+00
2.107782760844072456e+00,-1.219563604347739583e+00,-2.101974896583216346e-01
-4.739280769893727818e-01,-1.393493723159455189e-01,-2.399368502321074903e+00
4.075042891590889282e-01,-1.032825252104006220e+00,-2.189759221439956161e+00
-1.456980590923378394e+00,1.979692157481500958e+00,-1.131690172783287179e-01
-3.828505734035846375e-01,2.358129972367892346e+00,6.119531963668111141e-01
-9.158917237844709236e-01,-1.636383616282367282e+00,-1.610092307916107579e+00
-2.111036807781826230e+00,-4.899910357770061453e-01,1.199882276633796874e+00
-4.294470347815766420e-01,2.269716643310297322e+00,9.097455025549834318e-01
-3.007916588293613191e-01,-6.931419107248814049e-01,2.370707883654595616e+00
4.070809753664993980e-01,-2.460265464552492620e+00,-1.304709581637134540e-02
2.012491609595171926e+00,6.690941406373344114e-01,-1.322387452351408976e+00
1.098636635842568321e+00,-1.318950500548315086e+00,-1.824205282599633993e+00
1.186348979534854076e+00,-1.934443733737409632e+00,1.073692040407975945e+00
-9.527633490767043467e-01,2.265233119449976407e+00,5.397584377175055348e-01
-6.126553526051621290e-01,1.499554193729351725e+00,1.932498504376620074e+00
-2.157170208939187983e+00,1.313188187118361272e+00,-9.491944399678213518e-02
-1.266713073896525765e+00,2.193035455442294612e+00,3.607448282466008127e-02
-5.973871270737931560e-01,1.849062611624321673e-01,2.460230387898436177e+00
7.446340490715859239e-01,1.301999738627694914e+00,-2.054934457013214644e+00
6.418542234099644528e-01,2.182374253900935202e+00,1.151722509680723538e+00
-2.183733088208803519e+00,-1.271146767622004292e+00,-3.815388441194481062e-01
-8.915587843775627519e-01,6.953789954697919828e-01,2.297964737057331952e+00
1.700447299821371328e+00,-4.851803408071712620e-01,-1.860446907295598695e+00
2.053427616212807116e+00,-6.585456224374746093e-01,-1.402557498045707174e+00
-7.182169703179099862e-01,-1.668299213853510876e+00,1.829674023385725601e+00
-2.067878497861728171e+00,5.611199090364116238e-01,1.444042003928254880e+00
2.190991151306016071e+00,1.344269411613020715e+00,3.135619856486315804e-01
1.887861030544829788e+00,1.473103167996520912e-01,1.774771403632508182e+00
4.576699580951015256e-01,1.668088363157545606e+00,1.942519717632297693e+00
-1.090726762504508951e+00,-1.901964354493796527e+00,-1.410021870566278590e+00
1.809648465011234553e+00,-1.857769704982212167e+00,3.150433675961136770e-01
-1.954239632242484426e+00,1.310006911392418427e+00,-1.149092207700725288e+00
-1.166435862427118053e+00,-2.163459719319596797e+00,-9.191142452912653971e-01
-1.600268662212883441e+00,-2.044499864850469084e+00,4.189310530430114810e-01
-8.338194770025330049e-01,-2.480470124493043382e+00,3.145162856073636104e-01
1.460306133165593989e+00,-1.641064470758959004e+00,1.466972959674706978e+00
1.189213370733296804e+00,1.245943035742606675e+00,-2.010424617421576965e+00
-1.311806522635673433e+00,-2.215816947225053291e+00,6.392706330397582848e-01
2.326540086768174920e+00,8.164455917883829406e-01,9.955098142758298518e-01
1.012859957120696014e-01,2.550942223026095412e+00,7.642230266198561939e-01
9.340367313228720159e-01,2.372715475606065993e+00,7.941756804980730777e-01
1.450933588796002871e+00,-2.249252999779641549e+00,-3.801606174514916316e-03
2.621722989900231671e+00,5.601949250142910230e-01,-9.318215935333873379e-02
3.872619178476093271e-01,6.045394436400387539e-01,-2.590789815169121546e+00
1.086884777548297709e+00,2.030509015145533613e+00,-1.398275218060323732e+00
9.082551388280780957e-02,-2.143882573540366598e-01,2.690205141986386383e+00
-2.430093762189497575e+00,1.188145975145429523e+00,8.034030408062951822e-02
7.847606201671096793e-01,-2.254250105623927247e+00,-1.287720517299143275e+00
-8.746146305491416806e-01,-4.956035880551289963e-01,-2.525369179736259184e+00
-1.712873152282078371e+00,4.867693704898988782e-01,2.061470725444000784e+00
-5.531808052913466112e-01,-2.520777355403151621e+00,-8.904053374823545086e-01
-2.567886104291140281e+00,-5.898955267386730705e-01,7.374782053679841409e-01
1.587376602610329757e-01,-5.886648001230589816e-02,-2.736804746739383454e+00
7.519152208789153802e-01,2.629108449776357825e-01,-2.630070491680066347e+00
7.278312387108828441e-01,1.403554745782964908e+00,2.255039906817748463e+00
2.152559339924871917e+00,-1.712022903166672272e+00,2.316224469064429303e-01
2.757388613536689181e+00,-2.155158123593924613e-01,-4.418721361884630355e-02
2.584772229674198174e-01,2.083254669493995070e+00,-1.810628232927019576e+00
1.226457653843214146e+00,-5.914938860326016679e-01,-2.421724771361010831e+00
1.736003895271909236e-01,-7.018326844577069679e-01,-2.688851682178906355e+00
1.319082963005701936e+00,-1.595808143741838325e+00,-1.870828180133996321e+00
1.887942766037918219e+00,1.994185577666818032e+00,5.287407360812527157e-01
1.162709175223183511e+00,-7.061109543834866997e-01,2.450390254361360043e+00
-1.517441825758993612e-01,-2.425976210175601278e+00,1.407435979604522380e+00
-9.734814778654667933e-01,1.514664198528722139e+00,-2.163768261398522963e+00
-1.989343493202010205e+00,-1.988506003592658056e+00,2.162558604182968913e-01
1.984977498566137699e+00,1.951556969590483748e+00,4.944524335640128054e-01
9.559713375583465123e-01,1.152741289788024925e+00,-2.405290721323478653e+00
-1.351732381793389282e+00,1.782413369958793181e+00,1.749000827551326243e+00
-6.730368643742609125e-01,2.083526633891101820e+00,1.817780520053032811e+00
7.330769577725269048e-01,6.695146772493435483e-01,2.673590157377226273e+00
1.494485762748455127e+00,-2.419648873542910028e+00,2.846725937156725506e-01
1.608535604184853529e+00,2.361139338106416297e+00,2.061432550515590600e-01
1.232459287756703992e+00,-2.385285032734469901e+00,-1.015922186967518792e+00
1.012048820176434161e+00,-2.273503895182100720e+00,1.443432587841575687e+00
1.392500335931642630e-01,-3.202302620039020886e-01,-2.861938012161561851e+00
-1.280601138836080510e+00,2.491473070772329379e+00,-7.081398124931518323e-01
2.543050321025270843e+00,-1.637977888352062927e-01,1.375231903548576717e+00
1.833583030883637388e+00,-1.938644809682670722e+00,1.140759234862490201e+00
1.580532706969312473e+00,-2.255060017128194261e+00,9.354006876521516745e-01
1.025119402924578038e+00,-7.710630154989246421e-01,-2.617201779744255496e+00
-6.620097519321542778e-01,-2.089627650887129207e+00,1.930621678594801605e+00
-1.449345864803730510e+00,1.053310305066140318e+00,-2.314979704922559556e+00
1.923687108916874999e+00,2.181302534715171770e+00,3.844346109690675584e-01
1.178775710760332274e+00,-2.657941429282295598e+00,4.355154227489288488e-01
-1.443271009171966490e+00,1.913048860550374819e+00,-1.714233814317333016e+00
1.432928653176736455e+00,2.347616175423278939e+00,1.074474668770456276e+00
-1.007937759270460809e+00,-2.687626343495977288e+00,-7.194839663510373962e-01
-1.287446662326679370e+00,2.068733062727458716e+00,-1.690490157893677736e+00
2.582538521057679670e+00,-8.418873230501570104e-01,1.206153828667669403e+00
1.980874299381562231e+00,1.447086321223488847e-01,2.219592436823814463e+00
-2.838361961966691549e+00,-7.214195353764802920e-01,5.771577519307499182e-01
-1.636288030112454495e+00,-2.241503777579803458e+00,-1.116554731650005516e+00
-6.983453028427485387e-01,-2.400891017322580812e+00,-1.653868164142596964e+00
1.978281079473159121e+00,-2.233451643384172236e+00,-3.525179252757000281e-01
2.289181412843227292e+00,6.844791866563133542e-01,1.832045776226583600e+00
-1.870454630493132875e+00,-1.800914528941977011e+00,1.537075884118529689e+00
5.921921448603233440e-01,1.851343121239700684e+00,2.316404891702495306e+00
7.881808527951240650e-01,-2.865798431739077667e+00,5.911189747872755973e-01
-9.542058401250669286e-01,1.112781453105158996e-01,2.881019863955423421e+00
2.918608713796412513e+00,-7.079746103566720780e-03,-8.629689037915844185e-01
-2.821688983882649993e+00,1.137211533289808063e+00,-2.188579416759941221e-01
2.360190422205780347e+00,-4.289408489277424241e-02,1.941889518415463645e+00
-2.919870189088149548e-01,2.135428976546910107e+00,-2.176767715648341373e+00
7.606543051941291322e-01,-2.072778896407320826e+00,2.132872019684910470e+00
-7.467264924798265868e-01,2.204600349924655145e+00,-2.011708023417147828e+00
7.991529549127455168e-01,-4.574376779688141270e-01,-2.942411056875557485e+00
1.941941281407441933e+00,-1.960872158617247063e+00,1.389435484181997582e+00
-5.997212376224028141e-01,1.445955302358626682e+00,-2.671592734353517518e+00
5.574019177297006022e-01,-1.457249843315293392e+00,-2.682335673091933437e+00
2.690085779019926182e+00,1.328792785706779833e+00,-8.175887028604255091e-01
2.151530495798250175e+00,-1.415363205705464145e+00,1.755003520442496745e+00
-2.141054038048933184e-01,2.201899288412831002e+00,-2.204543049164455759e+00
7.976777315422421966e-01,-2.745391936466796690e+00,-1.273872250766016512e+00
1.361705813181019797e+00,2.255817359711548065e+00,1.701598163776547823e+00
1.960103403852881288e+00,2.457166686309590897e+00,-3.256267342749383231e-02
2.651778642432517374e-01,1.047677259922642046e+00,-2.958935502703000875e+00
2.555989626122928127e-01,-1.828834065095280792e+00,2.560461698991120194e+00
2.338373455326339945e-01,3.115265700951778349e+00,-4.992217539113357194e-01
-2.950996420549601318e+00,-1.154609023637058751e+00,-1.015187339630575641e-01
-8.240751546000590899e-01,-2.770782973727697218e+00,1.318585345793715335e+00
-3.769077260057446255e-01,3.078349749204137620e+00,7.211652478866726890e-01
-1.587114609561758982e+00,1.918119332643797303e+00,1.995947250987247568e+00
2.916148844436613263e+00,3.256614304847205155e-01,1.271085701486746711e+00
1.003176693778906836e+00,-2.191198448490136119e+00,2.112301458368336604e+00
3.337868788579316792e-01,-2.692614867908823317e+00,-1.718142000434479622e+00
2.988518058439750824e+00,-8.603471011927562584e-01,-8.284976033787999627e-01
-8.559021127071889667e-01,-1.141431608611525261e+00,2.892547870011274558e+00
-1.759212385964798120e+00,2.324061012797177472e+00,1.396703149620892370e+00
-2.193031694342091775e+00,-1.890500500682380958e+00,-1.451986725550959756e+00
-1.458622657407439682e+00,-2.282719658676919838e+00,1.788355009376177085e+00
1.911408583921647697e-01,2.751421922858336977e+00,1.724784668326800885e+00
2.413810328906668801e+00,8.039463490610523344e-01,-2.038196944923795773e+00
-2.291163476965389023e+00,2.305896467213688794e+00,3.255250693652216309e-01
3.148912644284705298e+00,-1.335571657385374068e-02,-8.957712269108822900e-01
-7.913123936364624411e-01,3.180417870603487351e+00,1.512111433872670996e-01
-1.464559560412568961e+00,2.868568107974176939e+00,-6.607012098460153249e-01
-1.390969632533831379e-01,-2.744224390874107744e+00,-1.818311870216380299e+00
-3.224161585841975874e-01,-3.268661428508164768e+00,3.386564284332546082e-01
-1.125128428634337485e+00,-1.843709190502919704e+00,2.506832666126142861e+00
-2.489557043109382750e+00,5.224425918828069504e-01,2.127282954631783518e+00
1.799547123542678095e+00,-2.003197750401377153e+00,-1.947299336720464069e+00
-3.039121807581354417e+00,-8.317227597411477880e-02,1.359090413748622828e+00
-3.256412378440959987e+00,-2.164444661714835239e-01,6.975558124177703156e-01
-2.510018934594144380e+00,-2.158613399533296118e+00,4.747463678261755193e-01
-2.028505280213675377e+00,2.604949261458401111e+00,-5.764749562716096065e-01
-3.209595403616679610e-01,2.210998871703668822e+00,-2.507848434818494177e+00
-1.973957969198832485e+00,-2.647513777037647120e+00,-6.504642695096417571e-01
6.429459559865513540e-02,2.487999781970296809e+00,2.276612920280588259e+00
1.970762832305173129e+00,-1.101432323619664588e+00,-2.515686079531238573e+00
9.534091247769509447e-01,-3.072375698017968393e+00,-1.061103365253601938e+00
3.251346390068043046e+00,-7.937338055225088285e-01,5.674813623684312747e-01
-9.800066076004030347e-01,-3.251619011267149251e+00,1.973259523897433199e-01
-2.049083064179893832e+00,3.475834373223811724e-01,-2.702238234261002958e+00
3.374115412135435310e+00,4.419199433885525607e-01,3.019368207348481770e-01
1.609123340626435361e+00,-1.898428217462921230e+00,2.351057234537570650e+00
2.518091960975289645e+00,-1.736440857900948931e+00,1.553906512424071851e+00
-1.399187741974506904e+00,2.965974665087738771e+00,-1.032457096660175377e+00
1.940303698179444813e+00,1.799797000497186161e+00,2.206107809347813475e+00
1.170324176240478575e+00,3.217341040868068713e+00,4.477466598456752433e-01
-3.128203743979440343e+00,-2.219972945755059879e-01,1.461895457789892605e+00
1.499387982487767834e+00,2.215245531583614813e+00,2.206233225710222179e+00
1.507041157943479037e+00,-1.181308236218117758e+00,2.899542157159272548e+00
6.729167980501035151e-01,1.103817033532982078e-01,3.414714307005140892e+00
-3.282398626851181334e+00,8.681225280376533293e-01,8.055864251131292786e-01
2.443737609001954247e+00,-1.587934445656237425e+00,-1.932623725877228749e+00
-6.100428889445024261e-01,-6.297573617900611431e-01,3.392868919262276517e+00
-2.121552336514717751e+00,-2.838249238243051309e-02,2.798321826615056018e+00
-6.929224879539219728e-01,3.030340635919654080e+00,-1.649722676942877664e+00
-1.510786669761281065e+00,2.802282033116150206e+00,1.517212505727964622e+00
-2.965376793722228399e+00,7.931366346117552091e-01,-1.751394341517361619e+00
1.313804679532883934e+00,-2.836834742346684646e+00,-1.664065956537589042e+00
2.831918597521673409e+00,1.956172066987328151e+00,8.657887029431982073e-01
3.015272520082520558e+00,1.808095079205914724e-01,1.877430553383784062e+00
6.890975619655976825e-01,-1.827931196214237941e+00,2.981052459504558438e+00
1.938289761561887925e+00,-2.919934899466666511e+00,6.882174102625189249e-01
7.993747399967914280e-01,-9.333118613280552145e-01,-3.361627787674087209e+00
8.186727766124368699e-01,2.979890529493013585e+00,1.820669194344727515e+00
-1.142743632977933688e+00,2.077972328350441433e+00,-2.700997753845994609e+00
-9.521872927464202219e-01,3.360786287830795249e+00,-8.788081310815398783e-01
2.251538019727314932e+00,1.708979313706607384e+00,-2.244695968054740476e+00
1.340526155711224687e+00,2.227304811528717732e+00,-2.515126098539186117e+00
1.737115458973186977e+00,-1.764336940051705716e+00,2.647372787999236365e+00
-3.429540167513144500e+00,-3.672389595309223376e-01,1.139266474413086705e+00
-2.333410090838816675e-01,2.051025798176735915e+00,2.998183519827794186e+00
-3.496606342328171468e+00,8.297595410440687658e-02,1.035886300226109391e+00
6.459020600845167825e-01,3.085482947718823254e+00,1.850667692775255224e+00
2.615842438373577217e+00,-4.716947117339894135e-01,2.520639743085017148e+00
-2.030278386610854024e+00,2.746796974830339355e+00,1.344782096733362353e+00
2.183097488856539758e+00,-9.446963158010212025e-01,-2.806034953227435125e+00
2.331939052682630908e+00,-2.850793816292979344e+00,1.558630985357191967e-01
-1.163448371285709659e-01,3.280505292250885052e+00,-1.694489335614104863e+00
-1.672177692761533718e+00,-3.227307596494575215e+00,7.016883557125545012e-01
7.721477190413401637e-01,5.736923316227587888e-01,3.582801422022664273e+00
2.607990396926528121e+00,2.619825148699321371e+00,-3.932862813904751675e-01
-1.475812709451972848e+00,-2.128263815142197757e+00,-2.677768167818139311e+00
4.045330170779640744e-01,-2.177219360447184116e+00,3.005407207366671773e+00
-3.048391781618288388e+00,1.638063709564019643e-01,-2.162300012360326651e+00
-3.107197388738765831e+00,-2.097347427074111259e+00,-2.048509639841109703e-02
-2.854987590968308009e+00,2.119764581591781494e-01,-2.432529914830910300e+00
-4.522989861160452429e-01,-2.825173297364286018e+00,2.446686349401325344e+00
2.909744369742233605e+00,1.634196964532638185e+00,-1.759215276915149007e+00
-2.605386495876182540e+00,1.910887885948074683e+00,1.962741167525634323e+00
-3.024640737769402676e+00,-7.068810169663664045e-01,2.168829761664443634e+00
-1.919481508315018958e+00,1.863473259332026455e+00,2.693570414417165715e+00
1.313602787739834632e+00,2.821102268575727656e+00,-2.188296231090293364e+00
8.024861350712212404e-01,1.991449293394202402e-01,3.721552754272793084e+00
4.230328254035559676e-01,3.589594362585909249e+00,1.237125955014269696e+00
-3.243992647552276676e+00,9.564949226142931415e-01,1.793745587525499507e+00
-3.813813251549654559e+00,3.129460645520854567e-01,-2.725778970886430508e-01
1.452865849804319431e+00,3.419253561895711169e+00,-9.884564326997492545e-01
8.493603853214657384e-01,-3.168328060603886609e-01,-3.744244003893110406e+00
-1.421384678485946296e+00,-3.508838241194546459e+00,-7.557270011072577676e-01
-1.481501525878063497e+00,7.434683782119513307e-01,3.495468770243760570e+00
-1.104114074622969399e+00,-3.715964830302898925e+00,-3.418972386399773966e-02
1.009134050768539348e+00,3.738589951466295691e+00,-3.101784413690695796e-01
2.099666117361199014e+00,-1.291049648189238397e+00,3.013211676154485374e+00
9.259843749734218976e-01,-2.586374662622225706e+00,-2.769757243116110157e+00
1.523641805516885217e+00,3.593991104877539922e+00,2.093207791216088187e-01
2.155902060741641701e+00,-1.942162600771851100e+00,2.631757906186132256e+00
2.876070271734520123e+00,-4.489594249737826059e-01,-2.633809854703392794e+00
-2.147965067161288211e+00,-3.265249511860947695e+00,-4.463012642628541027e-01
-2.563571765593761764e+00,2.787970537716153441e+00,1.093097430941876391e+00
-1.004304806602884126e+00,3.569303885765294559e+00,-1.362346537621855314e+00
3.062512819993704394e+00,-1.902958836728417369e+00,-1.633882080343791010e+00
3.691363342997863395e+00,1.435262344393251288e+00,-2.217779494017964592e-01
2.705871102608844669e+00,2.063434191259853279e+00,-2.054654580330825819e+00
3.037482619657013050e+00,-1.620878122164461999e-03,-2.576982477805514815e+00
-1.782070158002137195e+00,3.398660579001393511e+00,-1.098531911470733258e+00
