-0.000000000000000000e+00,-0.000000000000000000e+00,-0.000000000000000000e+00
1.993779610616746439e-02,-2.244159513727465426e-03,1.811790034761153606e-02
-2.957008518133216399e-02,-2.456164048827214411e-02,-5.624827790105657761e-03
-2.696486463523729143e-02,-3.769658634073554115e-02,-1.314457074612578914e-02
-5.174635181918568749e-02,5.538627526121820115e-04,2.196681482253573167e-02
-1.157783635654877422e-02,5.902696459344673741e-02,-2.017441067917509837e-02
1.647236885093401881e-02,-6.642724678222368395e-02,-1.513831648654709316e-02
7.629499069790471322e-02,2.211556641880187721e-04,1.307549497052842109e-03
-3.971892288579140923e-02,5.411129511934078401e-02,4.740606362089472975e-02
-2.794098054716142449e-02,-8.294949058863172742e-02,-6.461627284162611146e-03
-8.444999857002505328e-02,-1.765651347393232696e-03,3.920975586782722566e-02
-1.776891550717490942e-02,5.523518281762465187e-04,-9.666497888364347646e-02
-5.781660433538377691e-02,-3.887793621376854636e-02,7.623538386565578695e-02
-1.056046638119423203e-01,1.159998880442958576e-02,2.006986188843078167e-02
-3.658040809368942603e-02,-9.012400240312318234e-02,5.718558973410653445e-02
-5.996377499232273534e-02,-1.006314559860454344e-01,8.141489464989824440e-03
-8.723418683965150286e-03,5.253136839557957793e-02,1.096709359663832623e-01
-9.544763818021557988e-02,2.616060195016296427e-02,7.848549488132111618e-02
7.753320477556853441e-02,-3.543881436536455709e-02,-9.896890112473895329e-02
-4.857313121860296762e-02,-8.817463742726211473e-02,-8.973126666761430115e-02
9.351200698654760224e-02,3.640887290156427647e-02,9.620461167752487885e-02
-1.253092134699968774e-01,-6.404419983177907227e-02,-2.601499044028438012e-02
3.037578340162834165e-02,-1.211808595976338887e-01,-7.774586631182971164e-02
9.268547503595651882e-02,-4.645718098490454057e-02,-1.099529490522844904e-01
1.195717435866509443e-01,3.807566927967180603e-02,-9.106809252463683724e-02
-2.470163743877987553e-02,-1.476691880376044541e-01,-5.330631513104843594e-02
1.286784680162688932e-01,-1.991527991921335228e-02,-9.765123430940275684e-02
-2.358529829439432596e-02,-1.310832607773191882e-01,9.999603923171634934e-02
8.650907552901595382e-03,-1.699755507370908636e-01,5.883878708954140557e-03
2.721558924393456536e-02,-1.699312050949493558e-01,2.572378818119679458e-02
1.415299945517827229e-01,9.293624541932464511e-02,5.388841011763764038e-02
-5.642916402616147444e-03,-1.630825334636729906e-01,7.906849355144283942e-02
8.346427951419831126e-02,1.649874484096453542e-01,-3.877137529761079306e-03
1.478824099980160234e-01,6.286724014111257086e-02,9.858036798914653065e-02
1.266556911606011304e-01,-1.361609348207771797e-01,4.806566938509847231e-02
-1.464252247599804983e-02,-1.894762325308916029e-01,4.629315998660844117e-02
1.501328177055243629e-01,6.925603171608238351e-02,-1.109237807697887185e-01
1.061835796280190813e-01,-9.515961236079233110e-02,1.438970877738081910e-01
1.990878707893252442e-01,1.421265424771512263e-02,5.108513545148087726e-02
1.700911305701610088e-01,-1.220862094680171955e-01,-6.105344164601150814e-03
-7.425131431496977130e-02,-1.338760115939951201e-01,1.479105623539653802e-01
-1.461365676150955251e-01,-1.358529089872146378e-01,-8.340595038253184601e-02
-1.326923567705823870e-01,3.213144886729047550e-02,1.720414420212863504e-01
-6.876989422634416371e-02,-1.479825642029776976e-02,-2.115980767197296886e-01
-1.199263562963536270e-02,1.398858758294945215e-01,-1.775072530106578950e-01
-1.193890395790541681e-01,1.961631657790039451e-01,-4.859981526677476025e-04
-3.240489849511474924e-02,2.290554717133241325e-01,-2.730064446901972128e-02
5.951894336658491991e-02,-8.535728624511287888e-02,-2.120751555659654564e-01
1.448534972730287640e-01,-7.991769014637750690e-02,1.731816634225943896e-01
-1.060065184649267543e-02,-1.613648659298602961e-01,-1.810576673667549930e-01
-8.367298843980143508e-02,-2.238344549822936791e-01,5.844698608229197123e-02
2.121783828550721784e-01,1.254382548934740160e-01,3.695235263688108340e-02
1.084392285560182162e-01,-6.615532403708021536e-02,-2.181736383609650942e-01
2.182545385429565110e-01,-1.310132384832438934e-01,2.378812812417192488e-02
1.653505443676854189e-02,1.604177588708676494e-01,2.024915259008068791e-01
-2.319798126822120721e-01,-4.919349701173413719e-02,1.115114260106055549e-01
-1.592012533624498072e-01,1.113901416807005079e-01,1.805287913062615657e-01
-7.798646222483331114e-02,6.966533994227699922e-02,2.471780697693036488e-01
2.473577823834438028e-01,-1.069633786619870325e-01,3.329427633351014076e-02
-5.508752688008504428e-02,-4.653780271862523188e-02,2.650533194526649150e-01
-6.807951911131027850e-03,5.664267131029936814e-02,2.719039955753621562e-01
8.092093713507574060e-02,-1.279265339783772493e-01,-2.366870202433421499e-01
1.935174061278706059e-01,2.072022234009058828e-01,1.774244495623944484e-02
-2.316305886388894120e-01,-2.327446554852587168e-02,1.681645542464725307e-01
-1.613723738588142276e-01,-1.754883028606675499e-01,1.656158037120071536e-01
8.716013012294607232e-02,2.578561871611121936e-01,-1.094804473837445169e-01
-2.854389447294723436e-01,-1.390090493764429593e-02,7.890380860780178696e-02
1.494007788979336837e-01,-1.002292477444693547e-01,2.395091147765265882e-01
8.456953636889678882e-02,-7.238891765657588795e-02,-2.814081665756151263e-01
-8.048178282660128913e-02,2.466075299734841186e-01,1.617303189695784849e-01
1.188707130136194695e-01,2.773514629337606729e-01,-6.539699691817177363e-02
-1.057312937053141583e-01,-2.898205096291167626e-01,4.530336368149927295e-02
9.546786892908437627e-02,-2.937849606463499019e-01,-6.095363118427005178e-02
2.903908016031622394e-02,-1.628171969191857527e-01,2.715015118636727731e-01
-1.814305941392506949e-01,-1.898712735625847914e-01,1.844978309685929851e-01
-1.777228671385802927e-01,-2.594853910366343719e-01,7.775927732485207744e-02
1.195260028587649161e-02,1.970615822429060138e-01,-2.606925797578276138e-01
1.500484445025573044e-01,-1.538879444969582788e-01,-2.504557766783307438e-01
2.975018758237646388e-01,-1.391950976523790295e-01,-5.517353678891127877e-02
-1.508418800865605758e-01,2.950606822690398645e-01,5.595174075942330183e-02
3.146012635472015262e-01,9.132104487200050358e-02,-8.754671074133547892e-02
-3.092985223497144928e-02,-3.402571111217382316e-01,-1.717426538780894227e-02
1.480516873467261629e-01,-3.055289597671100865e-01,6.183251792558080995e-02
-9.441172626588913153e-02,-2.130344059240018573e-01,2.585975736837822225e-01
2.267182473167516643e-01,2.266597837757136635e-01,1.431398580563604250e-01
-1.581032701058614487e-01,3.383896570856319980e-02,3.150135487801218326e-01
2.586983649550248510e-01,-2.147472387167625452e-01,1.202497497267431825e-01
-3.570131669334027369e-01,2.229176433005458299e-02,-4.107868410930069075e-02
-2.483088719799116662e-01,-1.073487715531072223e-01,2.421134448486459423e-01
2.790904165676576509e-01,1.298973294867629413e-01,1.980102637305324043e-01
4.596806147420786498e-02,-3.615735681494156584e-01,5.755793504428489971e-02
-5.186862404626966377e-02,-3.587295634693027924e-01,8.359731053551124058e-02
-3.326273757046811497e-01,1.717368797331145780e-01,-2.124567051016813812e-02
-2.762307200230591092e-02,-5.000029281825064953e-02,3.735757316987755594e-01
-1.124979996124072894e-02,-3.477160568680683905e-01,1.550507963799658551e-01
4.421350886315614237e-02,2.525481611422953909e-01,2.856679198217642601e-01
-9.687355527885195550e-02,1.073498985072696699e-01,3.587713246010323376e-01
1.749051868467094428e-01,3.302207636074203645e-01,1.108493370955508650e-01
-4.970964824515136313e-03,-7.037885286750417135e-02,3.863458672869294896e-01
-3.716665084000633779e-01,1.489699370657088240e-02,1.349632976955304764e-01
-2.500016032136305189e-01,-2.125628078664963672e-01,-2.263567962626548136e-01
-1.186945712157555233e-01,-2.209933164405638584e-01,-3.136224637840469565e-01
-2.308145587992014303e-01,2.864115966840383720e-01,1.684017104773080642e-01
-3.842090668989111557e-01,-1.034522207563732532e-01,-8.800019322756383322e-02
1.281895748469181473e-01,-1.180360995086490311e-01,-3.716331098076209871e-01
-2.142958853012845721e-01,3.364052718903576822e-01,-1.086953256705856796e-01
2.668542641531788107e-01,2.388970519769098577e-02,3.187006257072964033e-01
2.135619705750485542e-01,1.852824262774319941e-01,-3.096389937752649923e-01
1.194409031518211539e-01,-4.025030144958449130e-01,4.493254078868451351e-02
-1.090700768174535096e-01,3.478245768878607258e-01,2.188864028881705170e-01
1.399846002687171187e-01,1.165149888359079677e-01,3.874666785886970999e-01
-1.014952856990583019e-01,3.864170278595420172e-01,1.618997394248755106e-01
-2.727158540182663543e-02,-3.210410063122540736e-01,2.908018222714406908e-01
3.303264555755716647e-01,2.335289092344677853e-01,1.651910334962272964e-01
1.928308293403274351e-02,-3.745545331084251806e-01,2.299042028253062975e-01
-1.336578577731848405e-01,-2.491602976219526033e-01,3.408371867384317744e-01
-1.598752685531391327e-01,8.239590208223841750e-02,-4.078963384419412863e-01
1.733842806049627205e-01,3.760203178093579623e-01,1.729322877178363360e-01
1.825079951308958282e-01,-3.699771810575114839e-01,1.838861090154894629e-01
3.445403181816380500e-01,2.752645275532455416e-01,-1.104188875256740532e-01
-4.032809762275071930e-01,-1.550467030785861178e-01,1.505908566178151553e-01
-4.851243450724401773e-02,3.156378912030102235e-01,3.317692492663127379e-01
1.437571014564278105e-01,-4.252389584472011097e-01,-1.152107324543185374e-01
-1.221884378433991947e-01,1.595833512474460281e-03,4.500764208938157762e-01
4.276945116438088390e-01,1.139282875313148286e-01,1.560450110928580381e-01
-3.790482997264446596e-01,2.728928765183166738e-01,6.980371559368227230e-02
3.477789062065955172e-01,2.840706720623704662e-01,-1.554357878263587789e-01
2.520725523965892667e-01,-2.078200202702603361e-01,-3.491136379391630018e-01
4.732180197936670246e-02,4.703954433492998910e-01,-8.899395450887348513e-02
3.869086330424245102e-01,2.886910561415998444e-01,-3.505845926769834975e-02
-1.765254003613359046e-01,1.915253815575112262e-01,4.114404197292162446e-01
-4.535674993114361397e-01,1.338733207680197490e-01,1.278872686451125451e-01
-1.898694070172048665e-01,2.037915573442255768e-01,-4.065851007597124367e-01
-2.791603599617454301e-01,-2.753867952355997795e-01,3.033718663557185558e-01
1.536333841539159473e-01,3.994744926186279410e-01,-2.560230700554783079e-01
-3.657760476783855075e-01,-1.445374126852108643e-01,3.114382169088408814e-01
-9.054690867112585861e-02,2.184606515804873028e-01,4.457771601221473534e-01
-3.327751701520136329e-01,2.706356637242796626e-01,2.713676074892770185e-01
-2.523315569774754463e-01,3.722624394854837093e-01,-2.416056775733300133e-01
4.226494005228039197e-01,-1.591745437368107252e-01,-2.442816951252997915e-01
-4.503747756511637945e-01,-1.319905208396283391e-01,2.154547445737134970e-01
3.860345588141033679e-01,4.740060005346725253e-02,3.441884105247172143e-01
3.429727780119381508e-01,-1.045679806365034693e-02,-3.937885438764513468e-01
-5.249151596286140142e-01,-1.411760754143661159e-02,1.289574625236388807e-02
-4.829745324270200424e-01,-1.762334389402121504e-01,-1.212020148838589967e-01
-1.082823402717346395e-01,-2.843385055020253849e-01,-4.353949488289550196e-01
5.075896870869216482e-01,-1.569225045201098900e-01,-5.494189682427201571e-02
4.869571439325499629e-01,-8.433068487526228230e-02,-2.102826162727076675e-01
3.878233785883408724e-01,-1.962743267296569172e-01,3.204888085935455044e-01
4.562675720588134087e-01,-1.446611332891175120e-02,2.940393610490426024e-01
-1.725963600468810588e-01,3.789518736204225413e-01,3.530981363421540342e-01
-3.039252435637379568e-01,8.358822825016304359e-02,4.493969344059954851e-01
-7.866744542427735187e-02,-5.462492771289558791e-01,-4.771499375397979747e-04
2.449855061441815196e-01,1.050600510754687647e-02,-4.977246851790131932e-01
2.120453728532198656e-01,-4.985152225100480949e-01,-1.329577228866862804e-01
-5.134569616648515522e-01,-1.100400460050498935e-01,1.968022613817373423e-01
-4.866283991164206957e-01,1.133147628184801303e-01,2.610928539632363377e-01
-7.526774045610758190e-02,1.618407684652694856e-01,5.378824972307914010e-01
2.731447181263211288e-01,-3.229655649005232498e-01,-3.816258279445237656e-01
6.397990159586602887e-02,-5.084053517259363719e-01,2.556970935163183634e-01
3.377941772611977034e-01,-2.462191298347641832e-01,-3.957760116320654387e-01
1.593764194143670043e-01,2.129753465559886261e-01,5.138528438873156690e-01
-1.834998987714511476e-01,-3.842912666664373145e-01,-3.961167979576305509e-01
-2.739108783537247405e-01,-4.118873723109148233e-02,-5.147942009220730641e-01
2.283864439647785571e-02,4.256403684222178629e-01,-4.044027149098582408e-01
-2.619226399341346156e-01,-5.203449212172119864e-01,9.688481256346422044e-02
6.007258763513249888e-02,-4.104582858510135157e-01,4.245001427930447657e-01
-1.760861296129832138e-02,-1.140650245415171515e-01,-5.852524359337827331e-01
-5.858023036047680515e-02,3.518477523801328277e-01,4.818601509326431165e-01
1.213954089995605973e-01,5.174133908358626854e-01,-2.838324270439829822e-01
-4.892158204561058987e-01,3.056786364958261060e-01,1.840100230045309260e-01
4.035185771043544034e-01,2.812190477694300195e-01,-3.582696572665277635e-01
5.551677783130440913e-01,-6.213091392255247480e-02,-2.487062224788831322e-01
-3.127508557672315503e-01,-4.516819692303859490e-01,-2.752723649939040063e-01
1.849460723496575421e-01,-1.882561980665880819e-01,5.582633763236889424e-01
-3.266901290368758870e-01,4.675789374024685863e-01,2.442672180800955772e-01
-4.834632676178343691e-01,-9.852287552064849241e-02,-3.812082890819014080e-01
-1.895319126281961031e-01,6.694340596563229384e-02,5.933974745968656483e-01
4.725496118161944259e-01,5.052400985571606912e-02,4.128564888563137081e-01
3.180187457037192411e-01,-4.992001210927880517e-01,-2.230975733395156313e-01
-4.564655437920419473e-02,6.327610429346242071e-01,3.824936650653277398e-02
1.037225750340625419e-01,-6.238328002484799795e-01,-8.861419899415164114e-02
-5.400893854673475269e-01,2.137883889390647663e-01,2.724746257125966742e-01
-2.026493163116772911e-01,6.105159824799560875e-01,4.165828562714786465e-02
5.924338815992510332e-01,3.969375333139203016e-02,2.586256632670966282e-01
-2.959059568824055630e-01,1.015665117878216187e-02,-5.794026664072713384e-01
-6.200533744306211403e-01,7.643616509483436294e-02,-1.923901159314222176e-01
-1.865064830450187949e-01,4.410082509621336966e-01,-4.494696067019303132e-01
-2.984737475873791568e-01,5.050729854291583498e-01,-3.018367863374149529e-01
-4.041515746500312090e-01,4.366493472108898266e-01,-2.920722059837513873e-01
4.769222948610162827e-01,3.528043094505599053e-01,-3.023572798287189611e-01
-3.182060208677081614e-02,-6.557464751674350056e-01,1.280230817157698986e-01
-1.142161749086706007e-01,-6.588875746374126541e-01,6.564971610553997639e-02
4.456081714729152043e-01,-5.068657277040941045e-01,-1.061687193680070813e-02
-1.900401584125145926e-01,-6.264915961692725244e-01,1.763845444826095399e-01
6.613616083968089365e-02,-1.737616946660505979e-01,-6.552097411893150758e-01
2.689819241251877879e-01,4.611368868081593131e-02,6.273434933977557471e-01
2.285742274765961181e-03,-5.452894744272944738e-01,4.181922793728917176e-01
1.234585578110003606e-01,-2.595739834898370679e-01,6.275550723175346013e-01
-3.391211477515103101e-01,5.874371684163647300e-01,-1.435213006774983535e-01
-4.375357205718465037e-02,-6.380712452625570963e-01,-2.754907032339283801e-01
3.149565867609951941e-01,-4.261408287376873272e-01,4.565455942375276632e-01
2.334776337387566847e-01,-6.542996756450603080e-01,1.044677661950224462e-01
1.403877853517023766e-01,-3.225577381742740224e-01,-6.116451725203901901e-01
-2.937998164755248887e-01,-4.397038526865449937e-01,4.717581773147968005e-01
-5.675212729095148179e-01,1.746992452908308069e-01,-3.924128999071952451e-01
5.493983032670339828e-01,-2.370410140529905507e-01,3.910993964628533548e-01
5.117863073940962515e-01,-3.496335619562272040e-02,-5.022536416917526836e-01
9.306833523329199886e-02,7.031168139734261802e-01,1.296739568487067229e-01
-6.707371272126967376e-01,-1.697553002329716676e-01,-2.135705306490335020e-01
-3.664130430528344529e-01,-1.752229189613887517e-01,-6.031969366247552644e-01
5.952581151261264747e-01,1.520976031247054938e-01,3.947864011027189535e-01
3.177852101599439039e-02,5.757438304221615955e-01,4.531765638077738800e-01
-5.573785850685684107e-01,1.445944858661744881e-01,4.591760407364716690e-01
6.549426491626967328e-01,7.691212597799805539e-02,3.348741809641851974e-01
4.956797729575550537e-01,2.562658053007081382e-01,-4.901471679844536800e-01
5.764904615478265715e-01,-3.741972511135024937e-01,2.896250695134426900e-01
-5.693325278293457359e-01,4.619685879245515325e-01,-1.528059414365839364e-01
4.523082375233563462e-02,6.960760156198482207e-01,2.811000094099416202e-01
5.768053123856945463e-01,4.666039265745308140e-01,-1.409472180442798150e-01
4.547868147539028127e-01,-3.852427753835103164e-01,-4.688024625627260633e-01
7.450404061558635327e-01,-1.299880740697567372e-01,-8.826145877635975523e-02
2.797211635123305062e-01,-6.443536675531830182e-01,-3.018516496689137574e-01
-1.927268541071913144e-01,1.668837468310629402e-01,7.241260040665072895e-01
-2.865115198809909391e-01,5.877964385815253046e-01,4.081490781093502496e-01
3.365432528290778214e-01,-1.799445472613215025e-01,-6.733419050098267133e-01
-4.587881621454035219e-01,5.283214210364592933e-01,3.380782832344211841e-01
-2.901161478079243294e-01,5.379171228503623059e-01,4.850628493934477925e-01
6.501928495471985814e-01,-3.072009101058998173e-02,4.359355436851242716e-01
-1.932921622681782747e-01,-6.192982510913565969e-02,7.599264507042617911e-01
2.367988210548940819e-01,-3.710907686897008673e-01,-6.556520092015569734e-01
2.847209139530867961e-01,-4.896699125589215051e-01,5.548156476836865192e-01
-3.618260727664234788e-01,4.006498709167584660e-01,5.850224960189746026e-01
-4.297844460356793350e-01,4.000289328405968736e-01,5.422213906140305184e-01
-2.988302645054833895e-01,-3.975920755495082060e-01,-6.296351727879295757e-01
3.884441912980687861e-01,7.057088196977159278e-01,-2.959471867754668879e-03
-7.770278901276456152e-02,6.117793669115495492e-01,5.232013746097853302e-01
-5.191403137824673886e-01,-2.742749505858145254e-01,-5.607785142007811752e-01
-2.953714583242137981e-01,-7.553946472209808194e-01,8.075263660922098186e-02
-7.823795931859858221e-01,7.859236994828545930e-02,-2.264908640066127521e-01
7.244958227993804067e-01,-3.871048905905979387e-01,8.981977658272516721e-03
7.182054094992074145e-01,-2.943389643498793840e-01,-2.786200382888502358e-01
3.568758999415485439e-02,-7.628393037620021522e-01,-3.196417737171352025e-01
5.368463758656200069e-01,5.322038329564744430e-01,3.453032575438939600e-01
3.119851633112524780e-01,5.762619736263564496e-01,-5.163372071238875316e-01
3.003140470630025760e-01,5.789939604825656838e-01,5.253171497822962666e-01
-6.734335309139760639e-01,4.688947139191813607e-01,-1.827462397057786347e-01
3.773574867355720674e-01,3.657472063982094568e-01,-6.603171063096704430e-01
-2.368303037051011917e-01,-3.794290377035334783e-01,-7.194285115295816491e-01
-8.447062876531009901e-02,6.141124256389468572e-01,5.820944021643323918e-01
5.073721480233064351e-01,2.675839484247890532e-01,6.321182214086118467e-01
7.754575092907186606e-01,-1.295499987931990615e-01,3.406002023705717030e-01
3.951716323010077137e-01,-5.438022113576249650e-01,-5.364668632464126841e-01
1.704262934817687702e-01,8.352123143381107173e-01,-1.365020511809789672e-01
-1.993001127943286599e-01,7.160811531042253764e-01,-4.453892008858524876e-01
-8.107705795723724185e-01,-1.787837765693496561e-01,2.592025095784204480e-01
2.525093388062618627e-01,-7.589770924079829451e-01,3.497900876117959190e-01
-6.888094535003551622e-01,-1.649783884229450714e-01,5.159199725711571816e-01
-1.921332977041114720e-01,7.621777772868875145e-01,-3.946350192374762367e-01
8.807734215458495886e-01,5.059448266367003177e-02,-3.147104301122502501e-02
7.853205905692403066e-01,-3.215432086180459725e-01,-2.548855235047681744e-01
4.875494315059294426e-01,-3.170881722503778866e-01,-6.727829147151095368e-01
2.953452224740050758e-01,-5.324356184669295500e-01,6.526859874297595843e-01
8.509474370548617550e-01,1.592360250491748896e-01,-2.304460477759089354e-01
4.870227400633961867e-01,-7.458864585456007612e-01,1.221523275880110893e-01
6.789833757685642679e-02,4.324457900654267717e-01,-7.891475094615372221e-01
6.012745563563245271e-02,-8.510312839107315730e-01,3.040505579576270878e-01
5.251021991371388475e-01,-1.521948385375922197e-01,7.262178383512720714e-01
-6.254808937597901020e-01,-2.930478459125016033e-01,-5.959739647697048781e-01
-1.187808366261984272e-01,7.235619498175129838e-01,5.483309894288405095e-01
-6.285741301784951718e-01,5.410972320617968290e-01,3.955809562648942568e-01
-3.369037782749177423e-01,-6.800474406398717697e-01,5.239223672604708115e-01
5.222800558842262131e-01,2.597263610913067011e-01,7.185719590933488110e-01
-2.751558089888535008e-01,3.447265377158095778e-01,8.174219664781230410e-01
-7.050832854326304355e-01,2.123006868903701549e-01,5.715654276129188416e-01
-3.163830905825631978e-01,2.760333245211761266e-01,8.359504756097493328e-01
-1.993659485572751855e-01,5.616149212786049382e-04,9.173838727959056083e-01
-6.930377055793941476e-01,4.847555916959556677e-01,4.151086117509422690e-01
2.380376052856636448e-02,-8.353925668884814026e-01,-4.420984211471209457e-01
3.116705891461659661e-01,-8.333996588656140680e-01,3.294369959772498468e-01
-2.975772767417375064e-01,-6.619781064192480358e-01,-6.162864491183379645e-01
1.942562289275509280e-01,-4.163172319253266584e-01,8.377976040444764516e-01
3.617431360368021376e-01,-7.242171077492008946e-01,5.138348000733501397e-01
-2.640191811221200835e-01,3.489927112888672744e-01,-8.569232291043614724e-01
3.991087680896678314e-01,8.259334756515370746e-01,3.013980272120200254e-01
-2.648168780389105748e-01,1.174125739116795991e-01,9.246008920418259391e-01
-1.238898947651587285e-01,-1.081277787742636158e-03,9.643584092476109593e-01
-1.700639155524654167e-01,6.652707204110075434e-01,-6.931071175815498586e-01
6.153580735344270636e-01,4.695255576529629438e-01,-5.994854322759840537e-01
-1.426873279165296882e-01,-6.793475030625641953e-01,6.951684464981223721e-01
-6.480568415358815004e-01,5.182509482001957934e-01,5.321941212048718617e-01
1.123089450395551442e-01,1.010539769066256949e-01,9.775780143119937593e-01
-8.522610503699824536e-01,-2.956773954163381957e-01,-4.140446951398976672e-01
5.651350949481445118e-01,4.949005972416646304e-01,-6.539551090474882145e-01
2.870810622257442546e-01,2.040496294003484590e-01,9.352517842470647880e-01
3.265964482202456942e-01,6.423790209920402505e-01,-6.973159076577882809e-01
3.018169264045719030e-02,-2.322580296803599675e-01,9.785501780384378012e-01
-2.993372971042042585e-01,-9.620803944026992127e-01,6.399427828403043972e-02
1.011210220511442603e+00,-6.023609910426033776e-02,-5.993020717824784800e-03
-2.732933521860341219e-01,-9.721825436316201552e-01,-1.154472579331281973e-01
4.895380764135131013e-01,-6.812726040647283376e-01,-5.799607109235977997e-01
1.523677109255695827e-01,-1.011881478766866627e+00,-4.975797139424842884e-03
-8.473551435546141652e-01,-2.489666932423555412e-01,5.236340849342944193e-01
1.125182899992000773e-01,-7.808050200050384859e-01,6.625304508091763855e-01
7.550617871483079613e-01,5.119837668733494551e-01,-4.859281282534120283e-01
-4.784015795725880538e-01,-3.268670690921696154e-01,-8.601179698309775468e-01
-2.308482928722729866e-01,3.511661984044651130e-01,9.518816487469412557e-01
3.856964210511991120e-01,8.765232011897960973e-01,4.157402908786859697e-01
-8.000994076922108844e-01,-4.755594791081197426e-01,4.804365890215752111e-01
-1.703865575363232021e-01,-3.515713800112499898e-01,-9.755896053635427778e-01
8.341378571751226767e-01,-1.575385205777903586e-01,-6.253895570279279781e-01
-7.815655647246654292e-01,6.433325463434999003e-01,-3.071414775829476307e-01
-6.747157020190306387e-01,-8.180931085762613852e-01,4.375395270984037271e-02
4.643030724839358747e-01,-8.160059648642927765e-01,-5.023916817695852632e-01
-6.842734132579354478e-01,-7.420542535892402647e-01,-3.498689210422263884e-01
1.028093074188958012e+00,2.656830961319426865e-01,-1.455900783387765185e-01
6.928609256752825685e-01,-6.794566949860165739e-01,-4.631979474112610795e-01
5.890979358713984704e-01,3.900778841549332743e-01,8.152409647915384028e-01
-7.213828744621082478e-01,7.823458302973319567e-01,-1.973223524654132977e-01
-3.044676369455987519e-01,-1.042260172507581739e+00,-1.226322793423716877e-03
8.668290715656887802e-01,-5.130937112067216477e-01,4.147278023220639098e-01
1.035830168210042368e+00,2.199561611747171685e-01,-2.702138655105633114e-01
5.056535819244931673e-01,-6.871922216612748047e-01,6.885782859997449101e-01
5.372723395963844295e-01,-4.730039368259345567e-01,8.351154896601058475e-01
-1.770623644565978427e-01,-7.977537688538536287e-01,-7.415110369496094034e-01
-2.705389331226621952e-01,8.716695560054753544e-01,6.264387873473895585e-01
-5.498369152508469915e-01,3.486517323383669931e-01,-8.996695847927015377e-01
-1.075100513571890515e+00,1.289170812300829971e-01,-2.621415645576550268e-01
-2.945968784806461960e-01,-3.690172216662685467e-01,-1.012989875219466818e+00
1.050204328824389632e+00,2.029740478480896171e-01,-3.360778588169738290e-01
-6.451337678949760068e-01,-7.409552966831197685e-01,-5.476001669913541647e-01
-5.419686192464641117e-01,-2.654122713023052693e-01,9.533850414314897215e-01
-9.772622996996718214e-01,1.012053234510461724e-01,5.620562244540759922e-01
-3.286409844366397492e-01,-9.537286749494012783e-01,-5.212475352782539595e-01
1.124342472519660685e+00,8.349537864774499163e-03,-1.823018988669822538e-01
9.897555797372411535e-01,-5.161343184991047384e-01,-2.441781320032221370e-01
-2.650035712385266362e-01,7.733218836817862263e-01,8.034928793940688818e-01
9.608277286464280698e-01,5.532852866948602122e-01,-3.046268067139059066e-01
-1.486208444772882942e-01,-1.950981010561446682e-01,1.127055976685672700e+00
9.422645336812447425e-01,4.536232113091863694e-01,-4.950775940052802859e-01
4.470675230027934544e-01,-8.314059759703999741e-02,1.067860248697086289e+00
-8.505750467042128005e-02,-9.193844189070222717e-01,7.092327424546172043e-01
-3.188418740246200950e-02,-1.025149925991980293e+00,-5.585771664427912064e-01
3.933385170988472623e-01,-4.062706871759352335e-03,-1.103497726865286133e+00
7.752895000142532300e-01,-7.103203005491848243e-01,-5.247184794297256039e-01
5.432538235897808043e-01,1.037207654582328775e+00,-1.363488239301683669e-01
1.116200839651778853e+00,-3.606825164013596208e-01,-1.487095184701547057e-01
5.092421074273781878e-01,9.704335089100001310e-01,-4.535145693517030341e-01
2.422313465814345534e-01,-7.672869799711139471e-01,-8.763621691882448328e-01
9.052343962722562143e-01,-7.519022373936240511e-01,-1.982926405123484892e-01
-1.579792680534856247e-02,-1.111014181464387907e+00,-4.452786208713636618e-01
3.864916082599628155e-01,1.132776584355495109e+00,9.541595935823443675e-02
-8.907042624481448234e-01,-3.188505462740959806e-01,7.452982692105708518e-01
9.420625362140402359e-01,-6.287006116211206752e-01,4.202481532525543795e-01
8.682305439613798859e-01,-3.709890911728457863e-01,-7.594750141158855827e-01
-3.995549796209015847e-01,4.651130009634470985e-01,1.049394675529136345e+00
8.445060235142576310e-01,8.789733771273751106e-01,-2.005694040918612475e-02
2.810092803879068457e-01,-4.185929641412377555e-01,-1.114012401876066649e+00
-2.479535477437306845e-01,-1.151507192389947143e+00,3.417936210833047439e-01
1.067137091982631070e+00,-5.905756531718301394e-01,1.606676215786061457e-01
7.945208408597577154e-01,-7.164077569847947524e-01,-6.148287824458176232e-01
7.181293886487000178e-01,-7.893486945026215729e-01,6.268328772812267191e-01
5.566044946286180517e-01,1.109501481798746525e+00,1.102692830432670974e-02
-6.329954067017519170e-01,1.063170540682669030e+00,-1.384644641454135516e-01
7.455690417257232472e-01,9.895140018788541880e-01,1.564612241638834167e-01
-5.738593034192756015e-01,1.097511719200313429e+00,-1.870550811127617563e-01
4.441398811043233974e-01,-8.331847453901622957e-01,8.287126780951636906e-01
1.082316547086421554e+00,2.486046646715135977e-01,-5.953444948123243208e-01
-2.906065084938528210e-03,1.019814417270546336e+00,-7.463822258588154179e-01
-7.173224282530945572e-01,-6.082616332082658728e-01,8.497598556696571714e-01
3.853841485964203395e-01,-8.510775470497569106e-01,8.621613501496907528e-01
4.899293719495959043e-01,-1.096767495001378601e+00,4.275963518291243659e-01
-5.654380475246463256e-01,9.725718045941694756e-01,6.081005371015375527e-01
8.738912146543218462e-01,9.001865218392819390e-01,-2.665645046320331280e-01
7.431708002259160839e-01,9.903424306398685983e-01,-3.488771272945956903e-01
-5.183297099754994308e-01,-3.715167089499175068e-01,1.121546263970538471e+00
6.083494892122880415e-01,2.454678205946662084e-01,1.115354353844207669e+00
-1.016528487454691904e-01,-1.226932678069045934e-01,-1.287950683379097683e+00
1.106472056392184822e+00,-5.177411806019397433e-01,-4.491717185470106011e-01
2.880893316846570573e-01,1.072631078557039652e+00,-6.859221244082533975e-01
-2.265696908321055969e-01,1.251904699970402657e+00,-3.088629023845806953e-01
5.927135083239322144e-01,1.150406633672865331e+00,2.219624371182746803e-01
-7.023853240233920436e-01,-1.099306805398487796e+00,1.795863988455389526e-01
-9.771487229920045037e-01,-7.381744037545739934e-01,4.944229318649079885e-01
-1.133203987353341935e+00,-6.847744355398858174e-01,3.542070298746450435e-02
-3.950807704557184330e-01,1.147312777806791972e+00,5.404600393579044315e-01
-9.936798131340306428e-01,-8.458677575619890643e-01,2.680579792335658351e-01
3.780423999640882687e-02,-1.120503946603881973e+00,7.266822808271417022e-01
-4.066890118186702874e-02,-4.421288184137590060e-01,-1.264205765473062737e+00
5.131123343815581495e-02,-1.103483682306354990e-01,-1.338247173478041452e+00
-8.012277419881282947e-01,8.770886531266673947e-01,6.362988684094696978e-01
1.907736351422875398e-01,4.167812958452861705e-01,-1.271409313140765995e+00
1.055331460192184378e+00,-3.858541779113280334e-01,7.579419396749891291e-01
1.246671485844143890e+00,5.359616327515798195e-01,7.864666669171163638e-02
4.088854622191456789e-02,-2.780656879383555657e-01,1.333877339346750013e+00
1.296182713673178943e+00,4.311822525351239888e-01,5.338443908888790279e-02
9.477097887464849268e-01,-1.311750641947100615e-01,9.819261150994251786e-01
-8.072926302384644259e-01,-1.103195945134648692e+00,1.466443399119725655e-01
-1.273161827151698233e+00,4.611812179217583130e-01,-2.596372442282954274e-01
4.773176767245231877e-01,-1.189855846171681497e+00,-5.179487597088678896e-01
-1.157937265739533927e+00,-4.459791117160603058e-01,-6.188775513659792171e-01
2.593039168749932122e-01,-2.279999712849202220e-01,1.347002140540145332e+00
1.161323245032044316e+00,-6.280586395953449141e-01,4.488498215551556814e-01
-5.965937988442353568e-01,1.972487448232520535e-01,-1.249307450113398499e+00
1.747823430677231393e-01,4.701190765228079327e-01,1.309614880926136316e+00
7.258873463832063999e-01,-6.252223518987578554e-01,1.029531487676584645e+00
-1.359632028531731596e+00,-2.487968255599533329e-01,2.799947780919097573e-01
-1.293673587882912424e+00,5.703465366736297781e-01,3.467883362806391256e-02
-1.193673532355266520e+00,6.380983771956082462e-01,-4.234424501613597847e-01
6.581744971052413407e-01,9.169961065317953908e-02,1.257384222253020267e+00
5.804080526072297186e-01,9.208373964952939472e-01,-9.214870354402078245e-01
5.291911744324112599e-01,-1.215766603073087371e+00,-5.359154804817225504e-01
3.394231615731650442e-01,1.291410927150641541e+00,-5.232769374332738588e-01
1.271591658520638379e+00,1.517686258351581829e-01,6.544235143124925713e-01
1.012105762297620615e+00,6.552042180301015373e-01,-7.912819990700830086e-01
4.495420298531964676e-01,2.077558351774197731e-01,-1.358714320018210353e+00
4.527802999231247405e-01,7.705469634069522789e-01,1.142028282619865776e+00
1.066039217372204417e+00,-3.452949763398222710e-02,-9.884454458024509726e-01
1.130200846691167271e+00,-9.061789799402698575e-01,-1.669318281006624272e-01
-2.145112530524115324e-01,-1.053739061981960878e+00,9.908445940778898287e-01
-6.752108682942070672e-01,-9.924521142412050523e-01,8.420844692131895792e-01
1.134564044910210345e+00,8.870983266963219371e-01,-2.960927350702982075e-01
-9.575103973509005439e-02,-1.456062897012970980e+00,-2.109149311727837595e-01
1.381621049389723188e+00,4.343007265467483391e-01,-2.970712489099506248e-01
-1.451181692560479908e+00,1.104166332454715044e-01,2.822195725773661290e-01
7.303465908685705665e-01,4.398660421059840675e-01,-1.217765571856281204e+00
-5.248814226921828530e-01,9.762079733128066206e-01,-9.967359520618507274e-01
-3.526395354374600721e-01,8.493269407427146422e-01,-1.178316057648730375e+00
6.129631984255187044e-02,1.012685881113782882e+00,-1.103211299316536831e+00
2.471986937570803122e-01,-1.458418200300715117e+00,-2.656140904352695120e-01
-5.423640666219750051e-01,-6.724855213725581260e-01,1.234736408037774957e+00
3.659424526283578394e-01,1.230603703065832333e-01,1.460921338258949875e+00
-8.364675086275974447e-01,3.486147239697640621e-01,-1.214318638418877550e+00
-1.496002326186926412e+00,2.633108433787348934e-01,3.011860168374728974e-02
2.030758888976055276e-01,1.367306909893755140e+00,-6.403354735086010940e-01
4.445542685877718059e-01,3.818187016132394973e-01,1.410663153218109089e+00
-5.695511020403621477e-02,-1.119063646992874972e+00,1.044258891376548926e+00
-5.375530274889489535e-01,-1.155160462902177887e+00,-8.575295859709666235e-01
-2.814466361542401485e-01,-2.738731482654590543e-01,-1.489040619674733890e+00
-1.167147012197875089e+00,6.985719515299840809e-01,7.307690688952982461e-01
-2.096598412463931971e-01,5.918912734628785088e-01,-1.415209039041743555e+00
-2.107162047082282996e-01,-3.845237385600941415e-01,-1.489212356972638984e+00
7.821327183422583929e-01,-8.127624462772977676e-01,-1.072686582369847486e+00
1.147616657046068633e+00,-1.033486567782239574e+00,2.255298651011424793e-01
-1.754228398142671230e-01,-1.041675961661875371e+00,1.154636482554964871e+00
1.140159292326870855e+00,9.993849376283027441e-02,-1.073413124945904462e+00
1.316918919081989214e+00,-3.873164309202929423e-01,7.687982301425777543e-01
1.032060583400964404e+00,6.860073911363619992e-01,-9.761213885710477989e-01
5.614152673580573988e-02,-6.451277548742655465e-01,-1.443090117089439239e+00
1.380217158296341617e+00,-7.734463280383226946e-01,-1.094057237352999978e-01
9.466033572040261079e-01,3.182725061212604567e-01,-1.237426938425848943e+00
3.821859749250443583e-01,5.213328039481368581e-01,-1.457454781046253478e+00
-5.219786696624215683e-01,1.414880791040793229e+00,-5.302661644956049303e-01
7.566836642713118399e-01,1.402739457739741180e+00,-1.698298857253729699e-01
1.584955451916759017e+00,7.062127420483464701e-02,-2.561908688412622426e-01
1.307548518967538431e+00,7.965100917568165295e-01,-5.022589259680224627e-01
1.381401717689380693e+00,8.343037610123199554e-01,7.595257007436943819e-02
-3.454240292129455714e-01,-8.239725946270342050e-01,-1.351161297080554213e+00
-2.968594883996005795e-01,-1.593112036807724730e+00,-1.076741150073401987e-01
1.568586775249019294e-01,-1.332603242755434847e+00,9.225972968583666667e-01
-3.409099205627709808e-03,8.624667016334184311e-01,1.386259345972187695e+00
1.418556867119204375e-02,-3.388294002174159214e-01,1.601430487145114157e+00
-1.115126433624451074e+00,-1.654753573489294305e-01,1.192797273148398896e+00
1.322646589119534033e+00,-9.059557858037379230e-01,-3.709855863969270251e-01
1.321965837450681969e+00,7.249715987789138172e-01,-6.699151466770802976e-01
7.666509976980332430e-01,1.465082105660758138e+00,4.456555196233934202e-02
1.113741046671109514e+00,-1.021393391967119646e+00,6.832581293199256889e-01
-1.597494527643063877e+00,4.531654276524273994e-01,-8.669391920829552789e-02
2.076909154737249796e-01,6.960212440093503927e-01,1.500566325905073439e+00
-1.629827821439828739e+00,2.641107149842749635e-01,-2.601209376161699449e-01
-1.885204198120203900e-01,-1.563660715470858831e+00,5.724649064030254975e-01
-4.697241956667532192e-01,-9.130852820827326521e-01,-1.329856870562787563e+00
-1.532839421305157268e+00,-5.286194470654262956e-01,-4.566213852138140683e-01
1.687546265461051131e+00,6.597865789731822972e-02,-9.264722407102360044e-03
-5.370622695836410054e-01,6.222871157677529741e-01,-1.480319988855622881e+00
-1.517777090121279704e+00,-1.908772139721891525e-01,7.360543943359858510e-01
-9.892991676686343494e-01,3.771135445470716885e-01,1.332600231003728819e+00
8.717476161365624865e-01,-1.450071842026057656e+00,-2.214779087328996310e-01
9.693701541999548699e-01,-1.409231655231499181e+00,3.327093548440310244e-02
-3.760541465387932103e-01,1.652268125196317605e+00,2.653076593849440501e-01
-1.341414653833283566e-01,1.009180159673545685e+00,-1.385818521636220879e+00
1.657664262512769993e+00,4.305994812078768885e-01,-1.971365310401276272e-01
4.696741794331644182e-01,-8.083872179551263581e-01,-1.453721228121795273e+00
-9.035579394054356062e-01,-4.948191553698164102e-01,-1.393358385102178687e+00
1.301482741066336102e+00,-9.783696680479494479e-01,6.058295217170419633e-01
-2.504039008397813681e-01,-8.769207641848481005e-01,1.483862336720374708e+00
-1.014002836750020453e+00,9.527865841843355388e-02,1.418368032573614324e+00
-3.058476359962086222e-01,-5.072819815795840404e-01,-1.647343499894498686e+00
1.356905848864550679e+00,-1.113101721475581396e+00,7.942951485587193897e-03
1.718920634014360571e+00,3.545265282042432964e-01,1.247859667696836622e-01
-9.321730303478419355e-01,4.670761436719664816e-01,-1.422885136727726429e+00
-1.366160757934079761e+00,-9.457864264385100750e-01,-6.054958403935278843e-01
1.691522722894110986e+00,-4.775953860270730766e-01,-2.325366363323813357e-01
-1.052793394245322006e-01,-3.464216486730652411e-01,1.740195226230169867e+00
-4.718736345870290158e-03,-1.428551661481316071e+00,-1.065178194399927891e+00
-1.714370122769847571e+00,-1.116594330112259115e-01,-4.898305579688632116e-01
-2.326175125503684160e-01,8.223355158601073356e-01,1.573932909266783753e+00
9.963607910631312459e-01,-6.607218663879312892e-01,1.339601725343156691e+00
-1.341140801321133447e+00,-1.006927782424399842e+00,-6.538604509240729667e-01
-8.537741261195583853e-01,-1.584238316520192313e+00,1.330204826607100377e-01
7.512518531735917771e-01,1.259280229272685458e+00,1.059563749724871329e+00
-2.577927974994416727e-01,1.253674869372703782e+00,-1.284972769109583579e+00
8.514745573248294619e-01,-1.282857569578098822e+00,9.670149087416826106e-01
1.616852419011127751e+00,3.177610251435363242e-01,7.792754531442286359e-01
4.011481943341176915e-01,9.075204911664699337e-01,1.534474169722235715e+00
-1.382241049316888626e+00,1.192070607348421296e+00,1.556875809709122316e-01
-1.638620793333836367e+00,-2.336970925591360382e-01,-7.955958689101814141e-01
1.228888593564899878e+00,-9.989818475240572759e-01,-9.388314353013733626e-01
1.209885347398740096e+00,9.616901713573032806e-01,-1.008862932440499405e+00
7.590689512422084395e-02,-1.820834945622447965e+00,3.198115958925125679e-01
-1.707988039148793158e+00,-6.040868858669528052e-01,3.980091335576087519e-01
1.472863498185330577e-01,-1.689015876443355157e+00,7.636948271747332484e-01
-5.913887821127391531e-01,6.322410257403688894e-01,-1.650890358918748468e+00
-2.680241658413834438e-01,1.561674738597431000e+00,9.907183041223954767e-01
2.217365578642355173e-01,-1.659256048746194034e+00,8.409745205474483676e-01
1.855358839727888842e+00,-2.809869079633493527e-01,7.512054856969022087e-02
-6.601475691783288413e-01,-1.517217183654268498e+00,-8.981631227716048160e-01
-1.761618454988832516e+00,-5.829800947831350610e-01,-3.447181926330923352e-01
1.200447053474721776e-01,1.878023142497654785e+00,-1.955515078467034429e-01
-2.056568831408943920e-01,-8.842679051295339043e-01,-1.665260844999732148e+00
-1.771335411528908832e+00,-2.925306623775558723e-01,-6.260042084459057632e-01
-1.467431807280976663e+00,1.036463502812316362e+00,6.366387461685651949e-01
7.959873825812936454e-01,-9.744632580733481042e-01,1.437934228991844865e+00
2.208251380830460742e-01,1.880407951525746357e+00,2.900180319088763725e-01
-8.234276301086783656e-01,1.566759961177558447e+00,7.443712743767593176e-01
3.640990794976519118e-01,-1.677933634910377725e+00,8.700291545660974180e-01
-1.255920220584463065e+00,-4.908907207414096030e-01,1.380168241779740512e+00
1.787618168500058724e+00,4.804537444594328965e-01,5.612706432877003770e-01
1.503757716192393623e+00,1.223844454582077468e+00,-2.635553538822669323e-02
1.325573265388373390e+00,1.149616534032156245e+00,8.363162748651790102e-01
-4.052116279406876576e-01,-1.853430591364282787e+00,-4.441501932173221867e-01
3.093093151750838862e-02,-1.191666672832222051e+00,-1.547320568438046440e+00
1.311169998873776388e+00,-1.435628990655078541e+00,-2.316449535714799057e-01
-5.880283013198659425e-01,1.425724588998138698e+00,1.214121930230170898e+00
-1.832181265707268469e+00,-3.388455121983214857e-01,-6.321649349587419309e-01
5.217252991593788330e-02,7.443284186681486947e-01,-1.825771432423213936e+00
7.389448380051134579e-01,8.405538735658942828e-01,1.629890567558405223e+00
5.449001821465691009e-01,-1.862136237122859139e+00,4.045318756116228487e-01
-1.970541156403325500e+00,1.124347233046823075e-01,2.269681072998264715e-01
-1.116005129369843418e+00,-7.302646439491533581e-01,-1.479048575193850246e+00
-1.535361730398584479e+00,1.185825765555501343e+00,-4.712171807115458355e-01
1.777283514174188284e-01,-1.310439483221326418e+00,-1.502007355598046878e+00
3.328820588370003386e-01,-4.615728959768776729e-01,1.923637723479832973e+00
1.116156153115029498e-01,1.856651061336213049e+00,-7.642539188615361523e-01
1.140681099726332137e+00,1.184497931403578175e+00,-1.165777057468434075e+00
-5.210371945008541728e-01,1.668951421155638437e+00,-1.012893171472121434e+00
-1.823460716883577248e+00,8.527584366547579231e-01,2.242956280117195111e-01
6.015170709080164269e-01,-1.913446727177826823e+00,3.149187622829070499e-01
-1.889934852687493949e+00,8.828704911767606966e-02,-7.499764493199204685e-01
-1.443903315086184191e+00,6.268313721086847812e-01,-1.297788304970656448e+00
-1.241794605759789505e+00,-8.672552410998274341e-01,1.373985880998912501e+00
-1.441113365299888205e+00,-9.481954569891088980e-01,-1.107344806781256574e+00
-1.142594264142313687e+00,1.248014614561799185e+00,1.165840262984194187e+00
-1.257900044245354731e+00,-1.148202036282760297e+00,-1.158358687506226170e+00
-3.042601189676677476e-01,-1.999650446106740365e+00,-4.142558818251141917e-01
1.304547094249752348e+00,-1.187460211372081575e+00,-1.082251069404807531e+00
-3.700953038537390660e-01,1.841390039226363573e+00,8.808815588719777212e-01
2.303713842190984254e-02,-6.398448248911974001e-02,-2.078355901475648526e+00
1.230682180267294479e+00,-8.357727551204111038e-02,1.680253634674032215e+00
1.579118654253625520e+00,-1.241819288327921100e+00,-5.742767711311421719e-01
-1.976860915500800786e+00,-6.123862070282093395e-01,3.214314040923301752e-01
-7.812822061355206849e-01,1.312467991545366086e+00,1.440211955169143021e+00
-1.967388926618828249e+00,-6.985130663681707319e-02,-7.433962990887224009e-01
4.628222500432069980e-02,1.916759889172124032e+00,-8.792379889011708860e-01
-1.475532349131021936e+00,1.048117990555741841e+00,1.092949385532652418e+00
-9.398160215812314533e-01,-1.686381942535503109e+00,8.742681708395823037e-01
1.898581001826285419e+00,-2.641975444278047980e-01,9.156162030116993256e-01
-9.280785436234961772e-01,1.800018573544035216e-01,1.907982095426219438e+00
1.247350497514864376e+00,1.469377456108718949e+00,-9.168526392679389181e-01
7.546668307968281697e-01,-1.905132314696446727e+00,-6.148579822626089042e-01
-5.535009513627093813e-01,1.905195921775604484e+00,-8.139899949475177809e-01
1.752294693713761342e+00,6.740521824561037656e-01,1.046674940479578542e+00
-2.543719476579943684e-01,1.663468316327014973e+00,1.345496460747792167e+00
2.026104281055470135e+00,7.461772876716675773e-01,4.668250344071958602e-02
1.353118224880905274e+00,1.683362222383080642e+00,-1.461902053801966694e-01
-5.582893764626648547e-01,2.003676005813005201e+00,6.177701372823610759e-01
6.548111259017976860e-01,-8.293674524933739578e-01,1.900930707884563198e+00
-1.884738566445480767e+00,3.691851350219533812e-01,1.031423841372646422e+00
-4.726023401536253443e-01,1.916742046875163918e+00,9.367026999500634998e-01
-7.257369806216905639e-01,-6.312038040470338007e-01,1.967722441389432753e+00
-1.578909749959915398e+00,1.313675063371831042e+00,-7.751202839009607715e-01
7.531593677706003298e-01,1.050364695866178533e+00,-1.780883797721993345e+00
4.236002686643754456e-01,2.151466305793998668e+00,-2.376076009510847964e-01
-1.239409126292482455e+00,-9.429748898370790000e-01,1.569105601868617139e+00
2.213020002738218306e+00,1.128764766519931850e-01,6.735801478761692211e-03
6.068932555152102282e-01,-8.975707364112529563e-01,1.938864214025794563e+00
8.367406689984824286e-02,-2.058414274509996922e+00,8.438411638908360768e-01
1.059009844004443091e+00,-3.916675399125238433e-01,1.924659314968648394e+00
-2.567794750947330340e-01,-1.143949759708086766e+00,1.904686657217990575e+00
6.166742947293842869e-01,-1.306715668296323241e+00,1.714016785132288945e+00
-5.881076808071661333e-01,-5.143459160890752058e-01,-2.106791964573607512e+00
-1.189655391130553852e+00,1.765064813679839695e+00,-7.360021266997592848e-01
-1.015836332274192788e+00,9.351888191741501710e-02,2.013775564955778030e+00
-1.405923036132761705e+00,1.215193354360651457e+00,1.290839161695156223e+00
-2.172884638252496448e+00,4.641539741153424131e-02,6.478487521786693293e-01
1.629055938051386043e+00,-1.514335658792225647e+00,4.691005609195680326e-01
-1.935765902991284926e-01,-4.010309893420144212e-01,2.234431887289318297e+00
-3.344213510969556991e-01,-1.754261619039845677e+00,1.423269652525254170e+00
1.220197213625506594e+00,-1.207893378394545136e+00,-1.513656771932767819e+00
-8.530783962886818728e-01,1.044872928489814834e+00,-1.855723916976427024e+00
-1.280312519631763735e+00,1.034978476216030119e+00,-1.605333172598672808e+00
-1.390998839596749859e+00,-2.338605304285380770e-01,-1.822707194420671417e+00
7.306147216592524529e-01,1.204777251390677151e+00,1.830571552238757338e+00
-2.231566573729145464e+00,-5.862228956456276840e-01,-1.930638798035797243e-01
-1.258768301508138565e+00,-9.287546425778666626e-01,1.714168479531106959e+00
-1.563806469663213239e+00,-3.817776715049388536e-01,1.678970520258131982e+00
-1.987173676141960943e+00,-7.405243041064596410e-01,-9.683886620239744447e-01
-5.055615786744616091e-01,2.142191749348145713e+00,-7.844452186057049303e-01
2.236569540351883711e-01,-8.087255637583725676e-01,-2.186524283198115093e+00
7.216251954895147591e-01,-1.089545691579436371e+00,-1.949924738635707033e+00
-1.055979484108323208e+00,1.777090594486415931e+00,1.123442439411280747e+00
2.208826795526783737e+00,-6.047557013559216044e-01,-5.620720611354286245e-01
-2.178466896878616249e-02,-1.999138437834214743e+00,-1.260532272078663141e+00
-1.635321060818326400e+00,-9.311170800684446247e-01,-1.438823865397716117e+00
-1.494258491900083974e-01,-6.584742487242072340e-01,2.276213187887233591e+00
-9.393743760810712162e-01,-1.319320597665759376e+00,1.743480522099535746e+00
-2.350185228101395740e+00,-3.890249287421262414e-01,1.176219105320380348e-01
2.053012976368307485e-01,1.402547050125942718e+00,1.924876090641499893e+00
-2.549528560038326619e-01,2.210828810769132513e+00,8.875006687453161902e-01
1.154789160909493184e-01,2.363462017715233010e+00,4.089266442112160505e-01
-2.055216226151019399e+00,-1.036055122768992254e+00,-7.038261093614599506e-01
2.239390104513485358e-01,-6.958336065362911160e-01,-2.298836194485243567e+00
-2.131491326624389337e+00,4.266812996955262061e-01,1.058326320564482170e+00
-2.261476372983219019e+00,7.742374165909583494e-01,-3.976608336376621367e-01
8.251870734983269839e-01,-1.819315466175998264e+00,-1.381158098236459519e+00
-7.616687374246866593e-01,-4.972930184720892322e-01,-2.257806176529027820e+00
-9.080242454986670042e-01,1.829064923499646333e+00,1.334890055456428470e+00
-4.010097344038300871e-01,-9.277039833249035583e-01,2.226514305499213808e+00
-4.591378271883815310e-01,1.257244697178260928e+00,-2.052883651399177278e+00
-3.647152137685656936e-01,2.232909883310005839e+00,9.560310970762341265e-01
5.933555220752690929e-01,1.229431540094711339e+00,2.048542288171740555e+00
-8.623077192678628711e-01,7.749321459540852407e-03,-2.311658660238848917e+00
4.423091692909680295e-01,2.147728450507816245e+00,-1.142992264384826040e+00
1.727480997123679529e+00,-1.090653421682495683e+00,-1.403068232218696476e+00
1.689249460086246657e+00,3.966397849069034365e-01,1.777369716590927018e+00
-8.644332052807756073e-01,5.439622092272855536e-01,-2.270354374234769601e+00
-1.144036322861625932e+00,-4.634020966312898948e-01,-2.168389195273315639e+00
2.028048658599288956e+00,-1.803339689296003939e-02,-1.462906283598815138e+00
2.214015045335153697e+00,-1.731513187288492572e-01,1.161719474248368078e+00
-2.499112459422498045e+00,1.776830587678831508e-01,1.801184458483778283e-01
4.674324032355909875e-01,-1.430105589377532738e+00,2.018447247526506505e+00
1.664163528965773686e+00,4.461760167418798995e-01,-1.843275672721000458e+00
-2.394025282094048634e+00,-4.286836585088341645e-01,6.924688521437982747e-01
1.243695322750532295e+00,-1.586315551057108975e+00,-1.536240106494289215e+00
-1.078776522519169889e+00,1.055305307593471076e+00,-2.043148919209917924e+00
1.608292973833530759e+00,1.947320057908973334e+00,3.193885120054411608e-01
2.793425440276815497e-01,4.149164893942956095e-02,2.535707142449449947e+00
1.444231428266589123e+00,-1.903653633167924131e+00,-9.104206742513917261e-01
-1.426862679231496012e+00,1.104620630744429954e+00,-1.819768063419465731e+00
1.150467625046428966e+00,-7.369610369930211791e-01,-2.174905603995690218e+00
-6.090132447990915798e-01,-2.438797698172969319e+00,5.546193321112192764e-01
1.160236320479293370e+00,-1.155904584762802445e+00,-1.993342169611563852e+00
1.852879469642169985e+00,6.095293019452531491e-02,1.802318744953331775e+00
1.231378223300594099e+00,8.516595975941504415e-02,2.278453400919441041e+00
-3.260108675912554710e-01,7.135218555479833080e-01,2.475737396999053708e+00
-2.544953378447767367e-01,2.102533933970190283e+00,-1.512991787728446447e+00
-5.627936259428018007e-01,2.455490756667824570e+00,-6.770455627901496021e-01
5.363448211660476472e-01,-1.275492809616092682e+00,-2.218136296565489829e+00
2.409295398566019042e+00,-7.089137078528782165e-01,7.467534142857981116e-01
6.377162171228968335e-01,-1.428885287723467457e+00,2.108755420622126842e+00
-2.585615460314639069e+00,-5.758304971943133815e-02,4.868022120124887997e-01
1.136472645787755642e+00,2.364943512458768549e+00,-2.678450370526726521e-01
2.147569509040203606e+00,8.096777307403034696e-01,1.311228495936415772e+00
1.059863281250355227e+00,-2.020305822592298295e+00,1.346405036265604815e+00
-2.439775164018787468e+00,-9.702596557032467928e-01,3.933961908128256746e-01
8.080923902538400538e-02,-9.551162568932769492e-01,-2.482120241028683338e+00
1.554094947111650082e+00,4.841865725439467028e-01,-2.112154727629429907e+00
1.021158956848861266e+00,-9.543363809094959072e-01,2.277846748482152961e+00
1.193581415143597058e+00,-8.544745968862579866e-02,-2.396153725816968283e+00
9.735012449201859708e-01,2.174833736635179537e+00,1.235873312501805099e+00
1.586940106756286051e+00,-2.171741371073195648e+00,4.203033548584265283e-02
2.382165777401878071e+00,1.150283558106041992e+00,5.200721981630190838e-01
1.429182773819590718e-02,-2.676163078347345792e+00,3.716745395888319536e-01
-1.986061876816012539e+00,-1.190624043921596709e+00,1.403617018333418676e+00
7.596762472666909183e-01,-2.398088342295405795e+00,1.018000545784973010e+00
1.264250604642475073e+00,1.025990760484169817e+00,2.178413841980508359e+00
-5.270169821933088361e-01,1.142767071030869275e+00,-2.417673081229577470e+00
-1.940221082978593525e+00,1.859547942990226410e+00,4.887577509192457814e-01
2.669801726158775423e+00,-3.778576449740458365e-01,4.724595901611506332e-01
-5.156255544687198267e-01,2.626440211556085202e+00,6.020586850257511058e-01
-1.275915100807726521e+00,-1.580416826092280624e+00,-1.853017749109514112e+00
2.174266201650056463e+00,1.331431819243751091e+00,1.045059167065870209e+00
2.091605170112772250e+00,-1.726107410432415668e+00,-5.206709109995677487e-01
3.489240044376838712e-02,-7.458615280196748687e-01,-2.664773521073875884e+00
-1.166410066253327438e+00,-2.483237254885500622e+00,-4.060498755247036740e-01
-7.551094094796619860e-01,2.109899292178920582e+00,-1.644210001742498539e+00
1.323932565560146823e+00,-1.184449826900742408e+00,-2.145491343805111750e+00
1.170312134425258860e-01,2.032502663838092527e+00,1.909914590105333154e+00
7.397678434512307000e-01,2.240809027093527916e+00,1.502619781010868127e+00
1.708151418843042668e+00,-1.436534515482263075e+00,1.696723784244532629e+00
1.032603872987922111e+00,-1.563795860096587609e-01,2.608375314244791632e+00
1.900394632579195164e+00,7.322775729098961461e-01,-1.944429602996747386e+00
8.759990915003532663e-01,2.479513183201393911e+00,1.023471248029079739e+00
2.415449534994655867e+00,-1.456910331452185847e+00,2.007825022904740908e-01
2.727002915613444767e+00,-6.210132913754281558e-01,-4.578949347823251248e-01
-2.374397397538133170e+00,1.061561205948007292e+00,-1.141006513989899052e+00
-9.511673797847897127e-01,-2.360787231510086848e+00,1.274113465395884326e+00
-5.790722495159101868e-01,2.725686915033202595e+00,-6.096443140827129126e-01
-1.752912350462853652e+00,-1.367162499613963966e+00,-1.797112676044485324e+00
-2.228297374912939333e+00,1.049359565358576774e+00,1.462943435537767956e+00
1.544651520846829218e+00,2.392509625296015852e+00,3.632732438160563015e-01
-1.923414662801043118e+00,-2.136026648604022693e+00,1.239568363598101131e-01
-1.464403432499168600e+00,9.641664341947336903e-01,2.288889990839614086e+00
2.030726867177882478e-01,-2.626413803173510697e+00,1.187252448088997214e+00
-2.873333256437301308e+00,3.439404471469192370e-01,-1.019531529472677417e-01
2.067450148179437452e-01,-2.597896012718094116e+00,-1.276297904083126156e+00
1.386535880116019914e+00,-1.952629515089758572e+00,1.649740344714535789e+00
-8.637283957320409655e-01,-2.523123809423370556e+00,-1.175152652917908824e+00
-5.965519893417744468e-01,2.651522775786771646e+00,-1.069171889590114777e+00
-4.450318416823292877e-03,1.260797949699765885e+00,-2.641304771263334406e+00
2.277190919941862735e+00,6.095872157510066058e-01,1.745167229451284330e+00
9.266302738478111589e-01,-2.538689209606991071e+00,-1.155869531607794709e+00
-1.744937369316858833e+00,1.504314768584983808e+00,-1.835430455305866904e+00
-2.030348703284030609e+00,-1.658355497349792151e-01,2.136316216621316322e+00
1.197411451787976588e+00,-1.433525265925342129e+00,2.293927291640867061e+00
-2.602067238764726453e-01,-2.354151626879164905e+00,1.782839990752790982e+00
2.913243811733294386e+00,-2.823563727696552089e-02,5.813533005904768514e-01
2.053215411736331930e+00,1.032152747131334536e+00,1.892714091792874864e+00
-2.447473358584693059e+00,-1.665883947153330658e+00,3.686248316980096917e-01
-2.608836869629823862e+00,-1.460412724849564414e+00,-1.623851892578231926e-02
2.531788667405474147e+00,-1.337038253070464311e+00,8.829116429499422880e-01
2.075826945589840655e-01,7.284673133655684696e-01,-2.905443609619672962e+00
-2.604748514991574115e+00,9.330872525059089595e-01,1.182510728548018086e+00
-2.643655988731338446e+00,9.234743379206739045e-01,1.118238907951691452e+00
-2.361750716659833937e+00,1.293749793652286373e+00,-1.370820465538413302e+00
1.107668857579951149e+00,1.868873115912879523e+00,-2.109491081243095145e+00
3.861211212093121903e-01,1.467913050403614417e+00,2.627664379273806361e+00
-8.542744977727416700e-01,1.602689157030678713e+00,2.439084424723630296e+00
2.923250002713793982e+00,-8.302268422575910245e-01,2.281639510586646602e-01
-1.284410392743714491e+00,-2.682881902200340285e+00,6.917373393673867943e-01
2.750046021622898795e+00,-1.124435882413358012e+00,-7.337856521082606331e-01
1.231010883327228855e+00,-2.569612591647549849e+00,-1.134408992411680472e+00
2.260517743700056315e+00,-2.005336950258123530e+00,5.600350483345032382e-01
1.761195041580829512e+00,1.796828174854209204e+00,-1.776085113868789422e+00
1.705592417948936124e+00,1.077987331469381305e+00,-2.335346677384081637e+00
1.603628533550476853e-01,-2.120897631225858060e+00,-2.245270356101329856e+00
1.550808835622562443e+00,-1.235226138925284545e+00,2.382169959204861076e+00
3.001827369348993635e+00,7.892717189356570628e-01,1.100889214598495952e-01
1.277983351716084126e+00,-2.360857136581118620e+00,1.574741062021339566e+00
1.887302281827632155e+00,1.915360321894554296e+00,1.580187246251953503e+00
2.707141422181440049e+00,5.673939725318545291e-01,1.455305960663238585e+00
-1.741356633955000177e+00,-2.592282797328989030e+00,-2.394211345971484772e-01
2.809289799820090305e+00,6.403234977801719463e-01,1.244472721371342461e+00
5.576226100607845938e-03,2.653068163754100706e+00,1.689214432333500771e+00
9.026798263387210142e-01,-1.755923264950939755e+00,-2.456768816239523812e+00
8.846770978484873593e-01,2.807681411377617842e+00,-1.144463815940579332e+00
-1.211665269971041736e+00,6.816029449012834807e-01,-2.843356977401816810e+00
1.791838298501889692e+00,-4.503278066392424339e-02,-2.616620602816384533e+00
3.161706998742342734e+00,3.035085920812093385e-01,-1.143794555775622390e-01
-8.832941865170863549e-01,-9.155702469316409076e-01,2.919836225810356733e+00
1.724847196828140472e+00,1.052985552739826858e+00,2.470329805839695414e+00
1.769404457030086461e-02,-2.329896164668104230e+00,-2.190962496422236505e+00
9.066905532224237563e-01,-2.893723277176952546e+00,-1.037361919031981161e+00
-1.604818033685385226e+00,1.870909478951696014e+00,2.058895630476751393e+00
-1.597013095907243718e+00,2.729773309511255075e+00,5.964819896579782732e-01
-3.063695464930022538e+00,3.148523232238821801e-01,9.569791279646729931e-01
1.044637605047996187e+00,-2.236435353494911293e+00,-2.086069320383839631e+00
2.098750221831349627e+00,7.197849461046849084e-01,-2.359096617091647641e+00
3.474973241615074704e-01,1.890663267204990783e+00,2.614681730598807263e+00
2.638184584263774557e+00,-1.567919132275804595e+00,-1.075842332266435886e+00
-5.065658373985800766e-01,3.214800029931363934e+00,-1.683435901784968713e-01
-1.798156295398751769e+00,2.420980462273396860e-01,-2.715167341556857572e+00
2.452919070821566461e+00,-1.790878297378596828e+00,-1.218375539622116532e+00
-7.788368598468385917e-01,1.659894798360887824e+00,-2.718677074617865674e+00
4.627214667522357439e-01,-4.155407855645765203e-01,-3.226602914011108325e+00
-2.022016414625688707e+00,-8.408401287426271464e-01,-2.459077295637849048e+00
-6.821326334137789438e-02,2.920522003312599590e+00,1.534130801207340911e+00
3.168686027697140695e+00,-9.227574375849161292e-01,-2.020055694972597571e-01
-2.160836789382396095e+00,-2.685109882424999705e-01,-2.497380439028719756e+00
2.824371267710680034e+00,-8.506144068298137073e-01,1.524183138482982702e+00
-9.056186926517700853e-01,-1.826452339058494578e+00,-2.629329546035481968e+00
1.290651042726640663e+00,1.134663797989000189e+00,2.856933062967462522e+00
-3.066352888330812210e+00,3.091797536129132773e-01,1.289660662149170633e+00
1.186838413183690877e+00,1.193052042621333575e+00,-2.894058362929791350e+00
-5.773876685561344368e-01,-5.657253710200578212e-01,3.255836958281458582e+00
3.168040236491711514e+00,9.756349132683965752e-01,-5.586463604567160068e-01
1.730685468826450801e+00,1.960483615190746320e+00,2.123290200244981385e+00
-1.584242375949900916e+00,-9.857889439307453427e-01,2.812898276571448530e+00
2.291414403928195842e+00,2.478130794195195996e+00,2.221025018306628518e-01
-7.503297214659143677e-01,-3.290830216309687639e+00,-3.093471083005402411e-01
3.275820201361371087e+00,-4.016015249481865168e-01,-8.020945078084200652e-01
-2.716331171727516036e+00,1.921256314412442601e+00,-7.165975593084313866e-01
-2.063491854077197374e+00,2.335567484449706743e+00,1.384935721001220088e+00
1.052955400919736606e+00,1.226973299013330632e+00,-3.010754691626148283e+00
-1.259447854257696120e+00,-2.892340665228624097e+00,1.332311529574501163e+00
1.536538074801785836e+00,2.779764229823340926e+00,1.298887377018417055e+00
-3.041485639871046143e+00,1.528015933884592226e+00,-4.879586099689108281e-01
3.008959743413629262e+00,1.047672515908255830e+00,-1.311760129123032304e+00
4.767930557782832368e-01,2.699161330969009231e+00,-2.099557945075755772e+00
1.023964095907606980e-01,3.067551245496499490e+00,-1.596729194511443461e+00
9.278219155128651918e-01,-4.127824844898693168e-01,3.314783089814843375e+00
-1.587214619600020860e-01,3.071014236160280131e+00,1.616173512100470555e+00
1.562534472079311954e+00,1.363046766725811154e-01,3.107689057724894344e+00
5.035877247931648260e-01,-1.909929190209030514e+00,-2.875075597158742280e+00
1.621585831251978860e+00,-2.108275747517387000e+00,2.267811249248929517e+00
-1.824286450209287702e+00,2.463871174718550439e+00,-1.693717364607571607e+00
-5.860258942768024060e-01,-5.516260157364901717e-01,-3.416116170558010534e+00
-2.266097568583714139e+00,2.407940730360491610e+00,-1.197738983496917875e+00
-5.452737765703540296e-01,-3.431606165562321120e+00,-5.876064540987416818e-01
8.786047730254759047e-02,-2.570150949189355105e-02,-3.529999822799119613e+00
3.477950687806799834e+00,-8.986377663563452356e-02,6.449796590654633954e-01
6.855024429513215112e-02,3.458674292356949564e+00,-7.773086464608582880e-01
2.608896447001050500e+00,-2.217933226853674444e+00,9.471390497477518711e-01
2.361795358649432519e-01,1.486935537300992705e+00,-3.226046057812789414e+00
-2.048279029998474776e+00,-2.679538319124045387e+00,-1.162082146051641063e+00
2.643814283852575109e+00,2.388496654536234942e+00,-2.880972949905916680e-01
8.512318769111307803e-01,-1.291272187395722026e+00,3.230749239253027483e+00
8.057131965129948892e-01,-1.936289308251138985e+00,-2.912656499241674357e+00
2.317894451068512662e+00,-1.635392965571680790e+00,-2.210710112237952885e+00
2.484398277699823243e+00,2.016040553721905937e+00,-1.658416378176543748e+00
1.145887839766365213e+00,-1.526231768584788595e+00,-3.065511652600607206e+00
-8.396942509182098169e-01,-5.301969175954146518e-01,3.479454556010601163e+00
-2.776692037058934748e+00,-7.795808415179919515e-02,-2.330212268632451789e+00
3.384347049709825139e+00,-8.784863556525365214e-01,-9.868231164620517859e-01
-2.972863528676376266e+00,9.817380307894498781e-01,1.857742170753656552e+00
-2.734181165930110957e+00,-2.306120882329695476e+00,-7.160697090084944261e-01
-2.697660217823423245e+00,-2.818855435148111543e-01,-2.450269852720331265e+00
2.719383422735612399e+00,2.270080306336325737e+00,-9.308556999711059543e-01
-5.323883885955106310e-01,-3.376323400024003885e+00,-1.336469814860037797e+00
2.991205255450827494e+00,1.524785561197286254e+00,1.500469869319527083e+00
3.080173323872080093e+00,8.553782365621264150e-01,1.832835867149831710e+00
-6.664462656818671560e-01,3.041572571794088464e+00,-1.984451230591033788e+00
-1.173677917378642022e+00,1.991806450434665088e+00,2.888542852032624619e+00
7.098832152709488863e-01,-3.616385648709020018e+00,-4.020485103135992833e-01
1.734738188979310536e+00,1.134455149187898609e-01,3.282859189643192899e+00
-2.053888739838379163e+00,2.235146725209022911e+00,2.154237494117743346e+00
-1.093594810006620843e+00,2.002509033653998571e+00,-2.950426283306266662e+00
-1.793073014910998575e+00,-6.310472909574205147e-01,-3.217732881613081020e+00
2.068155930157325795e+00,2.751544884333688934e+00,1.474855543039170769e+00
2.561361533681352665e+00,-2.741153491888609128e+00,7.419278658435086993e-02
6.715723545395071437e-01,2.810924435508521668e+00,-2.405084216940367448e+00
-3.613766354398649572e+00,-7.858407617870778461e-01,7.189033771401391881e-01
2.020455567201400626e+00,1.109461419976196739e+00,2.989594167100634081e+00
-2.900337967547931051e+00,2.387479766649827528e+00,4.428850909604382657e-01
-2.416005571335640312e+00,1.099806450987804718e+00,2.705376904261052928e+00
-1.077040523404980243e+00,-3.472020364215995691e+00,1.099336233703044785e+00
-3.437562891847045332e+00,3.603685850077191777e-01,-1.592088325017772865e+00
2.961533783863362079e-01,3.634015027945022958e+00,-1.116177672204603510e+00
9.084753389791467848e-01,3.704113689212217064e+00,-2.285227677472538299e-01
1.508371870507945856e+00,-2.817913425130289085e+00,2.107315673441082726e+00
-1.989071175470439101e+00,-6.300651718717725780e-01,3.219008773287099778e+00
3.449911535059761558e+00,1.961877966939012674e-01,1.683460023612763701e+00
-1.322769890031644913e+00,2.046135873430485308e+00,2.982825691644943156e+00
-2.842198904137961668e-02,-3.504551278414270943e+00,-1.615670195041384538e+00
-7.480681792321007828e-01,-3.762799302225470655e+00,-4.842128426956006093e-01
-2.017382084689667732e+00,8.280013991009405050e-01,-3.202682043085639307e+00
1.485258643742028151e-01,-3.877004418124191165e+00,1.394358771734426905e-01
-2.516665413976531540e-01,-9.945883441916684164e-01,3.752387885399982803e+00
2.183680444964564593e+00,-2.427657485666911696e-01,3.219637902220561454e+00
2.053125315291354891e+00,-3.320085458323792871e+00,-1.260786298321149856e-01
-3.538962219885348759e-01,-2.485712590925208243e+00,-3.001852314720361292e+00
-2.019927812108499587e+00,-2.139124362721903871e+00,-2.592358648956517353e+00
2.130014249357518263e+00,-8.294836372208214126e-01,3.195724839093289749e+00
-3.857991579547884076e+00,-4.542426792489676068e-01,-6.393911844267645694e-01
1.165379327472060966e+00,3.554960948008375698e+00,1.251085770282966525e+00
4.643688183830752547e-01,-4.925393998665474338e-01,3.894210385268530583e+00
-2.678306910238757776e+00,-3.314188005729435393e-01,-2.898654709494803416e+00
2.833526216516502938e+00,-2.743391918692679621e+00,4.390615324631117478e-01
2.180917615721206015e+00,2.908994460375223579e+00,-1.609937006395117498e+00
3.387420750552403881e+00,3.394516597804453917e-01,2.069692481823942387e+00
-3.660141881048132539e+00,1.186567728276487932e+00,1.063974967550977757e+00
