0.000000000000000000e+00,0.000000000000000000e+00,-0.000000000000000000e+00
1.893050178530497748e-03,-2.803546848474637934e-02,-8.269339884903147836e-03
-3.118352862339736353e-02,-2.540231601578778198e-02,1.190556216609424747e-02
4.358886312293597243e-02,2.598698873249951496e-02,1.074292956127291879e-02
-4.687637191247635837e-02,-1.728318846369421985e-02,-3.392448723516961612e-02
1.977263166787928197e-02,6.363576174774362992e-02,-1.359912106084936421e-02
1.696270085062268063e-02,-6.068087574325992800e-02,-4.067245942204485154e-02
-5.950296059836637091e-02,3.800860470354067155e-02,4.070142172007407827e-02
7.277544820760449562e-02,3.702771091261113090e-02,3.178332046171447600e-02
1.256454533869102649e-02,-8.527668899333264163e-02,-3.605889558004129331e-02
-4.984169028364912948e-03,2.597167452123662346e-02,9.539391439540602369e-02
2.497434067276468536e-02,1.006697617376664800e-01,1.123561820838634914e-02
6.923841508538727818e-02,3.747212424814751197e-02,-7.606963978025560458e-02
8.625677856118405332e-03,-1.053441120037045819e-01,4.391148433241161275e-02
-3.036211800175868045e-02,-5.370096334224052498e-02,1.020990926826124412e-01
5.549868853135728197e-02,-5.462468997272231647e-02,9.648858547995331492e-02
1.877312588145508068e-02,4.888626448163106708e-02,-1.174300482861974082e-01
-7.664377583602254018e-02,-2.907651048313053196e-02,-1.048056524933030503e-01
6.836037677384676492e-02,-1.190725124962732917e-01,-6.151793564264315846e-03
-3.593556017248832057e-02,-1.362410811359002494e-01,1.532469422681452184e-02
8.243633004409736675e-03,3.460507113267119895e-03,1.456694815431029411e-01
-1.349637312061038041e-01,-1.722773075284093555e-02,-6.334142692594101065e-02
2.974998442903261514e-02,1.482365133111916700e-01,-3.003978149583594326e-02
3.674543748306059038e-02,1.481272119820078725e-01,4.146818589296098756e-02
7.928063587027865677e-02,1.280823217628477562e-01,-5.986226276875426799e-02
-1.564554849852837770e-01,4.821798931179147041e-02,-2.730467076307056470e-02
-3.220856164255202214e-02,1.651593812123989535e-01,2.282377731387367353e-02
-1.216434855356206407e-01,8.692331892881742517e-02,8.821781100104927886e-02
7.646858859106089520e-03,-5.399695982818164541e-02,1.687374633201789709e-01
-2.360649126898961211e-02,-1.774841331748414908e-01,-2.668044594063956332e-02
1.817103978758689287e-01,3.260911085499815232e-02,-4.778405503668745925e-03
-1.445273700762657043e-01,1.186474135610552372e-01,-2.205462841996213424e-02
-1.842185115046225397e-01,-1.147681684187216652e-02,-5.236639567754942243e-02
-9.039479797369262548e-02,-1.354672227797721618e-01,-1.079727784012916025e-01
1.233953254000197119e-01,7.208719098079062818e-03,-1.558339369308414657e-01
5.723184297144572052e-02,1.747258359816199896e-02,-1.933267138488993786e-01
-1.957807487841296823e-01,2.845489400254738038e-02,-5.675461120990236974e-02
-1.177995605150439912e-02,-1.025130840063375598e-01,-1.820150005289550843e-01
1.855218550756000950e-01,6.004358887404576128e-02,-8.474212185989522805e-02
-1.756248954321524836e-01,-6.284485286390438519e-02,1.088587027622564818e-01
2.146335515904415348e-01,4.785151330767453866e-03,4.476149411451497973e-02
1.130940920791059928e-01,7.125506861839429884e-02,-1.780111806410178132e-01
1.391753916639447419e-01,1.620694470858335123e-01,-7.342974664669617291e-02
-1.504132877435569449e-01,6.265420062448934235e-02,-1.611283973493944921e-01
9.897581824535947592e-02,-1.160474639637154304e-01,1.753391240229948966e-01
2.344568802973834298e-01,4.310941930749501334e-03,-2.290160305212949471e-02
2.334397537904397274e-02,1.889363165091377528e-01,1.441816485496874023e-01
1.143041236356614060e-01,-2.879532179344845497e-02,-2.113380616486323083e-01
-7.304982953021869896e-02,-1.865852672273105306e-01,-1.412345813030652375e-01
1.452709614404194549e-01,1.942095665389358961e-01,5.316661303627902985e-02
-2.505012003671919785e-01,-2.136131837919206383e-02,1.284387476823830969e-03
1.370465529448805786e-01,1.790219530560679395e-01,-1.181111263087614160e-01
1.210925108522054178e-01,-1.154954107686948228e-01,1.958602460391841715e-01
-2.565712539550833449e-01,1.580543306976706780e-02,-4.334821396175279201e-02
8.483256283801063335e-02,2.372997168163852311e-01,7.781205257080260618e-02
1.104289115389192055e-01,2.184385187980795451e-01,1.061513827017522837e-01
-6.745805360005661944e-02,2.443863243768968074e-01,-9.235390948892890917e-02
-1.785135363345937975e-01,1.453190783076202253e-01,1.464823875626394822e-01
-9.826379799478657251e-02,2.486435111343722471e-01,-6.790109094018850766e-02
1.609654485924311845e-02,-2.758744391900549431e-01,3.718943985640256467e-02
3.871170380730250878e-03,-2.653195789271722282e-01,-9.491641589682971170e-02
-2.757669962715517675e-01,-2.850952488603286650e-02,6.510670577966708172e-02
8.766543018605304268e-04,2.540230083909992831e-01,-1.351368096845826927e-01
2.137644439740650215e-01,1.171825722890318389e-01,1.583208664590590176e-01
1.129536436914592018e-01,1.124237863714693669e-02,-2.707774231668227949e-01
-1.883646572737091573e-01,-2.285763033872610928e-01,-1.416184147396401527e-02
6.414876208975660299e-02,-2.774172675305830449e-02,2.911676713704682284e-01
-2.263004193782715279e-01,-1.800424843789889540e-01,-8.821112945816836359e-02
8.097813293454508843e-02,2.077124075836529471e-01,-2.084761856893876386e-01
-1.243208831695760269e-01,1.078361180286852850e-01,2.604735970193741146e-01
-2.957847006377911092e-01,3.140195788621316653e-02,9.073837525028945195e-02
-7.894502063316100049e-02,7.010081450337793396e-02,-2.955498921336667251e-01
-2.789666518105854984e-04,2.973738212756640853e-01,-1.089206094472407182e-01
-2.990807667571636630e-01,1.122536775149903382e-01,-7.368354797222911520e-03
-1.841712829666564688e-01,-1.133335947551349782e-01,-2.390840256224563698e-01
-2.513381883908669123e-01,-8.084247963789799318e-02,-1.898666036712619298e-01
6.295480709593494206e-02,-1.897294932706500570e-01,-2.600708453531521691e-01
-9.175628669417877636e-02,3.064515711614398397e-01,8.436882692625762015e-02
1.676950146898414191e-03,3.218038017826750363e-01,8.804864663362962918e-02
-1.580741948079013581e-01,2.969289547458157652e-01,5.720814965395182479e-03
8.544102404403504381e-02,-2.952705328292671849e-01,1.434809618814358589e-01
-2.484459983075187339e-01,2.180304877032878397e-01,8.777435568519768860e-02
-1.018649729985055125e-01,3.268908821181714663e-01,-4.048546384216146488e-02
-1.632683392975674622e-02,-2.037381564175303472e-01,2.810948099792619503e-01
3.187052401759621345e-02,-2.876554162138922344e-01,1.973737068289584951e-01
1.259060322980454227e-01,2.300470727915623625e-01,2.363941180831624078e-01
1.639329218213006201e-01,-1.518331834623538878e-01,2.769079727000345326e-01
6.883821026986458591e-02,2.520004914866016965e-01,-2.456060828348338443e-01
-2.156548561453117963e-01,1.806606017298323930e-01,2.266952864419772007e-01
-2.231123792991090427e-01,-2.865515732874235333e-01,2.503190961989456079e-02
-1.213746761230756477e-01,3.351425314749648665e-01,-8.635686376161061384e-02
-1.226050296030790215e-01,1.692739994087313626e-01,-3.046756563091198022e-01
1.261754415714007038e-01,5.297398943864989329e-02,3.461218781132239242e-01
1.677794853833794175e-01,-3.041471596207424577e-01,1.410535608214275038e-01
-1.478868217148701994e-02,-3.001928178877869349e-02,3.761213015411704053e-01
3.543230554804003285e-01,-1.218578223245641301e-01,-6.510996419082214215e-02
3.117936711228451729e-01,-2.137423186311811774e-01,-6.155971390061901194e-02
-1.022234455405083287e-01,3.650368793303051529e-01,-7.111377231220533668e-02
-1.578909796881381999e-01,-3.425312364851140073e-02,-3.531781392653403073e-01
-4.873156518216403138e-02,-3.450693667249323804e-01,-1.774254233699353034e-01
-2.524632785473947538e-01,7.907512609645503399e-02,-2.916118766889967406e-01
4.445034679730387739e-02,6.904298346026717381e-03,-3.938478244472981560e-01
3.040600437126728672e-01,2.578275673700657356e-01,1.828898352875317837e-02
-1.106621290179744393e-01,3.861379300080072796e-01,6.840513357329010453e-03
-1.538137568889864359e-01,-3.707523781683145225e-01,-4.923079677832430806e-02
-1.441348006654385172e-01,-3.678140160307517004e-01,9.814722532556949264e-02
2.463522825534531294e-02,4.189259942477258081e-02,-4.068158397285236982e-01
6.402220098388221314e-02,-9.648566752707134209e-02,3.957648079252488182e-01
3.387275412596180146e-01,-1.316236737721450693e-03,2.397667499201003027e-01
2.615321836411600986e-01,-3.247310579874975733e-01,-2.399739401067317937e-02
1.667768353522911806e-01,-3.683404746936364549e-01,1.146561636989589100e-01
-1.835583280149742647e-01,8.996764889133772661e-03,-3.808959086589924770e-01
-3.546721453974734789e-02,3.685305882407399203e-01,2.097990366420623976e-01
-1.927909196034928441e-01,-1.915734139402865965e-01,-3.308515255445581005e-01
-3.830128668981762075e-01,-3.708149730325947802e-02,-1.936793347692893075e-01
3.361057840274339625e-01,-2.509728324519056031e-01,1.090702114422315017e-01
-4.267215671296646917e-01,-7.577412973054260814e-02,-4.789595971408771441e-02
3.508034648954337920e-01,1.347941741292880968e-01,-2.262340595239213104e-01
-1.806331878782720946e-01,1.915456425779268612e-01,-3.541112280665437151e-01
8.505636986101551555e-02,-2.166355692997111448e-01,3.779640946139311009e-01
-1.330404712140915435e-01,1.789173239552225014e-01,3.868228748601472144e-01
1.400582499836781729e-02,4.358824247037265120e-01,-1.071695195325879785e-01
4.054962286634621327e-01,-1.973355982724121216e-01,2.548397219881603018e-02
3.039322701652235614e-01,-1.614155301573080847e-02,-3.372488241108829166e-01
4.037588711410358133e-01,7.783772296306711025e-02,1.991421088386444715e-01
-1.723780490272940891e-01,-4.206552000575365380e-01,6.670162944046822973e-02
2.024414358494736332e-01,-2.599190619837886684e-01,-3.239775387729545986e-01
2.706649057126703228e-01,-3.864572771251742478e-02,-3.756966301210620807e-01
-1.478776588745767395e-01,-4.387566274473883587e-01,6.273801528946947037e-02
-1.465536156665968592e-01,1.687905739658405735e-01,4.132367211441888011e-01
1.406623916886415304e-01,-8.661775994611504992e-02,4.425800725159734772e-01
-3.639681838241756728e-01,-2.311892024499092313e-01,1.992198330945910145e-01
-1.591205476629737603e-01,-4.305309577305790891e-01,-1.318675798361964580e-01
1.006896926622974225e-01,2.418602716501889738e-01,-4.023646749592294514e-01
-3.906334029407002584e-01,-2.818223161303559099e-01,-3.149672941397179543e-02
-3.598920615121277700e-01,4.157308560225100869e-02,3.228765310185508497e-01
-1.272252161186577038e-02,-3.275213999501717654e-01,3.613428946199178649e-01
-4.877726236568062368e-01,-3.377819611481436973e-02,-3.807983133575344736e-02
-1.903709021069932283e-01,-1.410163965047481205e-01,-4.323311810572433300e-01
-4.649867426539051052e-01,-2.397773661061534597e-02,1.696601871027062503e-01
-1.181872605166853774e-01,4.835081162941815558e-01,-1.924955213664673176e-02
4.316097741045455960e-01,1.672682607225744189e-01,-1.908176521882344046e-01
-9.949659241327825365e-02,1.341781867587521215e-01,-4.747034434144118409e-01
-4.464650457619343538e-01,1.059582134632293393e-01,2.127668394108625516e-01
-1.655780993597241457e-01,4.154628879934276764e-01,-2.416508192938045252e-01
-2.078092029694431769e-02,-5.684844580728344587e-02,5.073079237635774730e-01
-1.319332154110209321e-01,1.053338524433490714e-01,4.849115268816894808e-01
1.509128255021247034e-01,-4.907842900468333269e-01,-5.122829238923989198e-02
2.892816841898519509e-01,4.018559432839022283e-01,-1.540623764146596131e-01
3.212519230838690315e-02,3.019499782998017468e-01,-4.234999333666129573e-01
3.525789872896544774e-01,-1.312438939890729073e-01,3.642574162271682847e-01
-2.541484225204231895e-01,-4.458124667000302188e-01,-1.164225939152960798e-01
3.012398410291254880e-01,4.288981859994824841e-01,-6.986431690681615958e-02
-3.053687227433591334e-01,-4.206594392247648417e-01,-1.098778083333773609e-01
-1.886378819920002670e-01,3.042969432288353815e-01,-3.959871727945669106e-01
-3.482168134935481607e-01,-1.921379318897259991e-01,-3.599106946701520204e-01
1.427584403551731274e-01,4.743865305964555801e-01,-2.121739477957435838e-01
-1.191272136895605294e-01,4.103627431522182678e-01,-3.325596962469577478e-01
4.354232230802669301e-01,-1.991673519698985984e-01,2.582249248625432814e-01
-1.107536315597897891e-01,4.183215161551556704e-01,3.338412952443716719e-01
-5.288407222064737123e-01,5.351324126024567529e-02,-1.376702119930419410e-01
-5.117986839218628958e-01,-5.442687647685096747e-02,-1.984463629736591961e-01
-9.765325669006369447e-02,5.449368155173289763e-01,-2.434372374959478669e-02
-3.539585236953369241e-01,-2.765077148098331050e-01,3.288729951932126694e-01
-1.038949772908846214e-01,-3.556840725540993398e-01,4.188351785220672530e-01
-1.318910457655847746e-01,5.450610224738019483e-01,-3.287950496827025254e-02
2.676383750667127859e-01,-4.406237401665020204e-01,2.294337108132729619e-01
-1.393279858341400501e-01,1.850496232534756813e-01,-5.173271142183594185e-01
-3.470260027117650359e-01,2.980668272361802207e-01,-3.389509221778227444e-01
-5.429496607663292229e-01,1.040177787898073219e-01,-1.463975378289617824e-01
-5.067268731540125470e-01,2.186955500727539581e-01,-1.592047101112159802e-01
-2.299537742346185187e-01,5.279108719513154746e-01,3.590557484470701527e-02
6.027009011229138985e-02,-3.293553975032803560e-01,-4.729421975043933135e-01
5.819309046692131560e-01,8.177156917226808056e-03,-2.724978718332481033e-03
-5.132000103732725638e-01,-5.851998235219826872e-03,2.797456336270734978e-01
6.110303920405053824e-02,5.356281910855023032e-01,2.323691169580057447e-01
-5.451541078287804876e-01,1.861603211479205267e-01,1.255010690129309270e-01
-3.662900524389228196e-01,4.010471839332173383e-02,4.634730426846050966e-01
2.981272713774971717e-01,4.770432871129849373e-01,-1.926940701411767598e-01
-3.098630072320114892e-01,-9.828429388680809398e-02,5.009148456523854209e-01
-1.784834996964365372e-01,1.076250544970847565e-02,-5.723985254137483603e-01
4.175423454712523519e-01,3.047407844056246318e-01,3.089299664553872837e-01
1.804825072085588233e-01,-5.744382799419477381e-01,-5.603008030101431364e-02
2.604938319349547893e-01,-3.528772422286064470e-01,4.199666534198138179e-01
-4.661313607377414250e-03,6.020542042465222288e-01,9.659972232497254785e-02
4.035489961925972646e-01,-3.890411882613605821e-01,2.463761382688579582e-01
-5.180421441252006653e-01,1.393507424066081357e-01,3.003593326606108782e-01
5.796859167990203732e-01,-5.015877882151038164e-02,2.062978462882739950e-01
-3.710390375682673936e-01,-1.219196728913508540e-02,4.963998275078865263e-01
-6.203819061502557908e-01,4.369980193547719910e-02,2.411356440364884404e-02
-3.341858455086952895e-01,-4.500912851117143676e-01,-2.761312810727203360e-01
3.508143067206237475e-01,6.957716717117191918e-02,-5.155169367359259125e-01
-2.333875240045944210e-01,3.117948429532840793e-01,-4.951310334848199601e-01
-1.569834593432386238e-01,-4.130644463680859246e-01,-4.525021502578688848e-01
-9.168017829326569751e-03,-1.072517663348160899e-01,6.258063745926387700e-01
-2.045804681800280633e-01,-6.706418092072279069e-02,-6.000657233793998957e-01
3.078566585074654083e-01,-5.358173543795496929e-01,1.666595379615272987e-01
5.515123295838149087e-01,-1.040173759949670901e-01,-3.128902717604018502e-01
3.593654749492333766e-01,3.150507776721113151e-01,-4.332809811043109582e-01
-3.051993882440466321e-01,4.945871620488552778e-01,-2.857091820444523922e-01
-1.651602983913389999e-01,6.054949131055761269e-01,-1.695982105563287046e-01
5.531901788643890372e-01,3.042174645763169871e-01,-1.654794239683996249e-01
6.439486939614037508e-01,6.483628525508187967e-02,-1.018614882249907622e-01
-4.278328979761747974e-01,-4.781000960447843173e-01,-1.447064094628962572e-01
4.130586850895401896e-01,-5.117242162103569081e-01,5.835733939115476943e-02
-6.508515569783842603e-01,8.415808839677130226e-02,9.236559532392449312e-02
-2.941156925888057105e-01,1.482537904670873374e-01,5.780038524231679853e-01
-3.931151197929677044e-01,-4.167984435988900116e-01,3.430366572904041123e-01
-7.207832910960501605e-02,2.897014290775006828e-01,-6.001568812903247396e-01
-4.494607489584378501e-01,-1.437615305317184976e-02,-5.004775322142552829e-01
-6.576950851475377169e-01,1.529671133146165707e-01,1.181487198132064736e-02
-5.231906733835043344e-01,-3.737733258418013405e-01,-2.146657808107274579e-01
9.497439707300142642e-02,-6.573340751721201691e-01,-1.477710142643659519e-01
-3.268272830467521262e-01,4.352462132759537528e-01,4.124686593153740199e-01
-2.678664418698413763e-01,5.483811005611653744e-02,6.285542709472655698e-01
-1.012016101205246155e-01,5.415067285683299730e-02,-6.783314971240878011e-01
-5.777142888004004329e-01,1.369146146501378780e-01,3.525464959230542594e-01
2.857778615045669102e-01,-2.517732025436272836e-02,6.308562030676009291e-01
3.032347085610975768e-01,1.923651427304968742e-01,5.956794777655030071e-01
3.878709108240629977e-01,-5.361600379035400543e-01,-2.222583479518178695e-01
-2.810359710686632928e-01,-1.508154375418063742e-01,-6.237928540038174541e-01
3.902155073434240284e-01,-5.204612026100954164e-02,5.825927121438241318e-01
-6.483478281414623012e-01,1.361363122655866453e-01,2.430303309990010652e-01
-6.845822711981949249e-01,1.418131340003870311e-01,-1.129682161084060027e-01
-5.908982799881188352e-01,-3.492301890377813578e-01,1.843651545742366615e-01
-2.949633663505656367e-01,-2.824657759726255102e-01,5.847422507367304734e-01
-3.733926113658214696e-01,-1.895969153087994630e-01,5.804817243561942730e-01
6.109027740184062027e-01,2.389266126116937061e-01,-2.926904568379597449e-01
-4.409188980207823239e-01,5.684799018051890362e-01,4.492492601177177497e-02
2.004612538175980230e-01,4.393029654826706709e-01,-5.385909050197853487e-01
-2.263846078671299389e-01,-6.886866740388390973e-01,3.716291831205317808e-02
3.584800821329106046e-01,5.294069504323634101e-01,3.490311853529928787e-01
5.838129555210462840e-01,3.057496237675136896e-01,-3.161925795276547269e-01
-5.252804275574036730e-01,-6.565181793895913387e-02,5.077182464190377331e-01
-2.981591814710423116e-01,-6.429788389440236340e-01,1.985192168598204077e-01
4.983027917693936271e-01,-5.423572049370352088e-01,5.486655236057726842e-02
3.155773707668343420e-01,1.908806942100574333e-02,-6.702719274166918373e-01
-4.265900067597554468e-01,-3.760977622475119575e-01,4.791175748768635723e-01
-4.966315063087420878e-01,3.879378507886659978e-03,-5.568684263142462676e-01
-2.295034895009265830e-01,-3.426489115988503031e-01,-6.248777444785255097e-01
1.197551882456350178e-02,-3.370771220849277383e-01,-6.712628187365375920e-01
8.143740719789099858e-02,-3.780595826630785972e-01,6.470060419067868995e-01
-1.862072945072490160e-01,7.124415358661425612e-01,1.725267917883888114e-01
-2.275648880339714297e-01,1.604561976002483528e-02,-7.237513279010522327e-01
4.851569092234149783e-01,-1.501002566151242723e-01,-5.672861098215415954e-01
6.501150137069876545e-01,-3.975548907550502942e-01,5.382431733072079449e-02
-7.296048459591877866e-02,-3.984567878004632302e-01,-6.506881866539452330e-01
-3.920970810762076653e-01,3.378434743566676585e-02,-6.606878334748054193e-01
2.898561957923830312e-01,1.387191446097545133e-01,7.014614472618363461e-01
2.933545096668760954e-01,-7.128706345148743129e-01,-7.069910040749870228e-02
-2.607828178315496070e-01,-7.228156803461781577e-01,1.127641190106637853e-01
7.585573568604553341e-02,3.680318486765737362e-01,-6.826014590814737382e-01
1.839311864386268536e-01,-4.059185473057464466e-01,-6.422774445920458319e-01
1.667277224290021620e-01,-2.056429163145199746e-01,-7.382564283445305353e-01
4.860374455788202264e-01,4.357037464933822823e-01,4.393662024227103502e-01
-3.002512299539667473e-01,6.670367154568417334e-01,2.967178177897726865e-01
-1.576649296432081071e-01,-6.117154470206291883e-01,-4.776065349552391370e-01
5.233601730759860349e-01,-5.094187477765936833e-01,-3.127216662433768835e-01
-2.187242975422317992e-01,-4.668236069460373477e-02,-7.650157959765017113e-01
-4.480628978018058040e-01,-3.371456487546471426e-01,-5.700141876736496416e-01
-3.010808966423716981e-01,-6.528008549474502153e-01,-3.558574452837777735e-01
3.267934578692704983e-02,-4.664413230092182561e-01,6.549058674577411532e-01
-7.472381280913927837e-01,-1.830931125087066069e-01,-2.444743795620446247e-01
2.075928829202797199e-01,6.396970774255802406e-01,-4.510892610637370348e-01
5.600669909203908059e-01,5.198785855698812020e-01,2.756583703681004804e-01
-7.291789621352344486e-02,-2.412406585693765374e-04,8.116535573001211201e-01
8.299009200579332557e-02,-6.777562041639649815e-01,4.494826580246862324e-01
4.398788873224404594e-01,-5.655360990740784244e-01,-3.989267722157881502e-01
2.127344281719713640e-02,7.183023556454976033e-01,4.003280699107820140e-01
-1.743277143689386799e-01,-6.174198105610720910e-01,-5.189384185945702388e-01
6.246822970239108708e-01,-4.593274309142439393e-01,-2.896905834318784234e-01
-1.048196208771441235e-01,-2.656938907248304615e-01,7.796156407566104951e-01
6.377182706257679135e-01,4.219169635074950242e-01,3.300725945894562585e-01
2.127427832440861588e-01,-8.030267318157340295e-01,8.840461048703750213e-02
-4.108744650071980559e-02,-8.285310319301716353e-01,1.186179584821764055e-01
-2.333007924990314341e-01,7.027895084530743075e-01,-3.977309695653886146e-01
1.441937620980455748e-01,-8.237175428788300335e-01,1.074942944044055410e-01
-2.872493842225449789e-01,7.932170223601392456e-01,5.909467915781121267e-02
-6.598555257532643381e-01,-5.184264657392906317e-01,-1.240061809526016579e-01
3.595755397671191456e-01,-7.128099456751548768e-01,2.941607399996483130e-01
4.977512953848236554e-01,-6.385280178185811506e-01,-2.698779834758261442e-01
-2.211039912790833395e-01,7.502566392501679449e-01,-3.477600011803017033e-01
-6.335639112956746866e-01,4.941310505534718400e-01,3.025821671110408007e-01
-8.134995382301584144e-01,-2.810155327678421355e-01,2.836080994048155099e-02
3.895249904612875236e-01,-3.103160304475857667e-01,-7.056740803012888641e-01
-8.625521247486522824e-01,-8.020323673219076355e-02,-5.856655106226905418e-03
4.905556743198815628e-01,1.468232504375851233e-01,7.019528112270383424e-01
8.040783238782395204e-01,-3.334538026892884255e-01,4.121022469961349577e-02
7.143207110896573342e-01,1.212186912001448832e-02,5.035255721834782650e-01
4.643393915487838974e-01,-1.004281603097506859e-01,-7.367257808996409141e-01
-5.211287090498485375e-01,-1.395641193568560590e-01,-6.942237805830814290e-01
7.735119699955362860e-01,8.490360018653860322e-03,4.232738000041266213e-01
3.535414375741392501e-01,8.105653461888575606e-01,-1.072199768677334873e-02
-3.822463616582135182e-01,6.856660498020762384e-01,-4.128645433747908378e-01
-6.895896529512033357e-01,-4.750927878697657203e-01,-3.001008390639528511e-01
3.838736004985631722e-01,3.658020618146614472e-02,-8.045037720235910239e-01
-3.709559578469758812e-01,6.120299057373863594e-01,-5.369970993817384519e-01
7.573736280906642193e-01,2.140662537560738543e-01,-4.310020229137693781e-01
-2.626505963423240719e-01,-5.002976647144161682e-01,7.004153266618823315e-01
1.289037587857931044e-01,-8.311565790544646060e-01,-3.272702459994633051e-01
7.413284034476487205e-01,-4.744853677104059475e-01,-2.110293447942299117e-01
-7.791966708172082257e-01,1.458331376446344863e-01,-4.421910137335950397e-01
7.923375796079739075e-01,-4.860817495600806837e-02,-4.455468392791805954e-01
-6.398035901460602526e-01,-1.411048150069689477e-01,6.357327887427900448e-01
7.638802196082311591e-01,2.550070222124757868e-01,-4.354670066935499295e-01
-5.860119112905887162e-01,6.632745752145788876e-01,-2.441384939680460997e-01
9.398846806480599947e-02,5.185850952220842913e-01,-7.549649045078832277e-01
2.445566573770067975e-01,-6.971287072838908694e-01,5.538461588132641555e-01
2.689699282116027601e-01,5.029512795798541935e-01,7.294236159342114556e-01
-6.534287937129461266e-02,8.844322424778399139e-01,-2.751568269480494378e-01
-8.828958802509337955e-01,-2.852686405253193058e-01,-7.856132340145444148e-02
8.123430510915725655e-01,2.013573817971287261e-01,-4.141004523709613250e-01
-1.839690303742557709e-01,6.418340008878362646e-01,6.565180151853432511e-01
-2.463148298240386558e-01,-9.004423404426042943e-01,1.012244404976634649e-01
7.724092880133625050e-01,1.748642673528062463e-01,5.093513738418949943e-01
8.436795397785555872e-01,3.200087019557750212e-01,-2.781486050654473630e-01
7.215559107487914403e-01,2.257580787280239754e-01,5.700078969690166586e-01
-5.949548199383506569e-02,9.190846870859292750e-01,2.307160454915928860e-01
-3.509222905508376789e-01,8.160528267053019924e-01,3.426100063388972106e-01
-3.261247320187082299e-01,6.740614000962086294e-01,-5.922454086240604987e-01
-3.130897488862987021e-01,-7.269589599339695285e-01,5.385101042175768349e-01
1.697279831093694014e-01,-9.230228698221319972e-01,-2.018471350728416880e-01
4.304303753608048067e-01,-7.664114385182763112e-01,-3.923190414261186754e-01
5.090860729037844923e-01,8.182281469954132413e-01,5.451271063275719281e-02
-4.211531539327865170e-01,8.068495960904628062e-01,-3.291571996274561540e-01
-5.781611907788425375e-01,-2.190128495315142865e-01,7.480531499593832123e-01
-5.351305717090688585e-01,-7.167997885368166955e-01,3.831061457597196851e-01
-1.365258787908426308e-01,-6.513866020902083775e-01,-7.135309125848628975e-01
6.242403539354611786e-01,1.690793599066794384e-01,7.341364260472459380e-01
8.440077292741157144e-01,-5.598866035661792528e-02,-4.968934654461109046e-01
7.135664530170973130e-01,-1.756552178919970064e-01,6.538643877864359633e-01
-6.996187180638028247e-01,-3.038666845928689186e-01,6.252756307276706726e-01
-8.385511880001474960e-01,-1.841077257045882765e-01,-4.908406396977093578e-01
-1.737290370978720744e-01,4.403879368789782589e-01,8.712630303864665748e-01
-3.893064539798133938e-01,-9.117309368596887564e-01,-7.523990075256045684e-02
-6.143344681583822187e-01,-7.093913646624353531e-01,3.363022542049737273e-01
6.984854501901248680e-01,-4.961901383481258643e-01,-5.147241240196500645e-01
-8.684973073493963414e-01,4.196708954529232982e-01,-2.718799506396117338e-01
-7.554477585622673130e-01,-5.914070243659483861e-01,-2.986401262638920251e-01
8.773244519626034466e-01,-3.196707810056010346e-01,-3.782838116950145158e-01
-3.222919173623571831e-01,9.555504744092727654e-01,5.823568125560689424e-02
1.250988109375030521e-01,2.878433339204367614e-01,-9.629163347230769165e-01
9.852002023398297448e-01,2.103753066912621983e-01,1.273680415258118259e-01
7.305749751768830791e-01,-1.621188030722009454e-01,-6.902777013121597083e-01
-3.820364815310367101e-03,-1.020404130971379164e+00,-2.625938216110073470e-02
-1.492830169829693909e-02,2.964943609347974185e-01,-9.794067132747900084e-01
2.855580009037285705e-01,-3.903967965411445085e-01,9.049166820751678442e-01
-9.697334356893033691e-01,3.181494805797985825e-01,1.292309424313060895e-01
5.055716729412578214e-01,4.510205930219776671e-01,-7.776717269014167266e-01
3.495963885155721207e-01,-5.611657439372925715e-01,7.950984022241540661e-01
7.186516665735953602e-01,5.493147935978182073e-01,-5.065838646341422891e-01
-4.689584338424522270e-01,-1.126058557656983150e-01,-9.207484900338289702e-01
-5.969725745975843489e-01,-2.129587157695352062e-01,-8.271732399301162664e-01
8.956158264226362631e-01,3.617529840030628829e-01,-3.981599880615039888e-01
-1.012989116135897927e+00,-2.180962010570553500e-01,1.530039649573363691e-01
-2.988900970350543695e-01,9.863586837674448438e-01,2.012485102645329982e-01
-7.550250508397564619e-01,2.244823502868041332e-01,6.985119637467553932e-01
9.593273862078312009e-01,1.270115427016161036e-01,4.214088517498439934e-01
-1.005613469695951334e+00,-2.125134254528498745e-01,-2.515475068966516181e-01
9.081818202161172637e-01,-5.151460171845083647e-01,-1.876566641480052755e-01
1.362129196584933588e-01,-3.486700827971357941e-01,9.954727315519761310e-01
9.432306629811161303e-01,-3.994825574137249036e-01,-2.958791131574899924e-01
-6.462898772841659811e-01,8.493831168317460545e-01,5.843561192357552697e-02
6.641686071550969572e-01,-5.552376605040560964e-01,-6.315920062589960304e-01
-1.652731136606782822e-02,1.071405181752762337e+00,7.689887747205756408e-02
-7.028647173052360309e-01,7.350509771596451802e-01,3.543634742843272956e-01
-3.505284797290042498e-01,-1.020675377498175163e+00,3.253561441226122258e-02
6.621522651962374884e-01,-8.231073647612369149e-01,-2.357725474970510660e-01
6.854595587274647794e-01,9.626918809357190576e-02,8.356248125579418540e-01
6.021660869603469024e-01,7.150412705697530846e-01,5.562131368860082636e-01
4.299625699509245780e-01,3.926566105060552703e-01,-9.220098152391869029e-01
-1.050198801382397740e+00,-1.382998361712630131e-01,2.702059077792973163e-01
-9.056001405869275045e-01,-8.207928148409215918e-02,-6.116632333795091192e-01
-1.035940057732238184e+00,1.563937925266498663e-01,-3.305951410098706411e-01
4.044108277138510621e-01,-9.815919378262341066e-01,-2.929421352081698071e-01
3.864205309311253278e-01,2.569325425115317474e-01,-1.001764116048805775e+00
-1.428098693634192173e-01,-6.249582767139931494e-02,1.095703105730735150e+00
9.027258797699647674e-01,4.518933156896980941e-01,-4.601759940063517851e-01
3.968269301876475863e-01,1.004153564664187703e+00,2.666909911918258769e-01
-1.055745452305322907e+00,2.016152522887222354e-01,-2.961894765081892755e-01
-1.188966789532720919e-01,1.368473208015774656e-02,-1.111182149484143844e+00
-7.512337381531017932e-01,5.849405151327908836e-01,-5.904530812069151979e-01
-2.089513116703664922e-02,1.199115857620364073e-01,1.116440221561434409e+00
-6.097621494605057757e-01,7.584782282851003643e-01,-5.659379481137748469e-01
-5.338497650296947228e-01,-9.840567305937558684e-01,-1.420256899433832987e-01
6.737611492191362128e-01,8.897073220340708799e-01,1.848511925108481668e-01
-7.398231963685117929e-01,1.766847204209317512e-01,8.410321076474014390e-01
-7.788606874138619407e-01,-3.488686650443098558e-01,-7.508424024855110401e-01
-9.353938877393509488e-01,1.420708782154329886e-02,-6.505074607653453800e-01
-1.033207027235031994e+00,4.868698025446475675e-01,3.101049771346246244e-03
5.413046143294272250e-01,9.758113247509312416e-01,2.561531225139592749e-01
-1.713970240301188053e-02,-3.590050106282369757e-01,1.089925685190172633e+00
5.249461325459173766e-01,-4.230365774937516199e-01,9.321431157366956155e-01
-8.481740842930149404e-02,-9.780013580572649579e-01,6.050294806115532609e-01
-6.906287702904528869e-01,-1.395561193507610376e-01,9.163180868715399274e-01
-8.771808793278690342e-01,6.229016026302749282e-02,7.543987212956972943e-01
2.363586831364019869e-01,-9.143868664940606461e-01,6.759108150234905965e-01
1.940950807930481303e-01,-3.334502317322559639e-01,-1.098345190294177209e+00
-3.495088862142382014e-01,1.087844807767977429e+00,-2.368138368940402860e-01
-8.880087414914283883e-01,-2.484086416965982369e-01,7.195945123519498221e-01
6.788432193727524933e-01,-8.620787759810005779e-01,-4.129569041046728395e-01
2.170980481173459820e-01,-1.108153434326653253e+00,3.253983984333303492e-01
-4.627184400650575236e-01,-1.344603490136454249e-01,-1.074862723790752650e+00
-9.939073409366459000e-01,5.120411904920545848e-02,6.352653143935260704e-01
-1.105445354653785905e+00,2.340714500945201004e-01,3.518159859141991586e-01
-4.951248859933271573e-01,3.443832301626986725e-01,-1.021460932708198488e+00
-1.141835723718546358e+00,-3.232667983230198550e-01,-7.360767949770122276e-02
-3.105956379795895561e-01,1.109976061749881948e+00,-3.029673297613203475e-01
7.553478230202158583e-01,-7.762036617504532998e-01,5.038656741215316037e-01
1.164751816488339697e+00,2.003714461307884720e-01,-1.917419148493565151e-01
1.120774299030050103e-01,-6.156227054524937570e-01,1.024043592377896106e+00
-1.061648905215007765e+00,-5.584640039014624469e-01,-8.896682629716373691e-02
-3.826530527828533312e-01,1.091579032853528863e+00,3.400369860803066357e-01
-7.174063242450346989e-01,-9.531627505403538203e-01,1.926660325714122102e-01
-1.641203976212968485e-01,-1.110922129104376932e+00,4.538347752575069838e-01
5.462155778258632743e-01,-9.031189954443473722e-01,-5.998605077929420881e-01
7.159446806811274877e-01,2.599083010858317944e-01,9.489245284693679228e-01
4.711725130708283027e-01,1.062251190168132631e+00,-3.701418619205990579e-01
7.392833868894203020e-01,-2.099189346312588852e-03,9.734790610123488230e-01
6.248539421639811575e-01,-1.051986190611500671e+00,6.267845924926007672e-02
-3.180959089462239153e-01,-1.097154942215276874e+00,4.505249189438804147e-01
-6.270908490690281223e-01,-1.636967577840301169e-01,-1.046302241060542704e+00
1.030311792224832379e+00,-4.934503489302031753e-01,-4.654612606349773918e-01
1.126961841107706697e+00,4.015288835262432188e-01,-3.119998835640602208e-01
1.396992376349456555e-01,-9.209598315723622752e-01,8.172348033500120845e-01
-1.589683477052160343e-01,2.075556230223942200e-01,1.214153755699832749e+00
1.117288494008076144e-01,5.433793748947385316e-01,-1.114342826813620180e+00
-6.228694627056767796e-01,-8.093479946216644016e-01,7.165888079899287444e-01
-9.615113927505143376e-01,-3.379003099510368702e-01,7.244693399868618044e-01
-9.625369940960277759e-01,-1.758983068426922813e-01,7.830494234875762238e-01
5.842450064596148573e-01,9.847531670446907359e-01,-5.163056383038817643e-01
-6.403869977343962239e-01,-2.957091811398486828e-02,1.083407626464263807e+00
1.208558621163870583e+00,-2.477438559932651774e-01,2.643135276067709594e-01
2.108655141201646599e-01,-1.524586298032978848e-01,-1.237447531682634549e+00
1.174258580405978636e+00,1.876015075339254878e-01,-4.382460686082890189e-01
6.768351380495550851e-01,-5.494351681868634568e-02,1.073399572797362644e+00
5.447907372977832674e-01,1.138137448824819709e+00,-1.683828462372889134e-01
-5.579092155253979612e-01,-1.140048810952914771e+00,-1.294189173381035118e-01
-1.169473917513883077e+00,-2.923289978492253360e-01,4.264220562580428031e-01
7.485218149013102007e-01,2.561602556361151084e-01,1.008125833240168800e+00
-6.125243715882223300e-02,-9.048876027216514739e-01,-9.093558827592910232e-01
9.640242866389424348e-02,1.002842039083604364e+00,8.011356628540612368e-01
4.710079719653333802e-02,1.265176510633670981e+00,2.474626687277480530e-01
-9.123173988557322645e-01,1.114723199976447171e-01,-9.092437899026037940e-01
6.431164071518075120e-01,-9.759001323971737696e-01,-5.593395838353572014e-01
1.124226512304461467e+00,3.903199583958571334e-02,6.487069169563058901e-01
4.650389528783408499e-01,-9.057909195252011880e-01,8.105069986259998416e-01
-5.905515339790977647e-01,1.070659530888273148e+00,4.538826459727209328e-01
5.719272324884017156e-01,5.719979846333668183e-01,-1.026763933025177433e+00
-2.830792092110173130e-01,-5.293886506069691578e-01,1.164309476562009893e+00
1.084995945143689272e-01,-5.999360976777436960e-01,1.162671622250794901e+00
-9.928108093246368338e-01,7.390944217966082253e-01,4.461916007646904991e-01
6.636608971051437544e-01,3.874727106746200800e-01,-1.071439210946457665e+00
1.594706225634973384e-01,-5.303861827556433095e-01,1.199744400580379899e+00
1.154680912459575159e+00,1.133562401045631329e-01,6.384165015476319649e-01
-4.028222369176581719e-01,1.178056043209082304e+00,-4.596084482055851073e-01
4.695778497342580904e-01,3.917150498589098695e-01,-1.181104718367099515e+00
-5.209441182621959987e-01,1.145115941953566363e+00,-4.403771634548813152e-01
1.798476090486282597e-01,5.953304571043877003e-01,-1.182166273736170892e+00
-3.986342736688374133e-01,1.028405585656962273e+00,-7.585848205687932833e-01
-4.213698046699834165e-01,1.033709949496305347e+00,7.440359961777993636e-01
6.588231540138923537e-01,-1.162465223015820559e+00,1.485514711294581847e-01
-1.276365760326095167e+00,-3.366591783630695778e-01,-2.697350495460761888e-01
2.856131914026668328e-01,1.028300818677090556e+00,8.270526763000143333e-01
-5.539672677339743667e-02,-1.250542935662115385e+00,5.136900188000003142e-01
1.159727381816959557e+00,-4.407493643441219855e-01,-5.471829737844542407e-01
-4.778102243061169152e-02,-4.114021506037147113e-01,-1.294201576270783027e+00
1.215286396556938486e+00,-3.992739227377302136e-01,4.669370681371178278e-01
1.191009825327560501e+00,-6.631419891931505939e-01,6.332835580084436589e-02
-1.323496529804816246e-01,2.476933391292097109e-01,1.338404984641202278e+00
5.887445155896552373e-01,1.126731135273178586e+00,-5.118595855825553986e-01
-1.356751584259958010e+00,1.240185209543162859e-01,-1.730837383503067706e-01
-9.272703769626667869e-01,8.215531040842548594e-01,-5.994386144917053239e-01
1.370623039075044236e+00,-1.505279827981149121e-01,-2.926549480118096486e-02
1.822699949139431064e-01,-1.043806698160396396e+00,8.873596589584148431e-01
-1.288645783765395958e+00,5.042820312428110130e-01,-5.758538852012756032e-02
6.416298179015772485e-01,7.606163148086222403e-01,9.675143886799413284e-01
-1.121745292534726164e-02,-6.432027835649392622e-02,1.389300594564379043e+00
-5.874348404580196359e-01,-1.201895981202079966e+00,-3.910469832064122908e-01
-2.055457980699877119e-01,1.187095991060088895e+00,7.065841190921492432e-01
-1.196671792712353577e+00,-5.608125508977166440e-01,4.608168035724324874e-01
9.799628807241922424e-01,-9.040683004281014901e-01,-4.352265078193068848e-01
8.698843067429200548e-01,9.174066730640725309e-01,6.139880403234324602e-01
1.047906745791487015e+00,9.380939314272509488e-01,-7.372936514457752166e-02
-8.040522225374095999e-01,-1.224455033040577484e-01,-1.153405968101007817e+00
3.470955433354767639e-01,-1.244440975050250975e+00,5.753491649323139168e-01
2.789995619657663073e-01,1.154943469887810714e+00,7.724771898318800734e-01
1.136286378117833673e-01,1.382633242530816098e+00,3.036687365076559120e-01
-3.426688569556276542e-01,-1.159549160219129238e+00,7.504619763361398688e-01
2.744112462873908864e-01,-1.244594231684103214e+00,-6.397229719261582348e-01
1.118578474345822693e+00,4.096767357743654192e-01,-7.892562208054887396e-01
8.244398486526123560e-02,-5.938031171894112559e-01,1.300392046674196056e+00
1.221918371294027139e+00,-5.818266364243505073e-01,4.767351152352953259e-01
3.095796409514406378e-02,-1.216855501733945744e+00,-7.652947203106797991e-01
-1.649324778685375137e-01,8.286378537430081348e-01,1.167065157863847347e+00
-1.428937175173908614e+00,-1.372727385609299744e-01,1.540008191456108955e-01
1.092473062122626404e+00,5.925216743982633094e-01,7.405426889622499509e-01
-3.895595191822546211e-01,1.208957486191053921e+00,-6.987371514491417246e-01
6.502535811856250403e-01,-5.275838927102893816e-02,1.297908040206878999e+00
7.551977038640326212e-01,-1.121339159617237957e+00,5.395255589008000063e-01
1.001305352232590706e-01,1.197024087883685084e+00,8.273929428230973881e-01
1.381742437825762337e+00,-4.448618139130102178e-01,1.704147547925181083e-01
-6.178782380908393046e-02,-1.179364832753660552e+00,8.661087478455654631e-01
-8.305361729925876402e-01,-1.204405965105852294e+00,1.149444432393666032e-01
9.245669119721290352e-01,-1.078311889543122293e+00,-3.804908404879140948e-01
4.364120393293028505e-02,1.001387746704795578e+00,-1.080025036261026417e+00
9.663490829676181226e-01,-5.006660450322897304e-01,9.977204550682708950e-01
4.353173695978500568e-01,4.026671379164725173e-01,-1.355408824431422410e+00
5.082451322341010602e-01,1.378689164040403092e+00,-1.963035897695696030e-01
2.555340810375908989e-01,4.037537529343927512e-01,-1.406484682671616415e+00
1.757575941498425443e-01,-2.469555608737678820e-01,-1.457238169918967152e+00
-2.380573599439810284e-01,4.583242111748037778e-02,-1.471591312391284490e+00
-1.087363574067006233e+00,1.024524057494120122e+00,3.606966966367254612e-02
-3.167488151582052436e-01,-2.923622570768363849e-01,1.434045681865338207e+00
1.493048870599369193e+00,1.485870219981543505e-01,-5.211969414998634739e-03
1.419248971277440097e+00,-4.626960789399647833e-01,-1.788236447623540448e-01
5.122272175126119098e-01,9.316024554863429064e-01,1.067301140207769228e+00
3.538645070909287038e-01,1.313474732309446003e+00,-6.542472287869761649e-01
-1.316103459090266714e+00,-6.814119324882361717e-01,-3.018843650512528787e-01
-3.202694348968995186e-01,-1.461242773765342839e+00,-2.427274360637045880e-01
-1.122380227084861071e+00,2.062932861924425543e-01,1.001791260562222563e+00
-9.472347624922663467e-01,1.171502187696574770e+00,-2.130611989849635346e-01
-1.353490538305463620e+00,-3.815477939711024447e-01,5.888655437300327478e-01
-1.398606880216521464e+00,5.520303947370640979e-02,6.118553896674748804e-01
1.109168311849477728e+00,-8.133104899585014147e-01,6.716031171763954255e-01
-2.930808019386369478e-01,1.229643245030755949e+00,-8.684178206956950641e-01
6.304931067402511635e-01,4.688212559753865971e-01,-1.320631943233484318e+00
-1.191300742419880043e+00,9.123517533389774448e-01,3.451691741666936819e-01
1.349825690006262457e-01,-1.251695532351347062e-01,1.531732539060359333e+00
-4.470430931722803591e-01,1.051413621864836889e+00,-1.041233696838680833e+00
1.203243955420572942e+00,-9.674505048384035577e-01,-1.230808006386714115e-01
1.138783505440910560e+00,7.491198439968630440e-01,7.418509525159512341e-01
-1.291035975348721943e+00,8.565770332164607259e-01,1.316256287859247365e-01
-5.690422752383929028e-01,-1.040073725934957283e+00,1.010821177834368090e+00
-1.074994761041182967e+00,-4.544727316856624899e-01,-1.036671422242243512e+00
-2.947286960979462744e-01,-1.071853494326895584e+00,1.100301460463428471e+00
-9.769038325222316743e-01,1.116298285428926507e+00,-5.054831049632505513e-01
-3.585524367097974729e-01,-2.432760436569909868e-01,1.509250654106463196e+00
-1.278661389910078272e+00,-5.455376782874770125e-01,-7.366311451150671097e-01
-4.894325064236109690e-01,4.993062764877088250e-02,-1.497608873841724364e+00
1.196435537584389641e-01,-1.350988522933578073e+00,8.093637053706028706e-01
1.347756670474173912e+00,-4.145096178216556293e-01,7.183309268604418651e-01
9.353675743326526071e-01,-7.985042383016327516e-01,1.000740903636652357e+00
1.378013193281806270e+00,-2.381170445824448978e-01,-7.537565987812219204e-01
-1.061475637800260996e+00,-1.183916349927529810e+00,7.192263158928398348e-02
6.053963237308220002e-02,5.368917724931792090e-01,1.500487511333522095e+00
-1.279095173670968588e+00,6.711257204122987874e-01,6.831784463326476819e-01
1.411604483610286787e+00,3.366703225851906955e-01,-6.761112539331568527e-01
1.564065064766470003e+00,-7.830841122950886468e-02,-3.472313630857986611e-01
-1.457281653863247151e+00,6.776758169761142314e-01,3.888297575964897931e-03
-9.456212100306184976e-01,1.256838803254458181e+00,3.450241331930314903e-01
-7.581858157466212500e-01,5.662752321047971327e-01,-1.306657721438187147e+00
9.343009880002394185e-01,-1.238659171828788930e+00,-4.535231357987050127e-01
-4.951308911754705999e-01,1.264430694389061527e+00,8.825964057468473900e-01
-7.466945416374576316e-01,1.392736875581699563e+00,3.683920886819538332e-01
4.006761115756931613e-01,6.260008783700311830e-02,-1.574361614565604084e+00
-1.055717674958735336e-01,1.282247952579562034e+00,-9.989445714246844021e-01
-4.075205216259332186e-01,1.368170493638256824e+00,7.908101086220998832e-01
-3.023865298545202474e-01,-1.340150723889995898e+00,8.866109659104097762e-01
1.420909214056733094e-01,7.531406423904140057e-01,1.447865430488984861e+00
-1.521761230060660219e+00,-5.219830391093648325e-01,3.251672998924963198e-01
9.517835006885700944e-01,8.859526869108564906e-01,-1.006684500321895603e+00
7.613835699861677409e-01,-2.968716509395032399e-01,1.430618195168282369e+00
3.688811831734802871e-01,-1.416337972648090249e+00,7.633715786484526200e-01
6.026607933965245634e-01,-1.508924303149780544e+00,3.084071714297076938e-01
-4.739254049934641944e-01,-1.573552659291368006e+00,-2.118192661764999318e-01
5.467327565934370082e-01,9.181197938223482069e-01,-1.270465044964822487e+00
1.576967861946776128e-01,9.849760930583599805e-01,-1.330911620871040757e+00
3.686362014032422696e-01,1.551340829720227132e+00,4.840239606283513463e-01
1.035245338649020574e+00,-1.305818094417761976e+00,1.020941764783805661e-01
1.486351740876549421e+00,5.687633093386466054e-01,5.148778778729661276e-01
-6.717065670562080149e-01,-1.172482999356445843e+00,9.911964403480973962e-01
-6.022051592938666431e-01,6.183478226966150348e-01,-1.440119494656538324e+00
-7.312536394014896857e-01,1.425600264796715200e+00,5.123307345735896856e-01
1.177080771981500851e+00,4.863278472530152552e-02,-1.205112803241162212e+00
2.109399395856964565e-01,1.593424234867660827e+00,-5.170531797827565557e-01
5.658964896515844556e-01,-1.259671349183265399e+00,9.769943415987586421e-01
7.391259938438305976e-01,1.421591540470515058e+00,5.522827384638054893e-01
6.698163277587892983e-01,-6.579586779768791249e-01,-1.414718630146973855e+00
-8.422130079018467219e-01,9.219428422831585923e-01,1.155191114770712346e+00
1.398007037976674027e+00,-7.766396931790366942e-01,5.890498511021468042e-01
9.752835853831272050e-01,1.098917109247450563e+00,-8.698331859914258946e-01
-1.531826498530571179e+00,1.540514515301974197e-01,7.456847684986700475e-01
-1.027354496186202226e+00,4.537550269227891286e-01,1.294531561754737492e+00
-8.309702387472355234e-01,4.110793237987817594e-01,1.445194584157204254e+00
1.420219913865558743e-02,-7.747876908435065157e-01,-1.535753657145988438e+00
1.408812178429712292e+00,8.532200995188338188e-01,-5.072298404303102748e-01
1.194856845811123058e+00,-1.238309328596271852e+00,-1.411971768166692953e-01
1.144544142573880041e+00,-8.641038980202516706e-01,-9.671677890524216226e-01
-7.105018529662153748e-01,1.577940483252571191e+00,-9.182582488256205155e-02
5.119352225203444018e-01,-1.591937171852590982e+00,4.667975308555833980e-01
1.313322688170610597e+00,1.416835135092164855e-01,1.131583551416737832e+00
8.767781862855246466e-02,-7.259562168195453635e-01,1.581718267700642055e+00
-7.295126622921220827e-01,-1.433160907818437746e+00,-6.793998347753705813e-01
-1.140509366471335273e+00,-1.292067048985302335e+00,-2.979007368857312099e-01
-1.140913611493634905e+00,-1.026172488718812836e+00,8.458609543980850631e-01
1.392617475210538025e+00,-1.346526257459894904e-01,-1.060170260754164318e+00
-1.088967195900741425e+00,1.261383366590950406e+00,-5.620050447864550769e-01
-1.346202910580288847e+00,9.635287880368907931e-01,6.028922775701169856e-01
-1.267342745239273372e+00,5.903467654653318242e-01,1.077420302737230662e+00
-3.738319233317688450e-01,1.637551874519701745e+00,5.527909892725598739e-01
6.337383377245084937e-01,-1.418267229541245067e+00,-8.516053035902054757e-01
2.972084520714455280e-01,-1.772057156279272239e-01,-1.740708829452281003e+00
1.544365692092562581e+00,-6.588440470734002741e-01,5.849410018620671003e-01
1.199900598942738927e+00,-9.389193894875558222e-01,9.227629530444318995e-01
1.062263937798090696e+00,8.335503633488826336e-02,-1.431442056182677502e+00
1.161192501925213172e+00,-1.099398185724533850e+00,7.993260902181469341e-01
-8.810481535309359069e-01,-7.196694861172117097e-01,1.383262478548542118e+00
-5.968150927575598397e-01,-9.339013591957581184e-01,1.410983586294398906e+00
1.792786260938336484e+00,8.014860964025335988e-02,1.020246655180883366e-01
1.889134587969525103e-02,-1.800407774266743699e+00,-2.832506531600570421e-02
1.159630036951100895e-01,1.714944328672224128e+00,-5.476213050893325995e-01
1.032869862367876923e+00,-2.301257980958391902e-02,1.482833569990683165e+00
-1.472398725707503742e+00,3.334060908030677672e-01,9.994165706089405132e-01
-1.319243944532924262e+00,-9.110571520035622983e-01,8.481502580535078550e-01
-1.033503691049338230e-01,1.800568156235301309e+00,-2.212026679682226604e-01
-4.358723393161517135e-01,1.487649153619368114e+00,-9.541873785588967927e-01
-1.336038009221284684e+00,1.081780643705445577e+00,-6.084765191002444729e-01
7.440854987476708260e-01,-8.477914284623598862e-01,1.437025110832456765e+00
1.590043387163487365e+00,-5.023229454337209132e-01,-7.542442116870284874e-01
1.626139734471169884e+00,-7.426656980300103683e-01,-4.069345330649115633e-01
-1.268706113667827262e+00,-3.131152001056651257e-01,-1.290690503112894350e+00
1.728434952264894076e+00,5.893848708953129956e-01,2.253181221951247037e-01
1.437502238312055258e+00,2.849859460876902895e-01,1.118089650051958150e+00
-1.493273373463561260e+00,2.150823116354041165e-01,1.064793186099831201e+00
-1.255211325012891843e-01,6.198677458513792704e-01,1.738420873362649388e+00
1.721838230629115507e-01,2.698234175961726766e-01,-1.825340379692021342e+00
-8.161364273975521000e-01,-1.550760946746335911e+00,-6.128902011577450626e-01
1.163381368725393772e+00,1.432314636520417350e+00,-2.321136664188531151e-01
-8.510050099837795923e-02,5.309767848852464667e-01,1.783815539386313542e+00
1.727265671084588838e+00,-7.018911148266443467e-01,-8.619299596874697988e-02
-1.123090648391650292e+00,1.303176978115672680e-01,-1.489159222670347837e+00
-7.022194446782421551e-01,-1.561459061143987137e+00,7.596447400001309358e-01
-5.966835305133426637e-01,-3.124547663105055606e-01,-1.751318494359278111e+00
4.826551946596971954e-01,7.624610595584810913e-01,1.648925311645257796e+00
3.090955376494439188e-01,1.023921986653067773e+00,-1.549779394695945500e+00
-1.584104108872868677e+00,-5.964910510346270733e-01,8.325460755376981048e-01
1.716412284384693843e+00,-5.262140625284754680e-01,5.898550874124695031e-01
1.529212965629765497e+00,-7.470405076024880797e-01,8.288267545329455199e-01
6.412996792403109492e-01,-9.042852477780292109e-01,1.538559710556884008e+00
1.788003466462288360e+00,3.867678883953710178e-01,5.121504406231051076e-01
1.865112096554508492e+00,2.978817793386686619e-01,2.327689511267559963e-01
1.044814677459915853e+00,1.453026694158501275e+00,-6.567963664601196294e-01
-9.955789092747193703e-01,1.498932933271186929e+00,-6.396168210661103970e-01
-1.572906483948955492e+00,6.533081303486665270e-01,-8.712379203051878740e-01
1.402187731958336903e+00,-4.768284189963608449e-02,1.305506145456067468e+00
-1.829790784839863349e+00,-5.775239597986491225e-01,6.296400714693446699e-02
-2.055975138572058158e-01,-1.514106164987082614e+00,1.167801805421822881e+00
3.802895324484567574e-01,1.832298647787018009e+00,-4.577777799533190306e-01
-7.519482787872020513e-01,1.656575832332360276e+00,6.440600404085010666e-01
-1.607406317705698306e+00,1.022048379649643346e+00,3.303985832687969526e-01
2.395409592940797860e-01,1.675974271745096722e+00,9.403636755090291066e-01
-2.970108595754916148e-01,-3.712142317828646121e-01,1.880857390056096534e+00
7.154625482850004436e-01,-2.036023202004901000e-01,-1.795388596516572344e+00
-1.262300088354250338e+00,1.030930393860397531e+00,-1.064752059791355787e+00
1.685465608014052208e+00,9.736687273922612906e-01,-1.195007854198757158e-01
-6.180846472195349328e-01,1.837222942659286540e+00,2.427197858810665188e-01
1.048082452756481597e+00,-1.486023089824109134e+00,-7.230815516178392688e-01
-8.343538423378279445e-01,1.690508154288032694e+00,5.375105680008785969e-01
-7.657202286823858728e-01,6.591382498685653679e-02,1.807079907127164820e+00
7.459213055667459624e-01,-1.668001877141953138e+00,7.286590302331997782e-01
1.644077157527737976e+00,-1.662801367902685679e-01,-1.073467231767264440e+00
-5.687104446928794577e-01,1.490120538202841960e+00,1.162975798682032824e+00
9.629051722774846223e-01,-1.028320411010236857e+00,-1.387530944475352968e+00
1.524789532224313904e+00,-6.205935451887737431e-01,1.101478498878084578e+00
-1.361916034892665328e+00,1.314624389777129254e+00,-5.948613015728154707e-01
3.829841372808071576e-01,-1.617996385194958586e+00,1.088988915633243071e+00
-1.433737161953890116e+00,1.319925142438838961e+00,4.077869601953095224e-01
8.982661442210784219e-01,1.405969942268042505e+00,-1.092751367281328490e+00
2.678395255936738550e-01,1.889101565415543416e+00,-5.924323832595652650e-01
-3.351555388639173017e-01,-5.956435185939289167e-02,1.972119944392976443e+00
2.488267793216470958e-01,-1.732742884721749421e+00,-9.770223002165883130e-01
-1.969913945151876788e+00,7.129356833908072344e-02,-3.834426798715772633e-01
-1.062280576074344562e+00,1.670816394782086212e+00,-3.555659635551237652e-01
-8.643384889694534223e-01,-3.190091467834932359e-01,1.792067306595429788e+00
-7.505742115139083515e-01,-1.430145622058928367e+00,1.210607042114441034e+00
7.809369347758964297e-01,1.665621570351887959e+00,8.390592171509625441e-01
-1.370212533166985658e+00,1.490566435004761603e+00,5.361023971183125070e-02
-1.423401137538605754e+00,5.657429917836190869e-01,1.330417860555399123e+00
1.567740501940591891e+00,6.209725149719037551e-01,1.134358689375603246e+00
1.661907319934273319e+00,-5.226721821116499592e-03,1.175712151418934148e+00
5.546069788300710401e-01,5.512232973044159934e-01,1.883331699106321144e+00
-4.601056947995523227e-01,-6.114598720276130939e-01,-1.893922493377217187e+00
-1.211272579769280267e+00,7.478995953352218784e-01,-1.469752667431741378e+00
-8.758845750028276811e-02,-2.010547294441227262e+00,-3.885326688386658844e-01
-1.643010080911797344e+00,1.002121949200841744e+00,7.151628241031885436e-01
1.977108948696217672e+00,5.658710508715042442e-01,1.771999376403877655e-02
-2.034124992445348390e+00,-3.199395567557196673e-01,6.156633378827132408e-02
2.857100002445280285e-01,-2.029364812277227870e+00,-2.413169363152608549e-01
1.812096229569940542e+00,9.114342452329601829e-02,9.902485667631538702e-01
-1.606776449341311919e+00,9.408468918968907468e-01,9.056005290500319660e-01
-1.226273988268756776e+00,1.189616029638181693e+00,1.175832670942754010e+00
1.951678079244631325e+00,4.239210600979446686e-01,-5.720826163521675056e-01
-2.700615158229099366e-01,-1.810878071758261099e+00,9.891299014923841115e-01
1.859621213408313656e+00,9.156399644667441162e-01,-2.204453151692375434e-01
-1.428629122642279592e+00,-1.220468416560386515e+00,9.106536977156706181e-01
9.187955990784059113e-01,-1.322593636208822865e+00,-1.334557458528138341e+00
2.225354541382072726e-01,2.010199705757466315e+00,-5.465932262870277780e-01
-1.652758879185350693e+00,-7.989261503768173567e-01,1.016876645107449129e+00
-2.088315437964568311e+00,-1.718872045524101611e-01,-1.676553749294932560e-01
7.547710379878175280e-01,-1.448784717065134675e+00,-1.328487224651503595e+00
9.467627362504500432e-01,-1.273220482536828291e+00,-1.389583627778507413e+00
-1.795280003003365765e+00,2.514949588453568863e-01,1.084900382715622724e+00
-1.288774470279755002e+00,6.620845315529780839e-01,-1.542377266255627877e+00
1.716410371738280372e+00,-7.798113790197382933e-01,9.690332893116895274e-01
8.780986552936654865e-01,7.895437921819301597e-01,1.764587855231652069e+00
-1.290202589885929507e+00,1.307726006519792428e+00,1.071674617915492345e+00
1.614582972119906312e+00,9.445896653341228077e-01,-1.019419861053997289e+00
8.103311523864717980e-01,1.395996144679544082e-01,1.969097975542746903e+00
-1.546969123367004206e+00,8.895075383859896156e-01,1.176562740540350260e+00
1.962721205266769520e+00,-2.342851881151679083e-01,8.226039784848364622e-01
1.385242293926447044e+00,-7.486619970992151041e-01,1.455916779653630089e+00
1.887850392583456216e+00,-9.139288979576351002e-01,-4.638122597142042003e-01
2.030558633987466610e+00,6.996923001982243706e-01,1.301945725861878844e-01
2.071860872625933325e+00,4.598670628073391331e-01,3.754512520222337835e-01
-3.620693594352992761e-01,-8.173639310634557911e-03,2.128212296959860250e+00
-1.069340738036085092e+00,-1.733443927246504757e+00,7.263403199539439914e-01
5.202265998881588915e-01,-1.430281192185156591e+00,-1.541112018677750717e+00
-1.700030962435824078e+00,-1.290090744037502457e+00,3.904419280861818886e-01
-2.125072149431503021e+00,2.446232070812337511e-01,-3.829749106534681702e-01
-1.213738812983409021e+00,-1.483273428509289227e+00,1.031880458748468898e+00
6.838560214680526883e-01,2.025317424938683608e+00,4.290764523501782723e-01
6.671414558247866777e-01,-9.826934299157963348e-01,1.832645400917708001e+00
6.636629500319319863e-01,-1.725294089198692316e+00,-1.169607597037060298e+00
3.956359530108895517e-01,2.747634970727806381e-01,2.137476139559137955e+00
-4.613408741282620240e-01,2.087558328957257459e+00,-4.958718228885375390e-01
-3.816108338336836048e-01,1.951000303417687931e+00,-9.383135087956725462e-01
3.603225536894281156e-01,-1.618576497630518363e+00,-1.448694767172635123e+00
-1.214551170904927035e+00,1.423696315539605406e+00,-1.167137899025668668e+00
-1.074646327676238577e-01,-2.114508900706648653e+00,6.304906152509228701e-01
-2.069202127033063388e+00,1.659453928167885783e-01,7.662104946046001119e-01
1.853600975696201081e+00,2.132688188313144328e-01,1.196216198500546835e+00
1.210315290248053399e+00,9.377473616332082651e-01,1.607513729940569069e+00
-9.607613855867663810e-01,-6.149954348205949328e-01,1.908709733377548901e+00
9.892062930948408717e-01,-5.647468481249371397e-01,1.913935355517342618e+00
-8.924205871843841897e-02,1.085592944262581794e+00,-1.946880430641504400e+00
1.847327839499948388e+00,1.244736728432249695e+00,-1.762780971514125994e-01
-4.884622337593619301e-01,-1.746765728760034664e+00,1.311321083143508925e+00
-2.532664185703258908e-01,2.194080760828512222e+00,-3.841107326740759165e-01
-9.083011002871900219e-01,1.832809214247921314e+00,-9.261979454982767201e-01
-9.081507807936225474e-01,-4.135629728059373456e-01,-2.015609144885714521e+00
-8.733909441142947427e-01,3.301303918116236247e-01,-2.050147645778439109e+00
-1.651990641204220012e+00,-1.502582394811765809e+00,-3.233707809047726700e-01
-5.357494435965224344e-01,-2.165063032443043323e+00,3.652455473641380013e-01
-9.221948749852054705e-01,2.035303584896854812e+00,3.627692893315179190e-01
2.253616076092845866e+00,-2.230138443922823621e-01,-1.122623783605564141e-01
1.546634606407573997e+00,1.213135511980545589e+00,-1.137544217811527369e+00
-1.743398341149070108e+00,5.742532606777567272e-01,-1.343607272104794470e+00
-7.390690516223082929e-01,-1.714525459691417897e+00,-1.305912897184140720e+00
2.076953199155377572e+00,8.156101800297865800e-01,4.786030014494718765e-01
-2.240763082656655580e+00,-4.316293549554488518e-01,-1.323666293707255748e-01
5.567315118192937146e-02,2.250364045436636040e+00,4.177047354527765322e-01
1.101608005091567200e-01,2.001422580803184026e+00,-1.113912442690884186e+00
-1.289238619035707245e+00,1.884584692147553309e+00,2.485743733529796884e-01
1.312629980021821519e+00,-6.097509692509627266e-01,-1.788236595876132817e+00
1.133359421714754012e+00,3.790452611131013838e-01,-1.970138747586680728e+00
7.196128944418919149e-01,1.033155368193920509e+00,1.934284747135818439e+00
-4.264834933630970437e-01,1.992060077242030713e+00,1.092541225684499295e+00
-1.122356819881283441e+00,-1.993402318111670679e+00,3.573107057472956760e-01
3.019930817366015541e-01,1.861953640217162809e+00,-1.349129829099546152e+00
2.148446223894328266e+00,-8.724529566538011816e-01,-1.359570243379908117e-01
1.851990317935270358e-01,1.066980430938713642e+00,-2.059134350232547650e+00
1.289914506023061569e-01,2.132060151473168741e+00,9.315604723431903933e-01
2.319179313302856205e+00,-2.642953372948692384e-02,-2.611906371703883734e-01
1.447941461537931795e+00,-6.776114010786244979e-01,1.705652742516554410e+00
-2.055695319482993000e+00,-1.014564468800769559e+00,4.766483080981275822e-01
-1.315484192926518858e+00,-1.940591962709877771e+00,5.950530422152867926e-02
8.028038983708749576e-01,5.142995159859260479e-01,-2.146742029763194282e+00
1.079491649177159340e+00,-1.933069241068815503e+00,-7.956426811074861494e-01
-1.643984571915928061e+00,-1.451945055868570256e+00,8.613520460107422227e-01
4.299514130691001190e-01,4.457809475264976062e-01,2.277470810261087220e+00
-1.796540252853581654e+00,4.531555198857624145e-01,-1.468088815267779568e+00
-1.097365707086100040e+00,-2.098011548455002373e+00,-1.055679321455600672e-02
7.485213806605103271e-01,2.150159464239658647e+00,-6.635764840968935152e-01
1.784666372092886366e+00,-1.727474744932093118e-02,-1.567272850182380495e+00
9.376127145116103234e-01,2.002164754938060121e+00,8.785288779705148210e-01
-2.373034714325135131e+00,8.325666687681970712e-02,-1.983212059210181233e-01
-1.872089235624539549e+00,-1.247554682981135254e+00,-7.965257434693354677e-01
-1.361544949822100614e+00,1.869615801777190001e+00,6.036128491609505931e-01
-3.375192662606526506e-01,2.297709395041175551e+00,5.816580199939513918e-01
3.479312286578550850e-01,1.724189550662997839e+00,-1.629714887149734892e+00
-1.895338340888227169e+00,1.062325663807491161e+00,1.023328387705295883e+00
-1.814739983696751047e+00,1.578151252229520907e+00,-4.934471418994232361e-02
7.422190110716222478e-01,1.161313293139033753e+00,1.976111988403015607e+00
-1.302047977134732193e+00,1.788753666072377069e+00,-9.632818447777149462e-01
1.696751423487008248e+00,1.218900507352093543e+00,1.215140596934402684e+00
-1.568781485845494261e+00,-3.137648464824385752e-01,1.816629445098018492e+00
-1.742437980674946818e+00,1.027865251156518722e+00,-1.336237558333522646e+00
-2.082154735717117067e+00,2.044563831655910324e-01,-1.232665710259697178e+00
1.174777799790425625e+00,7.069852392360779225e-01,2.008795206076936513e+00
-2.226823779697265859e+00,-8.450541196476849537e-01,5.108115365957162091e-01
-1.082503183550349801e+00,-1.862590125938753172e+00,1.145155027952670990e+00
4.203713625443727953e-01,-1.176340061324890662e+00,2.100152286712151373e+00
1.552393392920152770e+00,-8.457787493459013595e-01,1.692512828272210612e+00
-2.078689026241781423e+00,-1.083869505787719012e+00,7.161919957714648621e-01
1.043621639710613058e+00,-1.874588351309013579e+00,1.193422281449993960e+00
-1.067823464707029046e+00,1.876220313393986427e-01,2.207014806845792432e+00
-1.958847459492532916e+00,-3.316589789853230386e-01,-1.455406521445130830e+00
1.579935084460855954e+00,1.868635771913035759e+00,3.102700454794414253e-01
-1.134192045735088472e+00,-8.744828212030379966e-01,2.013000279559435945e+00
-1.151391673876383193e+00,2.079009194522709603e+00,6.887430535004682719e-01
-2.044974130743193452e+00,-6.002399397867246300e-01,1.264617015265100397e+00
2.458720323538376551e+00,3.450513291421287987e-02,-3.378296749064882976e-01
-1.802723985259810702e+00,-1.234524911201468234e+00,1.185735565194231400e+00
-1.875732923644126249e+00,1.625761428238279072e+00,-1.939508946483926022e-01
7.979112858982362333e-01,1.759748072633900984e+00,1.576394614314523324e+00
1.469778333830929817e+00,6.039047109748391096e-01,1.926862405196000605e+00
-2.337457345479846182e+00,-8.906862378753476195e-01,-1.092510943566889735e-02
2.020197968258019561e+00,1.450959564422547698e+00,3.001880738468654108e-01
-2.380124730089640206e+00,-5.852756541592404327e-01,-5.371697518298098606e-01
-1.556549356381734306e+00,-1.957298297164370871e+00,2.485450536042496661e-01
6.937535459274274396e-01,1.185292156467421254e+00,2.109269660347807829e+00
-2.292976726883316108e+00,-9.947001387190076427e-01,3.281776484758388013e-01
1.789922459432472079e+00,1.132321397910085459e+00,1.374258633122307893e+00
7.633536969084148138e-01,2.399874172467597599e+00,-2.284609532703212598e-01
1.330054786772433939e+00,-2.529255233872191450e-02,-2.155087228876773953e+00
-9.524585465911715731e-01,-2.061486185278432970e+00,1.130052992819800872e+00
2.066494983157842746e+00,1.473119010308845622e+00,-1.154386174862201131e-01
4.499354158464805020e-01,4.634829938673212107e-02,2.503827285454843565e+00
-2.028490682920925270e+00,6.889832243056284167e-01,1.379946319322208126e+00
-1.443673609861655605e+00,1.571014220393481153e+00,1.400527515110252752e+00
-1.095222595849781877e+00,-1.459310716135496344e+00,1.790178166685066241e+00
-5.289299377567238114e-01,2.172923470051964401e+00,1.246036125934697258e+00
-4.577486397405767238e-01,-1.638301775021631768e+00,1.918484690473078791e+00
1.281237277166753064e+00,-2.138835797444401443e+00,6.149739025813291127e-01
-2.460350876125565467e+00,-6.428793970636246247e-01,3.847600079353865055e-01
-2.131377582714667263e+00,5.280006207564166276e-01,-1.346638646008089024e+00
8.390935853681675827e-01,-4.343157943523772158e-01,-2.400554629443500954e+00
2.506768874090698485e-01,-2.375898788846448895e+00,-9.839039695756414128e-01
-1.815601561101942041e+00,-1.102508262283422802e+00,1.477953955323211943e+00
1.713440453580869383e+00,1.925654380037266744e+00,-2.697946462163944292e-01
2.503506197616456319e-01,1.997470395145018340e+00,-1.638545053413480890e+00
-9.169966038019553567e-01,2.094557762658587396e+00,-1.236919572527771072e+00
2.023359317774645838e+00,-1.637925859497405767e+00,-4.385590418957879821e-02
1.707810905304441240e+00,-3.807237088392778079e-01,1.933357672416737838e+00
-2.446932017795660386e+00,6.361532135184803094e-01,6.542608879282858503e-01
2.496068267497561777e-01,2.462549141634267080e+00,-8.453446971173794733e-01
-1.342226789285281496e+00,1.682947393876822906e+00,-1.492669047148762029e+00
-2.315289678012317776e-01,2.613011744561362093e+00,-3.803678023121572632e-02
1.818793441571188163e+00,1.158021541806722121e+00,1.501615110392718222e+00
-1.109110029063997693e+00,1.595413566686255225e+00,-1.774666702741640956e+00
-1.608208910324499863e+00,2.038963697345963055e+00,-4.497711418879905554e-01
1.686326226609839329e+00,-8.009417363279873747e-01,1.865996328823780637e+00
-1.847938411027488570e+00,1.831787485864526888e+00,4.669253289443542343e-01
1.921784559939811343e+00,1.809485650364934806e+00,-2.051672420477136105e-01
-2.219764792723748936e+00,-9.799182268844637278e-01,1.069247914732113003e+00
1.492548172448268477e-02,-1.718176341119783457e+00,2.024817203012858169e+00
-2.094619841169157226e+00,-3.697245353997219430e-01,1.596719119794145492e+00
1.565205260792329245e+00,-1.999331300189856331e-01,-2.145985798712180870e+00
8.540511567331048326e-01,-2.455960086645845752e+00,-5.962048854097660167e-01
1.403510131976852371e+00,2.265766753122187449e+00,1.860758833043912597e-01
-5.747278672792335286e-01,2.578982055952765418e+00,4.222751477285289212e-01
-2.236124464189215288e+00,1.062708419347984171e-03,1.476884843908154332e+00
-1.441700266635878247e+00,-1.766278927257711961e+00,-1.415952076336336019e+00
-4.833097663288519336e-02,2.547161591441393202e+00,8.570675131193489227e-01
8.043008121641834207e-02,2.622070197366375144e+00,-6.041823822884797579e-01
7.325331196421470681e-01,-2.376379713943772565e+00,1.041561356843203390e+00
-1.268844391106691338e+00,-8.592762714573729532e-01,-2.223116014751255864e+00
2.564526573236622919e+00,-8.048478395140558073e-01,-2.966053079820430982e-01
2.577334116710529255e+00,5.412047794763228392e-01,6.316927891300081477e-01
2.369727035080224642e-01,2.318984284644847182e+00,1.386664085825819459e+00
-1.471829599033069647e+00,-1.049436098073572410e+00,-2.027616501886718936e+00
1.524185367574573347e+00,-1.552313768552331830e+00,1.633464941810933269e+00
-2.470214065858689079e+00,-4.275884918454984085e-01,-1.067000925334159245e+00
-2.609959827999327686e+00,-7.026624991432089962e-01,3.741167032033039241e-01
2.480073794465095016e+00,5.317861872837468251e-01,-1.017048500714783366e+00
-1.386911325474275092e+00,4.106410786678483804e-01,2.323406444529018344e+00
6.571243506561527115e-01,-6.285479341967560307e-01,2.585720904253291152e+00
1.007239247408692195e+00,-2.208342012961511003e+00,-1.282208116638148487e+00
-2.205527008653955789e+00,6.247245406208015162e-01,1.517666984257772800e+00
2.542201354690387660e+00,9.134629187942931994e-01,5.323307522052201923e-01
4.918279323003541675e-02,-1.717904660266941080e-02,-2.756910263250978765e+00
-2.237570523963785085e+00,2.721777754656554693e-01,-1.595371666397256138e+00
-2.318829445980711945e+00,1.084108165931049861e+00,-1.047164314128928631e+00
-2.712479250115811258e+00,1.918336773340474088e-01,-5.266168955576224775e-01
1.362627394551469417e-01,2.768009941943815555e+00,-1.188849603967425395e-01
1.849345573315895219e+00,2.059912113152185587e+00,-2.328729286607549021e-01
-1.395061027249680397e+00,2.346577374044468645e+00,-5.366081874016287445e-01
-8.335952058138976772e-01,-1.788604601638784208e+00,1.967145040793741195e+00
-1.731630399974102508e+00,1.886872739973425306e+00,1.108128303606285003e+00
-1.088024634534391577e+00,2.092276170235212618e+00,-1.499517816003893556e+00
-1.189477889845926617e+00,1.807694698911683107e+00,1.774992724312534742e+00
1.047981702218267142e+00,6.614764225120327579e-01,2.514100752640372693e+00
-9.222164915533292984e-01,-1.907794144152310745e+00,-1.841118216432972021e+00
-2.455941281764868478e+00,-1.059469732792380992e+00,8.655458360736948409e-01
2.201086372330324448e+00,1.748356044062272074e+00,-1.588555621344954483e-01
1.536112325611827811e-01,2.723004627352669349e+00,7.155020473141805448e-01
-1.530168218564359028e+00,-2.090917155718729603e+00,-1.122733253896836869e+00
1.835561338822086164e+00,1.208840992072786058e+00,-1.779589786050210787e+00
1.361219452908726257e+00,-2.313069492359117518e+00,9.044404401662123894e-01
-1.852267854244315393e+00,1.955470314646100771e+00,8.889419966799169126e-01
-3.504647803904751835e-01,2.794705887419511647e+00,-3.682198704478779616e-01
2.297387002267967659e+00,-1.311559907759556332e+00,1.046177656643450193e+00
1.520872930315034122e+00,2.356382255042894780e+00,5.010006084905450630e-01
5.804773318382423497e-01,-2.537954136612216693e+00,1.167225471556861738e+00
1.330160467496238619e+00,3.928031847718356229e-01,-2.498200171622801946e+00
2.134844325009795263e+00,1.329871805604690760e+00,1.364774285054580316e+00
-2.436633285170688001e+00,1.334901641520636340e-01,-1.502626940665754196e+00
-2.396776580557635761e+00,1.322734712387662270e+00,-8.619415261640795967e-01
-9.881400669792007596e-01,1.417620792130731777e+00,-2.296805676675491625e+00
1.772638580130889263e+00,2.156519806263313743e+00,-7.020659587462358964e-01
-2.197741603872346960e+00,-7.360615091251424547e-01,1.714135852418253725e+00
5.420756508857111911e-01,-2.518960077630457928e+00,-1.302138190235630155e+00
-2.831020154867788019e+00,5.742785650021638988e-01,-1.208757257080842196e-01
8.991361989311034142e-01,2.737534991039576315e+00,-2.847970363973737484e-01
7.381836301127489008e-01,2.802716619277513033e+00,9.026528237878608807e-02
-1.290046914805782263e+00,7.995139045695760782e-02,2.600453722056602857e+00
1.302992970113087789e+00,2.136438879257037016e+00,-1.481742185933949463e+00
2.236713157166777322e+00,1.508072601427372206e+00,1.097889465058614622e+00
1.079804433312428369e+00,7.210736066645908604e-01,-2.611795009425716074e+00
-1.562073049838783367e+00,1.252518350773178524e+00,2.126840655215418874e+00
2.542404362237486559e+00,-2.656530099069372847e-02,-1.446646980643736091e+00
2.469876156905730813e+00,3.221149213503987085e-01,-1.542178466095751155e+00
-4.568078739139109223e-01,2.818742434761487115e+00,6.734136766022310594e-01
1.820430608153474683e+00,1.008240336160501904e+00,-2.074155263011938644e+00
-2.354226301058861104e+00,1.753791662193423750e+00,-1.992431678048164068e-01
-1.223488773824559672e+00,1.352553709750133892e+00,-2.314482011675561779e+00
1.835562823068649596e+00,-1.015623563488059489e+00,2.075504908577855634e+00
-9.250553588775358715e-01,2.711119534969005151e+00,-7.266473478848746170e-01
-1.659733898999996127e+00,6.752334793348868658e-01,2.355573632831768016e+00
2.160037338541779817e-01,2.592499646385129974e+00,1.420283102907724526e+00
2.199050636166284711e+00,1.806144995283735621e+00,-8.441125218153787690e-01
6.999377888208739851e-01,2.675917799126019236e+00,-1.088905403307481645e+00
1.109424183889836435e+00,-2.724598455498560945e+00,4.556546580646744782e-01
2.914930749799968801e+00,-6.152335486183562185e-01,1.110128937493819745e-01
-1.791354514306457313e+00,-2.455853289376429271e-01,2.375759566196548267e+00
1.256353924129090860e+00,2.537906724281068005e+00,9.591673278976963202e-01
-1.227030632757778683e+00,1.608993481210452048e+00,-2.207010751138308358e+00
1.753246688431460809e+00,2.226948517864058452e+00,9.788830585159461473e-01
1.942103319110132231e+00,-2.289201547011572302e+00,-7.255287990020109490e-02
-1.849199142822071096e+00,-5.618935028241142104e-01,2.303988012224449822e+00
-2.602064853608205386e+00,-1.487086052136636249e+00,2.960881264215519115e-01
2.585386956969439876e+00,2.254480711026097817e-01,1.536573048889837922e+00
1.991867885039315000e+00,-2.174154717498429701e+00,-6.541867446006792708e-01
4.457885094662389913e-01,2.791581828243792973e+00,-1.075727893192713225e+00
2.881809032482445798e-01,2.871631638450085067e+00,-9.197792151462785837e-01
1.405904560929487568e+00,-2.674342704020549188e+00,-2.704814624947914914e-01
1.875508293309690266e+00,1.315555943115796822e+00,-1.995045785458759102e+00
1.095056115689591714e+00,-2.758015142019828225e+00,-6.702866604865339584e-01
-3.110913764524266267e-01,-1.019387753864230001e-01,3.028964668327394527e+00
1.919997438691966929e+00,-9.205663693941986692e-01,2.185118782464048781e+00
1.921719715884552260e+00,-1.869131583336859137e+00,-1.465865394662037025e+00
-1.297438319599828249e+00,-2.517866967215026008e+00,-1.157293737869734995e+00
-1.012316218521006478e-01,3.046153342372377448e+00,-3.162329461908797712e-01
1.389081393226666350e+00,6.363433797373362344e-01,2.661176012238019695e+00
2.650894594765095924e+00,-1.400291239788077569e+00,-6.748191753978538543e-01
1.739668009460871412e+00,-2.399887153422183506e+00,8.274665227717811211e-01
1.265021170661408956e+00,-2.775850269672265558e+00,4.384183946064861837e-01
-1.194972125566216015e+00,-6.944584096013868280e-01,2.759510441804099212e+00
1.520340210405510151e+00,-2.530593998483391172e+00,9.149579718653709781e-01
2.463281208976277004e+00,-1.375082438332641432e+00,1.273305599124030518e+00
-2.229611024001191488e+00,2.007984435903828135e+00,7.773263802135421674e-01
2.658944468001167571e-01,-2.994638767861923068e+00,7.722675573693649209e-01
2.168718444172859972e+00,2.013725345723119897e+00,-9.508678529878565877e-01
-7.474387929318216939e-01,-4.194874640127420617e-01,-2.992596031423223391e+00
-8.969625583448573858e-01,2.026096242818129056e+00,2.192808651357657013e+00
2.690895259899559910e+00,3.647895481811048168e-01,1.540080155085405078e+00
3.045477922337332277e+00,5.847757451481873092e-01,3.960065447912050618e-01
-2.510297114209102176e+00,-1.807963680369514492e+00,4.809839555706975633e-01
-1.551293683965656367e+00,-2.668067158941608064e+00,5.518984484684881231e-01
1.677627267653416965e+00,-1.947914530774428332e+00,-1.802488574666065047e+00
-2.817699073765268292e+00,5.083723089428261455e-01,-1.299249177799775889e+00
-3.106808034467388957e+00,3.556991171276390751e-01,-3.679092071104004269e-01
-2.971315618192902352e+00,-8.862202380935987334e-01,5.729882943077704294e-01
2.305392923867801258e+00,-1.255131854306895445e+00,-1.755157003054232723e+00
2.873332688395862089e+00,-1.367386545866874914e-01,-1.313182313941012369e+00
1.795832988252151763e-01,-2.126518141248907590e-01,3.154393716314384921e+00
1.772794782496634358e+00,-1.766903108782142962e+00,-1.947170992205980333e+00
-1.801920990026665281e+00,2.610028946790053261e+00,1.602254160811013017e-01
-3.176449874533727513e+00,-9.088850351501981395e-02,-1.242396333130718622e-01
7.788763729990322293e-01,-1.371524134554162444e+00,-2.766687280758524548e+00
-1.008755928601502205e+00,1.143398062444034163e-01,3.023317156999496547e+00
1.683333876717554078e+00,-7.367013495867200668e-01,-2.612213329862838052e+00
1.960718944165978472e+00,-2.465791467344094823e+00,5.517371036049190103e-01
3.082929864508330287e+00,-2.862374745149695032e-01,8.195120873428626274e-01
2.974546478797133187e+00,-9.460537383823396373e-01,7.376591440868373040e-01
6.954233764121150463e-01,2.179266986310346432e+00,2.254646949711727189e+00
5.619432730512289309e-01,2.780524076235525222e+00,-1.516044640519430997e+00
2.891831170241637938e+00,1.295391772002929764e+00,5.779809806218605406e-01
4.939245208398332365e-01,-3.042469022018367664e+00,-9.505698431781979263e-01
-1.115137894240471717e+00,-3.031247784943696733e+00,4.010894549426241573e-02
1.759055008635071582e+00,-7.455421833719255709e-01,-2.610174012817192413e+00
-5.847946045600239673e-01,-9.950983464066478490e-01,-3.026630452873051880e+00
-2.728734019419558621e+00,1.256276566040913867e+00,-1.223980502453074770e+00
-1.332618530818205471e+00,-1.241081065637853476e+00,2.689965628780093709e+00
-1.062806302433807887e-01,-3.065666043129435359e+00,-1.082708030399277099e+00
1.775430675655802704e+00,-2.586410036234603638e+00,8.775254438736784790e-01
-3.376978383475834344e-01,3.125091452392078306e+00,-8.725922025348070710e-01
1.444485463962937644e+00,-4.901401144793232634e-01,-2.888750631695662818e+00
-7.437165675685535049e-02,1.839125271037264309e+00,-2.704406737814948336e+00
1.142429082106481752e+00,1.834229204464838503e+00,-2.462180226022900431e+00
2.841390438311843791e-01,2.829109636552219698e+00,1.636304015925902133e+00
6.088563793183499051e-01,-3.162426508421837923e+00,6.486335628573878243e-01
-8.955992306841924488e-01,8.540502410197795546e-01,-3.048151955082811337e+00
1.552004939357674029e+00,1.569737186162699416e+00,-2.445478384841711428e+00
-1.158180741212597509e+00,-2.099670194129611200e+00,2.265758434820137168e+00
1.945110131894716154e-01,1.720006298014840729e+00,2.813889570816159758e+00
-8.953266852122290786e-02,-1.465828184310168147e+00,-2.964490869819968566e+00
-6.635361699880470976e-01,-3.140441655902615814e+00,8.203269135340670593e-01
2.061969596997224929e+00,-2.421791619051922861e+00,-9.431781500001902296e-01
-2.780737249436311842e+00,1.250321229950656088e+00,-1.319634724265861481e+00
-2.964730603940917142e+00,-5.215931794380106457e-01,1.416504317556552817e+00
-9.395554762819077199e-01,2.710169779365129816e+00,-1.694518295863185253e+00
1.800781754825131475e+00,-2.694236860686524793e+00,7.927976411767160281e-01
2.046413375222765119e+00,2.115762557595140425e+00,1.580236583255670402e+00
2.154256131966362009e+00,2.539278595054251575e+00,-3.222975104661993662e-01
1.476511240746747999e+00,3.004507563457188724e+00,-1.295278721609597894e-01
2.541519055185836873e+00,2.061217751016934496e+00,7.398391566414475040e-01
2.503195355367709762e+00,1.665844327421068360e+00,1.498572676370663492e+00
3.081907774878904771e+00,1.237968492660667552e+00,-5.362287469664219763e-01
1.158678951978073801e+00,-2.366138224371726384e+00,2.099692380000378389e+00
-1.759967427119964567e+00,1.390863778381229654e+00,-2.519828182696179919e+00
1.617182812702605998e+00,-9.840018136386006198e-01,-2.798164080201087422e+00
1.612976585151294495e+00,6.138764755004034734e-01,2.909731806994419134e+00
2.509277063644225869e+00,-1.043640382735233407e+00,2.022698646878317241e+00
5.387846232189179574e-01,-1.739737828095249572e+00,2.862158978090655559e+00
1.167547517991230466e+00,-2.422714185942874021e+00,2.075634446269251310e+00
1.147373394454700990e-02,-1.409622090004658546e+00,-3.096113288724785750e+00
1.156004135718185388e+00,3.256637675917039565e-01,3.187925701685734303e+00
1.502779782958259425e+00,-1.157549857229083434e+00,2.835360374318695253e+00
-5.129128269707256688e-02,-3.373961949546189665e+00,-5.325665360390257064e-01
-1.342028417363183013e-01,1.245451976168470365e+00,-3.183258033228132611e+00
-1.916721767105617147e+00,2.481875661889445084e+00,1.378860030756238420e+00
7.494951161332912282e-01,-1.245653074141904071e+00,3.107081741926012164e+00
-1.476285548445658513e+00,-2.919685128405351104e+00,-1.046907185407591978e+00
1.999709237064127842e+00,-2.477741088705567307e-01,2.787917794169701757e+00
2.527722859313783488e+00,2.248090422312047920e+00,6.497826219163813644e-01
6.567726208122630638e-01,-2.629685889051310177e+00,2.133491386819971414e+00
-2.864790965804097311e+00,6.410396689470746479e-01,-1.820267582608628532e+00
2.305349818188070277e+00,-1.535348622912249050e+00,2.071817201823404009e+00
-2.611731786348671758e+00,2.207755096211937662e+00,-5.496706180880053250e-01
-2.152535543156289588e+00,1.820749633130187117e+00,2.020422139788600191e+00
3.318791194725232430e-01,-3.414045942198468797e+00,-5.459385725696230818e-01
1.159397239510083555e+00,-3.236720705588169711e+00,-5.259993584506238440e-01
-5.988716419256665535e-01,3.430361586678158936e+00,6.799954727464126158e-02
-1.898288258580144383e+00,-2.925704907376847519e+00,-2.992956654908777991e-02
-2.967141612207069734e+00,-4.487655135958145691e-01,1.786726906956338290e+00
-2.187067963387940572e-01,1.614141389090827106e-01,3.486756874939221706e+00
2.373663449880922816e+00,1.311974454919528243e+00,2.215746324617724472e+00
3.194582072171842313e+00,7.893945348670500239e-01,1.212597778272750393e+00
3.169637362608065612e+00,-8.550544212252894072e-01,-1.247018919880801935e+00
-1.072974410045938187e+00,3.153218908917798657e+00,-1.128128598927890858e+00
1.612055281977705090e-01,-2.276887446282891858e+00,2.681524857974592724e+00
-1.534148425439689101e+00,-3.152167616015468354e+00,3.809565868102504638e-01
-2.533356802533273999e+00,1.998721259775063652e+00,-1.433986331784190327e+00
-4.348615889720265637e-02,-3.015839866360090493e+00,-1.845589002267504108e+00
8.312693415275439202e-02,-2.371467192510205102e+00,2.628111997496558772e+00
-9.078203846021521972e-01,1.013380665062380226e+00,-3.274309177107295188e+00
-1.487091257303317260e+00,-1.071936509830083928e+00,3.040758130951143112e+00
1.494035435684065050e+00,-3.217048103955544747e+00,-2.444537885390134224e-01
-8.593714925397583082e-01,-2.852032701754607213e+00,-1.950222630892211484e+00
-3.198161774436864224e+00,-1.215606290787581534e+00,1.002397909720799341e+00
-2.654935307918052434e+00,2.380354281352667467e+00,1.755348464304291312e-01
2.155642801122922503e+00,-2.599981369630214978e+00,-1.172093817927224668e+00
-8.144203609904435703e-01,-2.800556125456421963e+00,-2.075839913024613903e+00
7.501508165349917157e-01,-1.856317023603554883e+00,-2.973542024396265582e+00
-1.535861824465645009e+00,7.381266310625125282e-01,3.159439051521025998e+00
-1.304510338935711000e-01,-3.385035205216952114e+00,1.202299742734004084e+00
-1.065662431210424144e+00,3.437190355416489762e+00,-8.013249050352887204e-02
1.994366738852395349e+00,-2.933172867720147181e+00,-6.408939577302555923e-01
-2.163664822721780290e+00,1.403723696972195567e+00,2.524946521186011594e+00
3.519732803044600455e+00,-5.947237046567593888e-01,5.662167699517156594e-01
2.382306839045739366e+00,-2.618526198502165503e+00,7.526021399547944135e-01
2.689369140092722876e+00,6.084726397251322139e-01,-2.351865479109846557e+00
-2.776583622654828498e-01,-3.593154482124520044e+00,4.268340904088260834e-01
5.339129756913243430e-01,3.428037333504095674e+00,1.081408667250699951e+00
-2.141549971083810622e+00,-2.375919932332570539e-01,2.932448085423403850e+00
2.303987192999501055e+00,-3.097042377408337765e-01,2.806018165313392654e+00
9.996413928285781125e-01,1.710261868940470498e+00,-3.064292780250997161e+00
-1.271058720715897428e+00,3.169053369677516940e+00,-1.300738318188338738e+00
3.376406251173693196e+00,7.561660691679101820e-01,1.189465502779916362e+00
-1.639083827172138630e+00,3.505907831997273072e-01,-3.257857214799245504e+00
-2.285440177726796585e-01,-1.882662775330439020e+00,-3.140538952898040304e+00
5.682295559905110593e-01,-1.754424680057641295e+00,3.177313823129815695e+00
-1.592000939147178995e+00,2.612637999937208466e+00,2.042677585146431163e+00
1.687873538312070210e+00,-3.087684402021761088e+00,1.089454389001234480e+00
-7.782584696523422441e-01,-7.474189185673202340e-01,-3.527340850215280099e+00
1.799084991436076697e+00,1.248203814120141808e-01,3.223520561058252909e+00
-5.961883911380232437e-01,1.369004241907889163e+00,-3.383897284024926400e+00
2.785186133080126858e+00,1.469246415454498189e+00,1.949747422570147881e+00
6.867094236451335432e-01,2.361165944322646926e+00,2.776321462155195263e+00
1.991119197106149485e+00,1.326083237821630290e+00,-2.840570757954767878e+00
2.424993338638949059e+00,-2.751994405655309173e+00,-6.125145801287497083e-01
7.923549596777212933e-01,1.834749803022598602e+00,-3.142059576341563520e+00
-2.881972664059997413e+00,2.130516948676982381e+00,1.029233059924346438e+00
8.860032982789921574e-01,-3.529955517271856191e+00,8.343898228252332183e-01
-2.252174620523254678e+00,1.260183504320792292e+00,2.705389534737106860e+00
4.325093256437012590e-01,-3.641289509436135496e+00,-7.557844985780194369e-01
2.840084654766800387e+00,-2.112980244598298807e+00,-1.234650916671762744e+00
2.159340426120813117e+00,-2.996634453362460260e+00,6.712025555767474616e-01
1.000221315862786176e+00,8.206591242686567256e-01,-3.529475621596750656e+00
3.724248528931731084e+00,3.768483824585718289e-01,-3.964951055047078454e-01
1.220100797047481089e+00,2.950653379528867859e+00,-2.003113741672842618e+00
1.725297564468851963e+00,3.309358274202489625e+00,-5.632636791062868298e-01
5.566948920768759468e-01,-5.976266580552631602e-01,3.690134838154196295e+00
-1.230366941206399556e+00,3.152811869828760827e+00,1.693699201204882376e+00
2.612194023123675546e+00,6.577006394330613404e-01,2.665536321454877733e+00
1.585034435188063195e+00,3.103219913263718155e+00,-1.502518413372517569e+00
7.899862579338391422e-01,2.565524693443326787e-01,3.707926516390406935e+00
-2.291774048562437827e+00,-2.895709751410507238e+00,9.165638900739758732e-01
3.258246591605325815e+00,-3.721476671180594109e-01,1.939513690280078917e+00
9.134090779269021798e-01,-3.598689156079209805e+00,-8.777888884327439412e-01
-1.210001469363451543e+00,2.577864236439842305e+00,2.546568339393326941e+00
-9.662557995376103159e-01,-3.148314368727853640e+00,-1.946319332942451519e+00
5.388309830244775167e-01,3.762169157326310742e+00,4.782486782999610941e-01
-6.360028977349174717e-01,1.313218239390030739e-01,-3.780291974293178203e+00
-2.211750010127500499e+00,2.654975030220213750e+00,-1.676629840554108242e+00
-3.426106622606358565e-01,3.536250077833825500e+00,-1.472728003965208865e+00
-3.333446543697978548e+00,-5.246167261753105215e-01,-1.855783682414849922e+00
1.913835122629161001e+00,3.145866861491724009e+00,1.145214705861722138e+00
-3.420876041714341564e+00,1.399090748574831622e+00,-1.118365602965114114e+00
2.385941893580847406e+00,-2.507082591274434336e+00,-1.724044251834233155e+00
-3.706002461439321216e+00,6.572774103499182674e-01,9.077748703304547861e-01
-1.487036489683429830e+00,-3.520551087074055729e+00,6.519739632650898287e-01
2.415112276675591918e+00,3.039141520502033345e+00,4.093341841678761056e-02
9.891670712432675261e-01,-3.714805322168341917e+00,5.769598733543395142e-01
2.677780850984679439e+00,-7.314871272388061563e-01,2.728719521631920220e+00
-2.245562400452204788e+00,3.179493602842387912e+00,-2.005932255886423987e-01
-2.074906098705108448e+00,-9.174074600460296880e-01,3.175793212525883646e+00
2.324774573516091569e-01,-2.218076331897138598e+00,-3.209249991472309382e+00
2.610583278541668273e-01,2.256937110623978615e+00,3.186225057376016689e+00
-2.215522254597854790e+00,3.150826606856600431e-01,-3.216671718012571013e+00
3.280624937352553783e+00,-1.138379411683374309e+00,1.826834697820229669e+00
7.779692099647991244e-01,-3.322679739523792808e+00,-1.947133667607784391e+00
-2.726640797437842156e+00,1.331149670394761397e+00,2.504269225548397593e+00
4.489779685460804776e-02,3.911027709592076018e+00,-4.700659974490004611e-01
-1.860350332007275398e+00,-1.535266393469204127e+00,3.121295482673933641e+00
2.548335495856627886e-01,-2.686887775711638948e+00,2.884013942610638814e+00
2.061501156595694217e-01,-2.671089321980291587e+00,2.909661828589545252e+00
-3.795603076842065882e+00,-8.108368850145704076e-01,-7.879653029286483035e-01
-2.271683746168861706e+00,-2.799227068312386546e-01,-3.238478099961643153e+00
9.549507552921296938e-01,-3.263930166675677036e+00,-2.050186369852703638e+00
3.726792737469984740e+00,1.209191242804734223e+00,-6.776387701123745000e-01
3.874160336530918958e+00,4.668404151869153806e-01,-7.907249920449856972e-01
-2.660072742834851400e+00,4.395326387311480065e-01,2.936870234385663636e+00
-2.149655214302215622e+00,1.935971010084142518e+00,-2.750919122324465782e+00
