0.000000000000000000e+00,0.000000000000000000e+00,0.000000000000000000e+00
-3.910073255143039529e-03,-1.065908103500112303e-03,6.563944883155280186e-03
-4.410788897497279308e-03,3.559440619903539178e-03,-9.584966437632862560e-03
-8.406634600292351919e-03,-6.709278465248724255e-04,-1.099446338456338580e-02
-9.845415219669691881e-03,-1.278228693700567478e-02,-1.641650779137429411e-03
9.689634070728644216e-03,1.494023221251006978e-02,4.433239786249069600e-03
-1.061706213449261152e-02,-1.032154082297816189e-02,-1.392024633594493750e-02
-2.177868428318319866e-02,-2.706225801599056267e-03,-3.174022138968078666e-03
-1.115835857788432649e-03,2.381302599656327790e-02,2.094376393716378300e-03
-2.449528253404899270e-02,6.943681415977903323e-03,2.768629301878064528e-03
1.659139910430570963e-02,1.094900764504533851e-02,1.860411186785650151e-02
-2.531370479025453826e-02,2.278112956377732052e-04,-1.370815669785293948e-02
2.998188277088169665e-02,-3.699217604332183992e-03,-2.387894610478810079e-03
2.027171371539495878e-02,-2.094490238655813755e-02,1.265912306413462945e-02
1.416313608396504130e-02,-2.961114838522895323e-02,5.104975811748489918e-03
2.409537822831954099e-02,2.464017416161251237e-02,-3.364696118138562654e-03
-3.401151725139510418e-02,-1.171390012575603684e-02,-1.605894817387336056e-03
7.246980671233275648e-03,-3.430840023729871038e-03,3.649330429861889075e-02
3.505668892711379103e-02,-8.484765520338692288e-03,1.401741038246924302e-02
2.158144682897072258e-02,3.367502865578826665e-02,-9.989686332793109701e-04
1.761205176159977986e-02,3.161650570493497459e-02,-1.990461332648957651e-02
-3.405222978277750584e-02,-2.329153112812415438e-02,-1.053769017407942682e-02
-1.799287739279069320e-02,-3.967978461310318894e-02,-4.884837743408280628e-03
2.219740448833538646e-02,-2.338413143813755993e-02,3.151867021007068170e-02
7.125079615247286585e-03,3.567804100596004557e-02,2.867112534173313007e-02
-1.408553290403111342e-02,-3.902095300386322109e-04,-4.540697933906195916e-02
1.379316099580808405e-02,-3.119853547062450411e-02,-3.483163154780683640e-02
2.827451195290146130e-02,1.765070115641962506e-02,3.720494676795700617e-02
3.356963545111357750e-02,3.853331815144728917e-02,1.921629371166602663e-03
3.109678599171641390e-03,5.094814152415448605e-02,1.149512065860918211e-02
5.055756850698311239e-02,-8.348051432492641089e-03,-1.535316999859197805e-02
4.396091322907114129e-02,-2.585111750314188911e-02,-1.965853061735939322e-02
3.862819827930264686e-04,-4.627731951205372313e-02,3.119695960710565721e-02
-2.665609128241046288e-02,4.834582675880068348e-02,1.402436046652288763e-02
-5.283241525209896039e-02,2.079297578483339098e-02,1.234372682247687064e-02
2.228759847960270005e-02,-3.378517614071117198e-02,-4.325632349968831086e-02
1.782326315920610554e-02,3.420114212125022896e-02,4.644438370553329032e-02
1.753322495189247460e-02,5.342783680517732003e-02,-2.489144896009861524e-02
5.610746651689035858e-02,-2.444214809952053799e-02,1.322933774652864866e-02
-4.824088435260194541e-02,-4.163892700501386351e-02,5.816596432417194332e-04
-6.026761027801716408e-02,1.991759332069959615e-02,-1.323482007158690785e-02
3.022811994092022142e-02,5.100081327052007063e-02,-2.887676699181944764e-02
-4.965417723565122843e-02,3.177083443838128046e-02,-3.194222428704105582e-02
1.199526931831015192e-02,-5.596227002365418424e-02,3.698670749162670524e-02
-3.590311519243372107e-02,-3.977132799526744700e-02,4.385490649313972950e-02
-5.106749637247967599e-02,-4.421672498954902497e-02,-1.957871809607659302e-02
1.426495685576404694e-02,-3.842724901455590869e-02,-5.848427146747680466e-02
-1.689180996935021883e-02,-6.976542989877521084e-02,-1.020579141548185083e-02
9.854662943941529252e-03,1.166073415878766603e-02,-7.198414008117716423e-02
-4.673588087721698703e-02,-3.048419923530002601e-02,4.961170519365681181e-02
-3.352924558727716359e-02,-2.035081643685194772e-03,6.788595045960138519e-02
9.344131764007565857e-03,-7.425902928708881523e-02,-1.729469435452238996e-02
6.545978054370907295e-02,3.016876277551347463e-02,-2.952332108262265345e-02
4.544564219663078247e-02,4.660388833715073398e-02,4.469290771540813945e-02
5.629972268065714519e-02,-2.997384496924013556e-02,4.833739966522290765e-02
3.650209765958475905e-02,3.529455663140504407e-02,-6.323283705735412152e-02
-5.872662863703614552e-03,-6.106347922608786061e-02,-5.465505571186719813e-02
-7.818618125278582742e-02,2.819901042307632402e-02,4.251298804696401236e-03
1.832976217747666475e-02,-5.265081500313994328e-02,6.321546864383606468e-02
5.431747102962094370e-02,6.557932191227480723e-02,5.764330341536894921e-03
3.219774790229597283e-02,6.827852849128795976e-02,4.204318336214914881e-02
-5.729421844918183154e-02,4.771662649116575200e-02,-4.572577486136629454e-02
-1.407960212641977578e-02,7.318512502841731382e-02,-4.777217185212632999e-02
-3.568006466957317907e-02,-1.899966068552814968e-02,-7.994135518659302442e-02
5.352717968269508908e-02,-2.312140436230654406e-02,6.939157405874597784e-02
-3.273875512951822386e-02,1.431672450211513535e-02,-8.444238645550990185e-02
-6.380151903157610382e-02,-2.960418690200007294e-02,-6.045436298371956868e-02
6.039943149658796168e-02,-6.669704335343278057e-02,2.649062478885003818e-02
7.571862653148291045e-02,5.697539062939679239e-02,4.185831390618672924e-03
-1.527703774896703968e-02,9.463996258040714704e-02,-2.780551637980272807e-03
-9.520761583883255441e-02,-4.471016077701004884e-03,1.778527202873456808e-02
9.150304353515791023e-02,3.358954640712784323e-02,1.023890140491784222e-02
6.606044629363024001e-02,-2.597346041467299416e-02,6.909819448705020739e-02
-2.861511711326376883e-02,-5.662228215023566019e-02,7.744476109739369118e-02
-3.297210353963547086e-02,6.454894943314963551e-02,7.057258283363514184e-02
-5.252555069039174795e-02,-7.679634266288140609e-02,4.232510462420614045e-02
3.454641682892662172e-03,8.868161171672189758e-02,-5.279846564152485683e-02
-4.743337102853988074e-02,7.227663791605605514e-02,5.838179415529523575e-02
5.436578313584754935e-02,1.656800503037810998e-02,8.872762256260507963e-02
5.850849956235423116e-02,8.820967733057472060e-02,-1.101055119201978759e-02
9.526694343475522464e-02,-4.921228599051075819e-02,7.261562272775168823e-03
5.160346879938220582e-02,-7.821315485892922637e-02,5.474817086791450294e-02
-3.972055484082659405e-02,3.841629977529432277e-02,9.462306778936623031e-02
-5.433221058395828335e-02,6.828975058324995850e-02,6.799520497417599341e-02
-2.483332681822652578e-03,-1.088399301597843538e-01,-2.491174620267097573e-02
-2.924999990672784433e-02,-5.037250982116192599e-02,9.652106332616880446e-02
7.843066131699151511e-02,7.302654080946925641e-02,-3.825861278733143356e-02
4.195273780211001419e-02,1.045726205521606555e-01,2.221560712351812114e-02
1.086978805055315439e-01,3.257023594403151562e-02,2.358662358634560849e-02
9.256945326771440219e-02,-4.536742876255948215e-02,5.523414605997080395e-02
6.800300071893301823e-02,-9.637529024682563172e-02,-3.691340019285300339e-03
-9.188156710079933842e-02,-6.978936284629244646e-02,-2.939304546412074837e-02
-4.657999464196557748e-02,2.554526146521646224e-02,-1.077374994833750904e-01
4.116778150270501702e-02,-6.695141636609741598e-02,9.223694801100454366e-02
6.043202918785950395e-02,9.483246260823520457e-02,4.793161119370607792e-02
7.763802087752609549e-02,-3.488196409151049504e-02,-8.920998897447508791e-02
-9.425692791480487498e-02,-2.909946928391764567e-02,-7.572522602479847542e-02
3.343750875100696268e-02,-2.113851409159083969e-02,1.190194939133862040e-01
1.085411814855914148e-01,-1.244886339680897035e-02,-6.373339733557102649e-02
2.982337388783145270e-03,-1.729071095761847837e-02,1.263340872858927100e-01
4.648836985822107221e-02,1.126645571717653782e-01,-4.106404445964296351e-02
1.059673914909914361e-01,3.696302705200055216e-02,-6.496502847944701786e-02
-6.661893642730416787e-02,-2.505146914600286327e-03,-1.124680623385618666e-01
-1.204422952549907833e-01,-4.652584613887813386e-02,-2.650632724356898756e-02
-9.206558064998844604e-02,-4.555011470586050465e-02,8.429369272315402617e-02
-6.087184251612592217e-02,4.518519016859810083e-02,-1.104288396969656527e-01
1.083968133168729600e-02,-1.169373497696010455e-01,-6.661576204891464514e-02
1.297918703850901301e-01,2.082894797313698115e-02,3.521680544141390229e-02
1.190245699458619688e-02,1.311938236402065971e-01,3.820504657445127766e-02
-1.242835870259562407e-03,1.142437191182394812e-01,-7.781832017528476919e-02
6.975491733596245192e-02,-1.202636801983662518e-01,-8.840824489515551957e-03
7.871137748843469450e-02,5.113803398630673708e-03,-1.161322171504832051e-01
1.101357711888373975e-01,1.187382463885713023e-02,8.798402798540334857e-02
-9.635369343490120253e-02,4.079502710864766485e-02,-9.679995688394252285e-02
8.287463236770337138e-02,1.154976819554787426e-01,-2.048719564321006131e-02
-1.081877482887688147e-01,7.580680146159229915e-02,-5.906143506947022365e-02
-8.228956603897694122e-02,9.820174617834560860e-02,6.956267737916871363e-02
-1.434274222661686138e-01,4.584216714367004251e-03,-3.128969708150520362e-02
1.336096928588703936e-01,-5.810278579795827986e-02,2.577085160488852209e-02
2.265360191308303170e-02,-1.428926313999576980e-01,3.581971963145814258e-02
-6.799331171949750396e-02,3.444987907297936830e-02,-1.293459761781213802e-01
5.216130012683717170e-03,-1.469580340216576630e-01,3.528366268225731350e-02
-6.689010098933290127e-02,1.133238166362047078e-01,-7.670470977860652240e-02
3.712977392481973948e-02,-6.522807799640691073e-02,-1.337949577514297161e-01
-6.328616467785000421e-02,-1.156703358708074808e-01,-8.054031290410265664e-02
-1.425217172900162810e-01,-5.534553311674553222e-02,2.891222382522279713e-02
1.389152582734725361e-01,-1.159784286835542112e-02,-7.157096217774375213e-02
-1.220475562067922237e-01,9.860875645648044252e-02,-1.675893189027343605e-02
-1.157480230264706783e-01,1.079512791269815891e-01,1.406403011453474794e-02
-2.784894486311071185e-02,1.574166102243389209e-01,-6.708418161419887719e-03
8.557784880965205176e-02,-1.631018060010510501e-02,-1.355197671749034383e-01
3.669431003671035779e-02,-1.579110414034540499e-01,-5.518438878272077103e-03
-1.010307686200584421e-01,-1.052751041366625506e-01,7.337154949203864018e-02
-1.376858482442332443e-01,-4.912635408210658944e-02,7.527482740558348595e-02
-4.803089944305598963e-02,1.546752411678402883e-01,-3.423991162217193684e-02
1.322964053945295537e-01,-8.522587541041877490e-02,5.484259847506386953e-02
7.404978816279976506e-02,-1.071817645427311089e-01,1.057118611156568494e-01
1.411007887522656434e-01,-3.412178599661985084e-02,-8.630444899423578287e-02
1.119958236138425822e-01,5.821369415242512446e-02,-1.138827494601556967e-01
1.366642282030195166e-01,-4.405807116402422202e-02,9.308635715581307923e-02
-1.108758981310688368e-01,8.176945470498625166e-05,-1.318145654698963665e-01
4.309668415585694856e-02,2.560903178280495018e-02,1.659633083496240558e-01
-2.677092674553691390e-02,1.352060550967817409e-01,1.070102747571208546e-01
1.224124051762038451e-01,4.409004653260335110e-02,1.179602360922178683e-01
2.622375545557827786e-02,1.589065351261670367e-01,-7.281741268310697179e-02
-1.564396273158517037e-01,6.104410177563267953e-02,-5.867573685281320811e-02
1.392692874048755136e-01,6.655667899261612230e-02,9.067160485677064341e-02
2.821305272986809540e-02,-4.926820274304646169e-02,-1.709721838021828477e-01
1.727654157308174121e-01,-1.729770586710061009e-02,-5.214175422197794146e-02
-1.025413681234207432e-02,-1.679752547734280066e-01,-7.042285155091787541e-02
5.248855515227249940e-02,1.148190617461323088e-01,1.332644815303318520e-01
1.139738859826325001e-01,7.759817407734423411e-02,1.229121044246215544e-01
-1.690625246913352586e-01,6.922611108086955400e-02,3.418922469544326964e-02
7.673431341595138289e-02,1.350557147015661597e-01,1.041290741653845275e-01
1.345880409138293099e-01,1.267138966573037318e-01,3.509824101114253359e-02
-1.377628551262317924e-01,-1.277250629477692523e-01,2.333538228797578384e-02
-1.595299023878256894e-01,9.063118959001706387e-02,5.109866814848620931e-02
-1.510904559410864434e-01,5.683168795098552696e-03,1.177104705950489660e-01
-1.792316951818058446e-01,-2.835234420201538166e-02,6.506542109641141880e-02
-1.068798014045193867e-01,5.017019160148596113e-02,1.538489963333494193e-01
1.506154087850098688e-01,-1.233297804301292516e-01,1.290850508878872531e-02
-3.836320321016756241e-02,-1.866843233470210361e-01,-4.684708065267101373e-02
-3.250718117858841273e-03,-1.004342369953855063e-01,-1.699380386016197397e-01
1.678800177409799782e-02,1.978792148088533709e-01,1.105920733487370487e-03
-5.964767585530153515e-02,-3.110044436277103336e-02,-1.880969685826540949e-01
-2.577044911250784415e-02,-1.387236601274526859e-01,1.430633328521697112e-01
-1.844562346552423848e-01,-8.218104361627420751e-02,-8.440510224329228831e-03
1.755757454643860349e-01,7.771430080756026870e-02,6.678295516291404832e-02
1.589018003789022804e-01,2.078531452776191321e-02,1.269860032924493842e-01
-6.984036639447505079e-02,1.830775508102127913e-01,-6.242466576488391039e-02
9.358126855221723939e-02,-6.349834468049472824e-02,-1.731784981461686190e-01
1.308343719293491580e-01,-1.511547995446169967e-01,5.750663731704371701e-02
5.612395087329741239e-02,-8.892088159721435459e-02,1.808632282978104577e-01
-1.606926478067373931e-01,-8.846110471919334250e-02,1.030560030652468290e-01
-1.909633006532999999e-01,7.981207570019895059e-02,4.398418304745842916e-02
1.723198132330336640e-01,1.220405139015361407e-01,-2.628531313253307244e-02
2.481350794316898589e-02,-7.855702309332567024e-02,-1.974923651429384142e-01
-1.173830494291377008e-01,6.865894788619167355e-03,-1.802202603445046680e-01
-1.632358219893025875e-01,1.308876678824317241e-01,5.519753691199338896e-02
-1.859873554866059153e-01,7.970677028350604820e-02,8.001729764796389199e-02
5.579131956226858306e-03,-1.768915858623916759e-01,1.286560403258074081e-01
-1.406216725800570055e-01,1.207282816125067049e-01,1.185548073771510447e-01
3.635571031800971520e-02,-9.287679534312516527e-02,1.974640609586797158e-01
5.824537716596742826e-02,2.015376021058873091e-01,7.395175239539091006e-02
1.505253410916056744e-01,-1.628650608080237649e-01,-2.896252115684155859e-02
-1.947407127674312677e-01,7.823744083907412106e-02,8.076944301729492570e-02
3.815570879079676486e-02,-1.222881879736917310e-01,-1.863050967096072097e-01
1.300010935022115066e-01,-8.962030234111310889e-02,-1.635328195840926313e-01
-1.753137685307451232e-01,-1.162243423204645104e-01,8.939467267342818269e-02
-1.181658016685908918e-02,-1.909964843574954718e-01,1.271953358054247196e-01
1.103842469698140399e-01,1.544937218950214464e-01,-1.315775664613212936e-01
1.212014538841430095e-01,1.013893840101091383e-02,1.978508892931490626e-01
-1.228755315375025386e-01,-8.474836374210920065e-02,-1.795356102278164723e-01
1.739128009451255397e-01,1.458365169847137266e-01,5.983457223740271114e-02
-9.849852446322361968e-03,-7.364246496072243686e-03,2.356428900385365843e-01
9.406400425526172115e-03,-1.363488316582004978e-01,1.938771338683129841e-01
1.006358761942432178e-01,-2.161120163354573742e-01,-5.401994969343877975e-03
6.189540906931284558e-02,1.554870708825971670e-01,-1.716146547333054218e-01
-9.005112943464894937e-02,2.040387316971829235e-01,-9.121365050553720266e-02
2.338097004342452878e-01,-1.897110343631960502e-02,6.033696504853481440e-02
4.319661515703111104e-02,-2.396085204020975967e-01,3.997650349546598317e-04
7.192517214639967960e-03,-2.393850668428847139e-01,-5.036655475813663074e-02
1.335663180037510896e-03,1.760040932544518211e-01,-1.718556801461429695e-01
-6.045938317169943094e-02,2.391717525275435796e-01,1.671866653618150206e-02
1.667126959622260429e-01,-7.577447590171844383e-02,-1.680238057785679306e-01
6.888782666740585203e-02,7.915971208587227470e-02,-2.266904926627703876e-01
1.222678939998550623e-01,8.841056155279823636e-02,-2.006802803034805627e-01
-1.195969640367333942e-01,-1.334522257220960573e-01,1.776744036176061414e-01
-1.795598501978286909e-01,8.250978950474688323e-02,-1.589932233906557746e-01
1.236072321236904858e-01,1.878130850949540909e-01,-1.201163714804434068e-01
-1.296724980677545769e-01,-2.337894321856566482e-02,2.197171017171911378e-01
7.577659952350133954e-02,2.317660361613060882e-01,-8.271010742435803975e-02
-5.425189974911533847e-02,-3.832543962246973135e-02,-2.501051905394090502e-01
-1.530743980642783886e-01,1.891003619598866370e-01,-9.189633916831524418e-02
-8.049641597585195651e-02,1.813115543581133859e-01,-1.701700574267490107e-01
-1.408868140190494000e-01,7.674776605671020102e-02,2.079727512575791082e-01
1.575172387935507567e-01,-2.116324243501330749e-01,-8.800779986983638808e-03
-1.311257139665571170e-01,1.124107534847729739e-01,-2.013395462319632900e-01
1.761320190189386015e-01,1.969799125285988106e-01,3.520527061737270536e-02
1.543616984732001374e-01,8.543730291280550448e-02,-2.015839887352696147e-01
7.172757455744853405e-02,2.039440701072686435e-01,1.604066740623064646e-01
2.574672136913134235e-01,5.021926825674218053e-02,6.608440310912548632e-02
1.704562185416494124e-01,1.891522325095996715e-01,-9.518292474938576386e-02
2.615025825213419530e-01,4.078451925168607994e-02,6.757920412813643585e-02
-6.305911943665593045e-02,-2.671289847043745169e-01,2.216949381453166973e-03
-3.342508561262413913e-02,1.084564051930766854e-01,2.513755870375699031e-01
2.058438127013862973e-01,-1.421363295705623531e-01,-1.192933383678719816e-01
-2.364396723376799569e-01,1.003301658676203773e-01,1.075928653962463927e-01
-1.520616552623806905e-01,2.087231664436885181e-01,-1.077216642978360978e-01
-1.604346094346154050e-01,7.277100355354315653e-02,2.191081807535801007e-01
-1.572455181194152563e-01,1.725053124224230072e-01,1.591085177023727204e-01
2.350238895682505158e-01,7.985994230149651152e-02,1.376506106242242622e-01
1.723086392560654878e-02,1.571394018394693115e-01,2.373582401364991712e-01
-1.476934518483585257e-01,-1.355292478973673109e-01,-2.047426439605855852e-01
-1.588271317681326511e-01,2.398943230708149299e-01,1.017742424681036643e-02
-1.350558729212724685e-01,1.308314808968914777e-01,-2.197844784912581784e-01
-2.593009518550178361e-01,-6.801346979773213730e-02,-1.121965813566498660e-01
1.179246445159856660e-01,2.464403577322656080e-01,1.029854484179568569e-01
3.068743893005396704e-04,2.930901589855173794e-01,1.195136717037232135e-02
4.402506229971361179e-02,4.496982010268065107e-03,2.913615969323045118e-01
-2.006618190960069437e-01,-1.902784789204262361e-01,-1.057816439832602873e-01
-7.765420660910415940e-02,-2.350567098862019477e-01,-1.649102986445178110e-01
-1.858851802964573974e-01,1.795103792696535749e-01,1.500733761987501080e-01
-2.366690014102357242e-01,9.173431180930290141e-02,-1.603110098243106796e-01
-1.977282752690885936e-01,2.239719456413908072e-01,-4.123765569127560426e-02
-1.782939190473971647e-01,-2.154278025209737102e-01,1.166265407505300694e-01
6.497835725337604285e-02,-2.937991675262115465e-01,4.587375599592657949e-02
1.594564004118415312e-01,-2.607121052205869094e-01,9.905738891008762301e-03
-2.861905201705619017e-01,-1.091562037441476049e-02,-1.110300307970934486e-01
1.451749275140492290e-01,-1.188898664965891416e-01,2.449565314003516181e-01
-1.004236262754830689e-01,-2.374270265446525863e-01,-1.721223242166746159e-01
1.109234482126891241e-01,-2.909251407741226259e-01,3.925157163781245809e-03
-2.775134419712394496e-01,7.486308864243530758e-02,1.233648829338641478e-01
2.280457629353492277e-01,2.125999064610064881e-01,3.898370443969605831e-02
-2.788583786306499390e-01,1.404476029598993314e-01,4.613093476436126716e-02
-1.045049484290114378e-01,-1.650573611642907612e-01,2.496972349828288640e-01
-2.879196212955335010e-01,-1.348150420191521759e-01,-1.858937272893296244e-02
2.955474811001835289e-01,-9.352263274739905374e-02,-7.895666096082967766e-02
-3.285234991256766324e-02,2.303605354094752089e-01,-2.215862221533452525e-01
-1.394495826884083467e-01,-2.762616448689395598e-01,-9.166237012801467521e-02
-2.788316120516234342e-01,1.295253992535989884e-01,1.028298884638544908e-01
-2.230749687672215487e-01,2.076942656414064725e-01,1.146037679137562881e-01
9.020141772182804774e-02,3.134773097286416843e-01,-2.389267769092216082e-02
-8.207051590998722113e-02,2.288393268819869097e-01,-2.209532311700237173e-01
7.507179898091895232e-02,-1.739074613041218242e-01,2.701819815101332845e-01
2.500163412939719956e-02,-1.187533019901852172e-01,-3.084014018035057259e-01
8.654113312626157684e-02,-3.214288845084276036e-01,-6.228692916118253606e-04
2.163378446391358567e-01,1.982419669213015753e-02,2.541360842821116517e-01
-3.113817307969438675e-01,-1.107532819719092287e-01,-5.946260298981796005e-02
1.432888159904697756e-01,-3.617866490227388682e-02,-3.031618796451475695e-01
-2.373129846711139607e-02,3.270431758270784250e-01,-8.497607838068897690e-02
2.653656022451302832e-01,-1.736573416173466944e-01,1.231497442287964178e-01
1.989648343653937224e-01,-2.175719335107190455e-01,-1.726964218032416287e-01
2.169852135202093857e-01,-2.139170711394705604e-01,-1.578581705121906154e-01
-2.918579658297792978e-01,3.547862036487876153e-02,-1.798414458534911831e-01
3.458937682112346867e-01,1.808868980718065069e-03,-1.281520790269503884e-02
1.986906429112623995e-01,2.081792224345552778e-01,-1.950064786823513807e-01
-1.889897174308138583e-01,-2.868094925811431883e-01,-6.251600033171891835e-02
1.042296859801483122e-01,3.154607100176544665e-01,1.120430156987919784e-01
-2.963314432245650054e-01,-7.746716719075703861e-02,-1.737074180952323244e-01
-2.127456593931739415e-01,-1.892127607091608973e-02,2.818347824485494812e-01
1.214414865190063288e-02,-1.041555968342170596e-01,3.392971556852100168e-01
2.919872425447448960e-01,-2.042454151522724581e-01,-1.488673011499046066e-02
-3.227125497088503825e-01,-1.473189096718736067e-02,-1.546511342259838384e-01
1.555589976399993635e-01,3.357989043457025591e-02,-3.225544458283383098e-01
3.259604981478267383e-01,9.420290935208111560e-02,1.238568893180143210e-01
-1.395633939376828558e-01,-2.231073582252416920e-01,-2.496292144486465803e-01
-4.946174755457415778e-02,2.927633618096343038e-01,-2.110085731219295546e-01
1.783518811815323069e-01,2.808931693359099646e-01,1.519549505013816082e-01
-2.812147691035587482e-01,-4.033923137416722815e-02,2.328480927077214990e-01
-1.340274031049152326e-01,-2.940055609930953828e-01,-1.779285775725097107e-01
-2.952697059991147843e-01,-2.181350820043471972e-01,4.935057307121048370e-02
-9.100621252389495819e-02,-1.484782707720117834e-01,-3.286693558193889975e-01
-5.263832357662392991e-02,3.605694435368052009e-01,8.201683392600647715e-02
-3.023907957169384986e-01,1.915042557529650080e-01,-1.120614813152328720e-01
1.749402326023453275e-02,3.306001845590964550e-01,-1.795575290916406885e-01
-3.659077174460718673e-01,1.414039405351921047e-02,-9.452117719166190646e-02
4.825299468631555344e-03,-7.579397807293429545e-02,-3.720773818899413832e-01
1.884458453741557071e-01,-1.917266865778347040e-01,2.704316838585943406e-01
-1.597135414493049133e-01,1.818924771124085654e-02,3.475160982609173943e-01
1.218003609851909565e-02,1.121329334158623903e-01,3.675524840069770982e-01
2.917284871322334827e-01,8.911017744573478117e-02,2.366199200300274086e-01
1.721016662356236182e-01,3.403432387753618227e-01,-6.934461090437051001e-02
-1.917459960683780829e-01,-2.488951534550658817e-01,-2.297387026637564833e-01
-1.049355825016589083e-01,-3.411279315803600332e-01,1.592403044983833060e-01
-2.886116112703183134e-01,2.295021796261565161e-01,1.342362606815154513e-01
5.569156741784932543e-04,3.612550005358660665e-01,1.572894282781628350e-01
2.474083666861310871e-01,-2.211314203273377910e-01,-2.154106493994361327e-01
-3.413555060303612998e-01,-1.929448769472185132e-01,6.352113102725143179e-02
1.344469760626413046e-01,3.515978058617694746e-01,1.318027094993491632e-01
-3.367900736849844257e-01,1.437382937203182665e-01,-1.620854928142616835e-01
2.230063989310377415e-01,3.201131098646535778e-01,9.723693678088218828e-02
-3.496409542918531566e-01,-1.202744957077736127e-01,-1.620253673637973846e-01
2.943034961829243956e-02,-2.589443139574896802e-01,3.104267666831067585e-01
2.012670333624456964e-01,-1.503173891229898917e-01,-3.201623328119847511e-01
-1.760110789555280886e-01,6.197837592399733919e-02,3.634824947743524048e-01
-3.654807659541706166e-01,-1.512415666640052336e-01,-1.087758662334993021e-01
-3.179168548732405064e-01,-2.560401232284299500e-01,5.481765934303516746e-02
-1.771983633265949432e-01,1.626380199656571879e-01,3.363646451906697199e-01
1.733737365054336971e-03,-4.141434796579028799e-01,2.900604498388392391e-02
-1.038745856039648974e-01,2.208107659667643205e-02,4.030608477785786459e-01
6.591471617706723407e-02,-2.344639850083593546e-02,4.125848306337485671e-01
1.916479974049933033e-01,3.193503920033666232e-01,-1.944251165862377617e-01
3.702301193662053680e-01,-1.609786689952257266e-01,-1.222015160329089078e-01
3.340238889107995379e-01,-1.601861275156816339e-02,2.598095672636506759e-01
1.882616245882166861e-01,-2.177949318182776650e-01,-3.128472117538263486e-01
2.502470870325712027e-01,1.761301287732058574e-01,2.975482467439555245e-01
-1.069184132049040142e-01,3.848321196420909085e-01,1.552163593045107204e-01
-4.264610865575064191e-01,-3.076933768493196955e-02,-4.745322780195430218e-02
-3.749896866891728742e-01,2.036085846032185953e-01,-6.671804509741705025e-02
-1.455738428621671798e-01,-2.311132458540699763e-01,3.367292653777785305e-01
-3.246282670537684600e-01,1.987320063567524775e-01,2.111627729902048334e-01
-7.017236452745838349e-02,-7.563618495951630882e-02,4.246268606494431053e-01
2.353376346972268496e-01,-2.959022602651070755e-01,2.224988814609639709e-01
-2.757570774198991881e-01,-3.196868974939352515e-01,1.253404475968845078e-01
3.106208091440609276e-01,2.840751341712828837e-01,1.352096866080392257e-01
-3.365207035435730520e-01,-2.356102406743345035e-01,1.680195013702653062e-01
2.434023202402854913e-01,2.976202969794613518e-01,-2.251650743905740659e-01
-6.192042487689107533e-02,-4.196779282784913745e-01,1.417770677166475535e-01
-2.017355968480880890e-01,-3.976450414799302946e-01,-5.289556081528582615e-02
4.421869964836740996e-01,8.500083448517092855e-02,2.060113881269079114e-02
-2.587632139850577495e-01,7.846739255329431006e-02,-3.628158157576665266e-01
5.958127245546497586e-02,-2.909307844677533894e-01,-3.437179895210353830e-01
-1.916206244650715262e-01,5.599962607729437603e-02,-4.099635261731158775e-01
-1.387426208863180299e-01,2.299324466810981071e-01,-3.706856973138630829e-01
2.710356196692961239e-01,-1.674739232460986382e-01,3.311048002356612452e-01
1.833979320515060629e-01,-1.732730637514782734e-01,3.861370921024662728e-01
5.217138756719991860e-02,-2.287859752955137826e-01,3.991585008511117083e-01
-1.883322008277182602e-01,-3.812874457730943134e-01,1.875784056964648339e-01
1.176432634715842279e-01,-4.514382640007345016e-01,-7.144635092436792470e-03
3.351408682279967688e-01,-3.207918504403658999e-01,-6.421620052839993598e-02
5.521746748066178045e-02,4.398086735505203904e-01,-1.566631529528591804e-01
-3.064465211722152693e-01,-2.905799505363418356e-01,2.106222072209066321e-01
-3.977425878709013318e-01,-2.314640692333704841e-01,-1.123723357593384570e-01
3.671636676285368051e-01,-2.184441174674665587e-01,2.087590536746736780e-01
4.644633861727808788e-01,1.048000310368469717e-01,3.337212245820500578e-02
2.381763775099087488e-01,-3.537423038788432561e-01,-2.183751894443913821e-01
3.668206989859451039e-01,2.711803748987960394e-01,1.522833182774883665e-01
1.976577159161257424e-01,-3.081428665575936532e-01,3.146645035679453972e-01
2.875351997743215149e-01,8.446225753509557788e-02,-3.807660435860117376e-01
-4.089529736136608001e-02,4.790896497968553103e-01,7.323631956200783721e-02
3.078206349294480004e-01,3.562574296835557264e-01,1.291150925260981797e-01
-3.347991047068016868e-01,2.442961094693872071e-01,2.614658030148993006e-01
4.089156786335584881e-01,-2.467079741169996565e-01,-1.177346530949294895e-01
5.761002522212974736e-02,-2.860888877405293740e-01,-3.982293688091959050e-01
3.704486806836073676e-01,2.637566821423324437e-01,1.969211016654271451e-01
1.089637286910589142e-01,-2.125576084795995080e-01,-4.363032706567656072e-01
3.487340341975379010e-01,-3.443809283153065337e-01,-9.512484657563854973e-02
2.428878333919978205e-01,3.773890718082195672e-01,2.229457779038965803e-01
-3.676599620922061940e-01,-1.093890112043404972e-01,-3.253505302784152065e-01
-2.340210915241397460e-01,-4.454689768552684837e-01,-4.082634045736788231e-02
4.356376320918877165e-01,2.394458969052908337e-01,9.825940160611708329e-02
-5.008299470856042435e-01,7.057598448451955775e-02,-5.351261583397821237e-02
-4.092427564926774675e-02,3.361605288852185791e-01,-3.819870055934569408e-01
2.540603691903608463e-01,-4.374257424078642487e-01,8.145060545104264305e-02
-8.721798843412946478e-03,4.767620618842961511e-01,-1.925754009023907254e-01
5.149749894037511933e-01,-2.149415353628584754e-02,2.748445903536200774e-02
-1.118783241772946903e-05,3.527638873835806099e-01,-3.793936008732648468e-01
-4.110953892447707925e-01,1.104664088296604119e-01,-2.985915792442094263e-01
3.552752710867874142e-01,3.610283511578696869e-01,-1.256449405292009436e-01
-3.218021757570529995e-02,2.169890201850350475e-01,-4.756369587287205269e-01
-4.800067961170224051e-01,-1.779723347311946702e-01,-1.195140304100125728e-01
-9.831759076276022635e-02,3.431383457397596537e-01,-3.885618617580665068e-01
-3.002486832424978713e-01,-2.933384528572444486e-02,-4.352235986938306489e-01
5.055695673227679210e-01,-1.421549191074037988e-01,-8.168195152486569521e-02
3.932174491273579542e-01,3.395586328179857061e-01,-1.209309825197284194e-01
-9.427756036563944564e-02,-2.470310924483545278e-01,4.655191923830712675e-01
-4.639634387573733365e-01,-1.928917706466918847e-01,1.903694680999997169e-01
-4.305661090555983339e-01,3.153992123447401652e-01,-7.712247668556841684e-02
-1.266237529870603007e-01,-5.252663050898206398e-01,3.143496797651967878e-02
3.732393583222091138e-01,1.908733274316088691e-01,3.454182908714624745e-01
-3.726049563663791364e-01,-1.693721897769708343e-02,3.975843514440445814e-01
-2.626131150549623761e-01,2.452689352363729702e-01,4.125842825581716999e-01
-3.154101586931175594e-01,1.072755302692740692e-01,-4.364899250088232208e-01
-5.470887834492350610e-01,4.173338631485831729e-02,-5.145113235352516412e-02
2.284169432156723037e-02,-7.379443905723895303e-02,-5.476503514772615988e-01
1.256376881113318300e-01,-4.483079100609216883e-01,-3.022086019217527508e-01
4.907519105708618712e-01,2.505260680233459269e-01,8.193959624694766020e-02
-2.443947222320013712e-01,2.905806991985149246e-01,4.103442561256902543e-01
3.337921459317558237e-01,-3.664201978740505017e-01,-2.628962211746953548e-01
4.129738560181802631e-01,-1.893248532200855760e-01,3.326631387606079904e-01
-5.119098167102946739e-01,2.054136068681386429e-01,-1.228171887331750561e-01
1.335843455713401629e-01,4.516375377085512371e-02,5.493033061974648135e-01
-1.663321578342645546e-01,1.536822304819970286e-01,-5.221456761685051573e-01
4.383734663601906306e-03,-1.379069666893049106e-01,5.542555121687445796e-01
3.381547757385928166e-01,4.030902266658917821e-01,-2.274562736088130421e-01
-2.966126137032978893e-01,-3.200287057504009325e-01,-3.748512219673650891e-01
6.333015106575980158e-02,-3.675357655246608291e-01,4.406539394837031831e-01
-4.230065447054401906e-01,6.901839849221777512e-02,3.897994411408938764e-01
4.907492462839341263e-01,-3.080771807315592081e-01,-4.777214241537600797e-02
2.433302931356147170e-01,3.432255894711290778e-01,-4.042479321835248385e-01
-2.249055903611547891e-01,5.038235356662610354e-01,1.960227379277387771e-01
1.173212048280083686e-01,5.172150599760517720e-01,-2.529826946279875588e-01
-9.481842455286065841e-02,4.457816438381411728e-01,3.741779003133088866e-01
2.893386574662577537e-01,4.886336461961631183e-01,1.664359328453432207e-01
5.670871081700192828e-01,-3.352493540943463080e-02,1.730416955169407356e-01
-1.675929241992332175e-01,-4.535029294566125108e-02,5.700881604268553948e-01
-2.559649735910475288e-01,-1.302515106969168723e-01,5.245621096043785458e-01
5.323288221388978725e-01,-1.856863490120183591e-01,-2.057060352022751226e-01
1.693009515560774947e-01,2.945051311079166859e-02,5.772112248071343821e-01
3.599936746940686216e-01,1.216319055396745258e-01,4.699606071882218017e-01
-5.281230815259926326e-01,8.028806544642373699e-02,2.871544457652176474e-01
-6.378077206609381045e-02,3.783427768012505577e-01,4.724268015948352439e-01
5.050362961427291575e-01,-3.281369614707056459e-01,1.012855439431810944e-01
-1.415034753177177480e-02,-1.915199038366097728e-01,-5.820014603512467799e-01
4.368803198687868372e-01,-3.650076629230435965e-01,-2.326756525633884853e-01
-1.667344972311998463e-01,-4.864878589100394835e-01,3.411818107328983274e-01
2.741598578174775924e-01,1.157337137275398914e-01,-5.431175218914995328e-01
-5.903229304168491343e-01,-1.474319767990372732e-01,1.264587674838212883e-01
-1.315232834693215724e-01,6.022836110895277706e-01,-9.410549217795645405e-02
-3.884707741307013573e-01,-2.134134885181664110e-01,-4.417596396843236906e-01
-1.967708335410144893e-01,-4.963671472441987254e-01,-3.304998795830856317e-01
8.341278128491870503e-02,-8.772143136639433403e-02,6.183976272971636323e-01
-9.211021376662097138e-02,-4.994242586666043926e-01,3.767159655059396095e-01
-3.501500995997686161e-01,3.381594092308642940e-01,-4.069874533086680346e-01
-5.348722484197889759e-01,3.320383466361915281e-01,-9.511186444401256712e-02
1.353059921261763054e-01,4.005624453382802264e-01,-4.789896323154718139e-01
3.247302563933868180e-01,-4.230428022856474457e-01,3.558030393437308092e-01
-1.303034530670695024e-01,5.498400469662062529e-01,-3.074836341037783249e-01
2.653341169514822351e-01,1.929292033399325201e-01,-5.559503264983218784e-01
-1.383132964997116909e-01,6.156745049280997195e-01,-1.462577725586403921e-01
-2.527319774732146862e-01,5.749459561099201643e-01,-1.674220133207691141e-01
9.024230083273547531e-02,6.195814782617522498e-01,-1.826147725305692637e-01
1.998636778310686757e-01,6.116225523477487602e-01,1.194540079225604318e-01
-5.276247555114856880e-01,3.877200957542686899e-01,5.023300401453888869e-02
1.927143326661050760e-01,6.086370191085830328e-01,-1.631531095973746126e-01
-5.310389665809340798e-01,-3.461776148870505665e-01,-1.879671601530136793e-01
-4.670794529697685493e-01,-1.278484354014949587e-01,4.534957403448225954e-01
-1.866747903256906760e-01,2.762774403689180827e-02,6.384102418553289082e-01
-1.254844790046780734e-01,-3.909272523527955179e-01,5.269130389760147137e-01
-1.354274181654209763e-01,5.135783433709395496e-01,4.088421054053866244e-01
-5.132469869633311532e-01,4.335910290943789103e-01,-2.994814869132310722e-02
-2.932210794113884189e-01,-4.121763082483120844e-01,-4.466946746739153817e-01
-3.861082732946332641e-01,5.273723309066925546e-01,1.769310480434220512e-01
6.703795896773161456e-01,-1.097368536641822045e-01,1.322312119701896799e-02
-2.516076057018735712e-01,1.444685325189038194e-01,6.169171385728962065e-01
-4.552017976957594136e-01,-1.904080290861862867e-01,4.737693632257216070e-01
4.522088554422276085e-01,-1.403555339207141761e-01,-4.968947671011458289e-01
-5.646592854259910865e-01,-1.495159061236104037e-01,3.648234901577641631e-01
5.378349319543705986e-01,-4.320473026723959387e-01,3.966356192956243393e-02
-1.239270879203407533e-01,1.444854332298242394e-01,-6.667103149201677459e-01
-4.716431344910372858e-01,-2.971544177328847014e-02,5.105462898903014857e-01
-5.198072482648663506e-01,1.003656168351865913e-01,4.549563016204535293e-01
2.146232119967784735e-01,-3.252764398257328854e-02,6.659027284238122624e-01
2.768875009471870596e-01,3.490429004552883518e-01,-5.434692956842145373e-01
-3.323176423544049185e-01,5.777095728486102422e-01,2.302205344446001389e-01
-5.923661566992668437e-01,1.699894617290452214e-01,-3.474747350237788468e-01
4.485300603855670865e-01,3.223004640732214654e-02,-5.492561885359639184e-01
6.621428139068776808e-01,-5.705561849807162106e-02,-2.561235175392032049e-01
2.133134350493186560e-01,2.193650324455813372e-01,-6.458105786982322183e-01
-7.116383752547610353e-01,-1.562527443838490626e-02,-8.630668428773806411e-02
-3.624029123470134395e-01,2.683015561062120358e-01,-5.605781848019166791e-01
-3.205296131572750173e-01,-6.104386665614990326e-01,-2.136877035936849412e-01
-2.437715650361389763e-01,-4.245976678830027939e-01,5.336826142173779486e-01
1.087509175070374423e-01,6.052161451981118434e-01,-3.871948195010930793e-01
4.751213293895018008e-01,-3.503590171894684357e-01,4.278671280912209052e-01
-3.014758340538186698e-01,3.609318661829662434e-01,5.603141840501552062e-01
-2.976778859797893362e-01,6.480812750124040900e-01,-1.733789340865110329e-01
3.058769787508608742e-02,-2.180509692139981082e-01,-7.027026433608368761e-01
6.101595062551605775e-01,-3.607663604279275349e-01,-2.084177498517416627e-01
-1.952571834544239437e-01,-6.379548362202080991e-01,-3.231198287392347823e-01
3.736594601268672933e-01,-5.706549649285720394e-01,-2.964862886840747835e-01
6.133067088982991910e-01,2.730697635204977214e-01,-3.257854460612831238e-01
1.468311645598411874e-01,2.785711282623168361e-01,6.792527731502037147e-01
-4.404148663213681286e-02,5.168332684924697995e-01,5.433305663770325866e-01
-6.362786764848864518e-01,-3.897806401860040570e-01,-1.059497883161049231e-01
-1.831830560029947819e-01,1.817510701127975081e-01,7.107585056065206519e-01
7.196923035813966411e-03,-7.046444073173188105e-01,2.810263312004837588e-01
3.352863019682147949e-01,-5.728185692228320303e-01,-3.725849651525414141e-01
-4.883031283483598578e-02,9.008676292232312144e-02,-7.567601651847802868e-01
7.454485799856450656e-01,1.306866784335701248e-01,1.194322260333905011e-01
-2.364022772887679480e-01,6.247291767915482685e-01,-3.804433567828790497e-01
2.199530543611885047e-01,6.695255129110629921e-01,3.133074709707223682e-01
3.310769536813763098e-02,-5.509409523372119644e-01,5.423020589689950821e-01
4.861932962545386094e-01,-4.765043898328198413e-01,-3.731276374111541227e-01
7.011654109336711294e-01,-3.272058727885805429e-01,8.906107925002904047e-02
2.524937023491721222e-01,4.414055237281623856e-01,-5.933156876527548862e-01
-2.963798012452212860e-01,-6.320582834368169145e-01,3.567727702658701205e-01
4.877833336035099498e-01,-3.656482696789908338e-01,-4.970186675386859543e-01
-3.572619111233335532e-01,6.577359978818810848e-01,2.499255738031548602e-01
5.317911985555360266e-01,2.005362810112771565e-01,-5.511615576186130738e-01
1.420988271508855927e-01,4.072051504189042048e-01,-6.670018805595596678e-01
1.604016606459502947e-01,1.243640705271416846e-01,-7.706050590695173730e-01
-6.493632056692527632e-01,-3.845913671736602701e-01,-2.638100330759575729e-01
5.637965184968384280e-01,-1.798456722563511745e-01,5.414272177333434577e-01
6.849694804025673323e-01,-2.529048564066609384e-01,-3.382456277737677097e-01
-2.158948060201398289e-01,6.307823115401428593e-01,4.552815712158767014e-01
6.735010227595802368e-01,-4.475643386426013670e-01,4.592603824814397301e-02
2.292188859455846772e-01,-7.360870758406364844e-01,2.567765690194256933e-01
-7.771543477503206621e-01,-2.090235770976884011e-01,-1.301447734047664617e-01
-2.956049206034983001e-01,-4.987157474341377128e-01,-5.769057686849248245e-01
-6.911114716178797801e-01,1.738727741297000084e-01,-4.066947441788195672e-01
5.021673876790041513e-01,-6.494409267086375115e-01,-6.078160427506255903e-02
-7.157979040060277187e-01,3.736631378126770153e-01,-1.733408123038578663e-01
-1.814488495458728978e-01,7.414102157113801050e-01,3.222548677715502130e-01
-6.071735188583082810e-01,9.270652548955850281e-03,5.675949638114571316e-01
-3.909274058544484065e-01,7.249016090089076547e-01,1.306805539209951184e-01
6.273218838606008374e-01,-5.278842155150480497e-01,-1.664018938182656449e-01
7.508482973628423096e-01,4.967512220920593247e-02,3.717113259538536996e-01
-5.344046960512323086e-01,5.176137499544887222e-01,3.942712130300872753e-01
-6.104703550464773976e-01,-3.232999309913339725e-01,4.861517568180643289e-01
3.353574908991486803e-01,7.643121267562811294e-01,-1.466538921722711775e-01
6.406362735684015819e-01,-2.699220951524629042e-01,-4.893907998373739354e-01
-2.780802994765450009e-01,2.208963578113198323e-01,-7.754418019438304999e-01
-4.147492745563935435e-02,2.718947466268955560e-01,8.102292284914660581e-01
-2.538824582964220866e-01,4.856428229278189068e-01,-6.606999836413017801e-01
-1.650415443055967823e-01,4.235546580476135525e-01,7.313897171958297916e-01
-6.129315217996940124e-01,6.088064579616252470e-01,-1.866784224734083361e-03
-4.166881032500777682e-01,-1.463758797456253258e-01,7.457023381025575937e-01
-9.072671325565977163e-02,-2.770713435557547455e-01,-8.191138479998403277e-01
-8.271005751145570767e-03,-7.952280171357335448e-01,3.582450446735092053e-01
2.117262498754451661e-01,8.487402275350415248e-01,2.198858261087238697e-02
4.800711704151811587e-01,-5.887635491232185991e-01,4.398460338050786400e-01
-5.712787583596549285e-02,7.645141343807001499e-01,-4.333150388506429307e-01
-7.361766870284511821e-01,2.658644913682024491e-01,-4.096676522737419113e-01
-6.218387197541103140e-01,-5.431934741779724796e-01,-3.220461675072460173e-01
-1.219614707735645620e-01,1.740724420979385956e-01,-8.633062416853377607e-01
7.046931785097890755e-01,-5.295519028190079913e-01,-1.360209606650494008e-01
1.917826738757144513e-03,2.820242141029518090e-01,-8.491483003783970585e-01
5.328745188340845429e-01,5.373516413364237687e-01,-4.826965163563963768e-01
-5.073509672767204659e-01,7.147434128229076533e-01,2.063196204108164455e-01
-8.955169627113795938e-01,1.017979611858918082e-01,-6.066121093806704084e-02
-2.435646974169583256e-01,6.030528273615361895e-02,-8.707608978233010166e-01
-3.908306505969411648e-01,8.192875548938081121e-01,4.925217132067842563e-02
-8.102042709023927758e-01,2.595100577523779539e-01,-3.284528745890999413e-01
-1.408460452120200712e-01,4.113259174739370416e-01,8.049300106171923819e-01
-5.720554118910432528e-01,2.799556554138323272e-01,6.607781227774170985e-01
3.231113888048831595e-01,8.381125187371781804e-01,2.018870229003671690e-01
2.386890587618370752e-01,-7.149124894601187608e-01,-5.337524688975416876e-01
-5.042148239031408741e-01,-5.970573283735539638e-01,-4.976511920979372894e-01
3.737532635151821769e-01,-7.935250171796514040e-01,3.072894390266969200e-01
6.293981043382953500e-01,5.926690286225579918e-01,3.490933348720667295e-01
7.786570858281898211e-01,-2.985252828201865882e-01,-4.234809040941512337e-01
-1.388219248186804700e-01,-9.152746252628094492e-01,-1.526039510389510245e-01
6.174095842039271920e-02,8.885631896515066019e-01,-3.041199618843505315e-01
-8.072041749645222919e-02,-3.079665138499558252e-01,-8.888623111195789184e-01
-1.387527141251072293e-01,-3.477573612278604398e-01,8.699825226115358578e-01
8.738161421070919088e-01,3.285407205378470530e-01,1.766836578106024402e-01
2.553015034453530105e-02,-8.096350480408065486e-01,5.022309105979438915e-01
4.593960777033440079e-01,-7.070644187577289630e-01,-4.506993041186551641e-01
7.254539784315963136e-01,-2.197583449160002977e-01,5.876122114416411080e-01
-7.535324302515240547e-01,-5.352672389554317123e-01,-2.670700948670076125e-01
-8.652571126527508483e-01,-1.321975065176224651e-01,-4.065939193230763138e-01
8.174020355536643079e-01,-5.038435777570106078e-01,1.237308626074023893e-01
3.368653932944202789e-01,8.806279540815536988e-01,-2.328350503093589430e-01
5.935596325435110732e-02,-2.238614456278430476e-01,9.462952051316182445e-01
7.664787876702415792e-01,-2.277659559964823055e-01,-5.618663691410071825e-01
-9.644571036074479631e-01,1.611189189571342328e-01,-7.004982239638987696e-02
-2.136170225147666635e-01,1.333634361956032854e-01,9.506011581645557040e-01
7.493749159821617711e-01,6.269873736486710758e-01,-1.357776340343666843e-01
-3.306430590808849268e-01,7.334589076629605131e-01,-5.761161866944253251e-01
-2.145065666949673988e-01,5.128639708196358615e-01,-8.223586562570499581e-01
6.122767909541072529e-01,7.269446272964484868e-01,2.968824229724353891e-01
1.841645696521321610e-02,8.405024767851829171e-02,-9.951160732975036227e-01
1.688596657353148150e-02,-1.159609392603004607e-01,-9.950636260752975248e-01
8.937523982550922563e-02,1.211334456074192184e-01,9.937211546947070095e-01
9.448569329442786380e-01,3.433841161295908551e-01,7.596296972337648890e-02
-6.578192180569941705e-01,7.681062371441084169e-01,7.387671616830842648e-03
-1.967854217158401808e-01,3.888313058924575127e-01,9.160893068144457807e-01
-3.654071904926728398e-01,9.237856501488788119e-01,2.205301174063631908e-01
4.684305716629788008e-01,-9.066127923620711515e-01,2.449572855948758607e-02
-3.005371474735706386e-02,-9.828693132851855641e-01,-2.855050791119014275e-01
3.446627310846409054e-01,2.532064972676914549e-01,9.338380699262295304e-01
-4.925295918841529619e-01,9.769000385832955768e-02,8.996546423817795013e-01
-7.897464187723166607e-01,5.434846239471993190e-01,-3.860271277662129519e-01
-8.053248399428420967e-01,6.527832578861855195e-01,6.293735736448623393e-03
-9.434796649626230325e-01,-3.723995977607054142e-01,-2.292105720599811880e-01
-1.155569697902822379e-01,-2.245554571446200798e-01,-1.012072587262302203e+00
-9.450201529001599488e-01,-1.607665034491816691e-01,4.193982884060870053e-01
3.289926135940161589e-01,5.982020693112843901e-01,-7.971789968589800823e-01
-5.056364899258361523e-02,-6.190410230378982082e-01,8.500695262674936581e-01
-1.494171078989113000e-01,9.021155820055773988e-01,5.282967691427701284e-01
-5.219192392387292934e-01,-9.076580617064359258e-01,1.608725235414505683e-01
-2.749271012885008414e-01,-9.411863165863347813e-01,4.094292639943749590e-01
3.622480347171115334e-01,8.853288070536549093e-01,-4.700885415394178146e-01
-4.530796909107829840e-01,-4.151001339440466564e-01,-8.748879175094546046e-01
6.112203500833158776e-01,-8.688982380364831393e-01,-1.465855780239154749e-01
4.022673971453618602e-01,7.945250358762745435e-01,6.033704438677106596e-01
4.482837781938106558e-01,8.728231526576020471e-02,9.775947129427877691e-01
9.136099077091753839e-01,5.441894749420563837e-01,2.015086161011007682e-01
7.644332822929704729e-01,-7.199990771704000148e-01,-2.754583122817317875e-01
3.201596948939819942e-01,-5.214189468310260339e-02,1.039546466240609091e+00
-9.489489751854413013e-01,-5.100053726228261919e-01,-1.804232517448559059e-01
1.001988932536402865e+00,3.075718043658659528e-01,-3.192258622031556303e-01
-9.970622891120766162e-01,-3.449154377858179021e-01,3.078210718844212601e-01
-9.970050404696026089e-03,2.277141935208975843e-01,1.078567628978814197e+00
7.732992379725464049e-01,7.792676273187530978e-01,-1.321388661676987930e-01
-3.195501069335517363e-01,-7.164433944710779656e-01,-7.840905013798487033e-01
-5.270589885431443689e-01,1.418724471386785813e-01,9.694406786719249602e-01
1.002751439614830264e+00,4.419488168108932635e-01,-2.109029888913314665e-01
-4.951014390370494511e-01,9.750677718921467729e-01,-2.388392560301038081e-01
-1.011737280799124505e+00,2.385014711549180433e-01,-4.243720906885282140e-01
2.160733038683753660e-01,-1.968087503739733846e-01,-1.087597645537055735e+00
1.018438939666350906e+00,4.418829584378283770e-01,-2.087048925321865755e-01
-4.037499713263963952e-01,-4.324552376380084717e-01,-9.663302154631122631e-01
7.882428508687142621e-01,-1.366795957270853512e-01,-8.072488029495540340e-01
4.304390001673299992e-01,-5.094080578515201019e-01,-9.245330252445949082e-01
8.802952317823010686e-01,2.758448832509179105e-02,7.292296908451749715e-01
-9.603996031608298678e-02,4.322122287298695853e-01,-1.058012597450712633e+00
4.833475327891453288e-01,6.241976362587580152e-01,-8.367699364212775048e-01
-9.794563849485752316e-01,3.973475823352495828e-01,4.628887594556432283e-01
1.030726725551782463e+00,-5.217145020035338643e-01,7.072312747072137529e-02
1.694723762578765822e-02,8.279780218807684111e-01,-8.135694379797201448e-01
7.743111511011551151e-01,-2.515834326126344389e-01,-8.325071834256863035e-01
4.369425794741487179e-01,1.047441707976378478e+00,2.758679114532957555e-01
9.736700401352743617e-01,4.520606507048974265e-01,4.690902817576387274e-01
7.746493683156133736e-01,7.411231616425706381e-01,4.810620601723701317e-01
2.781202478952449209e-01,2.229097478991078629e-01,1.123432565381380810e+00
1.044815742649379375e+00,4.136181759138887748e-01,-3.672078261193308935e-01
8.388537871521456468e-01,4.915312687579921347e-01,-6.787863885660117003e-01
1.178439767930537396e+00,-8.685353022862582484e-02,-1.352076353182246060e-01
-8.016688439241287378e-01,5.220320137809979499e-01,-7.126831805895877947e-01
1.118077080927783573e+00,3.297977501005180390e-01,-2.699170364923735299e-01
-9.084126431796225587e-01,-6.515382559899545178e-01,4.366473318537074655e-01
5.957772631899178606e-01,3.261612465847166242e-01,9.938568432439821576e-01
-2.280191000241231780e-01,1.973440765930508378e-01,-1.169145333796876463e+00
-3.948621889504804194e-01,5.462634919362441277e-01,1.006142164113890569e+00
-7.084820718339833734e-01,-4.305339198733041384e-01,8.877998005750299404e-01
-1.100265828050105421e+00,-1.359073071364130803e-01,-5.053129002441111295e-01
6.801337411748339390e-01,-1.500732791349502181e-02,-1.015155763551562673e+00
-1.640779354261992229e-01,5.673323347500592861e-01,-1.074040086800154503e+00
5.491200334588813847e-01,-1.046295496165182026e+00,3.393138946852206628e-01
-1.753399545757282352e-01,4.419227662198016438e-01,-1.137744614227125250e+00
-6.574526558010387323e-01,-4.528601969107194924e-01,-9.446314085808602545e-01
-1.129089094195119269e+00,-2.374137253180585438e-01,4.556867812363732950e-01
1.169988296135819894e+00,-2.300468078141579831e-01,3.554123190915931541e-01
4.227839932618464025e-01,9.301076179377071318e-01,7.166387657211054085e-01
3.604723274051727100e-01,-9.197708537190292244e-01,-7.686716350022848587e-01
-1.384629158802092030e-01,-1.207640008566633449e+00,3.140343349929803352e-01
1.055426268452765770e+00,2.948502891954771221e-02,-6.861860480525049377e-01
-3.962914576298864205e-02,-7.692004502732104898e-01,-1.000959182279101078e+00
-9.909589559730177522e-01,4.720873870828646846e-01,-6.323444593551987847e-01
9.982661568435593491e-01,3.883304049185359180e-02,-7.850490240362997252e-01
-9.660055789387105296e-01,-7.738244785019572358e-01,3.033927249149664385e-01
8.370115518225570428e-01,-6.502600607736469529e-01,7.143656804635972746e-01
-5.677078033446464334e-01,1.030397034357689812e+00,5.094262152765842711e-01
-8.065792086288284812e-01,-6.374667002722869125e-01,7.722862760608378840e-01
5.628703202450394683e-01,-1.160068801241418646e+00,-2.581459312156502567e-02
-3.726635164070659645e-01,-1.238673858217803625e+00,1.363157345576774919e-03
7.814950044699722209e-01,8.884404330995272492e-01,-5.321005113645580487e-01
-1.484292690450346626e-02,-8.097260950053493112e-01,-1.018513327591951123e+00
-1.220062692378256708e+00,-3.328171692148042538e-01,-3.225456803966123553e-01
-5.351474545795892324e-01,1.079202802117562143e+00,-5.123087948883612297e-01
1.065718635628831290e+00,-6.178462728955379513e-01,4.541515389540407566e-01
6.531000784224765265e-01,-2.565154186949598070e-01,1.114308109902615529e+00
-3.002573936859488368e-01,-1.022177268771573555e+00,-7.806132093639318592e-01
-1.255096244325584753e-01,-1.182670929259783232e+00,-5.833414177202297379e-01
1.179095958530841370e+00,-2.988726777683576863e-01,5.344232669249149303e-01
7.358659945996505192e-01,1.543892830649526426e-01,-1.100169666281297864e+00
-5.303650365131101774e-01,3.297390884207930528e-02,-1.226335812452817420e+00
-4.946609437629632122e-01,2.296232807672300980e-01,-1.224533257044487344e+00
-1.052139493305062512e+00,2.136004521800752010e-01,-8.092948275872633435e-01
9.374468723094735445e-01,-7.717588284673820853e-01,-5.864334735413035959e-01
6.636758919370620013e-01,2.346733549031677635e-01,1.154810081502593677e+00
8.343451961988515020e-01,-9.067357284731997202e-01,-5.671707536691983353e-01
3.730301936317289568e-01,-9.941064396687254723e-01,-8.505913746735561665e-01
1.338957323187459414e+00,6.638183642247641458e-02,2.543076395841109560e-01
-8.077942339644493819e-01,1.828622860425945795e-01,1.089475500451017487e+00
1.231730590467219111e+00,4.748316063906914963e-01,3.760371685187351432e-01
3.463553458207611069e-01,-8.039456690587113430e-01,-1.062498018492136653e+00
1.144005871125693741e+00,5.564933922384156517e-01,5.366408026208353554e-01
1.237825595244275156e+00,-4.775065413066882924e-01,-3.968372558076113665e-01
-1.140368378362306645e+00,2.739276345661654788e-01,7.440276416096308632e-01
7.350098450279081153e-01,9.713649232205936457e-01,6.757778875102815608e-01
7.943803719465403201e-01,1.210865897860965157e-01,-1.142907373814087801e+00
1.271442369221192359e-01,-9.906422215217463023e-01,9.828220964495657519e-01
-6.057584605301329361e-01,2.691059223058475669e-01,1.239240364325495669e+00
1.070333356308651895e+00,-8.656761529532961408e-01,3.028765285439374289e-01
-1.237236880657523352e+00,-3.122913919101345526e-01,6.084331983747730543e-01
-1.193067466787538944e+00,5.073618216754590682e-01,-5.739682735784036316e-01
-7.497321225860831273e-01,-7.344355310485864985e-01,-9.594947883660185362e-01
9.260320496986230721e-01,5.417765858937512169e-02,1.083317666359646658e+00
-8.941404366398670867e-01,1.113500570003398638e+00,-8.164770570002727323e-02
-4.562995082418117021e-02,8.424184929699637392e-01,-1.160319407973269490e+00
-9.760372426671837243e-02,-1.165348374081110583e+00,8.382423413968601578e-01
-8.990961124708916063e-01,-3.322741659483559040e-01,1.078712942274640429e+00
3.829060503322024300e-01,3.508472153755220480e-01,1.350905514274061137e+00
1.343246005515327468e+00,5.463010477105116891e-01,-6.499334432015592411e-02
-9.058001106022019189e-02,4.089860810146114800e-01,-1.394236134125003357e+00
-8.513479180766343468e-01,7.561651566454963280e-01,-9.139188728663466543e-01
3.068949898765042095e-01,-8.897668475201298000e-01,-1.121821516745988845e+00
-1.436855548125311799e+00,1.447492637573632446e-01,2.672863502148352666e-01
-9.329584832186786914e-01,9.992714963594898636e-01,5.483223351022583625e-01
1.028423897613919946e+00,-8.460247490152177363e-01,6.394783486623329960e-01
4.397377894260708908e-01,-6.175782072232391950e-01,-1.272940509004564902e+00
-6.859278112703834918e-01,-4.431307264666499157e-01,1.241435329366662899e+00
3.324324537076301378e-01,-5.944672244497370972e-01,1.325543370539555399e+00
-2.538721710231342521e-01,-6.793151091190721691e-02,1.471365828864982461e+00
-9.801785208626583312e-01,2.999704193804237362e-01,1.093772212273754985e+00
4.165210865817655650e-01,1.415649731288224134e+00,-2.875312891284859118e-01
1.440745225136438101e+00,4.187078959277518719e-01,1.496515654415897234e-01
2.417168070476170272e-01,9.897379365553178321e-01,-1.117476377123992393e+00
8.458027816335190741e-01,8.103954726517014207e-01,-9.633349877433938779e-01
7.382310221431342967e-01,9.225121400188316390e-01,-9.579002225118371516e-01
1.404863909762359642e+00,1.908226683259840184e-01,-5.630748841425455842e-01
8.622551866934674569e-01,5.505768896675231616e-01,1.137579456241622378e+00
-1.811254316419262933e-01,1.375323155614354365e+00,-6.557872097310054604e-01
2.371093585498618428e-01,-4.033504252559788061e-01,1.466018620034066355e+00
1.449277892399488676e+00,-4.449300805953247950e-01,-2.890933484265048592e-01
-1.447759868458530885e+00,4.751868528487360188e-01,2.720840158954782595e-01
-1.428704081284399630e+00,-6.030050412422327533e-01,-7.073334500849147444e-02
1.316510317018334542e+00,5.518595318702703562e-02,-8.292272790100073676e-01
4.266386185618251115e-01,-1.256086370517683015e+00,-8.235382545229159579e-01
1.148100946995194604e+00,2.375391665330950919e-01,-1.038090199948931591e+00
-3.013945448627404836e-02,1.102587669288803696e+00,1.117973494478692098e+00
1.458755617425620876e+00,5.929646063416496027e-01,-3.544757738233869637e-02
-2.148918754070901216e-01,-1.254253432524594425e+00,-9.359159019079290598e-01
-1.483822159507207417e+00,3.854269613451191123e-01,-3.993779421528381168e-01
-2.391273342797854695e-02,-1.274704021798812592e-01,-1.583527629687448091e+00
1.302644627742307604e+00,8.102186054255886560e-01,-4.309502831849687521e-01
6.178798879577798164e-01,-1.305251509048818370e+00,6.843635749804720669e-01
-5.936663915448269629e-02,-5.221803346437393634e-01,-1.514083748478380675e+00
-9.760637777816688621e-01,1.195752753926746736e+00,4.483724451942573963e-01
7.973223564069854552e-01,1.244088370773320129e+00,6.442687884372051421e-01
3.570396965216235396e-01,1.325100265657667142e+00,-8.545600838839325641e-01
4.553900861704685554e-01,1.552479058327848271e+00,-1.059801909341897275e-01
-3.170569711214221709e-01,-1.053346622100623353e+00,1.197490616854900880e+00
-9.947435645488686973e-01,1.171956566300083491e+00,5.444070407657058963e-01
-1.359396633226942930e+00,2.205758843738443997e-01,-8.821420436782434482e-01
1.401137918846889763e+00,-5.876381861725664679e-01,6.178810111943752181e-01
-9.056894317988897214e-01,1.315444560975668420e+00,-3.939483382938863687e-01
-5.444737973344792037e-01,-6.236169944780668439e-01,1.426947103895066293e+00
1.254772491763484210e-01,-1.429395629623411157e+00,8.236271725890595974e-01
-1.399026486055925389e+00,6.337448086043652173e-01,-6.278586954978008228e-01
4.027033980335484320e-02,9.555803468314589821e-01,-1.361719825726300348e+00
9.115140397607269795e-01,3.302115111829701521e-01,1.358362192403714142e+00
1.548215589439557949e+00,-4.946434618081242962e-01,-3.993717217828595123e-01
1.212770469218305003e+00,1.038142301904995346e+00,5.184337074461197181e-01
4.502911094201245135e-01,-1.305173871620832982e+00,-9.629932709584568817e-01
-2.664535539453105062e-01,-1.178030210797220700e+00,1.179493376973682395e+00
1.056117347294435849e+00,7.265286913734870788e-01,1.105974168496604459e+00
1.582193842168550413e+00,-4.560559102292957023e-01,4.142718136031785514e-01
1.374461684792808835e+00,9.465466687315232663e-01,-3.383470792696361418e-01
-1.099160107458134084e+00,8.250960981296109331e-01,-1.013586187613075396e+00
-9.465726087473679273e-01,-1.238144016536344871e+00,7.100023051382083894e-01
-6.503168132381694777e-01,1.578841100495323724e-01,1.581823544009858917e+00
1.126404015097541400e+00,-1.627922646518928373e-01,1.292946674266072460e+00
-1.056069064370598554e+00,1.179964944578536290e+00,-6.902789238531856775e-01
4.883068018377590969e-01,4.825760555610550950e-01,-1.590578349853644990e+00
1.284056335697869589e+00,8.796839294895818506e-01,7.719391435011696556e-01
5.355216345138086309e-01,-1.373649582903156752e+00,-9.285491961397422944e-01
2.085823332973498478e-01,-1.096388986957065992e+00,-1.344538877845284031e+00
-3.486636877392919609e-01,9.682791081197263949e-01,1.418373783827925783e+00
-1.472944770579804885e+00,9.098758371791587640e-01,-3.018687697243689350e-01
1.453399255508494026e+00,-9.573301965011975501e-01,-2.783172646550542972e-01
1.420253210668782851e+00,-5.763127004220923721e-01,8.802827466811077306e-01
1.583251918561505989e-01,-9.290048393803167492e-01,-1.501324552811568402e+00
8.252739210563830863e-01,1.527540596462899414e+00,-3.816691358757113295e-01
-1.373921456021502119e-01,1.031583026006900328e+00,1.447488420624245542e+00
-7.975747628024897340e-01,6.931043046871488977e-01,1.442212318031421026e+00
1.594797290989053540e+00,7.748678484327297111e-01,2.665113994743276149e-01
-7.564337048347817838e-01,1.466951880185722867e+00,7.135250492254089361e-01
1.316526625666480044e+00,1.216554414633196357e+00,-1.963200013133292454e-01
-1.314152134300672570e+00,-8.712219981335696251e-02,1.239287561157672579e+00
5.047670957978113160e-01,1.741127195779982983e+00,-5.327512799996307613e-02
-1.431919748217477473e+00,-6.528048277010368716e-01,-9.118318789109097766e-01
-3.184541729600989801e-01,1.627643614842314568e+00,-7.591341391297069530e-01
-1.598941868899048657e+00,6.855906307424656232e-01,-5.650753578697328416e-01
1.116053409839289579e+00,1.331678373381286029e+00,-5.883525510188541974e-01
1.467750495292689639e+00,-5.075861273328461376e-01,-9.861090977990388806e-01
1.102309022253723930e-01,-8.596132996227621170e-01,1.628683454673399478e+00
-1.390890885883761197e+00,-1.201252753701963716e+00,-2.134575387785006551e-01
7.308003422195955001e-02,-8.257018074583155620e-01,1.659995476191199693e+00
3.378656246496516968e-02,-4.639621455513039394e-01,-1.801658124340411726e+00
7.067931244124608936e-01,8.968197986751373918e-01,-1.475907789419151905e+00
-3.961135020081131275e-01,6.915151826910328481e-01,-1.693199803182813268e+00
1.861027907799409853e+00,1.102956766212598860e-01,2.154551303787247685e-01
2.439082947399881796e-01,-1.864818495173402590e+00,-7.117548844886895099e-02
-1.462930703048082703e+00,8.020256526858801083e-01,8.825513111435505653e-01
1.514897492650174815e+00,-7.249590581386350374e-01,8.730065208158469536e-01
-6.462342599630244155e-01,-1.351479274335176672e+00,-1.165730474072428802e+00
-1.662160572931240310e+00,-5.860181534176209794e-01,7.192912424107068547e-01
1.113831918562118606e+00,-1.508735077350868758e+00,-3.568126880566578341e-01
-1.148765210489111510e+00,4.222015997602192594e-01,1.472092955274181492e+00
9.681631364697858011e-01,1.532889610391041213e+00,6.314666273519549122e-01
-4.430089448684605968e-01,-1.765234460023953789e+00,-6.281009347632835471e-01
3.349691978258750313e-01,4.253305459141413225e-01,-1.853322205086982200e+00
-8.769003748630804784e-01,8.322671619077520733e-01,1.512447648825489877e+00
3.884149573957149659e-01,1.780505105947440270e-01,-1.894168499861391464e+00
-1.052868110447010147e-01,1.936722568919881704e+00,1.729151847044169132e-01
-1.698366485335244702e+00,-9.632947793964745653e-01,3.234627143540861477e-02
1.440964285901764619e+00,1.176446308445711297e+00,6.121247709140372750e-01
3.755188593232788308e-01,-1.861441301816258775e+00,-5.009076163359754696e-01
-1.894277191345082212e+00,3.866266764685811763e-01,3.755312615063995385e-01
-1.599571704780242409e-01,-8.477034665205183117e-01,-1.776689093936843600e+00
3.089529011686904525e-01,-1.395633823516111205e+00,-1.371023833378077317e+00
1.676495836135037942e+00,8.239062826198246814e-01,-6.750940782405938645e-01
8.927054752963986539e-01,-2.053265596222261097e-02,1.780518778394088120e+00
-1.078639225288104964e+00,-9.061244823846533736e-01,-1.416180857665856552e+00
5.356832869315253376e-01,-1.852905060547649585e+00,-5.408332067177606950e-01
-1.991539227942020984e+00,2.397098482752898219e-01,1.084845017378730514e-01
-5.376745289121670490e-01,-1.871048184218874200e+00,-5.180825047888425461e-01
-8.266417342823596803e-02,-1.206971393528269987e+00,-1.617931123096304935e+00
2.013433086310843834e+00,-9.518029072200321142e-03,2.245544013567354891e-01
-3.945445216297307489e-01,6.199107307728620730e-01,1.894125537648197133e+00
6.763587384904455879e-01,1.430075259391123232e+00,1.283921039499687833e+00
-2.735570168841257588e-01,1.984019806982964651e+00,-4.041668310763457117e-01
9.260864301206951366e-01,-1.761351722088347449e+00,-4.879945213963660100e-01
-1.661779928551344376e+00,-1.148951691770681682e+00,-3.745330869893576109e-01
-1.379954235950397345e+00,1.523876276522804218e+00,1.388371007402456614e-01
6.377056445507347515e-01,-7.943971970103614888e-01,1.797779811528297245e+00
-1.165691174633206595e+00,-9.741769056411879735e-01,-1.409262072873763039e+00
5.127019215560736365e-01,-1.965869939920526221e-01,2.004151894609201623e+00
-1.390625554474364423e+00,1.470167721669371819e+00,4.972835114733833439e-01
-9.464810552052169701e-01,1.745162920327697931e+00,-6.523983579106528152e-01
-1.625806170100586590e+00,-1.308620633083527496e+00,1.896366500338802219e-01
1.925794332952622812e+00,3.732329408897354650e-01,-7.539852801896833601e-01
1.348635027352036442e+00,-1.595308268787923200e+00,-2.785203262019870785e-01
5.989663286210213933e-01,-6.423044362057335199e-01,-1.922273363627686971e+00
7.560384119821872417e-01,1.579282369489770188e+00,-1.194114913859228855e+00
1.874271984823872028e+00,9.253279411793194908e-01,-3.844895832893672760e-01
-8.810188507067601149e-01,-9.227128531629489316e-01,-1.707285747869485615e+00
5.833560140537045191e-01,-1.857548220531149985e+00,-8.816027496181491063e-01
1.700673812393924011e+00,9.319015476016815347e-01,9.126959442451830773e-01
1.882702247743357482e+00,2.209424153370989352e-01,-1.013031856185998114e+00
1.675730170035221178e+00,-2.699531709166138604e-01,1.328412810023662960e+00
-7.192618742211619454e-01,1.816303625977383263e+00,9.249217348086765655e-01
1.457007533243435127e+00,-9.187436228994803056e-01,1.315715095345489694e+00
1.283669672016662267e+00,-1.192092917369735661e+00,-1.286703213772775856e+00
7.153427289296642178e-01,-1.325783914677579389e+00,-1.575326556518979793e+00
4.687364133554555168e-01,-1.200247658930085004e+00,1.765638653935956093e+00
1.226227002669180832e+00,1.695909271353023495e+00,-6.518487625405187114e-01
1.749795622737336798e+00,-5.927209172868581621e-01,-1.191028431211603955e+00
-9.847204684878320124e-01,1.884360992538924195e+00,5.816438242935276781e-01
-2.006644305928613203e+00,8.701701573387409239e-01,-3.198082082612077048e-01
3.686060135867380572e-01,9.929630120856393072e-01,-1.947226175721658237e+00
-6.506106353494145456e-01,1.874193660203530731e+00,1.002610512986278568e+00
1.501443383733749748e+00,1.585110513061523507e+00,-4.493913220496101313e-01
1.330290018607462210e+00,1.548255955067236567e+00,-9.110307951477736310e-01
-2.205831542434472325e+00,-3.422431006444042745e-01,2.048330988051854928e-01
1.287179929022903346e+00,1.793548550200947833e+00,-4.234573228275204659e-01
-2.915083059962256251e-01,5.881765121400700513e-01,-2.156472133731605734e+00
-7.687992196551107771e-01,-9.678350322357660573e-01,1.892625663687988347e+00
6.936653629723058545e-01,2.082112900526697619e+00,5.675066405446207440e-01
-1.260314745714032680e+00,-1.944425859317770733e-01,1.881760524203437646e+00
7.957638858624928035e-01,-6.590040704862336618e-01,2.031906974649845488e+00
5.575693965956902698e-01,-1.082521706141450629e-01,-2.214198296303762081e+00
5.139748128707793962e-01,3.557428199876476183e-01,-2.205405390414234557e+00
-3.751645235856324034e-01,8.558839978235149859e-02,2.266247717922145188e+00
-2.267046157701202880e+00,3.922025186035253408e-01,1.421461503123711279e-01
7.114663959664945247e-01,-4.055877596026074006e-01,2.161613586182641544e+00
-9.971117838438837699e-01,8.872385764088035476e-01,1.895185147979615348e+00
1.334508645905762902e+00,4.089445654920125239e-01,-1.858777511004345628e+00
-1.744377247244611073e+00,-4.964399776711210799e-01,1.464278315214345039e+00
-8.382965941009228317e-01,-8.358444828147134631e-01,-2.015542855407330247e+00
-3.747541246297013684e-01,2.610459796206414107e-01,2.299074096752960372e+00
1.797029473112498055e+00,-1.507073392946131740e+00,-1.563421404617898747e-01
-8.540761641274526028e-02,-1.961616461187460470e+00,-1.304093312379577263e+00
-8.202946322393456224e-01,1.614445474894923738e+00,-1.519080524775873409e+00
1.087480220938542130e+00,1.583090103736874532e+00,-1.389003888095535988e+00
6.658080391526352004e-01,1.982598510184950369e+00,1.129373817230642230e+00
1.839996369107854024e+00,-1.199486576306342478e+00,-9.255585494387703616e-01
1.031320164191674493e+00,-3.072574573227399020e-01,-2.134170670603587006e+00
5.986098080204279442e-03,5.502512673899254692e-01,-2.332760103490419734e+00
-1.137719624232214954e+00,8.860828402326661468e-01,1.922777365856386256e+00
1.576462382622394909e+00,1.804468615130413678e+00,2.597918293125983102e-01
2.839251055030316273e-01,-1.324690672613082487e+00,2.001448646057830683e+00
-9.961957700330196230e-01,2.189690149304041267e+00,-2.943175086464074330e-01
7.866461804495752386e-01,1.282273023267594958e+00,1.908786447644510220e+00
1.413717368100244398e+00,-8.272484965894753017e-01,-1.804569299607082566e+00
-2.137183123578054289e+00,6.449780765109744962e-01,-9.944545596608967974e-01
-1.900516605685000693e+00,1.459067920118441775e+00,-5.146878405993946526e-01
1.813405279519357594e+00,-1.470015365854006273e+00,-7.679829422426689423e-01
-1.365554525515471074e+00,-1.076746337227598271e+00,-1.746045252734956588e+00
-1.092568735836878968e+00,1.692173491869174873e+00,1.431583751408737060e+00
-2.236441670384309299e-01,-2.255718069876078147e+00,-1.001140915618143223e+00
1.750435812852964457e+00,8.358590048853750676e-02,1.761734208111695565e+00
1.190737616964665291e+00,-2.139453741060037828e+00,-4.625357007272966059e-01
1.041268798089408865e+00,1.903120265003652944e+00,-1.239948247312790075e+00
-1.838265260478312735e+00,6.465390014471214530e-02,-1.701436327791267189e+00
1.804167876514634949e+00,1.735464439678540138e+00,2.152146893810570061e-01
-5.759789015194797246e-01,-9.146052379061935245e-01,-2.275961062166845572e+00
-4.826517204565357044e-01,-1.245315980521721988e+00,-2.144703503466373284e+00
-1.495055108973043501e+00,3.932633057877862326e-01,2.007267939722855665e+00
1.753077861592733155e+00,1.838535147054900509e+00,-3.344830000762736427e-02
-2.031290881636588885e+00,2.837042550725528758e-02,-1.537366834208031774e+00
3.424915653107739044e-01,1.593363574737175714e+00,1.967322943639841837e+00
9.325305163707192646e-01,-1.492386287928773259e+00,1.861680126275464975e+00
-8.196204090969511080e-01,1.185315287239263604e+00,-2.126579761316266914e+00
-4.679373855080799505e-01,2.195477929589637167e+00,-1.263568519752946706e+00
2.386520470082186485e+00,-5.290570101931850733e-01,-8.349315965360615266e-01
1.503646129033371137e+00,1.870113680424908553e+00,-9.752995960189645430e-01
-1.776547133270435674e+00,6.983424823893418232e-01,1.761498105055991692e+00
1.163892857993799934e+00,-1.001739991867203639e+00,2.103791229417950603e+00
2.026510267474350702e+00,1.647671839903270596e+00,-9.470991300577160169e-03
7.495720040192984657e-01,-2.304556311646637212e+00,9.932810982946705947e-01
1.524951122510779467e+00,-1.732233013340870320e+00,-1.253526562421334090e+00
-1.681931240777113423e+00,-1.527755136732092733e+00,1.331428040217278230e+00
-2.060252378010134056e+00,8.725995520726587129e-01,1.402838495987257295e+00
1.787830854809066894e+00,-2.411939839341973035e-01,1.938585347163223505e+00
-1.974091449381326857e+00,-1.108970497935997335e+00,-1.387292699660394923e+00
1.303595962515557760e+00,-5.185660395752255125e-01,-2.263222036133753612e+00
1.742642679681798423e+00,-9.425012928414695512e-01,-1.790127439955450095e+00
1.615757570342019278e+00,2.031281750325084179e+00,6.575108630781383301e-01
1.725860008404021650e+00,2.260651855531955190e-01,-2.044270162922310785e+00
-1.719199214565317879e-01,-2.458839039249028247e+00,-1.083117740389800909e+00
-6.852613165059229239e-01,2.575014216614706974e+00,4.340184066464639612e-01
7.859962283637442759e-01,-2.287548393458570528e-01,-2.580467211836477759e+00
-1.203394143542979133e+00,1.278763515986256483e+00,2.070272272119013657e+00
-1.960594456414884057e+00,-1.505561115740888134e+00,-1.139948453924448213e+00
-5.945480690927901213e-01,-8.258548974051141967e-01,2.532889018570135597e+00
-1.023549489368341114e-01,-1.816993849952933449e+00,-2.044565527213222378e+00
-1.340877189420002502e-01,2.073238121117418231e+00,1.793670910700232657e+00
-9.136798969954995631e-01,2.543556030594952500e+00,5.202333508427463560e-01
2.148591003923842280e+00,2.784677471501883703e-02,-1.731968022365988125e+00
2.662922901407654308e+00,-5.891993252459404307e-01,4.697244869365659881e-01
3.655488523803638867e-01,-1.931516365051771711e+00,1.958780418626412834e+00
-2.409844279020121327e+00,-1.408902698020105537e-01,-1.384367781246800710e+00
8.314071634353569218e-01,-2.995209095782764286e-01,2.646775467479444810e+00
8.892981520393993256e-01,-9.867984900628536948e-01,2.462655665852568898e+00
1.897700303645222242e-01,2.670297247178875732e+00,8.402070652443746068e-01
1.167289185263774787e+00,2.405727679225630133e+00,8.750658400936608405e-01
2.151874383708732186e+00,9.159213853995210597e-01,-1.577962973283490999e+00
1.596950084197874820e-01,2.500779556405393400e+00,-1.312968377842825385e+00
-7.444171926557581198e-01,2.727633427292504464e+00,2.307013968688733652e-01
4.164727797813846250e-02,1.836396958711862482e+00,2.172000805082639374e+00
-1.205789617435635008e-01,-4.147100082889176309e-01,2.819521080945194047e+00
-1.808833683314844176e+00,1.568640339044014675e+00,1.564766655345966262e+00
-2.566375738061752454e+00,2.054852008973519772e-01,1.263930176418680773e+00
1.325256132815019194e+00,-1.379280494611908603e+00,-2.147689532418715075e+00
-1.866854173055049637e+00,1.303420989487828363e+00,-1.769954570727477083e+00
1.225906409324511115e+00,-1.276056065657497962e+00,2.287218208963803345e+00
-2.420027977989239965e+00,-5.733198274805667571e-01,1.491069211006098350e+00
-7.335305763553847669e-01,-1.466157352638530309e+00,-2.401471175010820414e+00
-2.692289660599565870e+00,-1.043004640769539471e+00,-4.061296675569189274e-01
5.192741484358686099e-01,-2.679457539199152638e+00,-1.048240095083919243e+00
2.664171235966990903e+00,-1.104156304064048966e+00,5.272060101804908472e-01
6.136433057006044356e-01,2.212730910496988557e+00,-1.835592238887115979e+00
2.863003503538434913e+00,-6.275900255757216328e-01,3.145579812372010786e-01
-2.317183411586399178e+00,1.794574578656006780e+00,3.840443034052339888e-01
-2.700968233066890711e+00,1.156346504992180613e+00,-3.910695384325096335e-01
1.240701883440795822e-01,2.947841417844295542e+00,3.582865371353499140e-01
-1.971272244337096025e+00,3.717729423473067341e-01,-2.204061667030781990e+00
8.390928159439451361e-01,8.857033162039461560e-01,-2.728041942527044128e+00
2.084757579975704544e+00,-1.171188717773381294e+00,-1.806063141982629183e+00
-1.190062571220242393e+00,2.383790405216748454e+00,-1.389358422327743536e+00
1.426291968080183103e+00,-2.147638289149846003e+00,1.559450509306598009e+00
2.809908964741496984e+00,-5.869146870744063049e-01,9.424822065656859316e-01
1.886359376216907080e+00,2.321571315830806004e+00,-4.799311635604386339e-01
-1.765439462668224047e-01,-2.626844014717667264e+00,1.515657003319896612e+00
-2.976477540073981576e+00,2.693452206483316624e-01,-5.893294017644707949e-01
1.556787498326104302e+00,-2.068360023186305963e+00,-1.621241287985474289e+00
9.065974568493693209e-01,-1.840219755293600601e+00,-2.274404300775327403e+00
7.009005430757846433e-01,-2.972168100803888269e+00,3.280054402212072562e-01
-1.298238184131294215e+00,-7.659429378180977743e-02,-2.791595489389964602e+00
2.097057650495999861e-02,-6.662622854537425532e-01,3.015275293765628195e+00
-7.960238609196463866e-01,2.455340695142235408e+00,1.710581603010685958e+00
5.422308347441480159e-01,-1.872720215224948470e+00,-2.416574791111260723e+00
-2.051853200284891265e+00,2.315534526096385992e+00,-3.491318371409040111e-01
-6.292854984649262073e-01,6.774838058248163764e-01,-2.981904666330833287e+00
-1.720384065361418191e+00,2.596400388811315185e-01,2.602485719812215326e+00
1.346582016026864892e+00,-8.762375506636095601e-02,-2.834204263907790899e+00
-7.312142289455532129e-01,1.295171165442856820e+00,-2.774062872648395572e+00
-2.249823874339127450e+00,2.199237886965942579e+00,2.517749263792395942e-01
2.003981416433913587e+00,1.037355591777443520e+00,-2.219045298636981300e+00
-2.695545994608509854e+00,2.786137756958111944e-01,-1.651474951385161427e+00
2.402241871195719192e+00,-2.079615613840470001e+00,1.744686214991358064e-01
-1.461836712295847551e-01,-2.611469777373658818e+00,1.827620521571985623e+00
-8.264979713386921834e-01,-3.082322805674143407e+00,2.305545053064020078e-01
-2.878613194683808940e-01,2.669380122756014995e+00,1.756256107685847834e+00
8.497887104334049813e-01,2.871214333876864977e+00,-1.176050587366981093e+00
-1.044006010531034478e+00,3.298765084293371896e-01,3.034280098022227534e+00
1.361940107202959993e+00,2.223410295865018593e+00,-1.914158510752661080e+00
2.698184282240026821e+00,5.985245661064997336e-01,1.697386743216226845e+00
2.531309592402935404e+00,-2.239128864315430845e-01,-2.029606758597379379e+00
-1.487928659638183326e+00,-2.840529858862335555e+00,5.934205805982649684e-01
-4.365894369066282699e-01,-2.667226444661688678e+00,1.840654331937831012e+00
6.010806148298759588e-01,1.426898341575287610e+00,2.890278843293590416e+00
4.327856623705774730e-01,-3.111468471243656442e+00,-9.701291490419653440e-01
-2.277402587538219780e+00,-2.353009571269599309e+00,3.813463459622898899e-01
-6.354685019834281912e-01,-2.345028708283513730e+00,2.241634464374397062e+00
-7.034949572192498168e-01,1.382081102243021276e+00,-2.929578171132729558e+00
2.353594558150545968e+00,9.073395155491402742e-01,2.164416985192756826e+00
-9.313307426725652149e-01,-2.930408547038696465e+00,-1.285655583373021882e+00
7.101959271407757290e-01,5.259007540783128265e-01,3.222911440123388704e+00
2.848513288833061097e-01,-2.760997961781310295e+00,1.877419621048154408e+00
-2.122729047991146700e+00,-9.486465363636228387e-01,-2.425739811662249501e+00
-3.229626146322872593e+00,3.199081485391630508e-01,-9.048687904537561222e-01
1.265102035235786015e+00,1.225277594230782308e+00,2.882991796555085529e+00
2.051001378078329385e+00,-2.171214791319828752e+00,1.598371858804439105e+00
4.451034390366340743e-01,-6.176894320084579809e-02,3.366914264373266352e+00
-1.707380456974785909e+00,-1.619035731201596606e+00,2.462604449057840927e+00
-3.215533860932565879e+00,1.051986825915137036e+00,4.665234431384201463e-01
1.983463623651441798e+00,1.844577515897400266e+00,-2.095435697710515299e+00
-3.710524745137146474e-01,-3.325930586099717257e+00,7.692544747644495251e-01
2.622822681741818762e+00,1.672096602688689648e+00,1.476576944782909573e+00
1.832193667439634632e+00,-2.671357869978652211e+00,1.194477395968152278e+00
1.648867740776877033e+00,-2.227987021003575041e+00,2.074123827933713748e+00
1.839575866026058382e+00,-2.745452606012154906e+00,1.062210624437678552e+00
-1.782360528362871843e+00,-1.336605584810226732e+00,2.674326349227113653e+00
1.654117955659992978e+00,-1.747654530009061125e+00,-2.528001660090035241e+00
-8.826243832278165558e-01,-3.254985964545626498e+00,9.345764526265130101e-01
-8.187473865894727698e-01,3.406319102217328254e+00,2.014510158766684711e-01
-1.858832232535389539e-01,1.813100113480660580e+00,3.009809514860898982e+00
-5.704206534834116438e-01,4.175600898247285309e-01,-3.456638991867434285e+00
-1.572460536602607428e+00,-6.020961982429322568e-01,-3.111357190686170782e+00
3.339998388889173331e+00,-1.127523215183739769e+00,-3.959301990358859435e-01
2.678833250219627260e+00,9.141600781698426825e-01,-2.154099338589645196e+00
-1.215790977893268732e+00,7.123873208826190240e-01,-3.276433869056230908e+00
1.481436537617362159e+00,8.481573453088278591e-02,3.253899018495019391e+00
-2.152970373294781581e+00,2.851543090671830871e+00,3.041973090695754833e-01
-1.880971027771087378e+00,1.009230361912870855e+00,-2.893491369666067570e+00
-1.339603513034237359e-01,-4.837679288176615633e-01,-3.570301988502018187e+00
6.285619589279192176e-01,-3.547747403619917694e+00,-2.965536654340367728e-01
9.170040146520230806e-01,2.300063432703171706e+00,2.647497372864564991e+00
-1.827921485614254049e+00,-1.346937775106383794e+00,-2.838335887733858698e+00
-2.624494914630043585e+00,1.848195381579316399e+00,-1.726129600523627294e+00
3.071048348158898378e+00,1.975180301822229811e+00,1.505317923192489860e-01
1.403227505212464088e+00,-2.369352449838991514e+00,-2.417612060611042057e+00
2.742576875002510572e+00,1.988173858264941973e+00,-1.423353961763230480e+00
1.729010865362653249e+00,-2.415094693046084373e+00,2.179792545232473344e+00
-2.321025952962279426e+00,-2.298262437451432938e-01,-2.864824131402064822e+00
-3.318619951081280384e+00,-9.256317338392510141e-01,-1.360550035138111458e+00
-6.246969363050941526e-01,1.819422374611609827e+00,3.177247940623746381e+00
3.526966173078835420e-01,3.548901325702015441e+00,-1.072876635641585086e+00
-3.442107581852359210e+00,-1.211516691560921677e+00,7.933394418824860628e-01
1.088094373899988643e+00,2.777424696088063971e+00,-2.263344464142024837e+00
1.638936771336667320e-01,-3.667709315652331714e+00,-7.859460563081328566e-01
-2.089166373735768634e+00,1.998440957962708042e+00,2.411344005789401557e+00
7.233068303201024840e-02,3.730747502157677697e+00,5.709237638640886070e-01
-2.281582151515297863e+00,2.847392010482750813e+00,-1.006731605906236560e+00
-2.863293883885364544e+00,2.484041150183717406e+00,1.880559145105764052e-01
-2.999379862896318194e+00,-2.160794390436813650e+00,9.038163676422771298e-01
-3.372001367257263738e+00,-1.785972644929668895e+00,-2.082034817011615968e-02
3.719931117134997578e+00,-7.949980490161977498e-01,4.115301640721176213e-01
2.365779254775690177e+00,-2.241685390711174897e+00,2.023946080711545026e+00
-1.514660407177014445e+00,-4.859268704500537828e-01,-3.502524009881038403e+00
-2.454088375847654380e+00,-2.364630011103905360e+00,1.806643991879664402e+00
-3.236673067486858457e+00,5.058853199667115996e-01,2.055827771307349394e+00
5.835457880285960242e-01,2.641367410795077308e+00,-2.778828731739157565e+00
-3.071083166312444046e+00,-1.732220347112190639e+00,-1.639621677749285134e+00
2.935348285732724882e+00,-7.081517564120370922e-01,2.466665649460944021e+00
-6.929240343953217973e-01,-3.841514727094366588e+00,2.166292259801145814e-01
3.034801369945451466e+00,2.377557126715013069e+00,-7.099730320989364740e-01
1.478567596718154409e+00,2.881238850621880232e+00,2.227587378939032359e+00
2.411785926078126252e+00,2.963659795711251821e+00,9.660626008521809860e-01
1.409412193552806933e-02,-3.627493834528447980e+00,-1.567870902352126228e+00
3.468518485898212100e-01,-3.945375736096130570e+00,1.230296278314486347e-01
-2.776064710368893351e+00,-1.019571594554751659e+00,2.653321890371531655e+00
-2.301944593571252806e+00,9.180585237833130963e-01,3.119229133647829055e+00
