-0.000000000000000000e+00,-0.000000000000000000e+00,0.000000000000000000e+00
8.761959669030179934e-03,-4.832959222141001293e-03,-4.716260040481575454e-03
4.457427804033353702e-03,1.595480668358516783e-03,-1.534688625501507038e-02
-6.517979748281664196e-03,-1.413658667425591112e-02,-1.267776454762802735e-02
-1.184164580524299862e-02,1.587213497991981498e-02,-1.281850859443776046e-02
-1.113728577656484045e-02,2.284919084758011559e-02,8.447605670903997679e-03
-3.309789572283865309e-03,-2.124064958167626305e-02,2.058065746756212663e-02
-2.368302257231430855e-02,-2.006026571128940311e-02,-9.871644601039482672e-03
-3.243327522422592701e-02,-1.264445229888360583e-02,5.537506153300594640e-03
-3.412925945781888903e-02,1.146332675001728377e-02,-1.159514054157932683e-02
3.169684157443439232e-02,-2.488352832588229882e-02,-1.156824491084806807e-03
3.001438588197440430e-02,1.342299893538252166e-02,2.729462835164459325e-02
-2.412237780532103595e-02,-7.751816040051237415e-03,-3.729698516943506098e-02
-1.172630160706816284e-02,-4.591857972979957597e-02,-4.041743588093423011e-04
-1.594436876640208112e-02,-2.119054875325107612e-02,-4.197802400951122781e-02
3.938995247233063185e-02,-2.563825580898860049e-02,2.195039031059778031e-02
2.545818066174118655e-02,4.302800657423375835e-02,2.055505692017220790e-02
-4.119285003774486587e-02,3.822205836814761976e-02,-1.272305578746798799e-03
-2.501219476438598655e-02,-7.396504447696156115e-03,5.217714172667399508e-02
-3.596020891545803622e-02,2.955916602474548127e-02,3.853943836185509675e-02
-5.018557181541678791e-02,2.185768826499013065e-02,-3.018677162988017346e-02
2.683234252076228260e-02,5.280740130206416916e-02,2.569926116568298571e-02
4.664911408943751836e-02,4.747409647050422621e-02,-2.573721303092865644e-03
5.995891738171607588e-02,-3.298398260476501781e-02,-5.206743403370441003e-03
4.451246369498754879e-02,3.732907833663313968e-02,-4.018660679564284993e-02
4.744430011401661734e-02,5.499612554199338060e-02,1.237616337655096188e-04
-4.402772557259664044e-02,-5.579456515926620175e-02,-2.271521161576847345e-02
-7.077899605464807453e-02,2.803709464833259099e-02,8.353399853584724671e-03
-5.913173861267666948e-02,-2.319343131721872051e-02,4.620921875629541847e-02
-2.507623228835848678e-02,1.241006349558589072e-02,-7.548150288546749687e-02
-1.254717312653488414e-03,-2.957367593134789530e-02,7.694716961564740387e-02
3.642588272624030545e-03,-5.017965638518087634e-02,6.774096077802856108e-02
-6.893387025509764565e-02,-3.108612842915733920e-02,4.160864160830897440e-02
-4.911258463832533783e-02,-1.230910800760019568e-02,7.226151208543743487e-02
6.626510577935156021e-02,4.045637285091061019e-02,4.582256780163855570e-02
4.043018597311336809e-02,-5.467464755839650248e-02,6.206643849936749335e-02
1.186586187563823738e-03,-6.636275583612478990e-02,6.652756532350427576e-02
2.977257508823670171e-02,-5.391463687450343684e-02,7.348389896644459685e-02
2.746475162882253476e-02,1.380417441314685245e-02,-9.282538282379000638e-02
6.765709664944669077e-02,-6.536915283482518102e-02,-3.295156398861145974e-02
8.360110328305095373e-03,3.968894041169377523e-02,-9.312899111024025567e-02
8.746484584275293628e-02,2.599222451736553710e-02,4.879415496902052285e-02
-9.355127960006001317e-03,-1.047585898860404763e-01,6.320006892936933136e-03
-6.381393739195483084e-02,7.067073637715411139e-02,-4.936972441343512319e-02
-1.017334477933166670e-01,-3.125672297359713414e-02,-2.421355940283312705e-02
6.660708082130067931e-02,6.856091759442962952e-02,5.649666199886798496e-02
2.522221266070110920e-02,-4.762031727224089878e-02,9.923783908510122598e-02
-1.104433562270198954e-01,-2.958915562070600636e-02,-1.043367811641771753e-02
-4.339416698941389594e-02,6.897250166322209386e-02,8.354105758421050132e-02
-1.080028340340715848e-01,-5.589181579335540835e-03,-4.866180829440348854e-02
-5.805083529007241255e-02,-1.094577507297753334e-02,-1.050039506398521144e-01
1.654098967616669455e-02,1.211225061332986686e-01,-5.505703341226010801e-03
1.897681150152480400e-02,-1.051292419049714849e-01,-6.347224987553205799e-02
-4.404183402601775238e-02,3.309068410800331764e-03,-1.181704004641572076e-01
-2.495032004083349436e-02,5.995513460707777020e-02,-1.103590764510281319e-01
-5.897818020791133903e-02,2.288151203783345480e-02,-1.135043449130294091e-01
1.244134463697838117e-01,-3.438122976170263079e-02,-2.685251669066687774e-02
-1.267052639064092101e-01,-8.462859273552395672e-03,4.195598943026358774e-02
-4.202563745297449582e-02,7.614433518428800896e-02,-1.040871238220680006e-01
1.246204997850887536e-01,5.649880762823129149e-02,1.399284417120668852e-02
-1.377449439095858041e-01,1.968234275188943116e-02,-9.218236072006025586e-03
2.822380648976639123e-02,-9.652698595507877566e-02,-9.933700079885346423e-02
-4.310661679314643779e-02,8.779355530765241278e-02,1.046895030247291941e-01
4.800619513931100174e-02,-1.369792391305749424e-01,3.146700310169513442e-03
1.308117692577390190e-01,1.336579471375491483e-02,6.593689620674317298e-02
7.614004481708329386e-02,-8.294319959357286665e-02,-9.761998528757008520e-02
-8.181000795832457997e-03,-1.411857667677566819e-01,-5.275459426326630646e-02
-1.275203140381860056e-01,-4.482615678439916956e-02,-7.139931044283806538e-02
5.479736365933154940e-02,-1.384749395756815493e-01,4.224212919953564127e-02
6.273094657295840045e-03,1.388733033043791643e-01,-7.238557153034869129e-02
-1.382446500044904047e-01,6.532609495722190018e-02,4.238810243808117939e-02
9.036393174407758577e-02,1.323668904070760544e-01,1.043794729137902805e-02
-3.657356692823744010e-02,-8.021224470513124705e-02,1.365742324414307707e-01
-1.537388413806312915e-01,4.711811424128335007e-02,3.472556427110280036e-02
-1.114921207394785618e-01,1.083725069531308871e-01,-5.943869434245584865e-02
1.522194601824027396e-02,1.670762657328616341e-01,-1.474324800344917891e-02
-9.319102775992284260e-02,-6.435885455848455727e-02,-1.272853486489183839e-01
1.654165668611473905e-01,4.216966178315055547e-02,2.368829531922733364e-02
-1.180858098954366414e-01,3.579568286330832988e-02,-1.231245083501062015e-01
-6.096332775545418303e-02,1.622260321749643963e-01,3.231092222611576387e-02
-1.153234740603445857e-01,9.290628936807165950e-02,9.924104184071182166e-02
4.124922711841706030e-02,-1.678846336716678933e-01,-5.103672085893388999e-02
-1.391612068123978529e-01,-1.175744174690225435e-01,-4.816571171837122183e-03
8.183557920663565854e-02,-7.724887122614941537e-02,-1.458745069073162370e-01
1.899715145727867011e-02,7.791341976714001583e-02,-1.680871962051678770e-01
1.233431926425063302e-01,3.191866775687231695e-03,1.421681171168446556e-01
1.889744272460083252e-01,-1.931117525635581145e-02,-1.058666955314954174e-02
2.592462101525228740e-02,-7.482773167384208779e-02,1.752027434192910127e-01
-3.184120543449824557e-03,-1.926040299905634190e-01,2.533728508242184124e-02
-1.298389859408667080e-01,-9.431004859451988520e-02,1.130811095850746684e-01
-1.595346481117279891e-01,1.026832433413968210e-01,-5.784969829100777144e-02
-1.916727192747645359e-01,5.331827990043566667e-02,2.393367296968205646e-02
1.584825963790602865e-01,1.155719221661305335e-01,5.003431657048323239e-02
-2.913676135648058524e-02,1.029106157390516085e-01,1.742731361684271840e-01
-1.073460575786976817e-01,-8.192978421182431012e-03,-1.762520875324854464e-01
9.504275204775086694e-02,-2.649267950299488000e-02,-1.837809346544796996e-01
-8.446574800648379289e-02,-6.460241307891247120e-02,-1.818482797932479134e-01
1.188184139340439371e-01,6.820918471413787813e-03,1.763229954909619479e-01
-1.073876611727006547e-01,9.148210273921081326e-02,-1.619927804835878671e-01
-4.293888926941130668e-02,1.793325289653399102e-01,-1.141873519549103516e-01
-2.141684882079872565e-01,-2.139919597706331847e-02,-4.034732381050237793e-02
6.557180842592140457e-02,1.775288165087764436e-01,-1.142832587470914985e-01
-1.975502889164840181e-01,-9.310744523905950532e-02,-4.600160100925398954e-02
-1.744301614722294780e-01,-5.150355722465840141e-02,1.329622016762209702e-01
-3.213171584753968246e-02,-1.246750025860829808e-01,1.874544346144897122e-01
-1.248943390509267559e-01,-1.764335912305395326e-01,-7.718830160562244191e-02
1.628654516884980030e-01,1.640597990888190971e-01,-1.505667260397183793e-02
1.313934347096629429e-01,-8.590128705408214826e-02,1.732582421836308395e-01
1.916398730536071071e-01,5.548631459867392479e-02,1.259508114879951957e-01
-1.852529588289396900e-01,1.480328382098404505e-01,2.132357820798005607e-02
-1.891586567088250279e-02,3.984425644103044978e-02,2.361633184184602219e-01
-2.363617062094152677e-01,4.118174369301640103e-02,-3.463728818938648091e-02
3.544921050304548210e-02,1.008382563865202058e-01,-2.199871148996904724e-01
-2.121491580937948651e-01,3.505546173240720736e-02,1.210489473769812280e-01
1.918742941773996236e-01,-3.862641427457680354e-02,1.538307853956240312e-01
-4.443427817021018689e-02,-9.656919096004307201e-02,2.275245238602499331e-01
1.205957014256739818e-01,1.033472943018417210e-02,-2.225450360095183877e-01
-2.894861418637991596e-02,2.137781739899918543e-01,1.369658681939371070e-01
8.462352130749517531e-02,2.316414905813944103e-01,-7.493793942803425590e-02
2.435558759970340298e-02,-1.924491816005943490e-01,1.730727450041682769e-01
-3.581699632774164310e-02,-1.645251555909627572e-01,2.009871819304724638e-01
1.488663697238560013e-01,-1.675546440188437902e-01,-1.403157534440873933e-01
1.958002312396120437e-01,-1.798792801896878790e-01,-2.051834199900036057e-02
2.084379128683924165e-01,1.201947688750473198e-01,-1.201136303318102172e-01
1.916918062885223165e-02,3.734008251458222766e-02,-2.679143200691741500e-01
-2.926477116010513940e-02,-2.064786698162208722e-01,1.768720689456560469e-01
1.015034927510692214e-01,2.547442408799575619e-01,-2.871062773091560827e-02
-2.096786840355117643e-01,-1.386741650851173180e-01,1.186977449019276099e-01
2.105230789461063623e-01,-8.176184022652685512e-02,-1.660047976938402448e-01
1.892943383439180671e-01,-1.797865910870406481e-01,-1.081649044668432647e-01
4.507450936876922221e-02,-1.716572816126734069e-01,-2.228564422998436934e-01
1.494169743529702721e-01,2.275693429756484587e-01,9.150195819294769384e-02
-9.219761599031322738e-03,2.322895144611449858e-01,1.725708157024965772e-01
-8.304073990246921277e-02,-1.521490246120873746e-01,2.348036781780283577e-01
1.268472360874629834e-01,9.919369466927210888e-02,-2.462064684915323265e-01
-1.443533781220261367e-02,2.901171266063193310e-01,5.963272409798992674e-02
-1.409299301327429088e-01,-7.515710993130168827e-02,2.526333795948702554e-01
-7.842777255957632254e-02,1.672380976701546007e-01,-2.379729081083264419e-01
2.634130608394934514e-01,4.206269041477078002e-02,-1.450112029660286239e-01
1.255748397767387503e-01,-5.262921487076566845e-02,2.740343217144172727e-01
-1.641865373357182245e-01,-1.430561709707095230e-01,-2.183521008216961212e-01
-3.647461657901883425e-02,-1.848531273892320415e-01,-2.471472530491812813e-01
2.046262546232310020e-01,-2.216562579599986316e-01,8.413786049490042107e-02
-1.745994402943725279e-02,9.384265218583839885e-02,-3.008122461310499540e-01
5.847073730718201599e-03,-1.618090094332315099e-01,2.737093612694088129e-01
-3.082229878708692694e-01,6.118017868914484708e-02,-6.276852377211089573e-02
1.631157206049100791e-02,2.184794804789847722e-01,2.371783525303894358e-01
-3.051078477595123850e-01,9.799056947377661128e-03,1.124825669839733533e-01
1.733197875528430520e-01,-1.475188727521284937e-01,-2.358846911252188983e-01
7.066769034759326495e-02,1.319943737133068562e-01,-2.943614552181506028e-01
-3.186629234125833987e-01,-3.289982917668675400e-02,-8.987048604481863434e-02
-1.048132824544715930e-01,3.585157402720405909e-03,3.183784201420542526e-01
-2.537597737374381462e-02,-5.165184537028867651e-02,-3.327588030563134458e-01
1.946130361957723598e-01,-2.900881541274978603e-02,2.775246326458510326e-01
-2.244674058757753776e-01,-8.237786818893112761e-02,-2.455160190906633400e-01
-3.563264496691858491e-02,3.416880692823874299e-01,-3.409632882629870521e-02
-2.167085002473222444e-01,8.907858809802605971e-02,2.569779802144097625e-01
-1.901126512222056641e-01,-2.125673443015573816e-01,-2.034186168223545421e-01
-2.341758806593340625e-01,-2.437787203840239003e-01,-1.011508129683113544e-01
-1.269928136099250093e-01,-3.318068812359676323e-01,-9.254394791553975999e-03
2.975750215727169801e-01,-8.423293441607393461e-02,-1.802584835417199993e-01
1.786540219518541472e-01,-2.709032657744019357e-01,-1.571113227713248628e-01
1.675025860442003744e-01,1.616695034442668100e-01,-2.786870637804718109e-01
4.386769659517900793e-02,1.467410485308728307e-01,-3.321062020066778975e-01
-2.989825173378146128e-01,1.948048364393927256e-01,-9.123688894466293331e-02
2.602683730510280680e-01,-1.827778396009256401e-01,-1.909158173639300959e-01
-1.746846243440787483e-01,2.756104244673927561e-01,-1.818623881431836453e-01
2.513186421163736695e-01,2.384159073913713900e-01,1.467012000850687059e-01
3.525812982991555211e-01,-1.310307392054852749e-01,-4.514271862790257550e-02
3.707485050893881140e-01,-8.073611058928023554e-02,3.956397698744631986e-02
1.080129153286919913e-01,-3.571999858034612951e-01,-9.120742949556699675e-02
7.756709777750024626e-02,9.969865567022586500e-03,-3.788438159252687232e-01
3.363083925368767768e-01,1.884818511736415514e-01,-5.561801735257911050e-02
2.541027114918680274e-01,-2.076750528749154445e-01,-2.147807102006900060e-01
-2.430154377842377866e-01,1.360164898323520596e-02,-3.109898267499126012e-01
-7.778263709640143020e-02,3.878716343345223194e-01,-4.015847436872528597e-02
-2.431883559488255686e-01,1.188007717994161300e-01,-2.950035180533527313e-01
1.135586953786301007e-01,-6.726283571987799748e-02,-3.808656071862764891e-01
1.729405386857754412e-01,2.128988941944287838e-01,2.991064920320058440e-01
-1.373420561457405764e-01,1.722517473279499807e-03,3.848083133083840535e-01
-2.858692017325942247e-01,2.649845113620521997e-01,-1.314277326303585347e-01
3.485579706958885082e-01,9.640223100531593314e-02,2.017850744694192067e-01
2.981366805037077850e-01,1.550838753813719162e-01,2.467449083499807239e-01
2.299578418976341160e-02,3.923990424163982249e-01,1.471545658623530928e-01
-1.135334397106282922e-01,6.209394584615873097e-03,4.069365020989589299e-01
1.991276110960302770e-01,1.483121411077196750e-01,3.453516609844951568e-01
1.606995812384704736e-01,2.641028955862473326e-01,-2.962378541396782361e-01
-3.953264410724183220e-01,2.279569507991243554e-02,1.702051383781652827e-01
1.044275415962350739e-01,3.759792843919601557e-01,1.896664536814797741e-01
-9.823671505149543515e-02,-4.109262177755583778e-01,-1.105458896033384014e-01
-2.311298525420520111e-01,-9.277893254863635308e-02,3.622438934804759758e-01
2.616514830877145203e-01,-4.519627127584943671e-02,3.539633565933874015e-01
-5.917166554318518262e-02,4.266390630545067730e-01,-1.133283317860017542e-01
2.158727450638007195e-01,3.002666961184988215e-01,2.533818662104689312e-01
-7.788084187086830035e-02,-6.676442309011934584e-02,-4.393923426782951891e-01
1.019395647611353456e-01,3.824511777484486119e-01,-2.226663072588037640e-01
5.831746054002029389e-02,-2.132846116413847914e-01,-4.000368116650344641e-01
-3.310386497358605573e-01,2.532342577012540175e-01,1.947155271384664876e-01
-1.398940605269258404e-02,2.913129754069683774e-01,-3.595900358093090388e-01
4.197874502054819712e-01,1.891976332857616544e-02,-2.013663231226711370e-01
-3.538769327798220177e-01,1.091692884527799418e-01,2.877038093809793362e-01
4.563487722000324487e-01,2.615831572007340858e-02,1.174864765434642383e-01
2.674055543632852805e-01,-3.101381272727186111e-01,2.406250741246265534e-01
2.049904734916983551e-01,-3.384675158071297485e-01,-2.681232140713861734e-01
-2.448355717868654913e-01,3.778562093309231207e-01,1.692950505505432801e-01
2.287347709692013342e-01,3.677527672797992753e-01,-2.162357818210361160e-01
-2.239367475604307489e-01,3.088291829485342310e-01,3.029283922288918962e-01
2.582795230876454018e-01,4.153160793239005777e-01,3.305308381877147816e-02
-3.562477644303309599e-01,1.468296186303471307e-01,3.079724675874759288e-01
3.422617710670135538e-01,-3.544226574563477117e-01,6.017497949813504360e-02
-1.590079562462293483e-01,4.092882303453685977e-01,2.380578081374898902e-01
1.729074102460608775e-01,2.854578994516855373e-01,3.757825917198773236e-01
4.842491018244733936e-01,1.646303036613751269e-02,-1.448555639606583789e-01
5.843462739366622055e-02,2.678916230909414997e-01,-4.286706385834290756e-01
4.521405586605618532e-01,9.322216911654698790e-02,-2.214444138870208523e-01
1.157329437920501941e-01,-3.953599850489529222e-01,-3.093673291858531904e-01
-4.214433666416772528e-01,-2.172936850057944624e-01,-2.094429561429316800e-01
-1.946863868380591112e-01,4.815346838084328396e-01,-4.730579535029103000e-02
-3.732861023684210799e-01,-3.016095122123773065e-01,2.122684025265971219e-01
2.806156636543016281e-01,-4.465304849822119837e-01,2.490598749662544659e-02
1.893769935890291523e-01,-3.980812847553646394e-01,-2.963831417008950253e-01
-4.626682563827029249e-01,1.358782418973868422e-01,2.304459754483561829e-01
4.909096746508596620e-01,1.225143728776455498e-01,1.819826258596428659e-01
4.977103986197444624e-02,-4.649277289031460425e-01,2.720468233884844600e-01
-3.276229974553749869e-01,2.807084780288695569e-01,-3.317685912555906613e-01
-2.409488723932095566e-01,-1.734452632527213323e-01,4.600658791323056218e-01
-1.216036002924297948e-01,5.367618938535664297e-01,-2.304872095994148218e-02
3.719247056879430025e-01,3.907296200596134805e-01,-1.268956704660625656e-01
6.806115716523134830e-03,1.324262973753216610e-01,5.414996601673545129e-01
-1.594416155179851635e-01,-2.820383812550271707e-01,4.577984793345946657e-01
-2.088249218514685868e-01,1.118062880192206288e-01,-5.120716334396100411e-01
-2.220048031937873756e-01,4.766682196998757171e-01,2.136443771011974635e-01
-5.375471422004500788e-01,-1.918031563795831729e-01,-1.587634275180264606e-02
5.097730939040606007e-02,-5.720907739727205676e-01,-2.009211158781999598e-03
1.007649550070908173e-01,5.505285659132330700e-01,-1.434821298925922084e-01
-2.170663857795570029e-01,-5.101749619228668209e-01,-1.743472004826185640e-01
-1.445221934286229082e-01,-1.325340150835759186e-02,5.663401551136398870e-01
3.995393018341968361e-01,3.638566055493376861e-01,-2.320133004834405988e-01
-4.596685941276788534e-01,2.504944667030528649e-01,2.755010229245568043e-01
1.894620533727898321e-03,1.045947470743789076e-01,-5.857732967008077996e-01
-3.710270232271107860e-01,-6.138935746975321406e-02,4.656346253149000747e-01
3.574223552499298795e-01,9.791248844655459083e-02,-4.744683208449800849e-01
5.473457916705988247e-01,1.742285391627350355e-01,1.917519070739779063e-01
5.242932836619715875e-01,1.204309968695272959e-01,2.856932602742607297e-01
-2.841112389307546282e-01,2.600707481929932507e-01,4.764345914885578237e-01
-5.638891582849593354e-01,1.557848060874286178e-01,1.936152836771179719e-01
5.629278643183616149e-01,2.522631666964986197e-01,-6.021773292878854905e-02
-4.102636680735732289e-01,3.991326834467271989e-01,-2.469712535691182542e-01
5.346982808955160760e-01,4.127121665951367230e-02,-3.248438616684066194e-01
6.037085106540489576e-01,-1.336970496744550596e-01,1.238771685219618168e-01
2.360208602093306629e-01,-5.882745162335532019e-01,-2.261809083976144136e-02
5.897773623545954358e-01,1.953949599973833218e-01,1.446122464927520612e-01
-9.603245687646132234e-02,-2.639765113565173960e-01,5.768133873321270588e-01
-5.576708232664003700e-02,-6.381025458841148579e-01,7.791511474944598503e-02
2.347680708994476229e-01,-1.164521034437091540e-01,-5.936840290115974472e-01
-4.798139923794207951e-01,-1.059799025482633245e-01,4.295503940342876859e-01
3.790710518497452108e-01,-2.820891459574300653e-01,-4.556023525146200015e-01
-5.137313774192642235e-01,-1.165625516904679887e-01,-3.978180981954359541e-01
-4.627384150141425345e-01,-4.301725992403443444e-01,-2.038673443031469856e-01
-5.940694181870883606e-01,-2.954675891519060738e-01,7.441182214786423721e-02
6.575440064495166048e-01,-2.168935533814739594e-02,1.341280850168448946e-01
-4.839473180406427266e-01,1.997442074374947418e-01,4.264264117804794640e-01
5.524180095173157889e-01,-2.219003280024533786e-01,3.266554084662651181e-01
-1.797997805419749850e-01,-6.585078127257238956e-01,1.912112896448451074e-02
-2.294739794701735891e-01,-5.264641856066942793e-01,3.765244813402236490e-01
2.598695905339558632e-01,2.752719292480167446e-01,-5.775855048138753833e-01
-2.916099118437114890e-01,4.885643273598119785e-01,-3.981834961075441104e-01
-7.726436475165571194e-02,3.611699163333977336e-01,5.926968443966479372e-01
-3.333125109770179728e-01,4.088768170048481254e-01,4.635723606060941915e-01
-3.898210159355771087e-01,2.573944425658575841e-01,5.296140136224132267e-01
-2.729653597239847240e-01,6.185165291132543874e-01,-2.172792162769326685e-01
-2.888213975954921908e-01,5.793111560526786885e-01,3.014916515144905329e-01
4.737418998391224045e-01,-1.176860321926555542e-01,5.266142595706377882e-01
-6.872476767871198433e-01,-1.083788689435524755e-01,1.931082167099355262e-01
2.742360439502746772e-01,6.176321263818375373e-02,6.694201239678869708e-01
3.859133892169980262e-02,-6.647898032803629675e-01,2.992682729916880668e-01
-2.806494175378047573e-01,5.481199524995453709e-01,-3.996318938592659520e-01
-8.747271805410757051e-02,-2.858206562533889272e-01,-6.749265452953950861e-01
2.774509338184691365e-01,6.115391557051392812e-01,3.161237477096255355e-01
-5.550261889955432348e-01,2.148904046154585523e-01,4.502683972909666266e-01
-7.469717826993738097e-01,5.745049543302945677e-02,-4.294737998845928745e-02
5.304104390027606364e-01,5.180004924978927061e-01,1.401750210313340572e-01
3.310349228420408907e-01,3.684113969583987513e-01,-5.746770603282427281e-01
-7.205843658512336436e-01,5.447188101500921587e-02,-2.442774034800593574e-01
-5.553605088097512965e-01,-4.956588790275073264e-01,1.848060474115673368e-01
7.142051396221892334e-01,1.896134969001921078e-01,2.205687246467516183e-01
8.094271385554166476e-02,-7.692797306405070312e-01,-5.336248307088047732e-02
-4.428269833116858512e-01,4.881489947770110138e-01,-4.163711488692453111e-01
-3.765635466233128725e-01,3.193502540895669095e-01,6.087587922996005041e-01
-5.181638793583434044e-01,5.581341301834756852e-01,2.026059004333442548e-01
-6.862575013007684577e-01,1.055239354417756431e-01,-3.817330584696443929e-01
-5.269234569890143272e-01,5.870492480881936981e-01,1.110933564203138435e-01
-5.160530883257495871e-01,3.751033267132855009e-01,4.842315757539321641e-01
2.491603291796113673e-01,7.437927069831077320e-01,-1.820076600310481796e-01
-3.492116617476161977e-01,7.223906414435429246e-01,-1.079149401612601034e-01
-2.054140185891873971e-01,7.500550816464298665e-01,-2.402889382048906952e-01
-1.001490197611649008e-01,1.221262046295414905e-01,8.029397089437879664e-01
-3.643332782110617618e-01,-3.243006510889315241e-01,6.625368489866388932e-01
3.892093573817588803e-01,6.531435618997261106e-01,3.256688742647712576e-01
-7.715173792192583369e-01,2.682176769769927249e-01,-1.559018850856039862e-01
-1.762866309809184850e-01,6.755846961967550968e-01,-4.597904668983671672e-01
1.165523486745890097e-01,7.143492002929979767e-01,-4.272040075126069536e-01
7.906710774360191651e-01,2.767769177620781340e-01,-1.103189526383268892e-01
-6.960606932284522930e-02,-6.768003395795324506e-01,5.085841336537563206e-01
-3.578066900387176785e-01,3.195727117783162541e-01,-7.064742663911721676e-01
-2.776978100401724173e-02,-7.766386640983228284e-01,3.648129192872944238e-01
5.420521179186403860e-01,-5.222113172382830681e-01,4.223079690750767279e-01
6.552781448312317014e-01,-5.244049698204666932e-01,-2.199878793921710984e-01
2.473453126522905388e-01,8.254300015037782101e-01,-1.351296291067414501e-01
-6.357017273072333996e-01,5.592990515608146918e-02,-6.013269925016325734e-01
-2.149734231777545579e-01,-6.801045779148481296e-01,-5.179027763988857114e-01
-6.826031645930571434e-01,-3.789162238641194391e-01,-4.191309969788932221e-01
-3.077777167055378293e-01,-7.248217884449734694e-01,4.164069614443343670e-01
-1.803534054680760168e-01,-6.654014387527744656e-01,-5.714654190638509546e-01
3.966679270850659300e-02,8.628071024842449699e-01,2.535713720265660442e-01
-8.848028702573543791e-01,-1.826852502745120871e-02,-1.887481184155053726e-01
6.374833238270197766e-01,3.102259891845767781e-01,-5.699279296772090664e-01
-7.601301502467829874e-01,4.712579195366863316e-01,-1.903908498519002457e-01
-4.194889573767001667e-01,-4.814701460131383115e-01,6.611464098071782036e-01
5.346281993902365359e-01,1.699763770161332455e-01,7.341866024200291996e-01
-6.709553059768378347e-01,-3.680580864170911459e-01,5.263402316624918864e-01
5.194149191570094359e-01,6.683451426241655557e-01,-3.939802049680493634e-01
3.723828721562119637e-01,8.561352512820016303e-01,-9.571007773116228801e-02
-7.600424251444716228e-01,-5.403920116402722851e-01,-1.424536328382633721e-01
7.846186309982822182e-01,-5.283331855843960145e-01,-6.699297544672985771e-02
3.003347869992865626e-01,-5.704923958573031584e-01,-7.020991746142244416e-01
1.744982037846637135e-01,-6.509911825559772103e-01,-6.810351359969558649e-01
-6.965630041840399356e-01,-6.366746779677664447e-01,-1.924138067500000826e-01
-8.205791098262563144e-02,-8.797013074847769287e-01,3.957118836936074913e-01
-3.629858672304903111e-01,-2.674670801925280172e-01,-8.623256553700603400e-01
-5.597825270810691256e-01,2.943136245781913241e-01,7.461386681232545781e-01
-4.087228533502196837e-01,8.453805924104621505e-01,-2.913156458027900131e-01
3.961085807539427295e-01,-2.147927553012322910e-01,8.795047683507050129e-01
7.256791421656503260e-01,4.136156120485668941e-01,-5.375404684759067520e-01
1.988069520429700254e-01,-8.124688510905905825e-02,-9.750266082634611031e-01
2.632934887424383530e-01,-6.202007273082198457e-01,-7.436987828664790579e-01
-1.375291683071669935e-01,6.503597612462563848e-01,7.586375809570904405e-01
-3.088598923740850655e-01,-2.749774907478473238e-02,9.652516632851327882e-01
-6.790408175826280479e-02,-9.917938881694700060e-01,-2.239192251231450492e-01
1.200158480188904114e-01,9.507960191489995827e-01,3.614287431542680951e-01
-9.795711158827117293e-01,-3.079303707078449026e-01,-7.352973863365296070e-02
8.504396075151995915e-02,9.955338700327716062e-01,-2.688971547317621780e-01
-1.289116631429606252e-01,-5.390361468295455927e-01,8.799919821032601286e-01
-5.281920309108973921e-01,7.548616394802808438e-01,4.937610264081655487e-01
-3.016522215876409896e-01,-9.015649263971508010e-01,-4.471350117812679104e-01
-7.501931372166846801e-01,-7.283598992097678471e-01,-1.472676461940158887e-01
8.495254223340665822e-01,1.058096292107766623e-01,6.272497725853699579e-01
1.035221148078300235e+00,2.556373143381713842e-01,-2.734939480784621957e-02
6.816484795472690372e-01,-8.115224086367102130e-01,1.616256144591842470e-01
5.917019359005810664e-01,-4.743157143305459789e-01,7.654477795128357132e-01
2.632849405261744602e-01,5.601807161370661037e-01,8.886186428003475246e-01
-1.051171858050504282e+00,-1.449364498529083500e-01,-2.422209805564675134e-01
5.511779499036907337e-01,-6.246113395291330583e-01,-7.090045526298259793e-01
-1.018824957708543977e+00,-2.635661935293417968e-01,-3.181920455566871198e-01
7.307784125223733274e-02,1.073205935838352110e+00,2.526074879107417237e-01
7.724233306228606155e-01,-3.172720816351811690e-01,7.320781023498732498e-01
9.274668241221524223e-01,-3.579451264221851781e-01,-5.072934458809659208e-01
1.233085664681492777e-01,-1.108408263590258791e+00,1.201416176412875014e-01
-6.315263502723305056e-01,4.356064214600760542e-01,8.260058709092662488e-01
2.326053622322399317e-01,-2.477320021332390931e-01,-1.080814294492882688e+00
-5.898089026068077390e-01,-4.550230643265005814e-01,-8.611641082813946690e-01
-2.422255302985897862e-01,-5.739066063506442772e-01,-9.599415775090639480e-01
1.732110005444563450e-01,-1.116163807248249817e+00,-2.164030990558422352e-01
-3.792990016841940593e-02,-1.119843178856794408e+00,2.835670055335156592e-01
3.553081951797791849e-01,-1.057498220815227929e+00,-3.235977185543692514e-01
1.506860950880277716e-01,-7.555709599693760659e-01,8.770142010402531829e-01
-6.584914516977848908e-01,4.181669954313931847e-01,-8.762884748763014597e-01
-4.133186164624250702e-01,-2.847727543268971373e-01,-1.066846029508172977e+00
5.298541308323979626e-01,-7.268386542214541057e-01,7.713010559068196326e-01
1.168517171835336266e-01,1.163673804249742760e+00,-2.239125769520712850e-01
1.512043946680162176e-01,-7.052441270216368574e-01,-9.548850780403448368e-01
-1.537330482443124979e-01,1.137978541337546723e+00,3.572761506181269531e-01
9.975658410746819360e-01,1.853708966325040008e-01,6.566141282284677638e-01
-4.673020294350008208e-01,-4.931892910524515727e-01,1.006743416192229290e+00
4.829181913093829603e-01,3.331517366636997379e-01,1.070311899676530842e+00
-6.531096366998787039e-02,-3.511558221805511915e-01,-1.173436256068301820e+00
5.034561593327107065e-01,1.123482144174441366e+00,6.117970880406215645e-02
-1.552055111762777606e-01,1.040469397412368657e+00,6.540544963188807959e-01
5.923777189460862624e-01,7.102644472970992551e-01,-8.332052770119386942e-01
-5.876502219844341735e-01,-1.059375157681339719e+00,-3.119486987193876293e-01
-4.989729727217880884e-01,-1.095917415608572698e+00,3.610433900677192387e-01
8.171736376217869635e-01,-3.950128033791379112e-01,8.787114570907693656e-01
1.241051534164920200e+00,5.523929471964159066e-02,2.615386699787431990e-01
8.135832875755267812e-01,-8.804347691317145896e-01,4.363973193298198994e-01
-1.084923939530662684e+00,-4.722660818391134496e-01,-4.933930671157312764e-01
-2.928585390801942689e-01,3.118923427465577491e-01,1.215170568916181582e+00
-8.971812283829209145e-01,6.479211523051759958e-01,6.717459843638665662e-01
-6.189763110718858596e-02,-6.946108115761864266e-01,1.098228668199169311e+00
-8.443139919247977243e-01,-4.293587770980585860e-01,9.009982454730973700e-01
-1.159404823558684905e+00,-4.630371673258115717e-01,4.088160816844677581e-01
-2.801637312238031696e-01,-5.252638937962571530e-01,-1.178240649119185024e+00
4.488488710496044143e-01,-1.556112043253676282e-02,1.248191012614315420e+00
9.294745502576133855e-01,-6.169578424334120070e-01,-7.296060722674687637e-01
2.550274149001568458e-01,1.218988796483440051e+00,-4.932175858825696979e-01
1.577267159212969172e-01,9.479595362041324247e-01,-9.424640788322664609e-01
-4.880942973147224806e-01,-1.259327578391946645e+00,-7.256817319703114111e-02
-5.062784775216908617e-01,-1.257896120623539282e+00,-9.279462029261838218e-02
-6.922225693558374804e-01,1.060672962002162212e+00,5.108967155333189458e-01
-4.020473990483417470e-01,1.308123327245050094e+00,1.026187483786065308e-01
1.344489095507110044e+00,1.389023570531602303e-01,-2.733533275413800867e-01
2.971248214649347408e-01,1.322901749239852709e+00,-2.859830465103564423e-01
-1.339362583787143384e-03,2.833261593997361549e-01,-1.363268227768335672e+00
-9.784480813170001179e-01,-9.796875283180643823e-01,2.010764944866141601e-01
7.861879035279916161e-01,3.757029382596260292e-01,1.103317129753354164e+00
1.058850454705838828e+00,-3.434902648835505001e-01,8.697963053584227833e-01
-1.216066466396317880e+00,-6.869498503811000134e-02,7.290218290530191547e-01
3.747969956996214345e-03,1.126397578935557586e+00,8.750490159907911014e-01
-1.415037687488629681e+00,2.166202695212163520e-01,7.001078354257546377e-02
-2.885840215468666869e-01,-1.187727993927870873e+00,7.615877977690616030e-01
9.358358100633366039e-01,2.785588246081475150e-01,1.068000530256693059e+00
-1.065876303656925872e+00,-6.294863886921406859e-01,7.627952343489998732e-01
1.351597221822321837e-01,-1.124024730229248537e+00,-9.235127381990082540e-01
-6.678637253815666863e-01,-1.224294315880705586e+00,-4.584675213609514244e-01
1.510201410385186849e-01,5.313060078479285853e-01,-1.367763430426598870e+00
-1.083238128475146667e+00,3.060003004489020295e-01,-9.642369821061047563e-01
1.091344290873429990e-01,9.915932359115384176e-02,1.481945263943543534e+00
9.366171795819647761e-01,-4.319037567077873008e-01,1.084163728560005202e+00
1.310749160664068276e-02,1.343681322377775267e+00,6.745673235720828220e-01
-1.330498768840090662e+00,7.154534806828191096e-01,1.649244722210542816e-02
-4.870500643205616376e-01,1.400036082938347803e+00,-3.269973586290351730e-01
-1.479855563198409163e+00,3.673193479610074030e-01,-3.766006533014894242e-02
-1.159205935170379398e+00,7.416195260427448366e-01,6.744041864929004593e-01
-6.179540527726714583e-01,-1.207527197974543665e+00,7.287335440743339943e-01
1.054303466095864339e+00,7.310131087276456885e-01,-8.647360235920693583e-01
-8.681035548143334335e-02,-1.169717355461557640e+00,-1.020193022172735997e+00
-3.482855605706278168e-01,1.202549319752137968e+00,9.339209196437293636e-01
8.542306902447903416e-02,-8.062732137128302279e-01,-1.343701919887470231e+00
-1.551160020972241760e-01,-1.348605114852320597e+00,-8.022412019954433537e-01
-7.047444214208082869e-01,-1.007163045424459336e+00,9.995165553504332667e-01
-1.179835847028247509e+00,4.183162773166924087e-01,9.833475478373915335e-01
-4.083753872461123313e-01,-6.694016057601862579e-01,-1.393992387988779003e+00
1.014592006433791660e+00,-2.225777367324282066e-02,1.245999816675918748e+00
1.141744651156987311e+00,1.120892066608197402e+00,2.167208577535513214e-01
-8.592642389868333508e-01,-1.341512203100322154e+00,3.061295537305688264e-01
1.566086338811210510e+00,8.903649354343962097e-02,-4.428638670586528270e-01
1.651218460571521052e-01,6.903437827903078361e-01,1.475818723224636031e+00
-1.486853576502707330e+00,6.525407035346686424e-01,-2.660062460948584562e-01
-1.121592770950760931e+00,8.861567108282339955e-01,8.304847523376274188e-01
1.543326378732555959e+00,4.234261865225066174e-02,-6.125141479050261184e-01
-1.390845981083740635e-01,-1.280681783416412589e+00,-1.060865332543299067e+00
1.271962879035525074e+00,6.340381855405226030e-01,-8.895872148919238276e-01
-3.267466815636817755e-03,1.184819487498094848e+00,1.197505005376923837e+00
-5.888281972818855126e-01,9.928159366326404500e-01,1.237831033780185441e+00
-9.037914487223532856e-01,1.428766386898720375e+00,1.829044352687049790e-01
1.379996608537556284e-02,-1.694895195593547177e+00,-2.146713969924403387e-01
-7.298029292955013902e-01,4.322522422215263060e-01,1.492316396306579085e+00
1.887909891603051504e-01,1.686557293703363047e+00,3.067680438586474212e-01
-2.614010746520522566e-01,1.569713628281749873e+00,-6.854921926130086440e-01
7.448007914335997848e-01,-1.316197610401141693e+00,-8.621952037705259420e-01
1.568146826925756132e+00,-4.662645110040274377e-01,-6.184668184851828121e-01
1.439380756932445049e+00,3.199681736201938076e-01,9.557962505961795641e-01
-1.132875056703716750e-02,-1.489175225650904988e+00,9.481457076597230582e-01
-1.074907625591535326e-01,-1.288050663552876340e+00,1.214655046573471564e+00
-1.349224471219778509e+00,9.181551522260255060e-01,7.156271641406729556e-01
-1.634144481208014588e+00,-3.762924354385182024e-01,-6.271330844000562177e-01
1.780422148699839946e+00,-2.689260990256280362e-02,2.544376432786220610e-01
8.007744492027571992e-01,-1.392773247471790432e+00,8.274158532338227179e-01
-1.209651229828168750e+00,-1.271365253864647160e+00,-4.654293381432632049e-01
-1.312441949435542154e+00,3.392837406357598895e-01,1.220441777914305304e+00
-1.687844548164607827e+00,6.339507023544823650e-01,-3.278711168858229885e-01
-1.605897244618266662e+00,-2.040333973776341792e-01,-8.769646871258909293e-01
1.778139280986690940e+00,9.861228377730024697e-02,-4.997654597611315141e-01
-1.371663467620745126e-02,1.833254990109390192e+00,-3.036481154953116768e-01
1.579161650172706599e+00,-8.277389837944324480e-01,-5.536575008335656856e-01
5.224376181056455959e-01,1.530285371195667210e+00,9.503865390648684741e-01
7.848535705696062514e-01,-1.538248379320304338e+00,-7.540161441074650917e-01
-6.812371872860973898e-01,-1.754441733720000896e+00,-2.041476948456568685e-01
8.071612551728583884e-02,-1.093237470160118407e+00,-1.554193055046681815e+00
1.848834870061039526e+00,-4.823566609378104331e-01,-2.660939337272107998e-03
1.420712124679436972e+00,-1.281050835934555820e+00,-1.590998896970548526e-01
1.754011064935676156e+00,7.029339555010079010e-01,-3.852473601726590369e-01
-8.914925108239892815e-01,8.241080917472550782e-01,-1.509878633361865230e+00
9.405929206725990310e-01,5.803377874958450811e-01,-1.602186833838425750e+00
1.355026672945964128e+00,9.919578626135130417e-01,-1.001798737889671331e+00
-7.952686588486126418e-01,-1.569662953196374389e+00,8.734193574716677677e-01
1.324613313446341811e+00,2.899376381030389083e-01,1.433973154966197150e+00
-2.131532308926432917e-01,1.744110275409445743e+00,9.185258336521228140e-01
-1.096508467531862180e-01,-1.169644816901609818e+00,-1.608530360291882344e+00
2.355957501299598411e-01,-1.977987881680315807e+00,1.904133474680076987e-01
1.775625570118303465e+00,-9.322733391674200565e-01,1.388413859221476199e-01
4.737141145345266091e-01,1.090133344234432089e+00,1.632741017992687116e+00
-1.688722473116337053e+00,-1.639944658515224973e-01,-1.112506460419085519e+00
-6.627107724101070074e-01,-1.886423227929412638e+00,3.957391645281878589e-01
1.441101404390248586e+00,9.511475837699221447e-01,1.100592825491695237e+00
-9.250212105760496906e-01,-1.533226401014019746e+00,1.012432465605134446e+00
-1.947239177879384053e+00,-4.975212527680608066e-01,-4.808792314474146790e-01
6.699954730871940933e-01,2.992833426434721167e-01,-1.942018309454165648e+00
1.173920961012808517e+00,-7.110612256198506342e-01,1.570328660319349590e+00
-2.017908028331578230e+00,-5.045819397201394274e-01,2.513023997569252543e-01
-5.017033319568325878e-01,2.127125321696374943e-02,2.044010265516625235e+00
1.806648241105250019e+00,7.191740375851469746e-01,8.304989295533359295e-01
-6.818241910331670486e-01,4.854177244658438445e-02,2.011172299358512827e+00
1.588985772820267206e+00,4.196397033638997187e-01,-1.361094104234225721e+00
1.359440829425191177e+00,8.290941080936583552e-01,1.435246288890532851e+00
1.471171540602642880e+00,1.572519514929333839e+00,-2.163257758264617789e-02
-1.452070260549393144e+00,-1.330640553472088206e+00,8.950475583556634085e-01
1.390761619576662833e-01,-1.275458156735155724e+00,1.754151999380106686e+00
-4.071002994717229373e-01,-1.993929800119237594e+00,-7.905916473267742273e-01
-2.045311415530138621e+00,6.502090337144037502e-01,4.518471493912493142e-01
-1.666614913557774802e+00,-3.202641455740606879e-01,-1.405047128779039589e+00
-1.802066791334268336e-01,1.076293891880808928e+00,1.925598171043187090e+00
1.407418397754516048e+00,-1.807377834853909349e-01,1.711778437708556755e+00
-2.133601596976603343e+00,-6.574058525060126890e-01,-6.706194548489741170e-02
1.633977467223841629e-01,5.717572937575478020e-01,2.163557638664715732e+00
1.406149923777310962e+00,1.036629841702288779e+00,-1.424351242176749466e+00
7.087193822529155862e-02,-1.039330118788690305e+00,-2.010436475360865671e+00
-1.836394083804618660e+00,-1.208580376338078466e+00,-5.838906359634948862e-01
1.711371615725440498e-01,1.937970224537699959e+00,1.198408216141292781e+00
-1.661686951226078568e+00,-1.573851780888968932e+00,1.750927474701931552e-01
-1.838564936769474523e+00,1.286031770882608338e+00,5.317496813012138057e-01
2.216892319168751957e+00,-2.175620810228391933e-01,6.352287782634721269e-01
-1.715476881156403621e+00,-1.547360364294831259e+00,2.778502880147924459e-01
-3.687798772372408718e-01,1.643686461303013990e+00,1.620503761170791313e+00
2.244313017124171417e+00,4.801408920475096487e-01,4.960232403715186256e-01
1.949291759282253400e+00,8.841192702077224075e-01,9.911212240908162663e-01
-1.738733363690487810e+00,-1.521942869000940890e+00,-5.242803718593722628e-01
1.356898915809090944e+00,1.786456626359504085e+00,-7.955240775880373372e-01
2.118685020924491624e+00,-9.528812124379889559e-01,-5.658460867179593290e-01
-1.020145031727260232e+00,1.206349329107218038e+00,-1.809141569541292238e+00
6.847552640572995841e-01,-2.131725279274492291e+00,-8.990291571958423100e-01
4.254876580930387897e-01,2.061532576768144498e+00,-1.201383488804643518e+00
7.512456334725813312e-01,-1.755667348841366104e+00,-1.510258926029470983e+00
-1.409818874715233150e+00,1.916117187578754155e+00,5.677404390112463783e-01
-2.068243547314471797e+00,-6.953743268880538952e-01,-1.128944958039449498e+00
3.348354215361164510e-01,1.391499059153787909e-01,-2.441097368164757864e+00
8.330667873737528373e-01,-7.490188276138102230e-01,-2.211474364310727303e+00
2.555447472218206895e-01,2.194311307831489088e+00,-1.149363255916757476e+00
1.960681372066368722e+00,1.925898786867485946e-01,1.541477836549041136e+00
-1.456143327591784553e+00,-4.132668499828482528e-02,2.047465854816588493e+00
-2.040335301920914723e+00,1.282009375735200019e+00,7.515407641196825139e-01
2.453891786757740889e-01,2.422939239041450032e-01,-2.511982116674223331e+00
-2.229369668252155101e+00,-3.010766548384152808e-01,-1.194313845385426953e+00
-4.981005208834033970e-01,-1.628979209931271654e+00,-1.908950751899357368e+00
-4.549935372674987488e-01,-5.869284081932863925e-03,-2.529401638238961247e+00
2.134807764945968689e+00,-1.416048512471285603e+00,-3.193682467996000196e-01
-1.513935619514124031e+00,1.596824636069026360e+00,1.372197890397101716e+00
-1.308797298880938875e+00,-1.232208047951633967e+00,1.885256916127738158e+00
-2.589023585949908668e+00,4.847280409643669498e-03,3.790018406020116415e-01
1.978421067917410570e+00,9.659686186703355659e-01,-1.435695364832188625e+00
-2.138388746987693878e+00,3.121722295581111362e-01,-1.516772753311260047e+00
2.471607817357182935e+00,1.927579556262958849e-01,-9.421177369787054889e-01
1.717830033552139035e+00,-1.952166908221229180e+00,-5.788460847294354394e-01
1.422163427931063095e+00,2.125010631518938098e+00,7.890871125585738888e-01
1.540098991133026729e+00,2.021535590832820084e+00,-8.756924670300794133e-01
-1.700289580634307240e+00,-1.496498839004551940e+00,-1.469653802823386757e+00
6.998139741201744313e-01,-1.889735163623099456e+00,-1.815248124055778067e+00
1.343289432460242461e+00,8.068366228047706423e-01,-2.228611017199693567e+00
4.115913192743015925e-01,-1.350761765858036201e+00,2.344115918203492743e+00
2.128059855744036888e+00,1.507257837047202509e+00,-8.692986359708078092e-01
-2.507115122215005432e+00,-6.054573206469375801e-01,9.858100851706799173e-01
-1.082486174246245714e+00,-1.875945576842909635e+00,-1.732496693011992717e+00
2.180791456966002073e+00,-1.316801604249683733e+00,-1.127710920340779355e+00
7.103142652947986857e-01,-2.004842820289610916e+00,1.818587573735564789e+00
1.859656584610221319e+00,1.302622963987064564e-01,2.103844892094447250e+00
4.654813896693487107e-01,-2.093408415930499533e+00,1.836649170935963360e+00
-2.048645094587688564e-01,1.429349154986369497e+00,-2.441059514530317553e+00
6.037212546173819083e-01,-1.280821761269614889e+00,2.472019420263539047e+00
-8.663987474007071032e-01,-2.297162056726501422e+00,1.470023115274645242e+00
-2.767890316970177622e+00,7.005584419650326411e-02,7.718640905570175459e-01
2.011951635192329224e+00,-1.498239398211460127e+00,-1.429401963221927696e+00
3.490975735803220070e-01,1.628867394247637712e+00,-2.373895748821301943e+00
-7.035193512276698424e-01,-5.527216508363674841e-01,2.772229953504311784e+00
-2.338838847302148416e+00,-1.603521672965211753e+00,-7.212063592081315866e-01
1.201981527386666970e+00,1.969417773811326322e+00,1.820648881190860324e+00
2.726857001778939082e+00,9.718331995971172255e-01,5.788942963039152012e-01
3.941553967767321143e-01,2.264773912235943154e+00,1.873134070196864176e+00
-1.493469047771055047e+00,-6.959342429689127085e-01,2.481320007378889247e+00
-2.395544783353073193e+00,-1.765534130768634524e+00,-3.085214814347552736e-01
-1.587547173868963268e+00,2.371711457443085092e+00,9.410093113304284218e-01
-6.730528542976169093e-02,2.540182881855870267e-01,3.007048357549462647e+00
7.106419580238684253e-01,8.578917304804045685e-01,2.819871031334004741e+00
-3.319933995877928368e-01,-6.329089489041689331e-01,-2.960377587889592377e+00
5.386211000287270956e-01,2.187450265057560905e+00,-2.069359215497641458e+00
2.583528985511806653e+00,5.780951709778596737e-01,-1.559443177847697370e+00
-2.069155173864850816e+00,-2.212084940840663982e-02,-2.289734221539395431e+00
-5.652880461299714110e-01,-1.208975245332215703e-01,-3.045558530401592634e+00
-4.752114912809083380e-01,-2.831452093422080374e+00,1.205069736386878976e+00
1.982013096866408919e+00,1.412664061389313330e+00,1.964032855755875273e+00
2.204742443359408277e+00,2.223093460827066270e+00,2.557502055864742108e-01
-2.282636964296460569e+00,-1.321293063519689559e+00,-1.732040130941949307e+00
3.100765029587134070e+00,-3.478827733881230677e-01,5.558458823494814016e-01
1.978120872621290216e+00,1.300442402185596036e+00,-2.128355824372806460e+00
2.132368884751072891e+00,-8.391914465574176196e-01,-2.229981581380060085e+00
-1.307234130518815318e+00,7.291886787897271516e-01,-2.841530969261429451e+00
-1.754848598351893552e+00,-1.807171814065034576e+00,2.015219301990581968e+00
1.202385824892219901e+00,1.044658130578584698e+00,-2.821668359859199171e+00
6.291856113662078753e-01,1.700661256436339475e+00,2.702573856954941789e+00
-1.489284081527865622e+00,2.867243148549331266e+00,4.969416094037937270e-01
1.545478069458793069e+00,-2.087604398548321416e-01,2.889410978477451319e+00
-1.909011786669319033e+00,-2.285272522774776771e+00,-1.417593945712490644e+00
2.386204479733187167e+00,-1.429352970261032509e-02,2.297520785884089367e+00
-8.439371621084188480e-01,3.216204248537914534e+00,-1.175275907886983023e-01
-2.142546341400860310e+00,-2.237168415007918743e+00,-1.254054368887694393e+00
-3.490425006380506456e-01,-1.156602666740420560e+00,-3.131681065320178092e+00
-2.146472627075019513e-01,-3.866570338009684416e-01,3.342329032177351333e+00
8.012392590504490153e-01,2.273986381030020265e+00,-2.377887665389364802e+00
1.938873414025292341e+00,1.742442708629941439e+00,-2.184829568475197270e+00
2.863145217383114893e+00,-1.739974889038307770e+00,-6.678629623536000981e-01
8.036321346067174520e-01,1.949584041170469462e+00,2.706965889972913875e+00
-2.279439085153089017e+00,-1.145996886648739777e+00,2.317177434481888731e+00
-2.927528220785657442e+00,-2.874528782764335655e-01,-1.824937881446755616e+00
2.187371708192614062e+00,-1.971481248036585088e+00,1.848783325544482548e+00
-6.602486288271485204e-01,-2.598168821215643298e+00,-2.238238876649309539e+00
-8.799934739460256727e-01,-2.224636167645070106e+00,2.565235059301677278e+00
1.708153198709175258e-01,3.518272715952306839e+00,7.091022729781268352e-02
-3.342419879353326906e-02,-3.095570045579287832e+00,-1.714155771693026908e+00
3.138584614395329098e+00,1.527081837720295265e+00,-6.706691858472317858e-01
1.663221407815128394e+00,-2.520937177088236947e+00,-1.903284623853771507e+00
-2.927813601958914713e+00,2.986660415099166022e-01,2.048173061915733228e+00
-1.319093939053882281e+00,3.168504107158580219e+00,-1.090974129408121218e+00
2.744897636274073349e+00,-1.962542766467150646e+00,-1.303045502700019176e+00
3.223347793920011917e+00,-1.539530312943460100e+00,-6.626685222236530226e-01
1.860728409940262562e+00,-2.978995680929974466e+00,-9.893445608740697450e-01
-1.767935211794742667e+00,-2.590800692743110645e+00,1.896035817136115798e+00
-2.711338677459219415e+00,-1.044756036075790817e+00,-2.260130606760159644e+00
4.238473994872662964e-01,1.773752516022018277e-01,3.668682589947588557e+00
4.542420831144129978e-01,-1.537281289165976617e+00,3.349786048346663936e+00
9.815633623128073859e-01,-1.846301618169134739e+00,-3.088634356359262867e+00
1.766682346817797011e+00,1.015256458983164745e+00,3.143629086275367523e+00
-1.694461879672894078e+00,3.162510963586764756e+00,1.133596425019932852e+00
2.828477990570998468e+00,2.323251763609320175e+00,9.404175763401315669e-01
-6.829405508009769310e-01,3.656115306330245840e+00,-7.576942382310256630e-01
-2.555910742840510785e+00,2.367900357830418745e+00,1.547463055110840369e+00
1.940539924952565221e+00,-2.724132702113650772e+00,1.864227796614085664e+00
1.258447802267322224e+00,2.326028058298815093e+00,-2.792238584773533816e+00
3.001590808150458312e+00,1.162954364433269161e+00,2.135072695489090400e+00
2.375746525665098030e+00,9.812601822570999888e-01,2.905935543028577150e+00
-1.675991855835739841e+00,3.470440597493364532e+00,-5.750416164275210518e-01
-3.836166389675871535e+00,-7.606190987088260469e-01,1.485466437129340789e-01
-4.047777633966870292e-01,-2.338317379230634430e+00,-3.133614922679345494e+00
-3.482889514150456112e+00,-4.862860977832121900e-01,-1.794325024335083896e+00
1.140247003706092332e+00,-3.674907624867771005e+00,-9.581862253562341003e-01
1.158664087198379322e+00,-2.920205744999305519e+00,2.447636451110723588e+00
