0.000000000000000000e+00,0.000000000000000000e+00,-0.000000000000000000e+00
-2.256316192961259001e-02,-2.945344424338401310e-02,2.584333375106865564e-03
-5.234199908726722139e-02,7.156564121692235089e-03,-6.590440321920094241e-03
-5.695125360957125488e-02,-3.292632937387463682e-02,-2.035020084323099082e-03
-6.563317815288560730e-02,3.853599507258425455e-02,8.668380542897227009e-03
7.026322866476233941e-02,-2.677842589699423043e-02,4.224242342829612196e-02
3.977044735281420884e-02,1.823310197583637507e-02,8.441760109875633133e-02
3.956283060805092233e-02,7.011155609391345189e-02,-6.473810474128187387e-02
6.836614397748773386e-02,8.746604931321164123e-02,-2.601929141909933244e-03
-2.549970195840732187e-02,4.935609073097717986e-02,-1.045481919280554645e-01
-3.070593731359567459e-03,-1.006958033853278395e-01,7.468902223207955771e-02
1.124354774530524903e-01,1.993343349031227382e-02,6.651209409020923669e-02
5.936763430375988082e-02,-3.749125069950860756e-02,1.195489539825685954e-01
-2.674375100584758073e-03,1.126770112710254734e-01,-9.110971636546885688e-02
-1.449056332068291743e-02,6.928225055223399820e-02,-1.334124951650992597e-01
1.172536001398796213e-01,2.318540331555464865e-02,1.017328024808587666e-01
-5.716919669350992855e-02,-9.150204685227106283e-02,-1.218308111910528929e-01
-1.631925515963492113e-01,-2.666712895436190375e-02,-3.178080012713244140e-02
-1.190303096334193733e-01,-7.669365568440091041e-02,-1.009597237644291184e-01
1.342394887568656298e-02,1.102537010795420491e-01,-1.407742123736595574e-01
9.038399126169573139e-02,-6.797505298530220896e-02,-1.459252531684144538e-01
-8.079338233148285198e-02,1.327060411714352794e-01,1.090689721381250948e-01
6.690877218268545534e-02,6.870876151408289272e-03,-1.829769703884480958e-01
-8.820441588211487549e-02,5.016946151982042829e-03,-1.794124133139457233e-01
-1.483898063915375098e-01,-1.252763315969483982e-01,-6.548980103266988095e-02
-1.199163691443351776e-01,-1.453330205493117144e-01,9.235021189027428634e-02
1.453680743305663658e-01,2.539742891507556360e-02,1.558834286696783311e-01
-1.996526468454419834e-01,7.491592550188523603e-02,5.165231028688098414e-02
-1.227325523468936197e-01,-7.603963828887647103e-02,1.714050212797005590e-01
-1.702718154770510584e-01,-1.296826180180934984e-01,-8.072597879841818258e-02
-1.099200943976368222e-01,-3.149911661079211889e-02,-2.034012909931595670e-01
-7.541784424380258700e-02,4.193422199801315892e-02,2.216717864790006265e-01
4.666563028627529475e-02,-5.210708388113945155e-02,-2.320513324402322386e-01
-2.239904888733327826e-01,1.014485533687407293e-01,-2.123355047719235542e-02
-2.368873298578908493e-01,-2.301241248993353590e-03,-8.357624200079759313e-02
-1.739505068730413636e-03,-2.170161461595991326e-01,1.349664982213790165e-01
7.685665534552994782e-02,-2.391323016449135030e-01,6.671139780779294925e-02
-2.009069843825602719e-01,1.449619937668260861e-01,9.169559118414032095e-02
9.535936998064983849e-02,1.800278473538755863e-01,-1.747674540603366689e-01
-5.994157498410988133e-02,-1.036863590277634084e-01,-2.449121178972566704e-01
-1.907688150339069411e-01,-1.496833462983732099e-01,-1.335060365817770656e-01
-4.187825326207367249e-02,-1.803819367434879029e-01,2.112896634764190595e-01
2.409716369521426316e-01,8.449070912931340438e-02,-1.267235715451183464e-01
1.588304505210743622e-01,2.411230583096770352e-01,1.563858247398548090e-02
-6.663209949936282211e-03,-1.829459485719124034e-01,-2.290468876435740042e-01
-9.631858283068278626e-02,-1.559594942335058576e-01,2.340009656817912675e-01
-1.462901901953769235e-01,-5.100714112944710471e-02,-2.583648140867057519e-01
-1.245943371198089539e-01,-1.725970290054133771e-01,2.187603352404352552e-01
1.973504241657792757e-01,-1.143968307410051927e-01,-2.087274335636452871e-01
1.910045414847262590e-01,2.188973528064402652e-01,-1.168344682892947239e-01
1.625261097623153239e-01,-2.681565468092368953e-01,4.681020233749451365e-02
-2.989671252665554446e-01,9.420780694489200302e-02,6.883918743164461895e-02
1.208972997356753259e-01,2.754365585794683047e-01,-1.225228678679271405e-01
1.196929355483401652e-01,1.501992073434157693e-01,2.666865107122290413e-01
2.888894740960486485e-01,-1.602876429141506520e-01,-3.727950295370537070e-02
-8.132384529625345804e-02,1.578918757796675121e-01,2.855577581284923783e-01
1.574152311935357318e-01,2.156367719088814194e-01,2.106465708131977366e-01
-2.249001618059109087e-01,1.838199305117779736e-01,1.840148271366084110e-01
1.706313170486856712e-01,-1.024647178526108676e-01,2.849810949940503879e-01
9.017040994762721973e-02,5.882439643379324540e-02,-3.344408230812865868e-01
8.538134513988715479e-03,2.956215737129417875e-01,1.964851965709616954e-01
6.920553530229954509e-02,3.207988486020956764e-01,1.449699059267218482e-01
9.153110322009085087e-02,2.559662496991991776e-01,-2.397569526491460656e-01
2.782636013205563169e-02,2.514965632916630889e-01,-2.646394529394512363e-01
-5.376918703229353197e-02,3.131833119612877914e-01,1.891535769421876512e-01
-1.797314460717382711e-01,-3.272772575338294132e-01,-7.184067115429245733e-03
2.333846383226744481e-01,1.370450981403007751e-01,-2.625706812781227195e-01
-2.206279823019423325e-01,5.690325486519336173e-02,3.049957403422388080e-01
1.984952543786661361e-01,2.161852018720185065e-01,-2.481147342672764544e-01
-1.950485093174454676e-01,-6.438664964914685152e-02,3.290657387613536988e-01
-6.902352449645536570e-02,1.405802652164836186e-01,-3.588028728973656767e-01
2.563677235497634488e-01,1.586755205386801981e-01,2.552904287652662529e-01
2.015536690095705574e-01,-2.326007291147293710e-01,-2.533253969491759960e-01
-2.585306652598451382e-01,2.057755221953259661e-01,2.292607577269607233e-01
-6.897975884030470295e-02,4.035586979823548026e-02,-3.977599897069993284e-01
3.174248874691927846e-01,-5.112749196626628634e-02,-2.531819420758212313e-01
-2.453828863713432007e-01,-3.267680422585818034e-01,-5.808300874108743989e-02
-2.223786036633343399e-01,-2.096184313697835866e-01,-2.826267943989978493e-01
-1.706730298644557400e-02,-1.655126883292647733e-01,-3.853657813450595548e-01
9.346318923504771947e-02,-3.353683975876091683e-01,2.406738443288449769e-01
-7.281175201671266639e-02,-4.008239042798614760e-01,1.269834020203254310e-01
2.655964655669703633e-01,9.039559808848161848e-02,-3.261049039387366455e-01
-1.411449386100116776e-01,-2.069675495482488636e-01,-3.539592094471127326e-01
-2.715046641568043539e-01,-1.041281904181321355e-01,3.263290652263691749e-01
-1.621107448813505214e-01,-3.615989056265466184e-01,1.924427540937429237e-01
-3.840177911321236426e-01,1.421673548641274876e-01,-1.715302531202224368e-01
3.076972797507386836e-01,2.727096062038636415e-01,1.763743131497038374e-01
4.350701890871173094e-01,9.487458048677213651e-02,7.026528718447111466e-02
2.309518604123937668e-01,6.545350916927181184e-02,-3.855984923491980743e-01
1.610652672598102408e-01,-7.037618021490332776e-02,4.225105765661150148e-01
-2.799857561040304706e-03,-4.499338918326783454e-01,-1.003932587289187994e-01
1.196875651440028332e-01,-2.581567978029787880e-01,-3.670020398381341198e-01
-8.131145098224051848e-02,4.532605995025821288e-01,-8.217949361247775530e-02
4.183815678718522668e-01,2.114152605410084262e-01,4.729228891686514807e-02
-2.667078321943371355e-01,2.245680302353648405e-01,-3.218608929835380383e-01
-3.341629068576917883e-01,-2.054811531132907376e-01,-2.728908719311566311e-01
2.470448325210810869e-01,-3.114816977312654389e-01,2.711448988416773065e-01
-1.244464696206755844e-01,-1.806876749363147960e-01,4.320505426202185806e-01
4.103605952426161441e-01,6.049072252622137574e-03,-2.638515007442650551e-01
3.882311318939877798e-01,-2.470740474176994772e-01,1.718858520016077474e-01
4.350734027810364557e-01,-1.901446694167157336e-01,-1.383833016620096001e-01
-6.978622363653926020e-02,1.365720960217285396e-01,-4.736751531792414704e-01
-1.172048974737266019e-01,-4.689632625025454971e-01,1.324365624594839586e-01
-2.145682089141283388e-01,-4.556181335472485605e-01,3.007847261179243115e-02
-1.325400917085025124e-02,3.869869145984501935e-01,-3.285469565966024907e-01
8.393172029227462250e-02,5.003619584071886672e-01,6.191082576438838858e-02
-1.868302450668125059e-01,3.470659271624932374e-01,3.305414039923267322e-01
1.803431542681575017e-01,2.585342154305340090e-01,4.106690853507463657e-01
1.722960690990524568e-01,-3.819733205191933600e-01,-3.095712445797406120e-01
-1.115094574276919853e-01,-2.291133143087800694e-01,-4.581749819195405915e-01
-2.922741078632431350e-02,5.219447950787364787e-01,7.081753005323000727e-02
2.943714938160483241e-01,-1.603337462033196589e-02,-4.414121956820000747e-01
-1.674324402131685263e-01,-5.071476675871111617e-01,-1.066521841810165808e-03
1.177187603624839790e-01,-3.483868300758278802e-01,3.917857737192553258e-01
-1.457207489978085135e-01,-2.757682056731505238e-01,4.415368016237015691e-01
2.477006369421827503e-01,-1.888931765262321094e-01,4.457890866766215376e-01
8.895919666074252052e-02,-3.379364987926899433e-01,-4.209425909628160545e-01
-9.622587771256163602e-02,-1.852768787183057819e-01,-5.091958987944569248e-01
-5.414848988033251764e-01,-8.787451276366817221e-02,-7.427052938499775769e-02
1.342824280343007659e-01,-5.346695280346103196e-01,7.831871937949266838e-02
-2.202445953369999987e-01,4.901641858846325084e-01,-1.577285337222721906e-01
-5.240490170110214674e-01,2.044813785716479149e-01,2.886804250655147092e-02
5.151872504050116763e-01,2.166899294361212536e-01,-9.243427003413608178e-02
-3.503180396691660814e-01,5.182536505291165940e-02,4.462821761603169013e-01
-2.589145449296792467e-01,3.213821437816475335e-01,3.974037395131481132e-01
5.326917985141719214e-01,-1.343499568157014157e-01,-1.735966979667133980e-01
3.502417985195629968e-01,4.219997521085189218e-01,-1.868241200642607736e-01
4.585467908786076269e-02,-2.782377152402017995e-01,5.097689173134792862e-01
-5.393252928415589453e-01,-9.297194485370680050e-02,-2.088332918146515726e-01
4.463254642770700942e-01,-1.197464304517221328e-01,-3.651599188335849511e-01
-3.803693162440874298e-01,-4.105155303134294109e-01,1.935482352138565842e-01
1.850248164494009417e-01,-1.438002355493664119e-01,5.473081920659828015e-01
3.873768355869017799e-01,2.444522539725283439e-01,-3.852951220240063979e-01
4.747502513966546656e-01,-3.100971752312493002e-01,2.013703098050577123e-01
5.871846992263709542e-01,-1.397035736215783974e-01,4.049751100394764075e-02
-6.795816301486884425e-02,3.237191651679499071e-01,-5.102866858623414936e-01
3.510451651608181844e-01,-4.977221039838907735e-01,5.218998035215557940e-02
4.118503120836154996e-01,-9.759132560349124963e-02,-4.454603621027339311e-01
-8.635154698912600457e-02,4.496966024801035133e-01,-4.144984537775910360e-01
-5.744783449153495480e-01,1.455240568274058510e-01,1.849863048400529342e-01
3.403325451270756974e-02,3.936557974582894914e-01,-4.829559371228691056e-01
1.307928240951798105e-01,1.465213291210961943e-01,-5.956160291269563256e-01
5.162010226591127321e-02,-1.961001206590213541e-01,-5.968208071598368747e-01
-4.034957959326812560e-01,4.512797641547848237e-01,1.866844442826937345e-01
8.865278497939246827e-02,-5.936559194461294986e-01,-2.122316277857013433e-01
-4.348187073616442966e-01,-3.752201537688121258e-01,2.819649258863717867e-01
-5.993114451343565241e-01,9.675801705182936197e-02,2.118380265179898303e-01
6.178050945794878457e-01,-4.826253623522410580e-02,-1.829384842659922683e-01
-5.042889735023490250e-01,-4.019369644068508940e-01,-7.551621559478234602e-02
-5.350090549038848814e-02,-3.713800759790027994e-01,5.337412045247547088e-01
1.702982438042838775e-01,-2.793891817759587837e-01,-5.680884489364685930e-01
6.336962896150756253e-01,-1.077575622419081197e-01,1.440071925115360696e-01
-5.294690844090905735e-01,3.729637808253830067e-01,-1.365104026406681881e-01
-5.287661448504726858e-02,7.219831037989065357e-03,-6.628708415348648630e-01
2.360377172958271486e-01,-5.720184339692753195e-01,2.520229751647556915e-01
-9.655684661969676785e-02,2.856782251668931183e-01,5.997543753039257242e-01
3.848856203921678931e-01,3.281230196907897190e-02,5.528567503618482259e-01
6.667910602987151547e-01,-1.205788021441488687e-02,-1.197896549398413529e-01
-1.074336004406544059e-01,5.509518604742205117e-01,-3.850635957433568013e-01
1.514677914818589322e-01,6.423855470421563352e-01,1.789927775219674888e-01
6.818256440898065041e-01,7.491057953535758263e-02,-3.789559600399166478e-02
5.612282975866890178e-01,-1.698313047430414710e-02,4.012226952219520859e-01
1.986919367305849116e-02,6.187094962413538374e-03,6.929222609956574574e-01
-2.599756990638030230e-01,-6.358166284756102682e-01,-1.143280094490552179e-01
-7.413807265724841992e-03,-4.523802158973779797e-01,-5.334628743153599917e-01
-6.175916759988029359e-01,5.598493030761707984e-02,-3.303238131853197812e-01
3.003579018553065652e-02,-4.900982430182865834e-01,-5.069211813933290900e-01
-4.669686771442299079e-03,-2.211514922856100129e-01,6.734652389616103685e-01
-3.249005924424454017e-01,-3.156626990613500827e-01,5.492880797612640364e-01
4.320330188437507268e-01,2.433451673523153724e-01,5.152714697210071249e-01
1.359122254986918077e-01,7.039890745054929733e-01,4.210190714828426078e-02
-5.371503570630090652e-01,4.477743728483349339e-01,1.769238916181750942e-01
-6.188874334903060603e-01,3.154778641891315405e-01,2.056540601071620011e-01
-3.666219620405078428e-01,-8.864035101498486668e-02,-6.221718346139853972e-01
1.268116721578241568e-01,-7.042358698865649469e-01,-1.479196949389710580e-01
-4.607800824046259236e-01,5.207342354381487848e-01,-2.344956774686201006e-01
2.845391210467889120e-01,6.130066142914241123e-01,-2.937858730307398303e-01
-1.756714568428226209e-01,-6.730820217510962156e-01,2.524818500866345405e-01
-1.389516777594312219e-02,-6.602621537755065662e-01,3.407683598798117441e-01
-6.355826837333429236e-01,3.817376892870418259e-01,8.489232345960884274e-02
-2.612022446043286705e-01,7.009215321649390207e-01,4.505267560435240182e-02
-3.628432268301529096e-01,-6.158326669500865380e-01,2.351852679649685252e-01
-3.227400656473004559e-01,6.167029805431798462e-01,-2.939754330933591064e-01
-2.372471657187903427e-01,-6.931642053916035051e-01,-1.971009620211547075e-01
5.020748311457594593e-01,-6.176832889408068183e-03,-5.729039941930686997e-01
-4.555880141967877939e-01,5.535298703831612599e-01,-2.666899083104912749e-01
7.569180613553709858e-01,1.187239257118448826e-01,5.310644334893111634e-02
3.087919059760502738e-01,-6.551746951674504160e-01,-2.646016723764632039e-01
7.563047479530374817e-01,4.876408431211186334e-02,-1.582521422078339290e-01
-6.120835626605781732e-01,4.549186923925072623e-01,-1.504589204454525320e-01
4.162958120153266717e-01,-4.778431041124193701e-01,4.554493311588685422e-01
-6.350682152437403527e-02,6.095169051971937035e-01,4.882417626687433065e-01
-7.029668970308792231e-01,-3.514532038129717928e-01,3.338269367878304861e-02
-2.976260455825458506e-01,6.725547527617888877e-01,2.877079685733591741e-01
7.274032417514122439e-01,-6.441040407637732036e-03,3.153403124090586318e-01
-7.518615835117221646e-01,-1.119662828154847217e-01,2.359921336596860209e-01
7.863048188670913596e-01,1.391805482733131094e-01,2.872064871304409392e-02
-8.102343228372788086e-02,-3.444714238503273629e-01,7.198691048041411245e-01
3.192031883580641050e-01,-5.977857115134708188e-01,4.349514115908015288e-01
4.213379640603658882e-01,-2.926657959270517195e-01,-6.246961528416160592e-01
-4.632434652425031496e-01,1.213167360048597876e-01,6.550830998266621297e-01
6.581432702351814878e-01,3.117933548901176688e-01,3.648550680724091944e-01
-5.837213408130638159e-01,-5.062370605517214628e-01,2.674695584799220427e-01
-3.111362528267604399e-01,-7.526710921102902629e-01,1.015163355415202168e-01
-6.011272313584337113e-01,-3.903810486362464527e-01,-4.061666351320170620e-01
-2.325434552992750731e-02,1.210109287812718287e-02,8.265300858151665153e-01
4.233370155581627214e-01,1.168530009772880685e-02,-7.138795258014105638e-01
6.661805465583064967e-01,3.506382477481025384e-01,-3.569113137517706535e-01
-1.203839050003490119e-01,4.811356684703219644e-01,6.732899133430191307e-01
4.019106288654870074e-01,7.231136589927653624e-01,-1.416703161415673318e-01
-4.638331434614737514e-01,-6.910997852613279813e-01,-1.301842598355651970e-01
-2.414900856178553434e-01,1.642368326492267550e-01,-7.935036807775959211e-01
-4.657228381844730758e-01,6.825005487586279784e-01,-1.936104887788012985e-01
4.109556712835605308e-01,1.938930462866435001e-01,-7.204029949499048957e-01
-1.118422952505875589e-01,-4.212224860690955142e-01,-7.353989077450390210e-01
-6.775219931732485712e-01,1.860848405167186623e-02,5.259988025375470500e-01
2.404748466249476135e-02,-8.530487860737865358e-01,1.145179939176707573e-01
6.730814147329406971e-01,-1.513538036423892064e-01,5.203705954802906319e-01
7.037893103501068337e-01,3.734519353275297382e-01,3.425099626050137624e-01
1.447693562110640431e-01,-8.421038489257046677e-01,-1.654930351642767417e-01
-3.532798552151646954e-01,5.799384523444723882e-01,5.493227250970372788e-01
-2.872036739444761566e-01,-3.780724803470627560e-01,7.368115455981243400e-01
-2.475579942129756822e-02,-4.829794833309428714e-01,-7.347644928060068636e-01
1.511055573036335364e-01,6.762895950857273908e-01,-5.468317025475127879e-01
8.428395988776324899e-01,2.379743212905453820e-01,-1.330385366572011396e-01
-1.860727206280802237e-01,6.977916685716358813e-01,-5.183408774190493284e-01
-1.385494704982256908e-01,-7.590610007497309297e-01,-4.476244445815762973e-01
7.313393337018613272e-01,2.436330528141240070e-01,4.550454606774553823e-01
-1.308784360605511066e-01,2.938556815569167702e-01,-8.386677591259222853e-01
-4.999536899104521925e-01,-5.158485948029473134e-01,5.444020710577053279e-01
-6.946568032773329238e-01,3.660098072136471758e-01,4.489085318895889021e-01
8.886367753213334497e-01,1.841433352336623308e-01,8.307755906028661819e-03
-2.147122504589713543e-01,4.373794517185831676e-01,-7.693464290912769288e-01
2.365366674033244077e-01,8.826094701886254557e-01,3.156523468051952719e-03
2.698480062970306376e-02,-4.976253479258246348e-01,-7.695991773834487404e-01
1.295306392573110088e-01,-7.984865009425088367e-01,-4.381624091362663620e-01
6.715063230195531530e-01,4.438931333119177647e-01,-4.517815446685919389e-01
-7.195394995085369061e-01,1.377028993493517317e-01,5.666680260119058010e-01
-6.673231163237977048e-01,-5.955598318108216160e-01,-2.521186121888737697e-01
-7.556582512896554693e-01,4.787971083167355535e-02,5.441024285779814118e-01
1.924271027074135332e-01,9.137223304497203991e-01,5.698045037965424053e-02
-6.459546684553549856e-01,-3.403393236406882516e-01,5.898301781388756160e-01
-6.449395823156858221e-01,6.248162245511749979e-02,-6.833606229539084254e-01
5.586642982097298482e-01,-7.946125575027265797e-02,-7.578113893249732724e-01
5.893963295317782292e-01,-9.240774385908251398e-02,7.366521832548619253e-01
4.411771512063097922e-01,2.087757555313713431e-01,8.162507095937746593e-01
-3.185236108941250088e-01,-8.663571734382643497e-01,2.416287333400414516e-01
4.853560567074527987e-01,8.143534356479973368e-01,1.327467449786734754e-01
5.598900606379091371e-01,5.141627560353443371e-01,5.869338363633596067e-01
9.430706372076548272e-01,1.909023824051190588e-01,-4.994066656431273704e-02
-2.393245715277140251e-01,-5.096425503868352580e-01,7.856954781268490340e-01
9.588997572793576951e-02,5.754638283917111741e-01,-7.746002358686649991e-01
-2.844665093309685644e-01,-2.330440675359161107e-01,-9.006547197794919635e-01
-2.610535158736718708e-01,-4.701919069879317153e-02,-9.392131493485879057e-01
-1.376965975959427470e-02,-5.611215468754684466e-01,-8.022009439706636602e-01
6.961987661189811272e-01,6.837299341712721468e-01,1.118353726702882578e-01
-8.324006690492539162e-01,5.256716997074668551e-01,3.998692802812000430e-02
2.334031526857054395e-01,3.558311972930394695e-01,-8.921225940218704409e-01
-7.047019319475347210e-01,-4.224746848266189292e-01,5.550332945649262273e-01
-2.671134578016840511e-01,-9.459028334018851902e-01,-1.525350460379168716e-01
-1.019163409249832508e-01,-3.683472046490566809e-01,9.216833901064918066e-01
6.382519618373321268e-01,-6.871282754856204988e-01,-3.497074981814809469e-01
-5.548546550416035839e-01,6.445807485338029830e-01,-5.335902921631670015e-01
2.984378380811646414e-01,8.591818624172542496e-01,-4.325386518275362580e-01
9.069078317861173355e-01,4.310750536535903343e-01,-1.111022399336639849e-01
7.012173814172113495e-01,6.070016769866147799e-01,4.084343161515693321e-01
-1.114475073298816926e-01,1.852319107971985707e-02,-1.010226380676758851e+00
3.909265890938259380e-01,-8.629520958879634274e-02,-9.377726086053193022e-01
7.497798529437363912e-01,3.830259186860675569e-01,-5.806871751269709891e-01
4.788189099312351038e-01,1.035554257626869895e-01,9.013849433026809299e-01
7.978420995711039687e-01,3.098075997157214156e-01,-5.713008346891492728e-01
3.051913239598202932e-01,1.747765602828616205e-01,9.704028456882347609e-01
-4.740711715668204373e-01,-9.139692989295306047e-01,1.084498618102708034e-01
-6.175726051869133704e-01,7.677253131837851186e-01,-3.279370905180982176e-01
-7.505271444423946559e-01,-7.104858149772573794e-01,-1.295279462756414590e-01
-4.624141704100179773e-01,-9.296135127079809823e-01,-1.157147748330679682e-01
-9.157189700053672832e-01,-5.093245420901241216e-01,-2.564697835395470145e-03
-3.948967564884006132e-01,6.024464844631488569e-01,-7.652823859428752318e-01
-5.936190961625265050e-01,-5.553593403147538687e-01,-6.710734766611604618e-01
2.329635269495493599e-01,-9.827268535553724815e-01,-3.126498857817238131e-01
5.237981102927621313e-01,8.126969394502603361e-01,-4.354101160029295592e-01
-3.562177152818052361e-01,9.914810663525005507e-01,1.454911608676199564e-01
9.556819153161411062e-01,4.596525810865084161e-01,1.147943632321523633e-01
-1.019745328520039518e+00,-1.344004153951480762e-01,-2.942056163524099932e-01
6.103515082231382172e-01,-6.605305494884063933e-01,5.851566269914528773e-01
7.131280470864450605e-01,6.580616385482521702e-01,-4.651883147701905141e-01
9.930836511087883789e-01,4.180844267413689197e-01,6.138748819727539441e-02
1.498462891671377695e-01,-2.750360203333104270e-01,-1.036090208169614835e+00
7.159467118581801515e-01,-7.945864381799846443e-01,-1.856343725359709540e-01
-6.010596810061259454e-01,-1.596109466214269967e-01,8.935922669585143474e-01
3.241188426492551677e-01,1.881794035265750564e-01,1.025505490084783089e+00
3.028992395716368913e-01,-2.902403758354809016e-01,-1.011450199861522625e+00
-4.191769581791986443e-01,-1.012602340385368782e+00,6.972435561371685686e-02
-1.048330496291530967e+00,3.174841009894666111e-01,-1.143643788078699541e-01
6.392735479853863811e-01,5.361236588153674987e-01,7.236942668741994655e-01
1.058277865282830188e+00,1.880981211922488072e-01,2.673625639383685471e-01
1.000103838361795727e+00,4.461286201226664638e-01,-1.859648976626628036e-01
1.520123193051927946e-01,5.881470927689725903e-01,9.337157026662303849e-01
2.389910494583065426e-01,6.192187913225850604e-01,8.985278244408065884e-01
-8.549566725951570634e-01,3.259958567667322477e-02,7.231605261854004985e-01
-2.079341930043346609e-01,1.003425648478362353e+00,4.604040267266495401e-01
6.493491984140896678e-01,-3.698677416032385978e-01,8.430507773824050810e-01
5.746193982902404462e-01,3.354387149383812883e-01,-9.130318126606650209e-01
8.801129314998554221e-02,-9.222260109319629917e-01,-6.521137742598513976e-01
4.263089703154306354e-01,-8.497551063181040254e-01,6.219844171168112945e-01
-1.870388452982777450e-01,-9.992490082997870227e-01,5.142150920712498241e-01
-5.765160598652945279e-01,-7.748331482229364742e-01,-6.102432142967720852e-01
-1.201691515938246441e-01,8.830806697398989602e-01,7.198053204349877943e-01
-7.723347240370502798e-01,-5.885177673015533628e-01,-6.138556376752568600e-01
-5.843035040557167381e-01,-9.784553856208632050e-01,1.679035197010299296e-01
9.190925440449539963e-01,6.671871595452283366e-01,2.107958458305367599e-01
2.590905501336088768e-01,5.193068594514345104e-01,1.002421115930124396e+00
1.143787073607259952e+00,2.005976203031381022e-01,-2.327352413148275900e-02
-8.726626951387980169e-01,-5.782460629478617387e-01,-5.104106092817941587e-01
-4.865355822168910271e-01,4.611488803483896892e-01,-9.562812069147798022e-01
-4.714020768286665830e-01,-6.622182937762292054e-01,8.429357532960198851e-01
8.550922680429772216e-01,7.510355114433735491e-01,-2.890067210262009523e-01
8.194271431938445760e-01,2.394921193801226034e-01,8.108246787670450040e-01
-4.875783027854014295e-01,5.478496997921110667e-01,-9.251474068061381617e-01
9.394028281778784573e-01,3.863006638957501848e-01,-6.079499210257230946e-01
-6.822834039108329751e-01,2.902616355706332807e-01,9.268816844852271197e-01
-1.010206383160613397e+00,5.759343134116607921e-01,-2.534596628074674562e-01
-8.066823163772871008e-02,-1.138132136433172237e+00,-3.495965782431589286e-01
-1.585421500501025538e-01,8.691928924855628624e-01,8.068907792307127291e-01
8.206660397513403371e-01,5.598167063428852869e-02,-8.733479441621885275e-01
-9.990947024769223361e-01,-4.978686079275217863e-02,6.681145750159872554e-01
-4.292476981202446029e-01,8.334337291448796758e-01,7.588724857183801742e-01
-8.486262491378974149e-01,8.577032772180319675e-01,8.162279435841821029e-02
-2.953050115091441774e-01,1.174626759440621449e+00,5.732081059369623088e-02
-9.140863751724213060e-01,-7.357135306028742550e-01,3.181032912791897926e-01
-2.788403950673730702e-01,-5.301946895965148343e-01,-1.061585202905662273e+00
-8.030785093302873490e-01,-9.155656375229394295e-02,9.166960470030565133e-01
-3.991319538838477010e-01,1.100735826601354717e+00,-3.613527931230168799e-01
1.158336351579939194e+00,4.073022184883240415e-01,4.171213966037364690e-02
-5.105560235904652022e-02,-1.047246657729600683e+00,-6.464881350062092746e-01
-9.908506351313687288e-01,-6.015317135921993685e-01,4.261212392329744025e-01
-1.018708113121512548e+00,4.644969390117927206e-03,-7.038231340069270869e-01
-4.851683524577803386e-01,1.059871016408894029e+00,4.271002338877304405e-01
8.515574201825658607e-01,-5.441551859160747018e-01,-7.265493610895150667e-01
-8.761479877507498681e-01,1.325887541025440874e-01,8.785999557844517138e-01
9.780409861749150835e-01,-7.009123909932057916e-01,3.425776405496747667e-01
-1.182034079604955545e+00,-3.659213116598644677e-01,2.053593453598486496e-01
-8.092968378305525068e-01,1.927800399962469879e-01,-9.429996913788780688e-01
1.006437081990481541e+00,-6.112473414953087936e-01,-4.505090807806405584e-01
5.698362993125248854e-01,-5.940146616193638929e-01,-9.592074278802898979e-01
7.592089543708561150e-01,8.129858039960661253e-01,-6.070213714357955981e-01
-1.107452061130021592e+00,3.953229654653017677e-02,6.212927453011638512e-01
5.119756849835037649e-01,-9.885829752073351795e-01,-6.187291047891939622e-01
1.251407883925695241e+00,4.020927730271063594e-02,2.507017234350173984e-01
1.237186534375028790e+00,3.196756156168328311e-01,-7.707629459850230680e-02
3.283896561050150265e-01,5.635765665750757103e-01,1.105262265055797277e+00
1.882730645648265921e-01,1.059861835924962747e+00,-7.047224003366849843e-01
9.619133743250346535e-01,8.260381404353782653e-01,-2.368988714414816676e-01
7.627588940332722389e-01,1.010731063362000803e+00,-2.621723493383704695e-01
-6.562163255408523521e-02,1.231894442771478637e+00,-3.983006935642174895e-01
-1.293277796096192478e-01,5.999442403219417130e-01,1.145548395991887514e+00
-2.609333416586047671e-01,2.845764377149588853e-01,1.244315816556357035e+00
-4.349225681494080752e-03,1.237216232509185332e+00,4.185050013696006155e-01
8.298851603602790394e-01,9.043272684032060971e-01,-4.559116198740281178e-01
-6.549277159756314859e-01,-4.438171630399050382e-01,1.047376522221331596e+00
1.120265955139993164e+00,6.326082035146874949e-01,-2.761654986251552146e-01
1.000181824639358785e+00,7.123035098242298524e-01,4.819719592404467789e-01
1.008243375231556715e+00,-7.351094033916363291e-01,4.378389096470366448e-01
1.303548926332622759e+00,5.415585079372291222e-02,2.347408107319412796e-01
7.083317547772920442e-01,1.061269410279139125e+00,3.713593059112526573e-01
1.606012853169468679e-01,7.897099290882028111e-01,-1.060747069293011435e+00
-5.177317911793583027e-01,4.332475672184854520e-01,1.152206517400815367e+00
8.632720714251128635e-01,9.699924411508343836e-01,3.254878050036134618e-01
5.455176314355316691e-01,-4.334934369961370715e-01,1.146875444106105313e+00
1.168713073250355672e+00,3.994259291192918393e-02,-6.649307922486711320e-01
9.749269753383474901e-01,-6.077766000806760216e-01,-7.060872656341842246e-01
-1.495985405592825113e-01,1.029403588502102451e+00,8.632640102700450679e-01
1.979836944651511971e-03,1.098267080465117340e+00,7.936939907882198941e-01
-6.627368635899422156e-01,1.675616153949627818e-01,1.173772773001959369e+00
2.505873374151028066e-01,1.034557826382593415e+00,-8.490330493863644801e-01
-8.592083126772628310e-01,-1.013868225602209794e+00,-3.110327705354952177e-01
1.512174679515753684e-01,1.238235404154041541e+00,5.619520986236140603e-01
-3.546755914594238446e-01,-9.682099099116968643e-01,9.042455501434246701e-01
1.254763638222096134e+00,5.213629306422757903e-01,-2.089552805983985739e-01
-1.219663903731789345e+00,-6.336232501236634951e-01,9.954869207604219450e-02
-4.113829604356631919e-01,6.181071632119318204e-01,1.164799498539361489e+00
-9.172664786245747492e-02,1.351255910247235015e+00,2.878415652054334695e-01
-9.695786457990455964e-03,1.118599710904436551e+00,-8.215446089312369304e-01
4.725030497331104140e-01,-1.116064793193047633e+00,-6.830797445108748311e-01
-6.214135704023483475e-01,6.556972385703260242e-01,1.062334184295677497e+00
-8.068370779455723563e-01,9.996490423860235897e-01,-5.509813131316915191e-01
1.398652818424499067e+00,-8.240367900586775818e-02,-9.428278992830815830e-03
1.243380534012751726e+00,5.154427861732160387e-01,4.008791460991701916e-01
1.260327690357763375e+00,6.224304071827392315e-01,7.637978260116923268e-02
1.084228987127321853e+00,-6.535905114665981896e-01,-6.231152017582231029e-01
-1.087132473550997513e+00,-6.208508302004608348e-01,6.580626941518215034e-01
2.663232361407411597e-01,1.061019311962071221e+00,-9.016930686704675013e-01
-4.066827700514829003e-01,2.075283794076492327e-01,-1.345618904811002992e+00
-1.186677498975110545e+00,-3.263255335694478787e-01,7.168637295013358113e-01
-5.226303025407391667e-01,-1.340064914751010194e-01,-1.321722073590918756e+00
-3.305625382443329041e-01,1.305248168655773755e+00,4.843518567273588094e-01
-7.056972867257689241e-01,-3.647919315794519446e-01,-1.194143515697984936e+00
2.701820896571034969e-01,-8.308088729364951908e-01,-1.141650599404058664e+00
-7.603693822763289978e-01,-1.187885607678013322e+00,2.948714905688253340e-01
-9.914975034761778876e-04,1.160772590385510172e+00,8.592974693618840032e-01
-5.574077280126358280e-01,7.075896891197613892e-01,1.133150789049772733e+00
1.395432827504515361e+00,-1.317759256646022781e-01,3.748049737655498315e-01
-4.516313780287957158e-01,-1.376843817786138624e+00,-1.228574090846554778e-01
9.518838783078480414e-01,-5.553335932251972640e-01,9.539396768437966578e-01
1.169997927582941966e+00,1.756665281920366528e-01,-8.570117046235781189e-01
7.807466618805614100e-01,6.239123359770120114e-01,1.070122889794276499e+00
9.388463625716719774e-01,-5.032466733055710462e-01,1.009507606992164019e+00
-9.166267269050386579e-01,6.235421750206140423e-01,9.667547199763885102e-01
-1.430129582989237980e+00,-2.341078768802364735e-02,-3.572990950418210021e-01
1.423874319098975105e+00,-2.231583957996565726e-01,-3.258057057720872840e-01
1.422111187391877474e+00,3.952432642378836403e-01,-1.210949868850583061e-01
2.356211613790994697e-01,-1.456806692449635232e+00,-1.594408904389988946e-01
-3.749219234684539326e-01,-6.965889383188528239e-01,-1.259918085270842480e+00
-4.046729061796009996e-01,-1.125415534344093693e+00,-8.904360555964850876e-01
5.979351073668113248e-01,1.012945918970667991e+00,9.217592569496732002e-01
-5.547626502496750822e-01,5.850280601986406620e-02,-1.389999986605803262e+00
-4.687539959993437533e-01,1.217880282521303759e+00,7.418952591413193742e-01
1.294573821074969322e+00,7.495422060722140012e-01,1.604758583187885501e-01
1.056823896381201333e+00,-1.043206980335751988e+00,2.616773600985345949e-01
-9.895732780885798663e-01,1.130350698495371731e+00,-1.638869622105687818e-01
-5.896642625156067047e-02,-1.453322783634174220e+00,4.223579757496136455e-01
-8.614946029144158191e-01,7.801977246285783929e-01,9.764024365614571987e-01
-4.682279087852959099e-01,1.441980031627457137e+00,-1.263385247904250663e-01
-1.458570247188091029e+00,-4.309615853808170804e-01,-1.078961106425584682e-01
1.353175298243515456e+00,3.816228869216761188e-01,-5.986635539144633533e-01
-3.365248826492073242e-01,-9.008657712670178341e-01,-1.191914283969189414e+00
8.467404590244809182e-02,-4.087446340783911225e-01,1.477025998784841532e+00
-1.293484675055573518e+00,3.325717015411128186e-01,7.632500343028498779e-01
-5.005110922774257398e-01,-1.009510722926434623e+00,1.052175393272691162e+00
5.270235900347983726e-01,-1.426056006665475717e+00,-2.752736812981900760e-01
-4.621611757202501725e-01,-1.469244485988613791e+00,-1.593473129170427383e-01
1.464862149796164248e+00,-7.673510597271107625e-02,-5.064415250059154383e-01
-6.308557471028678476e-01,-1.065382123141727311e+00,-9.411337958667085335e-01
1.254169164214332444e+00,-4.550102789154021887e-01,-8.058316491132049286e-01
4.060206522833695875e-01,1.308962534100254427e+00,7.494812053457678980e-01
6.412960142961694476e-01,-2.479578907729865223e-01,-1.406365045704733197e+00
-1.036685149894071234e+00,-3.095661498881822904e-02,1.177119645825203342e+00
1.056232231385556775e+00,-1.098383307900101302e+00,3.871971326157816473e-01
1.375625481384064708e+00,-4.364712938971275769e-01,6.323611596432232584e-01
-2.162050906333699563e-01,-4.838257229002022042e-01,-1.487504933541752505e+00
4.486707455594863281e-01,7.705519349605511881e-01,-1.307381810596459193e+00
-4.938946833893793631e-01,-7.023269506891808289e-01,1.333393534507782752e+00
-3.062968134738794021e-02,-1.110879174735164732e+00,-1.136223457662317138e+00
1.564829338176759732e+00,2.787757007233228057e-01,1.023687543656238846e-01
1.264017361174244014e+00,-7.940143392255539778e-01,5.653403978068277658e-01
1.562155645281508298e-01,-3.829506478888314303e-01,-1.545220686712182268e+00
3.064943054626898533e-01,6.398685989858807766e-01,-1.437489036533732500e+00
1.025384158678666280e+00,-1.977581516907544468e-01,-1.220753478098294931e+00
-1.555023569630631597e+00,4.154421715451050989e-01,3.339366386437080808e-02
1.329001739158478967e+00,-6.118500241049010802e-01,6.799089438728508350e-01
1.060857502489648274e+00,1.216259919666720535e+00,-9.634871381143209068e-02
-1.170641256741868474e+00,-1.957539667124945648e-01,1.102908933671219893e+00
-4.535856733187846879e-01,2.560619741187054599e-01,-1.537852704739940179e+00
-6.008336551601597408e-01,-1.365369365489920161e+00,-6.498194007494292324e-01
5.374023979223961911e-01,4.155709575590031402e-01,-1.482306240187627244e+00
-2.590724930107998758e-02,-1.473650364685382241e+00,-7.054641361335990402e-01
-9.854773276285858641e-01,-4.551306186236032114e-01,-1.225961707479213292e+00
-1.351981108472912474e-01,4.708372330294923747e-01,-1.566094552480308932e+00
1.362762495087562309e+00,2.285518350379822372e-01,-8.914141636856849349e-01
5.132879695343900428e-01,-1.193249608493521352e+00,1.013931768486931562e+00
-4.097401724141717105e-01,3.450551204204528322e-01,-1.561998233779784417e+00
-5.937127673175439657e-01,-1.158826568239411881e+00,-1.021209163655687702e+00
-1.469276901633087107e+00,-5.859099345297339445e-01,-4.976567908483638947e-01
1.597627571347074671e+00,3.119069351451597694e-01,3.339831973652793162e-01
-5.787639569415030660e-01,-2.541864462222644394e-01,1.540524354747737190e+00
1.201792248046092526e+00,-7.437705062997261862e-01,8.870601990258680791e-01
1.107532645612637756e+00,1.233122945254503389e+00,-2.208336979511051623e-01
-3.597476509856190052e-01,1.818337909707911926e-01,1.626392281981322352e+00
-9.031297608339295957e-01,9.203486154247021434e-01,-1.075465721612619996e+00
-1.110758721037810481e+00,-1.620230993236690398e-01,-1.253389418383010101e+00
-1.432363598106039193e+00,8.188264663638004093e-01,3.473061423798641800e-01
-1.248872055200417108e+00,1.121524902945419955e+00,-1.924554172591464996e-01
-1.182680096694289862e+00,9.867328939437587376e-01,7.028313293405512585e-01
-1.234213042976509023e+00,9.078334304292102752e-01,-7.285206726991351189e-01
2.403110619784430690e-01,-5.833039888928643890e-01,-1.578627655808008123e+00
-1.029678113148035701e+00,-9.304573052256707166e-01,9.879147702921120544e-01
2.114731024556949779e-01,1.110387656412672897e+00,1.279148050195831443e+00
-1.621641013861190750e+00,4.971760020162325766e-01,2.212884602937310874e-01
8.475533093887959168e-01,-5.609484861537955558e-01,-1.380168832522440159e+00
1.246266274922455342e+00,1.889541029940226824e-01,-1.166631560296419012e+00
1.454941682202563147e+00,-6.708397843182084541e-01,6.285704881536695598e-01
-2.592324125130331947e-01,8.495448437790376062e-02,-1.702840646566995630e+00
-4.215378333756256146e-01,4.205156257382891005e-01,1.622249493000615717e+00
3.837565084361279494e-02,-1.289049219216219955e+00,-1.155538660887909241e+00
1.716593571316362699e+00,8.807113589477343074e-02,-2.369445069173678753e-01
3.948932941260821505e-01,2.597692037301012613e-01,-1.673143113855112274e+00
1.568048592888373394e+00,-2.350582412792117659e-01,7.218512565178519802e-01
5.003543790220608273e-02,4.718782658017904585e-02,-1.744325273123700892e+00
5.835159902333914017e-01,-8.329907051783632665e-01,1.423155982493722993e+00
-1.718384334318658890e+00,-2.382278650266820841e-01,-2.500205628039037786e-01
1.676669638416498354e-01,1.661307198048859401e+00,5.444791750683017906e-01
6.571809055057746818e-01,-1.440745308134372057e-02,1.632438281364461785e+00
-2.364187545878938534e-01,1.704827504380312497e+00,-3.835230794705807300e-01
-5.412322115373581211e-01,1.341627156003468047e+00,1.014411330098457853e+00
-1.746106435495418940e-01,-1.076650559422899445e+00,-1.394560957595966766e+00
6.328426387358182525e-01,1.434619698695146051e+00,-8.297081731118308712e-01
-1.361634120893274513e+00,-1.797764342111428382e-01,1.128397010139999601e+00
-1.081220278643583166e+00,-6.249995400460314210e-01,-1.269892548040250091e+00
6.396645232410491655e-01,1.615679969652316972e+00,-4.066602597213446191e-01
9.077121866221897761e-01,-9.824455940402039289e-01,1.186817118028417273e+00
-1.519760989910788673e+00,-6.577437037063722514e-01,-6.841932592575439287e-01
-2.734380276915108765e-01,8.393326513666872213e-01,-1.563314602022128907e+00
9.679237097146018431e-01,1.433221235054629839e+00,4.949897953792417593e-01
4.661500599873992789e-01,-1.548478963444913203e+00,7.961030702446735274e-01
-1.234972453388589519e+00,4.464935818193927486e-01,1.239852040141744105e+00
2.105285817088636269e-01,1.526727264408930029e+00,-9.483914871740760644e-01
1.757085402098482518e+00,8.774330901937732463e-02,4.388279596767786228e-01
-1.613064880885648700e+00,-7.950745733905696389e-01,2.578452369150953105e-01
4.574217955351592146e-01,5.401821137302861286e-01,-1.677080118484597371e+00
1.445336817367271598e+00,-3.236350293435862890e-01,1.064400844452348283e+00
8.793668334603012005e-01,1.412080784983425374e+00,-7.566521360256627249e-01
-1.444406078651339076e+00,5.599941230756989574e-01,9.762206898387058018e-01
-9.642043336994549074e-02,-6.727497902609976821e-01,-1.704166611442321733e+00
6.302094031935380480e-02,2.270504638469753866e-01,1.823115105238874767e+00
-1.800243459299391446e+00,3.002110769432393966e-01,-2.479993960819046328e-01
1.218251669346834820e+00,-1.371661189116213375e+00,2.004633142237833010e-01
-5.824609497042508854e-01,-1.270105454797564759e+00,-1.211055011267886394e+00
1.694529278287973728e+00,7.470101536651954088e-01,-5.450378651666237806e-02
5.729989293551379648e-01,1.751542681973789817e+00,-2.226475925338813056e-01
1.225607352019830593e-01,-4.225852765610058071e-02,1.855372622996234178e+00
-1.021437333310358797e+00,-8.595833467358723334e-01,1.300171379549916129e+00
-1.272724415042233881e+00,5.306899161057949676e-01,-1.258844309521991001e+00
1.358754718604538447e-01,-1.802944875852709572e+00,4.802048875980976517e-01
-8.832537307616713518e-01,-8.590234751834335825e-02,-1.650972359645790810e+00
1.319987812518134795e+00,-1.334949875877943892e+00,-4.858274828176696591e-02
-8.120732484770158965e-01,1.212542741625799669e+00,1.187739811828182557e+00
1.015505810211525972e+00,-4.190962138020545846e-01,-1.532064232533816739e+00
8.421189779781066420e-01,-1.569857447460955235e+00,6.278534144316894050e-01
1.573118205561338634e+00,-1.049490069841666484e+00,-7.365506212313399637e-02
5.537291710693138524e-01,-1.707562479886316487e+00,-6.106922160901896435e-01
-1.104979149170889130e+00,-8.002226417949764858e-01,1.322046624773775436e+00
-1.735374843869222916e+00,5.307042164999147271e-01,5.742980478999409888e-01
3.405435829687672444e-01,1.016254375153037737e+00,1.577381866079542450e+00
8.897512040552549850e-01,-1.634018576272949774e+00,-4.348847745592259728e-01
9.992525306775698057e-01,1.425894388727315665e+00,-7.956616333993171697e-01
-1.126707045165714849e+00,-1.372225448525776770e+00,-7.254533865906992451e-01
-1.610020723075868743e+00,6.882147394318537392e-01,-7.918213825618157786e-01
1.644182204714965012e+00,-8.972636081152964849e-01,4.454668553960444144e-01
7.337707243753764930e-01,4.068442307203361530e-01,1.736958212969725190e+00
7.730783373116791868e-01,1.197334096880672494e+00,-1.305316636255782203e+00
-1.404695165032685100e+00,1.230750534150048203e+00,5.112510464294557355e-01
-1.097096614769909051e+00,7.228980897922743232e-01,-1.427343793822426932e+00
-1.676175026916572719e+00,-6.326122125961803899e-01,-7.536640366668210245e-01
1.916265624626175557e+00,-3.109126800226664350e-02,-3.449998728524831804e-01
-1.048771057491832970e+00,-1.072488181063028012e+00,-1.247496179045415987e+00
-5.649414670510610748e-01,1.405978414062015458e-01,1.865969545605663971e+00
-1.765113266248783952e-01,1.503697112625193455e+00,1.242141773556143747e+00
5.260036839068390480e-01,6.573119774098925561e-01,-1.772254202169587955e+00
1.473562709558307482e+00,-1.152235578889888812e+00,6.042138963198332435e-01
1.563879514283393002e+00,-9.736069280224485256e-01,-6.964203409156559665e-01
-1.795595174626804624e+00,-8.156051938175589155e-01,6.178795606238817600e-02
1.472937316182731715e+00,1.282953548047875980e+00,3.037704234125431224e-01
8.139399157182229949e-01,1.062021944009034824e+00,-1.460150388581946013e+00
1.628037647365615515e+00,-9.819017574792548997e-01,-5.678609593767163233e-01
1.594847921283223169e+00,-6.336399770618149629e-01,1.003383504149726990e+00
-2.202194309983618592e-01,-6.525193155895192554e-01,-1.868767708761871926e+00
-1.309472700020298142e+00,8.775627400894482344e-01,1.223326278086336760e+00
-5.698724596986038948e-01,-1.444353531793791889e+00,1.259079339580150281e+00
-1.375572739947505063e+00,2.279275323640589379e-01,-1.437675295133916453e+00
9.034697973119323322e-01,1.341209811968690380e+00,1.187799683989975152e+00
1.934530893372583549e-01,-1.681309450897074065e+00,1.084753834260544725e+00
-1.180349645589680030e+00,-1.453089594170383192e+00,-7.424336854438619016e-01
1.572238064685448355e+00,-4.601894386188074559e-01,-1.177803338046543358e+00
-5.131207679684600675e-01,7.219564806453376837e-01,1.816996922130396097e+00
1.231778627810542259e+00,2.996595208653441561e-02,1.607146227115308745e+00
-5.252020305602292938e-01,-1.891687173247648568e+00,-5.117822129766393946e-01
3.903754940622589098e-01,1.279560863050667185e+00,-1.530278415555366589e+00
6.506720329619288812e-01,-1.923253858895552781e+00,1.560884121004979530e-01
7.401635949966295369e-01,-1.339967074866415198e+00,-1.348536556827314659e+00
-1.057805099729730358e+00,1.194784700322700122e+00,1.277005879015369549e+00
-1.644700437321971354e+00,-1.208944747917685802e+00,1.611221664426764066e-01
1.653633850185943555e+00,1.181596283310583528e+00,-2.779453727878986591e-01
2.221661170474845126e-01,9.407873689677089812e-01,-1.813535400258576180e+00
6.306437258031809545e-01,1.415561967532454224e+00,-1.355464177794179825e+00
-7.163864185863334511e-01,1.757922658884321532e+00,-8.067278968432484154e-01
-1.868352407196331111e+00,7.019913701965255770e-01,-5.350889842068948798e-01
1.251096428264422356e+00,-1.031992666255735935e+00,1.286539280129104457e+00
-1.928908227064332292e+00,-8.993654277672884917e-03,7.617667771511292818e-01
-2.075353589187303616e+00,-6.762651981170170190e-02,-7.108476873513987215e-02
9.387004241019969442e-01,1.629589116287342820e+00,8.920217069131934906e-01
6.029105776327464694e-01,1.994868415555084151e-01,1.986169515231551941e+00
-4.494604460196638396e-01,-6.752077319052900428e-01,-1.925105099707884460e+00
5.777291947449413739e-02,-1.448517112415697472e+00,-1.509382450240285500e+00
-4.031814323243990139e-01,1.995887357864685852e+00,4.995190407555438750e-01
7.342866518353888261e-02,-2.062124228043415552e+00,3.921730581708753327e-01
1.444692770727674658e+00,-8.601046019971836376e-02,1.527403276937928878e+00
-5.038792260297780823e-01,2.818225779094553629e-01,-2.027354586391202584e+00
1.782198723765350712e+00,-1.132819944149460634e+00,-1.355834580654623114e-03
1.620594229573573353e+00,8.851428464527865136e-01,1.032367778385699042e+00
-9.482846409748258987e-01,1.260073505748249945e+00,1.415863946336677115e+00
9.584454163469602328e-01,5.760465532915150233e-02,-1.893652089476868694e+00
1.984420376557963550e+00,2.975529173815542050e-01,7.053992928704160281e-01
-1.054591596935913866e+00,-4.757342703000781436e-01,1.789357767082768280e+00
7.308626880843540619e-01,-7.938858370696153521e-01,1.841779601359390339e+00
-5.375183220608562573e-01,-1.265041386566758685e+00,1.638179655079945451e+00
1.961471324402572547e+00,-8.126844215555251161e-01,2.853516321395239141e-01
9.380724031914873251e-01,-1.227055664919886713e+00,1.489970087486064410e+00
4.802952431796608801e-01,1.963076207658831285e+00,-7.333155317730910561e-01
9.744327549734078664e-01,-1.480591599226618094e+00,1.223487616950234447e+00
-1.114022091891173849e+00,1.145455542955579942e+00,1.449831191472515046e+00
8.377263800078401657e-01,1.823801659498723637e+00,-8.022841959199062956e-01
6.172228071655541104e-01,-1.821779658153793280e+00,9.942177907442195650e-01
-7.116737658648810694e-01,-1.987336448478896678e+00,4.989861168207662678e-01
1.136282570593595720e+00,-1.849509333904918229e+00,9.925374999927694120e-02
2.063600310121364689e+00,-6.290422467583338673e-01,2.903063240099110764e-01
-8.887665880734471058e-01,-1.985236851526388513e+00,1.553495932735063645e-01
2.847465110614338379e-01,-1.499578511760189192e+00,-1.562759807449600968e+00
-6.496843261146078019e-01,-1.552398713396627938e+00,1.398883683299193548e+00
7.588122899735688653e-01,1.957422590829790199e+00,-6.312870432781548802e-01
-2.004692180232405363e+00,-7.388304806846014428e-01,5.080552092680914456e-01
-2.170837934646438594e+00,-2.623101365336911184e-01,-2.417421422837897071e-01
1.282527612755878899e+00,5.424046945810385711e-01,-1.708141818467367790e+00
7.662597827313906151e-01,1.039297660466980355e+00,1.790704693009795401e+00
-1.896730813118965076e+00,9.674154088841964150e-01,5.979704669066076006e-01
2.803610824316599692e-01,-2.197013970176370456e+00,-5.245876890485611649e-02
-1.929246051934404571e+00,-6.896384574214788898e-01,8.531426493750831064e-01
-1.528977159740125824e+00,4.226763511738529933e-01,1.557652229415259937e+00
4.530381664732993641e-01,-1.369343431328152727e+00,-1.696958676499684682e+00
-1.649008257391188170e+00,-3.002616093946017251e-01,-1.472405943041303678e+00
-1.561944867832967820e-01,-5.403032764361729301e-01,-2.162969014638814080e+00
-1.087105859150706122e+00,5.438351323549542871e-01,1.880064463920155360e+00
4.561588510940813301e-01,-1.545705521428248463e+00,-1.559613672970736165e+00
-4.912174280981911889e-01,1.967983864680529660e+00,9.658952189748392092e-01
1.838888680845474910e-01,1.621416954662163290e+00,1.549829767799800306e+00
-2.023977002686594140e-01,-2.239926019473096108e+00,1.554450714799862077e-01
9.627626875305284049e-01,2.000499082115458460e+00,-4.137013020770921035e-01
1.538250878040147596e+00,1.576951569826182231e+00,5.145587781260758664e-01
2.906171072424426072e-01,6.777270371631478607e-01,2.142834728181136406e+00
-4.530550928555721057e-01,-7.148368365119459611e-01,2.106432359584281322e+00
2.055570497755324855e+00,7.444533046329336878e-01,6.257531713654518324e-01
-2.010340732946808373e+00,-1.016566532382664700e+00,-3.378688906512914425e-01
-1.678326402457615885e+00,1.471786585883092302e+00,-4.733154843112704624e-01
1.707441769155684685e+00,1.289500926968409455e+00,-8.042188971694004263e-01
1.795201536519103858e+00,-9.634989855069681086e-01,-1.044930509996293777e+00
-9.581732307716849251e-01,-5.242353396555609057e-01,-2.016954618612441852e+00
1.715628936117078895e+00,-1.115260825644794007e+00,-1.044962504359514543e+00
-1.266647044993742366e+00,9.165054645740625672e-01,1.689057722853023247e+00
-1.302340029317569758e+00,-1.742014574006164551e+00,-7.647165096385081240e-01
-4.712481173988790073e-01,-2.070794516032025356e+00,-9.074576522534727463e-01
2.299857070932031178e+00,-2.210795138355826361e-01,-1.175572415505118790e-01
-6.737095956146011977e-01,7.271080123018212049e-01,2.094709519691511534e+00
1.958157157268131554e+00,-1.145316633738737711e+00,4.925802524706610619e-01
-4.402503078855464769e-01,2.038716096386206544e+00,1.028111731335444201e+00
1.509721500749565903e+00,1.714844471005715132e+00,-4.535697216084805250e-01
-1.229222631767950658e+00,8.998956163736244740e-01,1.767314535951141519e+00
2.161171011817558940e-01,1.982712893343265836e+00,-1.218571081754617591e+00
-2.641503658161346579e-01,8.026888313079519888e-01,-2.183416057142076205e+00
1.697500964671695423e+00,1.545649167558272197e+00,4.790763523721273676e-01
1.397627088394899575e+00,1.882784789080118371e+00,1.432699193386233472e-01
-7.173067955778218430e-01,1.981930514343248628e+00,1.046397056826025240e+00
-1.558722467529936928e+00,1.142291133280856963e+00,-1.349772068678259052e+00
-2.139457091598046201e+00,-9.982933650904579626e-01,3.626446043451848900e-02
3.041584261565654645e-01,1.989916519595486655e+00,-1.241692552311463027e+00
6.090981499492112983e-01,5.857555259975624207e-01,2.213349655243543879e+00
-1.053027377178345492e-01,-7.564605915103929552e-03,2.370838349908752640e+00
6.884256457954742725e-01,3.801390516530209762e-01,-2.243351460059761937e+00
1.739224266736777880e+00,1.197598130197133237e+00,-1.100457843866184282e+00
-6.778413732972737860e-01,-4.198330635461122173e-01,2.248011812158613676e+00
-3.316872252905516127e-01,1.947033609236595852e+00,1.344437898998855241e+00
-1.654675972623218305e+00,1.658514229098791759e+00,-4.889570838126321428e-01
-4.290055905606886544e-01,-1.275322400940807732e+00,-1.984058316308592307e+00
-2.241780227676234194e+00,8.221676774033355173e-01,-2.544985151344071328e-01
-5.261752714170601086e-01,-2.260101381825493139e+00,-6.330596504828462923e-01
6.386216868943881408e-01,1.929178615901566696e+00,-1.294426125341478828e+00
-1.165286508228422502e+00,1.663648857157225214e+00,1.303441015296339156e+00
6.680893183957327119e-01,1.899373900789807834e+00,1.337959014581094674e+00
1.911628582440765500e+00,-1.445114338373308494e+00,-3.478337067106107017e-01
1.040071540267152095e+00,-2.077496136479523248e+00,6.968111909550919192e-01
-9.345467171552613861e-01,1.375765175156288267e+00,1.771113602002686305e+00
-1.035432674595597069e+00,2.192630010615867597e+00,2.071672939911708144e-01
-2.716114654617703406e-01,-1.201487544319437273e+00,2.103588347081053023e+00
5.036322439795085648e-01,-9.144634068403134641e-01,2.207340665826773130e+00
-7.082690242522313717e-01,2.043659367827576734e+00,1.141890779665218458e+00
1.533325215884256298e+00,-1.213374067114719956e+00,1.476025439763513747e+00
-6.064872691595841747e-01,2.090281264376102843e+00,-1.133521683914342271e+00
5.246952410521602550e-01,-5.382969464774816082e-01,2.340280899165818607e+00
1.457784019027249245e-01,5.762503334970517921e-01,2.389294136871990215e+00
-1.098789522497708449e+00,-1.395475471595980954e+00,1.710982321126481409e+00
2.306881513113764104e+00,-2.801853903709716764e-01,-8.379156655053616731e-01
-1.547676434329928075e+00,-4.272269457014347127e-01,-1.882735116452933566e+00
5.145153136483521239e-01,2.099085429161725802e+00,1.213214265264792591e+00
1.376307327556199667e+00,9.647105674486110560e-01,1.827072498186812277e+00
8.809873827856341544e-01,-1.741099113140224919e+00,1.541387425504798125e+00
1.114792505261940486e-01,1.289579746092655577e-01,-2.484912537836938551e+00
-2.113008422464310865e+00,1.311754799430160157e+00,1.969801001253780326e-01
-1.381974922693261221e-01,-1.823356139728558922e+00,1.703258330756019845e+00
-5.934329401421043482e-01,2.398412911086240662e+00,4.010325921075685307e-01
4.120122174011313643e-01,8.792322261194676081e-01,2.311532109585722861e+00
-6.530784989253586303e-01,-1.385422081498182800e+00,1.990160465928006994e+00
1.553831841672962844e+00,1.105170515861136016e+00,-1.640597626818178778e+00
-6.110366400568409961e-01,6.062215593178705841e-01,2.367962768238445648e+00
1.836177414208170600e+00,-1.181082630716183246e+00,-1.265870274675531482e+00
1.703005962717676125e+00,-1.819254508298328465e+00,-4.241217667744613395e-01
8.042077591431431513e-03,-2.465658203410785454e+00,5.754789622103330116e-01
-9.164696960569699291e-01,-2.176823354255359000e+00,9.236889798427472265e-01
9.582288024360490208e-01,6.923789649906932908e-01,2.248356105186810172e+00
-2.132581939405893412e-01,-2.335161080227783792e+00,-9.875777162955045041e-01
2.633270450496199566e-01,-1.680172829720282923e+00,1.898042589773839772e+00
-1.255198772465951684e+00,-1.948801371447351327e+00,-1.068976152505746402e+00
4.905068672903371008e-01,-2.273039459582657518e+00,-1.063005387547884650e+00
1.789647637488219756e+00,-1.826820838421909343e+00,-1.358300726919236534e-01
-1.086470065076600156e+00,-1.277389832717619189e+00,-1.941069280780651107e+00
7.763181147692668205e-01,2.134752999190320022e+00,1.200596941744599633e+00
2.189478361872909673e+00,-2.416800580392826359e-02,-1.352149084393783562e+00
-1.768056753725496977e+00,1.310367710915420814e+00,1.342052321774479529e+00
-1.690989483042995456e+00,-1.777752715900865921e+00,8.036671683129833488e-01
-1.114153481932343093e+00,2.023768850133687458e+00,1.162042915599204473e+00
-2.557134737242007017e+00,3.269374715589289382e-01,-2.512759805489737652e-01
-1.129585636251984271e+00,9.494613545608676652e-01,-2.133827956599339881e+00
4.875854910493921390e-01,1.610645147072006012e+00,-1.980023830870986989e+00
-9.505897330692285596e-01,4.306297096798945845e-02,2.422548036838831020e+00
-2.491790551246614527e+00,-3.457744780619940728e-01,-6.837322039500461912e-01
-8.733881888703096674e-01,2.445271073672346862e+00,-2.753564570068344763e-01
1.821691562674806253e+00,-1.333639086902586479e+00,1.320146804249730854e+00
-1.313091039791524639e-01,2.677271153720881536e-01,2.602505857996820549e+00
2.419312469813349686e+00,6.381062386690550259e-01,7.897933186204845191e-01
2.106479249284482602e+00,1.544338859854894386e+00,-2.896747826852169583e-01
-2.131394195734085673e-01,1.042451037273803616e+00,2.407528395049463033e+00
3.481873777436102491e-01,2.699187738160152561e-01,2.599320216189972665e+00
1.376455801791826306e-01,-4.635375821822532161e-01,2.595963679867114404e+00
-1.326296602475308672e+00,1.738775160590535052e+00,-1.487540873524017648e+00
-8.979837486986760320e-01,1.003633465925779955e+00,-2.281209687205069336e+00
1.693154797822757018e+00,1.474094868176623274e+00,1.414316468740718813e+00
9.402754864712054017e-01,-1.731897507934144542e+00,-1.782956743364318308e+00
2.075923981223277259e+00,5.551933978604255415e-01,-1.570788970858843614e+00
-3.599613323592212311e-01,2.062098828181987975e-01,-2.633551676779458894e+00
2.206402221728883895e+00,9.889176243409441014e-01,-1.133219352971012395e+00
2.438945347819732490e+00,-9.283254498035213853e-01,5.855195179190447741e-01
7.974549027191993877e-01,9.401269470285312790e-01,2.378251120465504798e+00
-1.139570356951225438e+00,6.382129954118720416e-01,-2.343660773735934733e+00
1.627481771970204605e+00,-1.652058275588356606e+00,1.357783074859061134e+00
9.469933497199531924e-01,-7.526801263775996509e-02,2.518342333200060512e+00
-2.750641430163101586e-01,2.270733510997017479e+00,-1.426750058406228039e+00
8.758623810774331941e-01,1.420264478549789100e+00,-2.122798405310084124e+00
2.608716291333681880e+00,3.530032947091771844e-01,6.193991619048820896e-01
-1.847628357535703314e+00,8.203383091571477825e-01,1.802816079446503794e+00
-5.752965886081082836e-01,1.726111273056990303e+00,-2.012367982648745723e+00
1.036799480324564593e+00,2.511522031117106923e+00,2.512026141430152501e-02
-9.819236258210468637e-01,2.521415391783042637e+00,2.914611029313378121e-01
2.547649779452608509e+00,-5.860866364241886783e-01,7.720301352172067588e-01
-1.856970794956559478e+00,-1.313274362817791863e+00,1.510119887726262045e+00
7.109104858796093385e-02,4.640351685277258609e-01,2.693809711156165854e+00
-5.485005386722379139e-01,2.672843577183341424e+00,2.358081468343258547e-01
2.253848028613979260e+00,2.581365608639545339e-01,1.541979307574984581e+00
-3.392094326052389475e-01,3.851450959138787988e-01,2.698969645657434135e+00
-2.201736627187485418e+00,-3.100033365753391279e-01,1.621054892364078182e+00
2.477433774977304826e-01,-1.261085210771160980e+00,2.437957723004119615e+00
-4.812794190927490723e-01,-2.549736893714313890e+00,9.414908202130589654e-01
-2.666334324458028870e+00,-5.162474990743549652e-01,5.169552013489144837e-01
-2.032813600957065425e+00,6.684783635772357790e-01,1.757229542469921135e+00
-4.291370612627348757e-02,-1.291633589357076062e+00,2.453753445815836987e+00
2.646602492303773868e+00,8.225954514484657976e-01,1.843075465582138250e-01
7.857898743259641439e-01,2.624145883644928734e+00,4.854483839275372525e-01
-1.280215723701283226e+00,-4.192318986348249621e-01,-2.439005505453911038e+00
1.019562172850613235e+00,-1.960846994463802118e-01,2.590317619095531487e+00
6.372913578504749710e-01,1.170598429487651027e+00,-2.456738656051924430e+00
-1.397294701835996467e+00,4.141848993609897889e-01,-2.390059954284143195e+00
-2.201347787226892283e+00,-1.033420738084764867e+00,1.395313036810197804e+00
1.831988026778252010e+00,2.076022642387861605e+00,-4.682073028520608582e-01
-1.452674365728941375e+00,-2.394784493267819947e+00,-2.540678631107387564e-01
1.304011205965107389e-01,1.080828810449463218e+00,-2.597923640997930494e+00
-2.657531544315761440e+00,8.097880511202395493e-01,4.907416859612144244e-01
-1.554783204129771113e+00,1.931491721100960790e+00,-1.354902673606402930e+00
2.073632741272846580e+00,1.920446113449769454e+00,1.431073820724930168e-01
-3.581750902354595423e-02,6.019064489857502975e-01,-2.769441112388839610e+00
2.533075107927001302e+00,9.570184360241289490e-01,-8.520073144539047627e-01
-6.137994030280903290e-01,2.476462055459971445e+00,1.254435162591780228e+00
1.899558073225018573e+00,-7.250595040043190664e-01,-1.993539649709949568e+00
1.932762371222612074e+00,-2.078162989488490986e+00,2.810182717139028674e-01
1.488208930203313018e-01,1.871979168754135836e+00,-2.152203466974680346e+00
-2.018159170043695383e+00,1.586771008509206160e+00,-1.262067765151649201e+00
2.459890615665762947e+00,-1.245334824699036336e+00,7.790721200599430851e-01
4.293986494509895446e-01,1.495672005302217888e+00,2.410967973674572828e+00
-1.011366222313488938e+00,1.427247413323307068e+00,-2.280275963341662049e+00
2.506119518023517401e+00,6.125686904608598216e-01,1.276366332836519346e+00
-2.288804347005031214e+00,1.048823512503091360e+00,1.404215814960914743e+00
-4.621332810289480869e-02,7.110541852684753028e-01,2.797909358569866445e+00
-2.040848261411183806e+00,1.336146002566157565e+00,-1.552834783074829694e+00
3.001058097656613688e-01,-2.846577999838741491e+00,-4.407355741297125373e-01
-2.575754298447714419e+00,8.777174802943236154e-01,1.004068979440524867e+00
-9.536568573523307446e-01,-1.952085739121992791e+00,1.928405753901494046e+00
1.452042554458277790e+00,-3.510179053016811990e-01,2.496610741644607057e+00
-1.647881046581434861e+00,2.358561291085122580e+00,4.607622927645194655e-01
2.288319367318742970e+00,1.614629812886589022e+00,8.204697494449380013e-01
-2.838740407259525256e+00,4.718913815275443957e-02,6.942432350490986837e-01
2.617336351676388340e+00,6.077929043166385714e-01,1.161417054658803183e+00
4.410620220605793174e-01,-5.516577376288468448e-01,-2.845356757506254386e+00
-2.307946003897591414e+00,-7.581407374720967873e-02,-1.813499989010353808e+00
1.526901079629336133e-01,-6.954937941673924873e-02,2.935861576682376572e+00
-2.782421567270030316e+00,5.112895976262680220e-01,8.188405615869488452e-01
-9.140434184196968292e-01,-2.800276700811068498e+00,1.522374300636440969e-01
2.693408719735656209e+00,1.212818794082942464e+00,3.603170121758351996e-02
-2.335894617741617996e+00,-7.988521254545551953e-01,1.630536582017845459e+00
1.002674030815422279e+00,2.381207414993838700e+00,1.450626219359920643e+00
-2.586250273576005565e+00,9.511913075869509182e-01,-1.101376585331543811e+00
-1.078553013961714990e+00,3.268379252993360018e-02,2.769272347235413712e+00
-1.029372165989038468e+00,1.161253136654919471e+00,2.540057052173736452e+00
1.513127983449560565e+00,-1.756869465812513242e+00,1.873689934604617857e+00
2.525753444256032321e+00,-1.078356990076781319e+00,1.171108277151351462e+00
1.029948799415548732e+00,1.641446697579950431e+00,2.277195398360812195e+00
-5.393441046097152691e-01,2.523074563659730263e+00,-1.520200265488729219e+00
-1.750625012255575319e+00,-2.165298124389190490e-02,2.435109581567192372e+00
-2.886006031627101009e+00,-5.112247969181438201e-01,-6.570441995161661053e-01
-2.492337804834314774e+00,1.656968194323709342e+00,3.033721284000639451e-01
-7.579851281810396912e-01,-2.621374185809614676e+00,1.276903827869105390e+00
4.168425661940916016e-01,-2.965241612023581830e+00,-3.709147147129318034e-01
-1.728067684851072983e+00,-2.101046480564550123e+00,-1.315602253840756353e+00
1.562036971616178604e+00,-2.411077407850825249e+00,-9.516641226381546970e-01
-2.200689478443863312e+00,-2.527119335126054023e-01,2.068714679341222773e+00
-7.693106823202859879e-01,-1.532550154827638789e+00,2.504706255334977705e+00
1.349606342713231433e+00,2.380344455422004124e+00,1.324505455110066565e+00
-1.078504252377298300e+00,-2.845508600565369584e+00,-9.723978736429540748e-02
1.226136702737105733e+00,-2.384126427532142323e+00,-1.452548066540212401e+00
-1.089555870696792717e+00,2.432805046134376870e+00,-1.489825034565182671e+00
1.381931580029400752e+00,2.706495431872260049e+00,3.440192016684797127e-01
6.578910066994822330e-03,-3.022749872375818381e+00,-4.941232581502054133e-01
-2.225274990172939393e+00,2.107724083328365694e+00,-1.222713603597466309e-01
-2.881365346522823501e+00,-9.703697141441486318e-01,4.399592612261432056e-01
-2.883205727415098174e+00,-1.032402665603576963e+00,-2.948409992434831151e-01
1.211779515104109306e+00,-2.678800500752837266e+00,-9.217158733602848208e-01
1.776523613217796393e+00,-2.186939106308092740e+00,-1.258391628364356363e+00
3.830297819296805129e-01,-4.603580560736323379e-01,-3.031840992569172943e+00
-2.519077512494424909e+00,-5.121097918197347054e-01,1.723708978432886285e+00
-1.401720368873335731e+00,-2.279993927728702907e+00,1.563500699389917203e+00
-7.797874042348076351e-01,-2.876600539573574533e+00,-8.680096008691696730e-01
-2.322767415972088134e+00,5.543695481269795833e-01,-1.990589266434769300e+00
-2.447863484175049287e+00,-1.641918188932257827e+00,1.002913652340216011e+00
-1.701538826153090600e+00,-2.372885107450282582e+00,-1.093966629883033725e+00
-2.021647726009947021e+00,1.307102021994750451e+00,-1.988941322733128958e+00
3.419486301064957046e-02,-7.675859553715352890e-01,-3.031510276212775246e+00
-7.831450515298243528e-03,-2.955016633164525341e+00,-1.037903800537685717e+00
-2.953784142167814153e+00,-7.304143753710642395e-01,7.616874030829742237e-01
-2.537754477772108608e+00,1.787908510225705516e+00,-4.804701912222908988e-01
3.112877036866775526e+00,4.507225643720353392e-01,-6.109536798432416149e-02
-1.153581508719052628e+00,2.931794939627875518e+00,1.986823237399640719e-03
2.956644028400994273e+00,-8.276607617525462146e-01,7.271635317579717706e-01
2.298270839762063034e+00,-2.167197166673575204e+00,7.852614743311529810e-02
-1.180906576479832770e+00,1.194990528132612528e+00,2.681773741933135558e+00
2.842527616785445410e+00,1.365360999029280320e+00,3.159783171352854581e-01
-2.573783834525653180e+00,-1.767810475314350871e+00,-5.693251275111634868e-01
-2.857484676357109343e+00,6.657570592828581102e-01,-1.222660256112403143e+00
-2.276251012876572499e+00,2.471554240406421132e-01,-2.211496094156795600e+00
2.711451712984618290e+00,2.709976514408295456e-01,1.654553976711035546e+00
1.279432259994925936e+00,-4.519734443991358930e-01,2.889920598270117491e+00
-3.036299299802006413e+00,-1.345644685175340916e-01,-9.927867421947745852e-01
-7.272201785653089612e-01,2.139734595698919772e+00,2.268387432106824697e+00
2.667696728055684474e+00,-1.370012648685564383e+00,1.135549461254347969e+00
7.991343647265592987e-01,7.514829878266624519e-01,3.018254275935668751e+00
2.049229343808791182e+00,-2.456745207003856457e+00,3.294263985056024580e-01
-2.147134150337598746e-01,-2.919566969733035755e+00,-1.343061878152152389e+00
8.141057114613274581e-02,1.271953339151750795e+00,-2.963054926679562939e+00
3.260070305489403131e-01,-2.097606514340898953e-01,3.206926421841660879e+00
2.187405738893398510e+00,-1.400304041231856256e-01,2.379253086973065479e+00
1.645210984265626841e+00,-2.166958599157041421e-01,-2.782468808173011787e+00
2.845460948969896098e+00,-5.519709753961469234e-01,1.457796730155018983e+00
1.202325409102513953e+00,1.172705209108265922e+00,2.781442227860789096e+00
-2.572527028040608510e+00,1.563859869130800107e+00,1.234713145956135127e+00
3.292377206860569450e-01,1.084236203396613085e+00,-3.055323250743702257e+00
-9.932619969654062908e-01,-1.459338169985485933e+00,-2.744757971788324813e+00
-2.282809478871357545e+00,-2.330483706784905351e+00,1.964681834428715634e-01
-5.003544259113783532e-01,-3.047180112463416246e-01,3.220074066118880474e+00
5.555647631390255026e-02,7.459368069735160534e-01,-3.191200374250649396e+00
-2.837508386294761209e+00,-1.635004442609276909e+00,-2.232270851882534046e-01
1.971448982516492920e+00,-1.818379135901509125e+00,1.900720356543052159e+00
2.953848706849817596e+00,1.242255842570623603e+00,-7.542083866257777158e-01
5.625057565875738463e-01,3.245542843042859893e+00,-1.369817198117789792e-01
2.460699578317823377e+00,-1.324342029206914351e+00,-1.758222569397762891e+00
-1.998156796862565532e+00,-2.586692530861913308e+00,-4.982776925103971077e-01
-5.258473449410583367e-01,-7.258698862506050009e-01,3.187503518700873339e+00
-1.732783761013207524e+00,4.616220298413294398e-01,2.789213445977097194e+00
2.963441366297082880e+00,-1.492911841995126832e+00,-1.281165649725569122e-01
-1.285081549627425657e-01,-1.290958172064391007e+00,3.062026900650443917e+00
-2.342759434717251159e-03,3.206703456218764625e+00,8.989599074216815255e-01
-2.138191628780773623e+00,-2.507815310320050006e+00,-5.119956491121341324e-01
2.712914309540969682e-01,3.326996765174636383e+00,1.129919988765816369e-01
2.444576491837124443e+00,2.153865572621375346e+00,-7.565644403876682356e-01
-1.358828348486698756e+00,8.072157188366263503e-01,-2.953261009574121410e+00
3.002177230803973362e+00,-8.760011562649644423e-01,1.213124859640331454e+00
2.734709369869031459e+00,1.267103260152081523e-01,-1.946755647517006915e+00
-1.116759938933806318e+00,3.173309471914186997e+00,2.762402093452834620e-03
-7.659677951817370767e-01,2.753990404018710869e+00,1.782824562607906005e+00
-1.533383959130651286e+00,-2.859247049650072772e-02,3.005029808505884414e+00
1.494933614327178750e+00,-1.090063648465303903e+00,-2.827004196310473283e+00
-5.671068703685400170e-01,1.440862518905314804e+00,3.008343103506089911e+00
-3.381500661327887514e+00,1.448410058066061934e-01,-1.586765906881327792e-01
-1.547270409160317772e+00,1.800950364209197740e+00,2.424085853588657802e+00
-1.145488495622082104e+00,2.779896616123683106e+00,-1.583263423584240881e+00
-1.704988375804767253e+00,-8.140159323508822098e-01,2.830228392003302673e+00
2.713012308863949062e-01,3.370945703658329240e+00,4.196482974682320122e-01
1.843839322872125486e+00,2.649950186335260138e+00,-1.106464950285261484e+00
3.262014858399137740e+00,1.837748004706874216e-01,-1.002530049122132283e+00
-1.525107520223073054e+00,3.008839368597482800e+00,-5.778635760910691976e-01
3.042867096967534213e+00,-2.117071043619041804e-01,-1.562889372962368073e+00
2.861117410085739721e+00,-9.841762922481439579e-01,-1.620325250730011657e+00
1.465036137640444824e+00,1.076518126615292559e+00,-2.916928350154425864e+00
-1.589577312848874380e+00,1.343592540155859272e+00,2.741426047085300688e+00
-2.111352694511859251e+00,-2.685930792153910396e+00,4.573588677422971149e-01
3.341457551944054138e+00,8.310313867173042546e-01,2.431770684499818536e-01
-3.006779947328778402e+00,6.111530732441867730e-01,-1.592107393123271430e+00
2.631144911111725215e-01,-2.239168810111768604e+00,2.626778271826084588e+00
-7.041715689365153352e-01,-2.288478671077218696e+00,-2.506827988299612731e+00
-5.337617680292606748e-01,-2.789044562768164148e+00,1.996921168617127540e+00
-2.735359228447657998e+00,2.091215864886140086e+00,-4.798502128904245656e-01
1.572759696632373583e+00,-3.105848175003022238e+00,1.035995972684258630e-02
3.443253110949942464e+00,3.698254044275681163e-01,4.020350000599541840e-01
2.745913063672729582e+00,1.993126826838515164e+00,8.223759615479436791e-01
1.194923832576739953e+00,3.278774816428607242e+00,2.127610686882378810e-01
-8.711656997242155365e-01,3.184137164528908048e+00,-1.166393411948115411e+00
9.231622099764982270e-01,2.943297821734454534e+00,-1.666625211338850887e+00
-2.482979938693997468e+00,1.942317807961033038e+00,1.545929812459617247e+00
-3.245037087299373901e-01,2.240934508916804901e+00,2.689887149780081810e+00
-1.208279286990179724e+00,-2.905666293723296878e+00,1.579469336262131707e+00
3.213784858378880838e+00,-6.035345292856594997e-03,1.450573993463655231e+00
-2.234277068664528354e+00,-2.479625985365524699e+00,1.152046434653251739e+00
3.127975306714866566e+00,1.342316394770635357e+00,9.575609199120023174e-01
-2.256295219580252365e+00,1.827113506315170666e+00,2.027079140487210829e+00
-5.321995908227423744e-01,-1.244796857978381244e+00,3.277328566409049238e+00
-1.957870655897805678e-01,2.530428467605345677e+00,-2.483484323316840658e+00
2.334806354289093111e+00,2.681346137297504040e+00,-6.078791135380751109e-02
-3.274865177421156126e+00,9.222524208581794891e-01,-1.051170900617865112e+00
1.383330045574685085e+00,-1.779461664759830475e+00,2.763307024287330993e+00
1.712930732232610609e+00,4.486928559558505669e-01,-3.101012035592151328e+00
3.915421506559445541e-01,-3.539352843111595703e+00,3.275229855755025787e-01
-1.449044890989461543e+00,-2.510161565512079473e+00,2.103068472924783716e+00
9.225265314048328724e-01,-2.039392086972668050e+00,2.801676232989657400e+00
3.019474776765373125e+00,-1.883821018233877043e+00,-4.792318531865327746e-01
6.091549811874268361e-01,-3.469579824893355813e+00,-7.230550260808380481e-01
1.881235821937785158e+00,2.985177287363949716e+00,7.195852300339339314e-01
3.022278408337200073e+00,5.488552440279745870e-01,1.889200925933946174e+00
2.178895695955068490e+00,2.667285026502997702e+00,1.085785491124104940e+00
2.834771375638216906e+00,2.120723223474495711e+00,7.375974468587486177e-01
-7.369152835287614556e-01,3.536328219958023489e+00,2.557087365083183794e-01
-3.541873350089669970e+00,4.534587058469215504e-01,-6.326471744270464326e-01
3.358538635821929574e+00,-3.431607409582818624e-01,1.337894593540213117e+00
4.251687082521842798e-01,1.175961663835862980e+00,-3.414776869957195427e+00
2.978290311725992456e+00,-1.701574744142256845e+00,-1.222996910343497001e+00
-7.768487064013860355e-01,2.239364815968327704e+00,2.771292509225969258e+00
-1.490667560269091085e-01,2.836750525923500632e+00,2.294785382125700490e+00
8.975657367042917389e-01,-5.621900951783644906e-01,3.500131431700186813e+00
-3.446474697937399689e+00,1.100158041129167152e+00,5.668670677596210350e-01
-3.570549959292972364e+00,-4.772195017869078626e-01,-6.860500059888975377e-01
-1.193215618116318710e+00,-2.974018716735611356e+00,-1.793354414508016470e+00
-2.015584714692629120e+00,-2.050147553098667252e+00,-2.292707946448223844e+00
3.010446615951370308e+00,-1.873052500039942281e+00,9.943301479290010958e-01
-2.876328086955386443e+00,1.111788466451852919e+00,2.021921275570380150e+00
-1.846496705401794003e+00,-3.128098363668457171e+00,-6.638778999636203437e-01
-1.563606050531040514e+00,1.401927720277062805e+00,3.043498702677458478e+00
-3.082803999518435312e+00,1.190532088111023512e+00,1.670345550371136190e+00
2.026124119599718387e+00,8.943585957848985135e-01,-2.973900263153094858e+00
-8.487711829577615497e-01,-3.373025803812917722e+00,-1.299825749214104764e+00
1.479397737431927151e+00,3.177374389522868103e+00,1.241429240702851988e+00
-1.525315059957119246e+00,-2.193530107187979805e+00,2.593377685909492136e+00
-3.031174650074273114e+00,6.730695526916323779e-01,2.064245191158423864e+00
-1.619747955509711845e+00,5.417576515123485592e-01,-3.320170904591705163e+00
-3.352559817382415375e+00,-1.339518417504419689e+00,-9.722183648387450194e-01
2.819897495099998874e+00,1.713618373325375144e+00,1.769041682722636066e+00
2.006610103930306643e-01,-1.959257715276969458e+00,3.190233944702645097e+00
-7.996601917585135499e-01,-1.029692078677881817e+00,-3.520744716020995480e+00
9.483084408870062765e-02,-2.686039898372401868e+00,-2.628776735967632394e+00
-1.040265317883702245e+00,-2.619237972666601522e-01,3.608671059924354108e+00
-2.941321379523753610e+00,2.222460464246583722e+00,-7.884422479123214256e-01
-1.564677027147996835e+00,1.329120338037809823e+00,-3.168080875103873595e+00
3.052656577285335349e+00,2.227442816714467977e+00,1.027345054336336466e-01
7.760378563344422220e-01,8.545901190395530644e-01,-3.605212055985296704e+00
-7.703037935736728459e-01,-2.485294282714275660e+00,-2.756717410350744579e+00
-3.576687902156484355e+00,-1.021692910357662409e+00,-7.566478439181228977e-01
-1.493729173026185242e+00,3.494369544234671832e+00,-8.267100365188376210e-02
-1.522035066347194432e+00,-1.580013687594700622e+00,-3.110521833746452192e+00
1.993421509793479984e+00,-9.220423556395461739e-01,3.115169039649083427e+00
9.312426190675442417e-01,-2.569076746569651792e+00,2.664710183024901813e+00
1.447433507470268887e+00,2.111852689076653355e+00,2.837786378177250768e+00
2.645334575032431079e+00,4.805086301589351350e-01,2.723856067272396597e+00
-3.115267884172287505e-01,-1.467257799370665472e+00,3.526801580983322193e+00
6.703584045433341743e-01,1.031468772723456301e-01,3.777359212979761960e+00
3.543244514322676064e+00,3.720305239252225671e-01,-1.440764640069357005e+00
-3.226571720211237171e+00,7.437171339387277369e-01,1.960951372158809658e+00
-2.087845134111597112e+00,-2.693934354460674752e-01,-3.227700494181484192e+00
1.060308962676354438e+00,-6.840221302921489777e-01,-3.646666999340139270e+00
-1.310573332239134858e+00,-3.455998442877950882e+00,1.126714655053850933e+00
3.743821538821898720e+00,9.334096052428295653e-01,2.904198492429319045e-01
2.460248095805367963e-01,1.777268247427941983e+00,-3.434160884408447245e+00
-1.321902888976510315e+00,5.571776557280955222e-01,-3.604963765708499412e+00
-3.248983557252640431e+00,-2.041541729174354280e+00,6.090232175715200036e-01
3.148791700076983613e+00,-1.003098882135888825e+00,2.052985542118252127e+00
-1.532470211890009648e-01,-3.482727369843634513e+00,-1.739026699912758600e+00
-2.484084280494168073e+00,-2.297151871635811471e+00,-1.941865502685236278e+00
-1.787042824141383157e+00,3.456378487484515372e+00,3.460865674976331130e-01
-1.939542294496841679e+00,3.953677385751765139e-02,-3.396760606316611586e+00
9.786624962950688511e-01,2.392446210396708572e+00,-2.943026283486284367e+00
3.758822995356398966e+00,-7.519376474773775687e-01,8.309802522097254895e-01
3.756785322474925248e+00,7.994017684384120415e-01,-8.209803297302652458e-01
2.006998082295959052e-01,-1.634488887928897238e+00,3.571630734409628083e+00
-7.509421044941279322e-02,-2.996340646533303342e+00,2.554734872535503687e+00
2.408829927190919484e+00,2.996177983419814339e+00,-8.791488070009142453e-01
-2.801391116889900168e+00,-2.196121191353569646e+00,-1.709935778511202153e+00
1.745023228399299908e+00,-3.184751279746199426e+00,1.564973597944748107e+00
-7.804434039661967137e-01,3.816946667264517146e+00,-7.078686830174689693e-01
1.998095267878579495e+00,-3.420634388785133595e+00,-1.690703969321358802e-01
-2.540891784015803623e+00,-8.532650752948937045e-01,2.929175451723179169e+00
-3.250347220012832938e+00,-1.777639999166350293e+00,1.442964716088062982e+00
2.703341053550143869e+00,4.751891054228068456e-01,-2.883711639226437473e+00
-3.722988824067425373e+00,-7.379104525369731826e-01,-1.219561496521683441e+00
-2.759619512374217987e+00,-2.611225560195956863e+00,-1.225325313473631272e+00
