0.000000000000000000e+00,-0.000000000000000000e+00,-0.000000000000000000e+00
5.879220541237060484e-03,1.572932046359260330e-02,-8.505245196635381408e-03
4.078106411605670299e-03,-2.627006697804456017e-02,-6.197685909742772087e-03
-2.622534751278550111e-02,-2.119718134346342681e-02,-5.021070826579528655e-03
-1.285210782470175284e-02,-3.409658903120919154e-02,-1.656766346943715912e-02
2.301497399870375618e-02,-3.246308393155718230e-02,-2.189751943232145018e-02
3.961935650624597016e-02,2.009841782425243056e-02,-2.387075876410612099e-02
5.288451635554923536e-02,1.274819525256875056e-03,-1.562705971760098428e-02
1.933999287775689524e-02,-5.350989002107124637e-02,-1.795852745403714312e-02
4.593263068360578516e-02,-3.923310696469255870e-02,-2.111110517059653496e-02
-5.133236635695280492e-03,-6.759364953767427187e-02,7.182546300310377850e-03
1.662400788033488105e-02,-5.966580892995529406e-02,3.714233107261865480e-02
-2.993473453886297611e-02,-5.584239035748103652e-02,4.227612228845802761e-02
-1.010610914053520527e-02,-2.135528721200084280e-03,7.935619669793360365e-02
-2.892123235917671772e-02,-7.494855092675925534e-02,-2.385714611760470991e-02
2.847152673387145366e-02,1.234832085947822067e-02,-8.182222179673501183e-02
-3.906288377022636843e-02,-3.208330258275247926e-02,-7.585557722979797968e-02
-5.548854570040244460e-02,-1.053483663787157035e-02,7.607141855725270407e-02
6.542013419508967143e-02,6.412179542302466617e-02,3.562397492926521608e-02
-3.871955972914880445e-02,-8.965411034449073668e-02,-2.869080904479712202e-02
4.523846788835376304e-02,3.557399994514168218e-03,9.495747185520085620e-02
5.494945555782374674e-02,-9.004210471868556720e-02,-2.609705015730822211e-02
2.447292039038568082e-02,5.709149391395343387e-02,-9.326216721081194427e-02
2.958874174448717417e-04,9.610209686566244247e-02,-6.391217920863147273e-02
1.147531497318426547e-01,-3.023238180764301411e-02,-4.318704781102914586e-03
1.707240561411702690e-02,-6.723509762689777736e-02,1.004271446417361324e-01
6.401408375030871734e-02,-8.935768459030804522e-02,6.023312441397487421e-02
9.875016673218736662e-02,-8.237222368831531583e-02,1.784980815955661791e-03
6.929938812219736677e-02,5.912219513384032316e-02,9.533033059892032091e-02
1.333748034523264403e-01,1.285833842189830576e-03,-2.138795758924289317e-02
9.219981840604357659e-02,1.181548702543186793e-02,1.024026513576269948e-01
-9.426627550918807719e-02,8.588490405798761274e-02,6.131704687840263540e-02
1.879290404203217552e-02,2.867230731789969372e-02,1.405666513022617581e-01
-1.212165971190281161e-01,2.203506191598084488e-02,-8.175687870434431015e-02
5.778997656207567057e-02,4.228665710191119309e-02,-1.329706271678355034e-01
1.914902528895171159e-03,3.596078497820993231e-02,1.499167008055713179e-01
-1.431353617630628239e-01,4.968783553865801367e-02,4.236952878864408412e-02
8.178225939575843595e-02,1.365139372377003335e-01,-2.060398470026613207e-02
-1.465113285175748403e-01,-1.888176506902108920e-02,-7.029410392117653450e-02
6.438798461028552578e-02,-1.264226648442837719e-01,-8.755969464320073614e-02
1.190177331707870240e-01,-1.795782342528756334e-02,1.198202005967263506e-01
6.569901952391943301e-02,1.160598203120271760e-01,-1.101152586451566440e-01
-2.331498954683904241e-04,1.759500976144030837e-01,-6.157630578005828838e-03
8.320309804286771249e-02,1.461209406891154083e-01,6.184662392523847946e-02
1.102178884687707860e-01,1.265421861005293913e-01,-7.112577796594451995e-02
7.444778814197677841e-02,3.188210280228584437e-02,-1.667323491156807724e-01
7.788279171952434965e-02,1.485851600813951900e-01,8.586292397918318664e-02
4.562824191550133440e-02,-1.562436246323821165e-01,1.009812762856977242e-01
-2.068156165295537488e-02,-1.310204162139229911e-01,-1.424471420316212322e-01
1.334612183720182699e-01,8.462699272685124396e-02,1.188459194156285120e-01
-5.065443264726521982e-02,1.395807083828785600e-01,1.352067157523543783e-01
-5.896580387760000375e-02,1.043685056654767990e-01,-1.649552316466726121e-01
1.862823776881539564e-02,1.359450770970352385e-01,-1.549886416407997847e-01
-1.526960939751986768e-01,1.076224238272588396e-01,-9.612330002084513991e-02
1.185686378521587370e-01,-2.603837311938081781e-02,-1.752428658938350869e-01
-1.065158894447659488e-01,1.765828894301624818e-01,-6.517038612275423415e-02
1.020574985398656903e-01,-1.571110112844727735e-01,1.141147289234295814e-01
-1.984714339914989134e-01,-4.961212375136699743e-02,-8.738874432695720174e-02
4.800537149385122881e-02,9.403931441692921223e-02,-1.993199761102419920e-01
4.180440185384486779e-02,7.119592312351760710e-02,-2.132307487353065356e-01
1.430451025393598974e-01,5.816538122507780573e-02,1.728192366182331186e-01
7.735289765952639562e-02,2.100110806576717948e-01,7.121618036910044858e-02
-5.112409563973898535e-02,2.352948065089006599e-02,2.312173815461673887e-01
-6.326435918036732442e-02,-1.896890143491170300e-01,1.346633608422782846e-01
1.563255519299412699e-01,-9.939087870804612368e-02,-1.591006518145331450e-01
2.033034104797118158e-01,9.169096838168835917e-02,-1.068719238980420927e-01
-9.850212321369143653e-02,3.417004772854944500e-02,-2.276929126919879087e-01
-9.483793111985482430e-03,-2.287701835229547509e-01,-1.089187347784646015e-01
2.006098070126263455e-01,-1.511969699993358784e-01,-5.273137209410505566e-02
3.068743586860522496e-02,-1.861157642887951158e-01,-1.786697031665380742e-01
2.401745348007734010e-02,-2.198020524945046850e-01,-1.423171093514704333e-01
-9.488833768256567380e-02,1.671125510962350458e-01,-1.840544454770632332e-01
1.992692304675033332e-01,1.672534130661458285e-01,-6.934993759346416708e-02
5.548298306875051183e-02,2.259734513869939843e-01,1.416208875074486118e-01
-1.064414306881782818e-01,-1.485070676166721712e-02,2.537297531101650461e-01
2.651298776374771959e-01,-8.595445052859015944e-02,5.732456936963432111e-04
1.705598150972851557e-01,-1.501525064896576112e-01,1.668002421859311191e-01
2.732098664606825156e-01,-6.921713732758742743e-02,-4.270661329539937601e-02
4.537198340695820092e-02,-3.527307337351252153e-02,-2.824517514844032684e-01
1.347204277475642087e-01,-2.359468765486925912e-01,1.053960309703788900e-01
-1.929749477599227991e-01,1.492159634607792273e-01,-1.652123016514012721e-01
8.542462628463672047e-02,-2.623144877468686076e-01,1.121994771580005906e-01
1.063329018427458250e-01,7.178923708151896399e-02,2.723124892974184696e-01
-2.104218981574554059e-01,-1.003261421087972421e-01,1.954886486398110523e-01
2.377186223996188841e-01,3.089246698661736110e-02,1.925171357329643618e-01
-2.642896271264404962e-01,-1.557506099874297334e-01,4.913108570873345182e-02
2.061011235126698413e-02,3.128638416970873082e-01,-1.521630189765539772e-02
1.766146925309034499e-01,2.613851865951744569e-01,-3.270324630484812423e-02
-5.594916485599005229e-02,1.790789441993110853e-01,-2.597207660772753446e-01
7.881800326004444190e-02,-8.149217229796669459e-02,3.031452118815061159e-01
1.328673432716493963e-01,-2.667136990965856547e-01,1.344701153104433944e-01
-1.703033659431591185e-01,1.881448176186244492e-01,-2.112310886474975391e-01
4.829052252406643847e-02,-3.295176404735415954e-01,-1.676512878907338022e-02
3.014361365690189642e-01,9.482095013893949639e-03,-1.498086267608471078e-01
-2.331823955336704557e-01,-1.802690588598786919e-02,2.468310951794530916e-01
-2.875140112294642392e-01,1.843258373803345618e-01,-3.521016943200835914e-02
-1.151049444475106959e-01,1.642662266605622035e-01,-2.827197113418799534e-01
-8.135220326876425878e-02,-3.320594781790952021e-01,-7.477862814478455911e-02
-1.900212450756119317e-02,-1.280154117305965789e-01,3.287292510184472438e-01
-7.010816933791277905e-02,-3.398201635482459571e-01,8.237470839503745201e-02
3.154572710609619413e-01,-2.783011812524804549e-02,-1.711303311146211981e-01
-2.831099968379335863e-01,2.125885396258256343e-01,8.155822335392660938e-02
-1.149951631128839219e-01,-3.434476368609652441e-01,5.717592515283080601e-02
2.688520304363136715e-01,2.430859885319411329e-01,7.455525438751151035e-02
-2.673184260201134088e-01,-1.488292717869204862e-01,-2.140845430740766220e-01
-2.826438819586819529e-01,-2.515127591580355697e-03,-2.491745855382714592e-01
-2.355942202150133058e-01,1.120331310036497413e-01,2.765791573190191088e-01
2.457001877349570401e-02,3.820067557947718906e-01,-2.489113927798688661e-02
2.787759769496537740e-02,-1.439696737181324349e-01,3.581601243029314263e-01
-9.646624801423713327e-03,-1.165951961136436899e-01,3.725008857585844213e-01
2.931440894963462385e-01,1.577687335035552474e-01,2.105045432278378204e-01
-7.611974178515298547e-03,3.100400524132874147e-01,2.483488449094682637e-01
-1.168479320115581865e-01,-1.409346188277142142e-01,3.565089945581725872e-01
-3.813994979733710822e-01,1.901052699936484763e-02,1.325674076328798023e-01
3.325121064977110130e-01,-2.322031655423392182e-01,-4.167567592288293210e-02
3.090369416904462097e-01,1.203952742082714800e-01,-2.430457246274305150e-01
-2.247800802432012579e-01,2.613536825368933392e-01,2.304806993512571733e-01
-3.016265645867977074e-01,-2.823648054446497874e-03,2.896247829080260683e-01
-4.709329940941717196e-02,-2.799037355787894477e-01,3.118559626627680492e-01
-6.759137461222695931e-02,7.902394926552448740e-02,-4.122947207412156478e-01
-2.671808625753505639e-01,-3.149552020347868853e-01,1.150384564991446951e-01
-1.532618980840717016e-01,-4.039197334835888942e-01,1.502399805870934663e-02
1.434835881004060953e-01,-3.373884716377809623e-01,-2.356514599373764340e-01
7.368466338355196543e-02,3.327824995232172567e-01,-2.772995880619252285e-01
-2.753756112157942915e-01,4.202299272642428390e-02,3.444188908241325175e-01
-4.135994967569459752e-02,2.864868408393023702e-01,3.400369376618041506e-01
3.077761238914943770e-02,-4.326934484576325790e-01,-1.202640024639263089e-01
-1.523654787858223780e-01,4.072039565615759305e-01,-1.298597166808183601e-01
4.257748567739834678e-01,1.070145346590352514e-01,-1.282694292874783371e-01
-4.193711617092631128e-02,-2.742265379604312825e-01,-3.681878859678977545e-01
-1.050470051543411776e-01,-4.521884384436504201e-01,1.950510347025667668e-02
-3.202198988301596105e-01,-3.354346730938307930e-01,-6.509921985526904986e-02
1.554821442689412192e-01,4.092565059044993014e-01,-1.762730363679840262e-01
-3.679361118953396875e-02,3.481637063262167930e-01,-3.219413875827429883e-01
1.149355544150492958e-01,8.351006732857306492e-02,4.577684953087065578e-01
-1.941721078095147990e-01,-4.109010473947480868e-01,-1.635541464761635921e-01
-6.478146559665697024e-02,-2.948128402256879887e-01,3.818063079626412559e-01
-1.129784186064776846e-01,-4.237272996733018604e-02,4.753540497230497319e-01
1.147976226031028613e-01,-3.782969821771191565e-01,2.964909479071087262e-01
-1.881510801096705487e-01,4.218696689504303904e-02,-4.590488959283857695e-01
3.129382028715918095e-03,-2.915537499623716000e-01,4.082222726266798718e-01
6.440442015312063465e-03,4.168976489709277367e-01,2.856680562896019016e-01
1.087228563750847615e-01,3.688501246190803440e-01,-3.337864754383770838e-01
-1.247238292507243766e-02,-4.879020952937570543e-01,1.579699025010417313e-01
2.695928738941011371e-01,2.072287256465717153e-01,3.891654062684544169e-01
-4.199060102081869084e-01,1.420745706383982898e-01,2.729915897247223167e-01
9.106732245873823406e-02,-5.163051355827880107e-01,1.285414553308666073e-02
-2.556226208832950708e-01,4.542156718206296628e-01,-8.611517305737106942e-02
8.069407784200097189e-02,5.279289787386855226e-02,5.233123530414321989e-01
2.604437550568083903e-01,6.315664741378662628e-02,4.641784017861537159e-01
-8.407979083742375681e-02,-2.825878374697594064e-01,-4.522458012505399805e-01
-2.617363903244396273e-01,4.303120262508516869e-01,-2.049175907512638950e-01
9.808786732409227604e-02,4.910024965184379142e-01,2.218537731366855004e-01
-3.036790074566446673e-01,-3.939861804877338447e-02,4.587518823710549087e-01
4.859547684508581100e-01,-2.690831829657269192e-01,-4.035586856120458241e-03
-1.891915091714607700e-01,-4.821327288721329873e-01,2.114747508741973703e-01
-3.433536618361279213e-01,4.237076824920414375e-01,-1.413703564984341854e-01
-3.079928795114668105e-01,2.075548307161309558e-01,4.288956709675247891e-01
3.476470622356050977e-01,-3.501124828358282426e-01,2.880693243314805807e-01
-1.420917098840566162e-01,-4.537926558513467601e-01,3.238537086511524277e-01
-5.665908647780564245e-01,-8.374110594578304534e-02,8.709991768052927075e-02
-1.650874042286037402e-01,-1.552045067175868709e-01,5.375450186475682068e-01
7.690857196180327787e-03,-3.430148084193680030e-02,5.863292569920832698e-01
-4.233965673404881114e-02,-5.897772931093656634e-01,1.253340105787132189e-02
2.664631359734798699e-01,-4.908351953311864135e-01,2.065993821962959776e-01
4.037940042574097443e-01,1.939284527808653180e-01,3.985155390214792925e-01
-3.149741780454660689e-01,4.578547654525749189e-01,2.356901127360295500e-01
-4.568598715096214291e-02,-4.082024006322296228e-01,4.479289232524334974e-01
4.337598974582564937e-01,-7.975622343242606826e-02,4.241058140794564113e-01
-1.888644869471876320e-01,-4.905629977320308810e-01,-3.211250129465886838e-01
-1.322199978050813129e-01,4.849033455520529445e-01,3.632489662397668795e-01
-7.210380889350784250e-02,-3.803355413037902144e-01,4.897764885122719014e-01
5.889337210745830831e-01,-1.227170774328217306e-01,1.818154188358722112e-01
6.401827364877067661e-02,-6.287288852516454973e-01,-2.894434920313284851e-02
-2.696631567461600931e-01,-1.679092458944137778e-01,5.519550845392904304e-01
-1.837360555001533446e-01,6.329801545994349042e-03,-6.141260188455894831e-01
2.672808077860979736e-01,-5.688353236945634661e-01,1.462012041046724387e-01
-5.908777963873329542e-01,-8.823198154789445302e-02,2.548689473157452201e-01
4.287304291768771480e-01,4.914606466523611106e-01,4.564470588548997371e-02
-1.737332254273450949e-01,-8.508051030620077115e-02,-6.289733275504448828e-01
-4.764938675588954453e-01,2.558340099977728793e-02,-4.593331504225554585e-01
7.295935389488113210e-02,4.020287028951677888e-01,5.267376671442414171e-01
5.929906447658952473e-01,-4.442826265781813638e-02,-3.107452991003701870e-01
2.122604171914883875e-01,-5.210795096086080075e-02,-6.389317001608524338e-01
1.021482566468932818e-02,5.984768460382000610e-01,-3.218872369639982356e-01
3.537211945142842984e-01,3.461505771421649058e-01,4.721191465201222681e-01
-3.295109345831359060e-01,5.657952955338115819e-01,2.124559410060753162e-01
4.971776629606654008e-01,-8.857387202758913725e-02,-4.742062019708931930e-01
-2.919014281203389793e-01,-1.382085894377846624e-01,-6.178328093327776216e-01
-5.477508833302564550e-01,-2.199682862854859533e-01,3.791986220640881089e-01
5.645936877587826030e-01,5.526597094636749585e-02,4.202764917253695720e-01
5.061675835013577929e-02,2.898508618009897342e-01,6.466702573097875550e-01
1.312271387050293475e-02,3.424435693879239739e-01,-6.274434753792268449e-01
-4.662049812911041591e-01,1.984002830143463680e-02,5.475526024135626280e-01
-2.988855279852272728e-01,-6.401735513029687130e-01,-1.577723781761339872e-01
-6.769851726569998673e-01,-3.757107082365224171e-02,-2.662367721599316894e-01
-4.007611308773861292e-01,-3.128662734673212098e-01,-5.279463197585007039e-01
-7.251651314644523838e-01,-1.177322772749313240e-01,-6.465886344883577108e-02
5.884805639173790182e-01,3.735088373334005674e-01,-2.546309136352996605e-01
-4.928970244865381045e-01,-4.675195506568149972e-01,3.097541756606116414e-01
-1.864907713918844689e-01,5.712896292030430340e-02,7.254706977065707996e-01
-7.127465767615703829e-02,6.823919645401690381e-01,-3.171097915242667153e-01
-5.950205394667447134e-01,-4.303513324405624507e-01,1.976365183880883225e-01
-3.841381426289743883e-01,-3.968960979433769354e-01,-5.294387985141805197e-01
-2.521610919531632952e-02,6.404876880621070967e-01,4.262443075712914475e-01
1.178922566159092827e-02,2.646704933517844971e-01,-7.277186555529376877e-01
-6.172756160627579369e-01,-4.653831222622423769e-01,9.717034720718219221e-02
2.273138577343642719e-01,-7.486143582280900821e-01,4.813023612863690653e-02
6.630267697725635845e-01,-2.297658568806975887e-01,-3.597835420857284916e-01
6.325178818661819635e-01,-2.383454484061734158e-01,-4.152761835799141932e-01
4.738748212965361306e-01,4.659344735022017958e-01,4.418845404868647075e-01
-2.819055638144322140e-01,-4.807663541661651996e-01,5.778858815053142806e-01
-4.355342347069561248e-01,1.224803929486576182e-01,6.690183235922656513e-01
-4.137783814748285244e-02,-1.795428102184577213e-01,7.912779606329912729e-01
-7.526424251134171683e-01,1.255635538246838157e-01,-2.927413262154723861e-01
-9.660325661376897854e-02,2.190485376406958729e-02,8.161267664161940827e-01
6.088788869583730001e-01,-3.863375302660181365e-01,-4.048466317520172941e-01
7.952282908170480447e-01,2.438220442525291243e-01,1.208002027990479760e-02
5.030820206915853632e-01,6.329886121886602046e-01,2.153739732437252863e-01
9.159814452647611904e-02,-7.782478707473677870e-01,-3.071454903705910233e-01
4.926756079455142379e-01,-4.682501502722504205e-01,5.047129329166338829e-01
-1.925390898796444095e-01,8.130584633197064370e-01,1.642868802086505375e-01
7.297907584702155726e-01,-4.472955494820517464e-01,-3.065846362581751278e-02
-1.842351152641541201e-01,7.119880079960612118e-01,4.486652744772357537e-01
-8.316817975725228074e-01,1.802805270362462242e-01,1.631478279288845479e-01
5.628443930763175063e-01,-3.540413372178070062e-01,-5.633808529809110066e-01
-5.550036472200192694e-01,-3.984505439340639277e-01,-5.491368958101472408e-01
6.361816263844348729e-01,1.720768338200354408e-01,5.855719646235920672e-01
-3.710344728790461732e-01,1.682578390774797927e-01,-7.875448546314228748e-01
4.005080888496660024e-02,4.651438360384487769e-01,7.598009691796667742e-01
-7.124169396540659394e-01,4.347988263770138362e-01,3.283494697321630018e-01
2.773408681128320952e-01,6.296030829609491342e-01,-5.833606474807768727e-01
-5.735493059140737149e-01,-4.024134064189469617e-01,-5.762332717404961002e-01
-2.003782536020216887e-01,-4.348373715268193940e-01,-7.765980324037082827e-01
-5.761637287523090345e-01,-6.108448000244744991e-01,-3.697707354692897908e-01
-8.491255289597464673e-01,2.342530954239707697e-02,3.603313986385062728e-01
-1.943395348854258797e-01,-8.163714450169079484e-01,-3.960248454939128693e-01
-5.323363158787143279e-01,-7.559195432762174649e-01,-1.265842240526290630e-01
2.825288198258519290e-01,-8.421984717107551255e-01,-3.025617036961973927e-01
2.926391958414840122e-01,-3.832126807675651503e-01,8.112400924141743852e-01
-2.117098632441308248e-01,8.084710833418373710e-01,-4.496458074581209940e-01
1.862633866013043704e-01,-6.725746131206082890e-01,6.509207184627601173e-01
-4.371400792139110147e-01,8.380444861801098488e-01,-1.659894319537701945e-01
6.942898659333016642e-01,4.306518015229951479e-01,5.135868676648681630e-01
-3.162265320139849289e-01,7.713415680974781141e-01,4.966963551446845204e-01
-7.516381302694982725e-02,-2.371744077154777641e-01,9.435424255017869077e-01
-8.211737512035918174e-01,-2.413965306250333842e-01,-4.797613462729973799e-01
-8.717070748026797267e-01,3.295814584087750632e-01,3.239842717903826941e-01
4.231678780108787952e-01,-2.231282182492243527e-01,-8.691359928204362983e-01
3.833412674345895721e-01,6.255402241608362113e-01,6.759395305446874724e-01
-2.062892073753610500e-01,-9.308623428548720158e-01,3.115702263929053806e-01
-7.373188584499505982e-01,4.337127864367961716e-01,-5.343045561868671189e-01
6.041669676301193448e-01,6.080769871814068611e-02,-8.122221120006815065e-01
-1.785953577733425113e-01,-7.721181304270624546e-01,-6.416015384561767343e-01
1.592663433953420971e-01,-9.807016712755086685e-01,2.529270517640109239e-01
-5.096836143502819771e-01,-8.343501893550655524e-01,3.266472752288066550e-01
-2.016288491229220048e-01,1.016180905701473236e+00,3.075038395690316007e-02
3.394492518415542226e-01,3.681413964550431794e-01,9.138832760373162278e-01
-2.058763119476318681e-01,-3.093260765257322409e-01,-9.796369717242577879e-01
9.641206621908352536e-01,-3.814201582679108693e-01,1.862083421631066382e-01
-2.584554949245650990e-01,8.987304213068226799e-01,4.971957136532672572e-01
7.011646515143870051e-01,2.309921611909660499e-01,-7.673818364445113005e-01
6.706344779108602827e-01,6.353398805246142089e-01,-5.410285412181818909e-01
-4.344082776432851567e-01,4.299196554551391047e-01,8.859706484095877244e-01
1.771360314148942572e-01,8.753919487310445335e-01,6.109626915843940909e-01
-6.466118942544946124e-01,-8.636893027261630662e-01,-1.396015850148941140e-01
-3.876996853335600290e-01,8.928726236500449387e-01,-4.987255080505667570e-01
1.047168726502030411e+00,1.168167852293811732e-01,-3.144374511256349813e-01
3.450310072867087685e-01,-1.133476141785957347e-01,1.044088481820644843e+00
8.489601756389387743e-01,-7.067253514868913067e-01,-1.219541327987129636e-01
4.022341684058400868e-01,-9.915751313906570052e-01,-3.212834148195289896e-01
3.403200126153128058e-01,8.189498173358188415e-01,-6.892230010487461200e-01
9.128832105615548587e-01,-3.956576075545844562e-01,5.338838470186351159e-01
3.612639998708145894e-01,-2.234549876906080368e-01,1.052623946035187608e+00
-1.062502421050528501e+00,3.784459309447040787e-01,1.731418142228620949e-01
-1.012638685748208811e+00,3.035937266553056721e-02,-5.380746482011486975e-01
-2.731432480283833564e-01,-1.087762111237431606e+00,-2.682262114585044488e-01
-1.242385777717927020e-01,-1.135860067698662990e+00,-1.954122620695194490e-01
1.002897185924655155e+00,2.901375587050812888e-01,5.176509908905909674e-01
-2.264417405216766765e-01,4.801063465219499449e-01,-1.044241133582478387e+00
2.074352285157192999e-01,1.157219709530248108e+00,-6.656315939945353644e-02
-2.808904675708385756e-01,7.980228481342112046e-01,8.278925999228540222e-01
-8.094660429665649914e-01,-8.691364882648986434e-01,7.190848726707621541e-02
1.151979984361022336e+00,3.112852080649642361e-01,8.146756444441939637e-02
-6.858950589007483112e-01,-9.575821908707030650e-01,-2.410361495219595085e-01
4.346246936274306139e-02,3.097860778427156681e-01,-1.167352283988132955e+00
-4.374509319095573057e-01,-6.395975434135544591e-01,9.355784378158844561e-01
-5.490396947165220309e-01,1.056258183111601578e+00,2.719412527721639661e-01
6.498701252240669524e-01,6.704642307048122030e-01,-7.966701239834635961e-01
4.768485432238850907e-01,-5.331586124689924322e-01,1.005231380144312459e+00
-5.585122583940766994e-01,1.073508789224924653e+00,2.711274284564151871e-01
-8.480543742254642581e-01,8.543839424883099554e-01,-3.233772878414990504e-01
-1.224479226848353308e+00,-8.401336191213726323e-02,2.516900501182268157e-01
-9.270259429083709257e-01,1.182135885678625015e-01,-8.441328143723310085e-01
-5.659095073579801793e-01,-1.131922134778754918e+00,2.663915917367693995e-02
4.313581302367934245e-01,-1.196791237499418736e+00,-1.658573619416324821e-02
5.240971320362699526e-01,-7.991022983948327107e-01,-8.497060712177001429e-01
-4.595865028365200833e-01,1.132065615811308490e+00,3.989803477854121372e-01
5.481664549667262243e-01,4.584549507508058341e-01,-1.076193653773456216e+00
6.067520038312829156e-01,-9.360311189294969747e-01,6.645218634903840016e-01
9.038716585011522531e-01,-7.820766714366338412e-01,5.238750416306470203e-01
-1.054311306071495924e-01,5.183859671825229443e-01,-1.200235751865699640e+00
3.358004357288014163e-01,-1.262046350408804862e+00,1.799104792004729281e-01
6.205190140980165227e-03,6.774869289649076975e-02,-1.323216206522530136e+00
3.871496991301631163e-01,-1.984922794850251526e-01,-1.258586195561619769e+00
-1.199222188213838525e+00,2.055438089239677302e-01,-5.575761358603035234e-01
9.856868026365761537e-01,-4.151644232050882288e-01,8.157455112321294610e-01
3.368555418385866806e-01,-1.183471857263669547e+00,-5.599728704799222800e-01
8.316550398159611168e-01,-4.529988679430733134e-01,9.742766869363410631e-01
-5.367639914160671905e-02,8.572611328810210152e-01,1.061547408866778452e+00
1.158822009123777086e+00,-6.815671325849153028e-01,-2.756967606569972751e-01
-4.431493820595642230e-01,-1.178520353940530452e+00,-5.630572480912910960e-01
4.403033958647051826e-01,8.683679195667119988e-01,9.866481516378298178e-01
-4.860801168063905858e-02,-7.222216565086778672e-01,1.190245223250652629e+00
-6.546172687070302976e-01,-9.966776888568018578e-01,-7.336036968371985045e-01
-1.136648226466556277e+00,6.418420456684608144e-01,5.250880923242826626e-01
2.762415186286737989e-01,1.051958116126194609e+00,9.035909929530847595e-01
3.667764348528961271e-01,2.845436736469250105e-01,-1.343070356571248292e+00
-1.296660760020911518e-01,1.319935986564296782e+00,5.295123226665335858e-01
-6.796361948370995831e-01,2.733808290901827351e-02,-1.263744157372366450e+00
9.632414946605537265e-02,-8.372067433948843229e-01,-1.170452582632987459e+00
-9.502174426328350298e-01,1.094308149379643824e+00,1.891036981767690167e-02
2.173502252277056124e-01,-1.135884350728399439e-01,-1.435773376898219489e+00
6.584249650174563984e-01,-5.769840845327524059e-01,1.173091078408573074e+00
-1.019308657497669302e+00,5.967119076040793280e-01,8.767506170778909258e-01
4.467519810504581579e-01,-1.285903176012154869e+00,5.761650927108911135e-01
3.301215080591059503e-01,1.398588536536651050e+00,-3.763097693458598569e-01
1.400661021303817311e+00,-4.699429408650326878e-01,2.136974001047746430e-01
6.145356962808135037e-01,-3.409727325148711463e-01,1.325277627268643510e+00
1.176095408364143724e+00,9.152433198931947400e-01,-2.269562413945214185e-01
-1.412713359856432538e+00,-2.415688360658781175e-01,4.904680643895596992e-01
1.313727261424410264e-01,3.057248972153002453e-02,-1.516234193816894615e+00
-1.456841201109007056e+00,3.607312342006174788e-01,2.955106404357041305e-01
7.240212754412576890e-02,1.238552369650181229e+00,9.074479177332021029e-01
-1.469494880273736204e+00,-4.725979638131721505e-01,-5.499897479996984639e-02
-2.403022201482449549e-01,4.615218881855849276e-01,1.462297271453507408e+00
-8.798052695695212089e-01,-7.160950946869543143e-01,1.070366222566004444e+00
5.242875086985548938e-01,-8.868436558945004267e-01,1.181032919681848314e+00
-7.309201983307391792e-01,-1.001644918429659636e+00,9.708496699059752100e-01
6.402832840114464075e-01,-5.295439095418221775e-01,-1.346770200570001519e+00
3.678252903814019370e-01,5.102704648235619755e-01,-1.460406937711876241e+00
-2.037892078684164776e-01,1.142432057928464362e+00,-1.098306785053584811e+00
9.264752449443742766e-01,1.306902029722160297e+00,-1.063901868091979563e-01
9.068349197266856176e-01,-2.625731048166313752e-01,1.308164848392635360e+00
4.173940141887185762e-01,-1.260673494521691973e+00,9.296284499188810502e-01
-1.420653327610838179e+00,-5.141476888900151643e-01,-6.086634208469466900e-01
-4.876747219472536421e-01,6.982712339537430202e-01,-1.397581150542290596e+00
2.090702774179697965e-01,1.288846478483780311e+00,-9.997965863522484398e-01
3.721102498635532330e-01,1.432365270293416426e+00,-7.350507366045402335e-01
-1.076403345389259809e-02,2.721886347259737104e-01,-1.637822587617039360e+00
-1.490872289192381128e+00,6.478868298784353774e-01,-3.750486122059330518e-01
-1.442852617917510294e+00,-7.553166183799120414e-01,3.968270984480653518e-01
-1.225609801292036005e+00,-6.861800829102847610e-01,9.293780459237480640e-01
-9.720952129211212212e-01,-1.155165140394731393e+00,-7.645047345409841100e-01
-1.520310339988467874e+00,7.522275156203833690e-01,-1.184138635403179374e-01
1.538178873790833956e+00,-4.220608570576848129e-01,6.121142269769871413e-01
5.448803781558658743e-01,1.626942358603055805e+00,-5.305090635785301295e-02
4.371015168854685551e-01,2.524188776982029259e-01,-1.649227555903256981e+00
8.464572607557497852e-01,1.331199591316048370e+00,7.172554460859924541e-01
-1.256543770415123884e+00,-1.125502477143876412e+00,4.312000649379653661e-01
-1.076994653240502586e+00,-1.378321844292401455e+00,-2.645258670464829473e-02
3.160728377369478315e-01,1.691055822573827472e+00,-3.603581693642724515e-01
1.518491792073685787e+00,-4.954705915365893998e-01,7.532659843629888607e-01
1.371858265628778106e+00,-5.044660084998503491e-01,-1.005869740273264368e+00
-6.933562600608391691e-01,-1.066407943707119443e+00,1.249029133388000146e+00
1.300897956419973189e+00,-2.318753172698766185e-01,-1.209124145755968938e+00
-1.437425765984670756e+00,3.036412058392569668e-01,1.039224237670430373e+00
1.580070985768818881e+00,7.501922949548855968e-01,-4.577299899908975900e-01
6.278087193164338942e-01,1.632818473402922299e+00,-4.893874637733480193e-01
-4.787666392671732774e-01,-1.068894557024867797e+00,1.399663650509572532e+00
7.101433543472105425e-01,5.528768876317313730e-01,-1.597551021560609463e+00
-8.877945500347004248e-01,-1.517918121368792672e+00,5.490814672223577331e-01
-1.337116320991576846e+00,-7.111645699983075719e-01,1.063943814769094276e+00
-1.501174879914462412e+00,-4.049876880771535181e-01,1.019905036891526784e+00
-1.177334948466071118e-01,-8.596880673823407149e-01,1.654457558462673950e+00
-1.393722325643732107e+00,6.575443064143415839e-01,-1.071451801387890423e+00
1.604453750056046291e+00,-3.614587264679934853e-01,-9.224249447295885806e-01
1.237230363890248208e+00,4.063891185495336345e-01,1.375912625959326396e+00
1.639386511978493943e-02,1.747581045805916444e+00,-7.538124424681428293e-01
1.878213649465719115e+00,1.094679943896780527e-01,-3.415684153479321972e-01
1.870713648993780120e+00,4.243889541923284714e-01,1.036588604482689829e-01
1.808907185056820577e+00,6.241743474764356314e-01,-2.510991989201927788e-01
1.118538544975592020e+00,-1.433407857714246614e+00,6.735437952359074609e-01
-9.778353875441151422e-01,-3.328771705793484581e-01,-1.651492745269364182e+00
1.094298148993051445e+00,7.194561066980078579e-01,-1.454144295232431938e+00
1.512525982142650438e+00,8.375332637030769023e-01,9.359402665541091126e-01
1.789918623076716342e+00,6.977240991887434518e-01,4.586848798131430982e-01
-5.428413663266509204e-01,-1.871348578937219509e+00,3.748820319382624167e-01
1.468301356545584024e+00,-1.296145943210050167e+00,3.710772714493369429e-01
1.367897877768954107e+00,-7.295044516323175854e-01,-1.267686345985556073e+00
-1.793820496574501933e+00,6.234698380706081844e-01,6.640030951707103224e-01
-7.845622237658531617e-01,-1.552204495513972882e+00,1.029513187152169884e+00
1.387437058505236243e+00,1.330343914187622545e+00,-6.539556906032222283e-01
-1.661299142107917293e+00,-5.339658751960976169e-01,-1.056132697353159067e+00
1.563124158314104006e+00,1.014927642534190433e+00,8.516628719949449478e-01
-5.167489886903048335e-01,-9.306467919328893501e-01,1.761892965647622766e+00
-7.687339502800867308e-01,-1.787006453768932968e+00,-7.014370506633867963e-01
-1.722579057205767539e+00,-8.494571016597937119e-01,7.916980397739761255e-01
-1.364286289043928901e+00,-8.586984735925424772e-01,1.325373100276433291e+00
-8.559969750281519740e-01,6.780902118362124309e-01,1.789597737080516726e+00
2.889453580135012412e-01,1.349514523582282965e+00,1.590847311402895592e+00
6.823478782169235535e-01,1.791233629699249708e+00,-8.955280954540365546e-01
-1.444884480905369362e+00,8.925574414324068950e-01,1.277767257567041570e+00
1.007961222435648507e-01,1.477439280528347831e+00,-1.537968155168394357e+00
-9.411907403308985565e-01,1.686700596212981296e+00,-9.322938212293699900e-01
3.708744845042983296e-01,-1.332994967036316813e+00,-1.651524212785393297e+00
-1.680513396303918716e+00,1.033076114013741442e+00,8.904599860078542539e-01
-1.585275698290269819e+00,5.060286240331760554e-01,1.399219044055921346e+00
4.169369871204372524e-01,-2.085555972758927012e+00,-4.966292255760711427e-01
-1.015713172179635748e+00,-6.908981668891148731e-01,-1.817803139264109191e+00
2.171441335763328873e+00,-3.642767712509828448e-01,-9.658578153210692352e-02
-1.154496547164872711e+00,8.541194577820112599e-01,-1.684911724432742508e+00
2.081251566402737563e+00,-7.836255000388455683e-01,1.120844204176883740e-02
-1.740144364192696802e+00,-1.273470147309049505e+00,-5.838120517964797695e-01
-1.107436515443790848e+00,1.709380243585684855e+00,-9.420742127607487637e-01
2.181646702513530212e+00,5.028695505589760861e-01,-2.627753550804639571e-01
2.066130992349587622e-02,-2.264301899519626016e+00,-3.213225032729965548e-03
2.100629147311329881e+00,2.817806120049359819e-01,-8.257287973027849226e-01
1.283817594146463570e+00,-1.004585637465971404e+00,-1.601014276858350627e+00
4.341876094266554631e-01,3.146501302645042797e-01,2.231646509354863639e+00
1.923193506059904800e+00,7.449390087091606327e-01,-1.030386403061289480e+00
1.503852081732701684e+00,-1.393399880443245697e+00,1.077077906995600909e+00
-1.054832980053130642e+00,-1.381826481215646441e+00,-1.545780904768536024e+00
1.718497989071536614e+00,-6.992072574083522118e-01,-1.420617504547087684e+00
1.040200257971492404e+00,1.805595870735685171e+00,1.080377247553828690e+00
-1.208299818859067010e+00,1.485036929479297774e+00,-1.376088334349306441e+00
-1.037473188509391075e+00,1.028952980834731079e+00,-1.863810942956060757e+00
2.039872683337432768e+00,9.756135461369852546e-01,-7.391484604931695124e-01
-4.720861940816742930e-01,-1.253440517794025766e+00,-1.978897963486616618e+00
1.214594024622918322e+00,6.615040510765657356e-02,-2.069201154166662171e+00
-1.902707577364484426e-01,-2.067501270661797452e+00,-1.225584960746407326e+00
-1.179286479323492731e+00,2.089571123409015296e+00,-3.283899981908485199e-01
-1.653466893370437951e+00,9.183439251091221056e-01,-1.529714450960998118e+00
-5.074906138553099133e-01,6.646676905818738046e-01,2.295845853172072015e+00
2.127413423167036299e+00,5.998400341326790564e-01,-1.066715417164008750e+00
-2.992718809227074006e-01,1.111784012042839276e+00,2.179846270763742488e+00
-1.417387525773375012e+00,-1.152954635352080759e+00,1.671313226809979735e+00
-2.447675731606504534e+00,-4.281879173058673049e-01,-1.085706186980483351e-01
-1.107406786918701425e+00,-3.946824953080887988e-01,-2.204369383321986842e+00
-1.121556377304747221e+00,-1.358807122347484242e+00,1.786811739502990548e+00
6.276400732030311680e-01,-1.722999110908995712e+00,-1.729252527741496070e+00
-1.795836949119059778e+00,3.314121708155972623e-01,1.753453591515384380e+00
2.316237615788259596e+00,-1.019600531287645939e+00,-2.487531057301299864e-01
5.382990214449173694e-01,2.614437736000455037e-01,-2.483087956504686833e+00
-2.324096550900826674e+00,-1.791685391412977946e-01,-1.071547825042798996e+00
-8.103087861172602047e-01,-1.944995882641808560e+00,-1.483409471420975567e+00
-2.228259918949678564e+00,-1.006615190581614971e+00,-8.488510408876578373e-01
-1.328783663134667448e+00,-2.129742793622166008e+00,-6.758911543589788407e-01
1.311159308160448234e+00,-1.412140449908099615e+00,-1.762056082028682580e+00
-1.092694392327054898e-01,-5.192609232101066397e-01,-2.568435700189923399e+00
1.653653411413814389e+00,-2.048132190728153557e+00,9.912603881682525986e-02
9.618195472636402454e-02,1.684842370846469928e+00,-2.037793485228969637e+00
2.302528284273377857e+00,1.222775283892908876e-01,-1.321274903704998005e+00
-1.098379014651774677e+00,1.924238915046364129e+00,-1.488468651437371282e+00
-2.415517693291577006e-01,5.164064001870058984e-01,-2.619632341576908274e+00
-2.270312599565289080e+00,1.447902980336286616e+00,9.709743651631842082e-03
-3.410934927087451718e-01,2.520924792117197555e+00,-9.183075866438177304e-01
5.945891517497035039e-01,-7.119636907341408971e-01,2.553164371614045525e+00
2.137167882178472755e+00,1.133025855816950367e+00,-1.262042383295371328e+00
-7.963443557542446705e-01,-2.132399091612814601e+00,-1.525822436593815112e+00
-1.012650585184836194e+00,2.467213846159217017e+00,-6.802891176555312391e-01
2.585505655109592293e-01,-3.403598410659214868e-01,-2.731157099297361057e+00
-1.671966778596633896e+00,7.140270310216882965e-01,2.098490422248661780e+00
-1.150593810057508160e+00,-1.292150491829821446e+00,2.187019811604884900e+00
-2.459141152714511946e+00,-1.081713992844677508e+00,7.919921513069528851e-01
1.151554152996326907e+00,-2.001045821191264340e-01,-2.558774494809982869e+00
-3.240116773551188212e-02,-2.757988559142680263e+00,-6.125109610384834591e-01
2.391661721249175976e+00,1.174037881361819080e+00,-9.768058415503656500e-01
1.519344163512469814e+00,2.387993559734003846e+00,3.347389891108658033e-01
-2.638667472142580461e+00,3.121000485495499799e-01,-1.064885726858542103e+00
7.816174740347368033e-01,-2.948411622647331698e-01,-2.750937948807669287e+00
2.172011018346930722e-01,-2.856102379811929826e+00,-3.649187042586120033e-01
5.833777237589267139e-01,-2.511916357213735407e-01,2.829658964236285712e+00
1.444570155109828002e+00,1.567346411383281124e+00,1.985035347254020754e+00
-9.999724787979175078e-01,-2.600931929066618853e+00,-8.904238928122699681e-01
1.249385789973437744e+00,2.627333267481044121e+00,-4.102767284511345536e-01
-3.252184824567416754e-01,1.730591964838723795e+00,2.367823533801024727e+00
-2.557980524751279461e+00,1.486056341057374608e+00,1.772551165222517322e-01
-2.156473416617725736e-01,1.791102636343821011e-02,2.968599340397071629e+00
2.207762767411764582e+00,3.445287309752056992e-01,-1.985817352112533962e+00
-2.215850420174476199e+00,-1.148292892597480852e-01,2.022576194090482726e+00
1.312160008735333783e+00,5.001691146421688439e-01,2.668388525199965500e+00
-1.727251692236393410e+00,-1.038617979889400189e+00,-2.260304714191284425e+00
2.798315103301962647e+00,5.194312175807245247e-01,-1.072492604620610468e+00
-5.288253868961791948e-01,-2.347556690104457555e+00,-1.881514578383774117e+00
-6.171922846727637690e-01,-6.987180464998965501e-01,-2.922747442572526388e+00
-2.016452530977943525e+00,2.028813862735941775e+00,1.144938985135038445e+00
-3.068801652217299392e+00,6.461045536180733129e-02,3.917405898416356225e-01
-3.048602707778746534e+00,-2.654845242885206513e-01,-5.417670422950356945e-01
-7.252689731940714646e-01,2.170375316340988903e+00,-2.122473240239093784e+00
2.729098811890099174e+00,9.789269657943816538e-01,-1.191343730679251367e+00
-5.649737099482923242e-01,-7.486388105398318338e-01,-3.005120024182685423e+00
-1.657371813245289260e+00,2.544133309786952957e+00,8.811452758682266628e-01
7.861956254046155168e-01,8.672602545105797534e-01,-2.951588114270681906e+00
1.792224102739365499e+00,1.596060904491347410e+00,2.099890606588633801e+00
8.072770283110117795e-01,3.027724410951456058e+00,-6.616739987503543752e-01
2.996854410281189818e+00,-1.168870116560808414e-01,-1.161955096479347915e+00
2.610026473766114741e+00,1.888064277195011131e+00,-2.386277711899976450e-01
-2.864881058523186752e+00,-1.504923106013904333e+00,-2.266737579393153790e-01
-1.847105005809049905e+00,-2.009541081075404190e+00,1.778803439577667733e+00
9.771143135752501374e-01,-3.119635212216954834e+00,1.361076626643701604e-01
2.414941468515019007e+00,-1.658456983066785240e+00,1.488262307174573529e+00
-6.937831713150008871e-03,-1.393525585745093887e+00,2.991332994270739842e+00
-2.767774491682728488e+00,-1.443974671700229528e+00,-1.112579669210540301e+00
8.170092530871077008e-01,2.875031000019855565e+00,1.464362235386995170e+00
3.305576216242311460e+00,4.807124349584158685e-01,1.212372479078309001e-01
-1.986436479595365956e+00,-7.630910634750732724e-01,-2.596170032139162309e+00
3.069068295986883133e+00,-8.386626902122091831e-01,1.114582338037888087e+00
1.437098520813236746e+00,-3.027536833775343328e-01,-3.050440682138550130e+00
-2.664087218477797503e+00,-2.112505117147300382e+00,1.085477700030802045e-02
-3.290407076113433416e+00,-4.453398217547359650e-01,-7.961766460433091774e-01
2.997903316853293365e+00,-1.178279652864205218e+00,-1.175959460145997504e+00
9.052323817850749244e-01,2.587996332643618391e+00,2.083728634185256556e+00
-3.407094497636433239e+00,-3.207921214314752856e-01,-4.991520428229623274e-01
-9.026949356021624071e-02,2.407396460724204809e-02,-3.471843712346191602e+00
-7.416580630257024742e-01,1.737970661511222925e+00,-2.931676021541249177e+00
-2.196411804139021928e+00,-2.726300130537450350e+00,1.100489556286826515e-01
-1.300552861931668192e+00,3.227809015290536099e+00,5.132441569798161796e-01
7.748068076881114985e-01,2.548331338389632439e+00,2.320494002988745308e+00
-1.212547738805656472e+00,3.234050051672436421e+00,8.098824692870271180e-01
-2.125535395860252308e+00,-2.838140988846163726e+00,3.455752420883691500e-01
-2.485748907708670075e+00,2.070832330581196423e+00,-1.527429453961949291e+00
2.333879598239497088e+00,1.542304493583376734e+00,2.254656068434337524e+00
-3.277363057790398937e-01,1.511967480454175172e+00,3.259666531698080849e+00
2.676258433041602380e+00,1.579870712330480931e+00,1.863095721744933320e+00
2.943707481940027293e+00,-6.342897577936809084e-01,2.042846505316031180e+00
3.096954757990122431e-02,-2.937585518920839966e+00,-2.173239523980716736e+00
2.885545322605875818e+00,2.225401937737378599e+00,-4.333981632157414832e-01
1.963165071187063182e+00,3.106801170123355327e+00,-2.730947482750484268e-01
-1.741958138259309674e+00,2.867282581329611002e+00,-1.562111627204819220e+00
-3.075236037605982631e+00,-2.086192961285834091e+00,-5.172808326294075359e-02
2.116925190981308269e+00,3.052427464689294379e+00,-3.608776200966031245e-01
-3.171370192827092982e+00,-3.663004224129463027e-01,-1.963429919737240903e+00
-1.602212833232458555e+00,-1.930918267585389092e+00,2.805377045200266206e+00
-3.462339845333724520e-01,2.348425155923665741e+00,-2.941172598620560574e+00
-1.613604951339835836e+00,3.405235094338872504e+00,4.548540089082186433e-01
4.025605731751404903e-01,2.297208960567030278e+00,3.014755016408364074e+00
-1.441728255903908629e+00,-2.260802260389365159e+00,-2.731459921269150382e+00
5.463893041464182865e-01,-3.757188724351490094e+00,-5.994701571668539231e-01
-1.401749160055597354e+00,3.151975054027702949e+00,1.731822460207954606e+00
-3.153448494042430994e+00,1.922591044151667816e+00,-1.176497099329800289e+00
8.455979602705083753e-01,-2.956940087369299253e+00,2.385979476509926922e+00
-3.319918795607427420e+00,7.183278923781999392e-02,-2.062065003337764768e+00
5.670516735391240015e-01,3.129648167592895547e+00,-2.300350921887067024e+00
3.219826782413899302e+00,5.383388166403035857e-01,-2.209190751641168404e+00
-3.763700040203550312e-01,-1.276567373662834459e+00,3.727886034117775083e+00
1.127028740950269503e+00,1.009491906556287261e-01,-3.810494857432957350e+00
