0.000000000000000000e+00,-0.000000000000000000e+00,-0.000000000000000000e+00
1.510902643872103586e-03,-3.203404555789652990e-03,-3.001861927391006636e-03
-6.620250783691332581e-03,9.650808021879754388e-04,-3.373318332044536873e-04
3.430926937712347816e-03,-4.757650369746640844e-03,5.918305790580210245e-03
-7.307842792002414330e-03,-5.906338273686748304e-03,2.601109611378220072e-03
-1.355600265575344692e-03,1.063854322677364531e-02,2.573283514139829229e-03
6.697951569312823178e-03,-9.766810976552266904e-03,-2.976796318288701254e-03
-6.887260781182214485e-03,8.605424522731351666e-03,-7.479899416377738634e-03
1.253628677509761695e-02,-2.439831062732779852e-03,-6.592201629088350646e-03
6.800952858756343679e-03,6.321544528989011570e-03,-1.225833956759550883e-02
1.038427311983753688e-02,1.924100381632240985e-03,1.247473450903562736e-02
-2.504873701258898732e-04,-1.727680424344917032e-02,-1.300463518723733692e-04
-3.568523801819476794e-03,6.726153042432673167e-03,-1.651457282143230579e-02
-8.983839120073269444e-03,1.558527413363993948e-03,-1.674575244756058845e-02
5.041069097968217325e-03,4.651011264293845524e-03,1.871012060913349040e-02
1.101197649338468872e-02,-1.702737697402436495e-02,4.490573867038231450e-03
3.214780754248667844e-03,-2.056113995561338267e-02,5.761791043793759032e-03
1.917012931144796914e-02,-9.314535805525474971e-03,6.902978338768999550e-03
-9.345709298812617666e-03,1.394040063277217356e-02,-1.601604844157956259e-02
-1.087172152773121028e-02,1.776232708020367840e-02,-1.189327793240806640e-02
-1.509658865321349304e-02,-1.409014610630827426e-02,1.365004051596936836e-02
2.419328793882524439e-04,-2.157004373218774848e-02,-1.362778525436211634e-02
6.741127898371807037e-03,2.222248115329183635e-02,1.227588456031742173e-02
-1.736830516582921549e-02,-2.068325096759810258e-02,3.411046434406271740e-04
5.349101723838118119e-03,4.727251415649363908e-03,-2.681151455012864213e-02
-1.565884830969210134e-02,-1.090988877506927218e-02,-2.113029913801171139e-02
-2.614635756810968978e-02,1.023400630943825142e-02,-7.993494484811874967e-03
4.597854836039855578e-03,1.117753557374925530e-02,-2.735658729339495235e-02
7.141389916338857814e-03,1.152212756729179173e-02,2.745082729151175280e-02
1.358050398375587088e-02,8.802994388762435188e-03,-2.681191275776379293e-02
-2.711374245807044239e-02,1.624842122849053452e-02,-5.077205806468784548e-03
1.582729392084731429e-02,2.793332529104246634e-02,6.241893489780055149e-03
2.667364432009857247e-02,1.777559741476317234e-02,9.365851240948673898e-03
2.109143683025284030e-02,-1.765950958621131245e-02,2.011355919648959156e-02
1.267911224183915393e-02,2.326469023507056824e-02,-2.249430467772535816e-02
-1.331953508518455079e-02,3.266556604784037060e-02,3.307176601454758606e-03
-2.794937526832479147e-02,-5.608899902638147909e-03,2.215394720222495922e-02
1.993366788921677180e-02,-9.859644748168635425e-03,-2.928397131508434642e-02
-2.436644409434924816e-02,-2.428366210725845659e-02,-1.476610524415659410e-02
-8.280137902136480016e-03,2.559149110809348301e-02,-2.698091824508617662e-02
-2.052337891925279378e-02,1.399871120808266964e-02,2.974785887651009569e-02
-2.672991020059370393e-02,-2.891494652963051692e-02,1.690012721168397203e-03
1.201365287437482915e-02,9.059367550422924714e-03,-3.713472054105172032e-02
6.426989390129981411e-03,6.999874885053917854e-03,3.959435112543815277e-02
5.162513943047973564e-03,1.090090169790752100e-02,-3.957054229214501673e-02
2.875026475668784887e-02,3.025862952862429928e-02,4.806537356751119580e-03
-2.539495264637409155e-02,-3.403711840277273692e-02,-4.056906556985644986e-03
2.198354189382766347e-02,9.136552705109686826e-03,3.617216383307837735e-02
-2.005413062734832941e-02,1.443833979387530719e-02,-3.633875795837693962e-02
9.523090677288738662e-03,1.310351934449588245e-02,4.153770893126020047e-02
-7.132469519715660920e-03,3.782989393449044668e-02,-2.372990153085312304e-02
4.707068797761234692e-03,4.469264639506909109e-02,-9.136619284569810762e-03
2.390439132147095108e-02,1.884247526504902095e-03,-3.983418166777828034e-02
-3.442268861335812113e-02,3.216019024222675077e-02,1.371334604527957735e-03
-4.501312177071920689e-02,1.468699117250915794e-02,6.262850110922447804e-03
-4.040754338668904252e-03,-4.817210913524416771e-02,2.225286063115620300e-03
1.007858962702031305e-02,4.579334372811490195e-02,1.430499687851427559e-02
3.062383447252085486e-02,1.734613841546476382e-02,-3.502335977695193725e-02
4.273607824827594694e-03,-4.438616008202887070e-02,-2.323244064820743568e-02
3.130886449766272922e-02,-3.670082884741294321e-02,1.626165630580782978e-02
2.150953422424899120e-02,4.574095508257568915e-02,1.004686783728363404e-02
-4.891238431646686285e-02,-1.743872116928539551e-02,4.919928462975339985e-03
-7.925432206239750588e-03,-3.210492902193693571e-02,4.114371979517554567e-02
8.265564596777819420e-03,2.375218018187563729e-02,-4.711876245537835461e-02
-7.139175635235480745e-03,4.203877625798140699e-02,3.318838509224510819e-02
2.358324898358100247e-02,-4.893154688439049771e-02,6.080952267123991041e-03
-3.468073028637963517e-02,-2.491233208177703537e-02,-3.510747191017608848e-02
-2.432194556923641634e-04,-5.803364182986417777e-03,-5.560004114494073585e-02
-2.971879697474403767e-02,3.316007128356306122e-02,-3.481698522109248628e-02
-5.563900968437826555e-02,-6.136486585107753071e-03,1.150261334496752164e-02
2.181827375960991924e-02,-1.300702823280101839e-02,-5.188280219923302461e-02
-6.962363870324507834e-03,1.824220769610447948e-02,5.502642579561554947e-02
-4.412680597787436987e-02,6.121078919925300498e-04,-3.917225097457282396e-02
3.545807980055078190e-02,4.779385150746805894e-02,3.753005398413643886e-03
5.694237344379456806e-02,8.850018820046609905e-04,1.966570472162467581e-02
-5.699876901263264267e-02,-1.939298158378770578e-02,8.950090984628369245e-03
7.043287282258210366e-03,1.992355834508937121e-02,5.774377578348833390e-02
5.209788582329787782e-02,3.069934705462581265e-02,-1.417270713952902689e-02
3.532328799618838361e-02,4.958578124941684373e-02,-1.511249205213585113e-02
-4.091374314030650494e-02,-1.018773063081717528e-02,4.727873555827934865e-02
-5.289143596271536629e-02,-2.782935199137060236e-02,-2.280188564003313503e-02
-4.831878121387525593e-02,1.293469500615181643e-02,4.086029702880385195e-02
1.854534646166542062e-04,-6.515678434236175931e-02,-2.565535064125835582e-03
5.383935897697530309e-02,-2.450011338399234531e-02,-2.888457707181748060e-02
-5.257779346196866238e-02,-3.666186887205442196e-02,-1.751415901687752852e-02
-3.773825925228403017e-02,2.738340921099980882e-02,-4.820824655773054551e-02
6.076453650633985293e-02,-2.376072269124393857e-02,1.802089916284288842e-02
-5.543472481034242283e-02,-2.253858374668491621e-02,3.294000882769970023e-02
-3.661627231694315754e-02,-5.062159563946230789e-02,2.911923862658058471e-02
-2.081805191076608122e-02,3.239269304140783567e-02,-5.791839180174273433e-02
2.906973461026133090e-02,6.383986000980279574e-02,1.854514340171694014e-03
8.228919875270518727e-03,-6.901024143274822609e-02,-1.347213348733274606e-02
-2.549550131243355847e-02,-4.803249119583243021e-02,4.629160664130610447e-02
6.835793174022748719e-02,-2.272377618216851053e-02,3.520504869495797991e-04
4.674018890972190393e-03,5.262190780091915987e-02,4.988447579076201593e-02
-6.454477295066596287e-02,3.114283410946502156e-02,-1.530912898695358654e-02
4.365914823478080076e-02,3.092620958021892463e-02,-5.098485585415703930e-02
-6.320645783394195083e-02,-2.493200395223095153e-02,3.062543952947376427e-02
1.373132156140875748e-02,5.142590972394866372e-02,5.305486515228131916e-02
2.803483151064497386e-02,-6.487525717818301563e-02,2.734046599904180891e-02
6.351157441296649553e-02,3.264835370772038725e-02,-2.716113568872146819e-02
2.684819977290477458e-02,-6.216930083830510961e-02,-3.670804190105774606e-02
4.630182583531417678e-02,-5.929499909960617154e-02,-1.924571760476490034e-02
1.680166324114508447e-02,3.758796466152985322e-02,6.657846830293080720e-02
5.481483985397551245e-02,2.109493560320256991e-02,5.269477259356462190e-02
-5.025995359717218280e-02,-3.477896669070021374e-02,-5.089395480471369665e-02
-7.829507900247288654e-02,1.496751086051376946e-02,8.485190175528289913e-03
2.644982245475822197e-02,-6.778742434822470492e-03,7.603809996686546058e-02
6.717889984050323671e-02,7.611104849369705258e-04,4.599819062727437957e-02
-7.126722866508684862e-02,3.629118543735134622e-02,-1.833908039591728226e-02
3.731508875824350591e-02,-4.556408314279246363e-02,-5.803238559621747700e-02
1.741655452239677243e-02,8.097922920625004461e-02,-8.947541458148149454e-03
-7.303130456000035686e-02,1.150274287213293861e-02,-3.975957216805005301e-02
-4.327991565728530471e-02,7.246064573575478063e-02,-5.440674352375331549e-03
-1.745439188614502854e-02,6.078867305995405701e-02,-5.710415093071168069e-02
-6.863925147802962812e-02,-2.073354711444911139e-02,-4.720172072192769380e-02
7.357740655828597098e-02,-9.349607019908751093e-03,-4.446945217638524628e-02
6.072002867220319816e-02,-2.718408597755614733e-02,-5.624028518260956039e-02
2.392025035549352058e-02,-1.120685615522395637e-02,8.367983207538708113e-02
-7.533735080345511925e-02,3.218347858456280242e-02,-3.317762868403940218e-02
-4.870507413713137668e-02,7.288404204480866677e-02,-1.552700059220189603e-02
4.662398373809518992e-02,-6.589856849504750758e-02,-3.902560276865925382e-02
4.707656072871170549e-02,-7.540076881950294463e-02,1.590447282995706424e-02
8.667504998602182376e-02,-2.154960397821310651e-03,2.744449548484564558e-02
9.139064121064116586e-02,-5.879077631680733676e-03,7.350932660170083656e-04
1.921506869396690832e-03,-8.440024498195139446e-02,-3.712380227250816622e-02
1.585446722683921117e-02,-7.748108851520318918e-02,-4.867732135398036147e-02
2.744481905364834495e-02,-2.473876193648535254e-02,8.590004573582597780e-02
6.373145728182308400e-02,-6.168847751283784708e-02,3.158703993712216884e-02
3.932676401948479589e-02,-4.634972718556640281e-02,-7.274527986920149847e-02
-1.783824076802570033e-02,-8.200915340312373014e-02,-4.545241036763015413e-02
-9.095315718953878026e-02,-2.672274105664171687e-02,-1.571326961221815310e-02
-3.635274792769472435e-02,-8.552035101820590346e-02,-2.689067937772957745e-02
-1.757797835072135231e-02,-3.954485474544470330e-02,8.724373222237691294e-02
-2.862013691759780765e-02,-9.103729319452036339e-02,-2.245569055448214113e-02
5.035701854597957744e-02,-5.617163903817641579e-02,-6.362399438713603472e-02
-1.963252721678292504e-04,7.356044109251896890e-02,6.675991463447145113e-02
-5.343263623724835154e-02,8.027605459930166332e-02,-2.643440577692551460e-02
-7.293457094482044822e-02,-5.136130909473866218e-02,-4.660132365685795003e-02
7.636918027831433690e-03,8.975161122310880424e-02,4.634159966100576122e-02
-1.007357843269132136e-01,1.471070582308841614e-02,5.501732294434557961e-03
3.705504105720049124e-02,-8.211160523709605530e-02,-4.912428430076885150e-02
9.751672029522810703e-02,-3.306259519932784607e-02,-7.824496468603845192e-03
2.099668249489807653e-02,8.241490265436347828e-02,5.972558872370364175e-02
3.949532240955162810e-02,-6.807969720446940820e-02,-6.886893116437377282e-02
8.101264603962882171e-02,-3.708967453782237127e-03,-6.707732084014396412e-02
-6.125069186998965270e-02,-7.405803700909233123e-02,-4.449201412219243312e-02
-7.261800417703585808e-02,6.484304562381568160e-02,-4.334152533726363249e-02
-9.852236835644553881e-03,-3.501629884765691814e-02,1.008716064432624432e-01
-2.603236393851464034e-02,-1.040157104283479517e-01,-1.201045294847810120e-02
-5.083961284738774955e-02,7.662071911725983064e-02,-5.770468665586895446e-02
7.137241168746207010e-02,-1.783203919405420765e-02,8.073647431360224391e-02
5.125943553067186659e-02,1.668390465826635749e-02,-9.576416250864429325e-02
-7.686589734749299518e-02,-2.974724771760290862e-02,-7.369397187204461408e-02
2.013193129029291345e-02,-1.046631783345252226e-01,3.182670731731725849e-02
1.116809051384186346e-01,-6.913326376302335666e-03,-1.374838484910126781e-03
-3.820439124114165946e-02,1.058003294714996573e-01,4.457515025056338516e-03
6.713526558573341962e-02,8.971398574203806597e-02,-1.641388367719763541e-02
-4.139343871546450476e-02,4.830910868253133345e-02,-9.450471190741165095e-02
1.941422632745055596e-02,-8.773874183484159373e-02,7.111728310009433895e-02
6.871955786313097003e-02,6.264466493484152632e-02,-6.812820552254736373e-02
-7.933722397744832899e-02,-7.240273577788491899e-02,4.368448104913109920e-02
1.061459820735748127e-01,2.013349092828244785e-02,-4.393688372389207425e-02
5.821513017503776588e-02,5.746220602195443311e-02,-8.408899372412872997e-02
9.851321851473210378e-02,6.005076633503585171e-02,2.472264015541903240e-02
5.003396252214163849e-03,-3.841901763311641321e-02,1.121722133909146130e-01
-1.103910933060728572e-01,4.538906464584501615e-02,-1.390417051758169222e-04
-9.595148594965148547e-02,-4.559586808625939319e-02,5.589859158033615855e-02
-3.773888850900884023e-02,6.573870574941499678e-02,-9.396646265878000337e-02
1.394966929944449138e-02,4.943256796496405675e-02,-1.100169820115206171e-01
-1.011186608452359081e-01,-2.323186323503143025e-02,6.438059166889843754e-02
-5.369473403328774846e-02,9.664990916153573530e-02,5.342415598433999241e-02
-7.386097088108684039e-02,7.366650449806462671e-03,-9.868598380081894383e-02
9.298374995369779183e-02,-7.051031768206116046e-02,4.245444908238589499e-02
5.082972155854813268e-02,-8.976411899250903714e-02,-7.036693837131711982e-02
5.934919697389530978e-03,-4.675492187857373944e-02,1.163851248583626513e-01
5.403726204430329971e-02,-1.141046988379079419e-01,1.449418723227623683e-03
1.181227234049229552e-01,4.354303758720575596e-02,-1.641930044766909749e-02
5.475016550056541198e-02,7.265663792553246625e-02,-8.955366192413607984e-02
-1.550487253049426771e-02,1.728272961570544858e-02,-1.262398440611994244e-01
1.276943592766060231e-01,-8.341750138559632724e-03,-1.675226659817879993e-02
-1.057223652356569926e-01,2.775546413587393416e-02,6.993061360071346766e-02
-2.366961703126117984e-03,2.404047253212393889e-02,-1.282086569082982741e-01
1.075948703407685753e-02,1.146023406049495735e-01,-6.289683197894856137e-02
-8.831331697139384318e-02,6.765192546068457546e-02,-7.081850991223050118e-02
-7.320147658961662085e-02,-1.099697306038444761e-01,1.125395795824218198e-02
-6.090179016115019467e-02,-7.953051598508220632e-02,8.793656903796315261e-02
-8.546267916990442359e-02,1.031565420699699920e-01,3.423085417668886646e-03
5.094361775545974691e-02,7.769366626668521014e-02,9.755287306804003022e-02
8.780910782468782927e-02,-9.687044507441215646e-02,3.530498006992687648e-02
-6.253289080617865925e-02,-9.510389683737187350e-02,7.469727352030411383e-02
-3.394936497487548860e-02,-9.755041760127722283e-02,8.978631146319608625e-02
-4.061343123132080818e-02,-1.283056226033829628e-01,-2.855301455104615471e-02
-9.467483476000894405e-02,-5.899738901759971760e-02,-8.173914140623732283e-02
-5.919709031421960949e-02,1.246721509356671503e-01,-1.665916953366037082e-02
-5.468059219195617326e-02,1.023769972104945636e-01,7.781416860987226680e-02
-1.273100217691715552e-01,-5.452927287783197741e-02,-2.339459000719669446e-02
4.645682376198774499e-02,-8.780282766762508018e-02,1.003244194400125661e-01
4.206971939319925115e-03,5.971091490876923513e-04,-1.418447411178657691e-01
-8.335250563816887226e-02,-3.296792442812753604e-02,1.109519922795912383e-01
7.832725878331041336e-02,4.891448900798982952e-02,1.096605343012679173e-01
-3.450780379980750850e-02,1.170542542536150976e-01,-7.661957219408241371e-02
5.340877070472807575e-02,-1.581527916097287892e-02,1.336852126362011728e-01
1.374845848910241364e-01,-4.652596268402774127e-03,4.757625753692945603e-02
6.638536886713142238e-02,1.021739629851373399e-01,8.096248764099152340e-02
-1.401963051611178649e-03,8.584724062495170671e-02,-1.193547521854067678e-01
-4.669506670968043976e-02,1.398225233528424538e-01,-1.018976773972914140e-02
-2.367372506707638574e-02,6.012793370782533453e-02,1.337072836600217696e-01
-9.338841283232089674e-02,-4.192878979860660549e-02,1.086021112989836168e-01
-2.522792205264056536e-02,-2.100992510685129391e-02,1.463485596516049259e-01
1.264665046577976779e-02,-7.949777090891230191e-02,-1.274339489302737938e-01
-5.036703322144665818e-02,4.536993529088414329e-02,-1.354585303067683821e-01
6.389583360584362437e-02,1.310325767211345527e-01,4.380267361898012440e-02
9.714527124953568904e-02,-1.146487999464312624e-01,2.859228157705137607e-02
-1.401534130128289091e-01,6.240637967322178875e-02,-9.555147488590333069e-03
-8.843018427531526560e-02,4.255294088986941582e-04,-1.266495873079528378e-01
2.379537289285261689e-02,9.375165635698115563e-02,1.213983789305062011e-01
3.865744113673082183e-02,-3.491970869967570001e-02,1.470168337369845701e-01
-7.184784704412645884e-02,8.383889581456620971e-03,-1.390378529864014778e-01
-7.580073202219514417e-02,-7.350008816510382459e-02,-1.168492039504618468e-01
2.364022820670701880e-02,-3.791836535407096948e-02,-1.518043104550139966e-01
-8.312583378365570597e-02,-2.037437441911394559e-02,-1.340048514310571148e-01
9.434392738483896035e-02,-6.268291496028394194e-02,1.126727973349177930e-01
1.195946290966857228e-01,-3.893654836947767900e-02,-9.975260853040660014e-02
-1.048391241033039128e-01,-7.234527523060171883e-02,-9.894713652953751604e-02
-1.361288973503359256e-01,-7.694629360050898870e-02,-4.256283515371069720e-02
1.109638563719829024e-01,-1.117820490192841243e-01,-4.128776688361709968e-02
1.028809635132849204e-01,8.717953072760854794e-02,9.262452317497400778e-02
5.386904187342334699e-02,1.435605265653711049e-01,-5.920692863222326574e-02
1.427200492474021698e-01,-4.300182730934878905e-02,-7.108729413196034075e-02
-7.700313791428023413e-02,-6.750534219947826320e-02,1.305429542805559284e-01
-1.505086352889605239e-01,-6.920300573868090610e-02,-1.854983093766984087e-02
-1.038174461047091796e-01,1.106704960742234817e-01,-7.085064679020242062e-02
-7.827998621744455821e-02,1.469252902194528032e-01,2.434399633668501289e-02
-3.970094816562608903e-02,-1.399495668008939320e-01,-8.607404753922126561e-02
-3.422079396854204453e-02,-1.551146896811139431e-01,-6.003580292929295431e-02
1.233558443026556983e-01,-1.113799241997289746e-01,3.847989898658685237e-02
-5.585106571469423964e-02,9.774300789159276470e-02,1.292228395922285500e-01
1.382522617766372142e-01,-9.880871327174961527e-02,2.766337475300060383e-02
-8.812310857244198825e-02,1.343712462175830347e-01,6.397771567034880869e-02
-1.065467340467155799e-01,1.109021480731450376e-01,8.085262451863972633e-02
1.532817672340762091e-02,1.686357547356902575e-01,-4.232829238648407738e-02
-1.259809958349339676e-01,-6.988319665194914210e-02,-9.993820826799819368e-02
1.019764102712843916e-03,-2.452595351889592587e-02,-1.744123740193345151e-01
-8.298050786811846102e-02,-8.502760379762488996e-02,-1.311044198202181710e-01
-1.277680697230363094e-01,-7.862860965780134326e-02,9.528985086695543338e-02
3.913685256922524308e-02,1.116520017565254125e-02,-1.738283453215452301e-01
-9.042976101281335888e-02,-1.297616101267465120e-02,1.543177885053177711e-01
9.641479579941378275e-02,1.471404035202227012e-01,3.876794970693381998e-02
1.724438147696225887e-01,-4.697914983312811293e-02,2.821768514233477521e-02
-1.728529212120210115e-02,1.625020311029908016e-01,7.954538676138984965e-02
-1.180576902026265890e-01,-7.033490372269168844e-02,1.201810973990568021e-01
1.573649753860130174e-01,9.289574274663603415e-02,1.522047537350140409e-02
1.672144574104853787e-01,1.119265394223554339e-02,7.640636939310907483e-02
-1.538243182006648335e-01,-3.583565447924322994e-02,9.632552797288469748e-02
-1.334420294251734418e-01,-1.275268389095786936e-01,2.139333190868047962e-02
1.929160059855795223e-02,1.584508585201934924e-02,-1.849570985136805845e-01
3.040229484618136094e-02,1.755965212150957244e-01,5.814417061745893317e-02
1.865910636328206862e-01,-2.388770977932235667e-02,-7.821265519927900201e-03
-1.215413627411126712e-01,-9.575590439717780733e-02,1.087078120332148345e-01
-1.325160370069558835e-01,8.483504693966759103e-02,1.063687074336286675e-01
8.129503164255255654e-02,-1.126744963977876351e-01,1.306993297277102839e-01
-1.761714975384343351e-01,-1.402452725522881048e-02,-7.396396097857160790e-02
9.773209327418257153e-02,1.130424946717461243e-01,1.212133150899573075e-01
-5.780062280686871362e-02,-1.053818114714201865e-01,1.513200718538074141e-01
-4.150470940515054580e-02,1.618420744349970408e-01,-9.875102826985152071e-02
1.897856618530010808e-01,-4.383605156425492144e-02,7.241105075679051852e-03
1.219985512309339085e-03,-1.584479245260845270e-01,-1.149472984169479239e-01
-1.041073629756353175e-01,9.386462514109281119e-02,1.378434492384781329e-01
-1.427960813652558170e-02,1.759023148137070780e-01,-8.852089544105265495e-02
-1.794201250556028693e-01,-8.323389310526825569e-02,-1.399726173767941971e-02
7.483173851859563352e-02,-1.454086288969951013e-01,1.136133613476128651e-01
-1.155693305931638631e-01,-1.408309909057096077e-01,8.246247844793498649e-02
-1.945487499232534390e-02,7.744682645912526198e-02,1.842650995797788516e-01
-1.653630172960117439e-01,6.862557550814400720e-02,-9.283514195860048668e-02
-1.132174329770672949e-01,4.525265635786328289e-02,-1.617146019004643553e-01
-3.703587320099136371e-03,1.404900978702425945e-02,2.028634423914368046e-01
-1.571298415712540086e-01,-1.010189981073778137e-01,8.257931125780784698e-02
1.994435258845835834e-01,-4.742547175292050055e-02,6.214499153319501257e-03
-7.844440201788813183e-02,9.513512888120390087e-02,-1.649700145452627220e-01
-9.694812153586560011e-02,1.651244673241477889e-01,-7.816888021685866605e-02
3.197516979401409526e-02,-3.860313017927618790e-03,2.051741984339656433e-01
-1.146429968215029044e-01,-1.090854186631830258e-01,-1.358373289848286425e-01
1.092097316921891853e-01,-1.722783795409197072e-01,4.744247895100043438e-02
1.801471877480422534e-01,7.141614258021551642e-02,-8.166645858693845350e-02
-1.211379896399357864e-01,7.081336950927515084e-02,1.578016612876820546e-01
1.171270462072617341e-01,-1.727803419661264606e-01,-3.726245463510019507e-02
-4.259721493946467402e-02,1.502888331726484061e-01,-1.446767344473338102e-01
-1.705014306423029702e-01,-8.438265543858584905e-02,9.755074148076263441e-02
-7.179672398738107253e-02,3.898352641592355006e-02,1.985193237509687847e-01
-1.735304434071385515e-01,6.193957384673135641e-02,-1.118685330530552330e-01
5.860252791160585478e-02,1.753774989931163597e-01,1.124911976334523195e-01
-1.099079401498838718e-02,-1.550897723008039519e-01,1.518436067827979019e-01
-1.852222951841335855e-02,1.739949099792537646e-01,-1.303824169249383491e-01
-2.178349723982293817e-02,5.833154345568392074e-02,-2.100690305782244582e-01
-4.178254358782987343e-02,1.946193541506820723e-01,9.367650846259097108e-02
-4.542280491908558260e-02,9.131487485594773357e-02,-1.959343683763829502e-01
-2.130551096726478466e-01,5.061999996357048837e-05,-6.161229328981515652e-02
-5.461346901238453566e-02,1.772855559346211141e-01,1.231864622432324030e-01
-1.740231563452330765e-01,4.002464107084125269e-03,-1.403185291399939860e-01
6.645662286583504941e-02,2.044895723632242091e-01,6.450655842571928478e-02
4.271922456560534043e-02,-1.089503006198568325e-01,1.926271126518737942e-01
1.033452879502992812e-02,-1.207886669868504653e-01,1.910834883086930391e-01
-1.437163113556256568e-02,5.210354248566919158e-03,-2.266887390345128928e-01
-1.769777067176191154e-01,-1.322630447962483968e-01,5.675660874434788200e-02
-1.698656599923459645e-02,2.241821248124711841e-01,-4.366720256817085283e-02
1.396582013255513455e-01,-1.354962348933315686e-01,1.225113196228981433e-01
-1.174084312409686831e-01,1.295274017965886704e-01,-1.507742701674534280e-01
-1.811817361166796758e-01,1.357873804062324219e-01,-4.954672999195307986e-02
1.170234362663381267e-01,1.973479504419040631e-01,-3.881772820486862480e-02
2.047198375156702166e-01,9.014230916200813293e-02,6.739391190098996398e-02
2.368932981851907399e-02,-2.327852075552659938e-01,-1.614337752296280543e-02
-1.891763603083070899e-01,-1.194627006976672762e-01,7.339872377971103090e-02
-1.229368830442540694e-01,1.771817715151685069e-01,9.683966764464092825e-02
1.340302962748055049e-01,-7.520950086038498406e-02,-1.808460464268441814e-01
-6.512719007995453058e-02,-2.113508316627130679e-01,8.865102556057459504e-02
-1.460446017922933104e-01,-2.174285100631949755e-02,-1.881875616503209392e-01
-1.504156996725612427e-01,-1.724078039258315764e-01,-7.291352603704658042e-02
-3.436027497113085249e-02,5.781455041340287371e-02,2.315053650991810708e-01
-1.636181786329929111e-01,-1.760820530827210406e-01,2.823224671894344895e-02
1.710041312814944703e-01,-1.150207882072169958e-02,-1.722089964067549939e-01
1.752750724657790304e-01,-4.895499478621448408e-02,-1.623986832133785807e-01
-2.316920569952837239e-01,-3.812406761433248525e-02,-6.942691139704056102e-02
-1.058076290417845899e-01,-8.633653611650225768e-02,-2.043815980331467330e-01
-1.644019329791334139e-01,-1.830343441861622122e-01,1.899321950827932703e-02
-5.681467070923791607e-02,-2.342350274084250283e-01,-5.717052935578270656e-02
1.276798459121383233e-01,-1.266693532231101885e-02,-2.130137467229903936e-01
-1.223674386266502684e-01,-1.111169913116687030e-01,1.870685111126363098e-01
1.044466865177756942e-01,2.162183087058414388e-01,7.167169476314892707e-02
-1.142481482156095934e-01,-8.505997993968370668e-03,-2.239534809419393147e-01
-6.477416708899899449e-03,-6.700479228009596777e-02,2.433831996932502295e-01
6.031717429349886528e-02,2.461786589521750557e-01,-3.834780451387903924e-03
5.277134911465718170e-02,-5.331474093398726882e-02,-2.431508722555532076e-01
-6.455139331251541490e-02,-1.686193581910467587e-01,1.806823178277592035e-01
1.704695203791913305e-01,1.817729922026150580e-01,-6.035791216447772278e-02
-2.210819572799838650e-01,1.025019976400697030e-01,8.283963114037447284e-02
-2.354896705989903138e-01,-1.055929482777695633e-01,-1.208518267166092987e-02
1.522488039185841968e-01,-1.687465848354380848e-01,1.249171660337080325e-01
-2.060370113452180130e-01,-1.591167381861479657e-01,-1.106202290686934516e-03
-1.523526207247136999e-01,1.194925345469225186e-01,-1.754854630376840030e-01
-1.193284766132412383e-01,-1.461452740640614423e-01,-1.822214869495000777e-01
-1.521774783169036749e-01,1.350315090053771649e-01,-1.671272572335239515e-01
-2.511562295190324368e-01,-7.498090011239799679e-02,3.384101813248493323e-02
2.179097549877189177e-01,-1.048212209285353941e-01,1.090945842145650685e-01
-1.855758017120285042e-01,1.771839906447879309e-01,7.121386936568033232e-02
1.948099558948228338e-01,1.159396125922437515e-01,-1.415784298180899625e-01
1.082192907535535487e-01,-2.239266544744404897e-01,1.005954643293164169e-01
2.366003148723836436e-01,9.559575688234002444e-02,-8.599798170241237938e-02
1.699715113341651318e-01,1.866550420338125571e-01,9.657467334171694617e-02
-2.025361380671421851e-01,1.794583661426492338e-01,1.942583357176915979e-02
8.652320087047091213e-02,-1.712897770421022980e-01,1.932016606747770371e-01
-3.311848018708396513e-02,2.653135437238861583e-01,-5.673032037068408140e-02
-1.774801950443866405e-01,8.906016046333872782e-02,-1.892933139111282748e-01
-9.800942287430173400e-03,-2.478222450996529214e-01,1.196276768605369356e-01
-2.337476799937613370e-01,1.411735593474370831e-01,-4.263740469529929411e-02
-2.658993619190328991e-02,-2.557185070637580382e-01,1.041802044996833904e-01
-1.151115633293300633e-01,2.524465753924228784e-01,-2.329293929842227856e-02
-1.572631543656931863e-01,-2.880266665501541798e-02,-2.292044079673647428e-01
-2.668345510871010240e-01,-4.393511408613485353e-02,7.444382788411808838e-02
-7.967378547115219756e-02,2.699547240763649492e-01,-5.455650420447135697e-03
6.479843102643378927e-02,2.064521654499236192e-01,1.817023961337498883e-01
-1.389599731493664780e-01,1.092043982353837484e-01,-2.217859185131344502e-01
-3.059191723339637833e-02,-1.810337063607327379e-01,2.175001213053215920e-01
-5.158425341680740461e-02,-3.725637624944562465e-02,2.784974828697873162e-01
1.114786199239029690e-02,-9.582439946748209925e-02,2.700023076366205310e-01
1.085877773278447339e-01,-6.392387506093935579e-02,-2.587119442381999868e-01
4.015696907109289615e-02,-2.586147318138599244e-02,-2.848389795263606694e-01
2.686951374431635342e-01,-4.427165719603930877e-02,-9.932982432274439777e-02
-2.825649159690973855e-01,-3.681933398757117337e-02,-5.862888698612731680e-02
6.334180067563491279e-02,-2.169903170617433485e-01,-1.848109658797942034e-01
2.554703544313198793e-01,-1.180595117746205402e-01,-8.166234644189895864e-02
2.513441631949204780e-01,1.443269404875529571e-01,-4.991243155214591248e-02
1.074543595481398245e-02,-2.949158448638785068e-01,5.641072573239088589e-03
-8.991010786918008854e-03,9.192896059917389506e-02,2.814637578340791202e-01
2.432606718497666298e-01,-6.565619974778462431e-02,-1.578032509828404539e-01
-1.491808782777752918e-01,2.256295265201758438e-01,-1.259494263724572072e-01
-3.604622855323998815e-02,1.885704908406359293e-01,-2.298065152217590168e-01
4.075940332705019903e-02,-1.893355818049589356e-01,-2.297956567531883043e-01
2.838989518085889840e-01,-5.381332041328329430e-02,8.643395541689800898e-02
5.139180103834916497e-02,-1.108594061383671135e-02,2.980858012725461359e-01
-1.029809294289558419e-01,2.802904678700629537e-01,5.575901274048557232e-02
1.741346632742535316e-01,2.473872463900999574e-01,3.761892370783340850e-02
-2.897311075472741582e-01,-8.860547982062307037e-02,-4.253257871961993453e-02
-2.390911632225422856e-01,1.127599765491537481e-01,-1.561863173111597003e-01
2.461174788779106060e-01,1.031271680955250375e-01,-1.540714052198757511e-01
-2.099589100068937342e-01,2.188836794565088006e-01,6.026328310918808301e-02
3.084183470714870201e-01,-1.855849864255442253e-02,-2.897642905709739078e-02
2.310159166395983066e-01,2.087927623925112386e-01,-5.351770319078259959e-03
5.689236117678752452e-02,2.584157117332768760e-01,-1.663295732535489124e-01
1.932598718365329329e-02,1.425864084204859217e-01,2.786936971562246068e-01
8.935514503556317434e-02,-1.522793329423658901e-02,3.014233279866977422e-01
-8.938473847119689231e-02,-1.770500153843260205e-01,-2.458408637115818696e-01
-3.156344700474970066e-01,-2.770353598560987285e-02,9.349712836905494165e-03
1.448682140062656776e-01,2.510028247148898273e-01,-1.311522593351638621e-01
8.392060890406648210e-02,7.850305244106682567e-02,2.978238178120929947e-01
1.900568962506396509e-01,-5.578359391426597480e-02,2.517726869412594271e-01
1.042352021915808474e-01,1.835282187290868117e-01,2.424831018063242638e-01
-3.012761303998847118e-01,8.909459379260670220e-02,7.326290641160621009e-02
-2.059883158269049386e-01,1.290754658092165830e-01,-2.138040753624680101e-01
-3.019480109164927157e-04,3.002363799561660884e-01,-1.240862622310278385e-01
-2.201748175439683861e-02,-4.760171275505052646e-02,-3.217584951294603646e-01
-8.883291735841319925e-02,1.606107620131825842e-01,-2.708067619039053464e-01
1.919950881010940025e-01,1.461244261284558588e-01,-2.226151175653328096e-01
-3.062863678223683855e-02,2.573905595989879891e-01,-2.033147047032713428e-01
2.085753701100272750e-01,2.460822557744135053e-01,7.226381579470679550e-02
1.413350670657446406e-01,4.450703111683231711e-02,2.967954053011171434e-01
-4.089669957178760501e-02,3.222660811268783787e-01,7.267906025619449983e-02
7.078600118613188885e-02,-1.781994726977608190e-01,2.735236809319918083e-01
-1.761189527611349559e-01,-2.609500938301524964e-01,1.150794501318019164e-01
-2.058839019491133238e-01,-1.609066745481468053e-01,-2.117940178308096166e-01
-1.935934902487273027e-02,3.276270347508554170e-01,7.877730723233598853e-02
9.322465383289774143e-02,3.243807139676834761e-01,-2.820087816117527665e-02
5.144142684561577722e-02,2.446073672573010616e-01,2.302681848656531194e-01
-3.050131914676321165e-01,-5.710000639918261928e-02,-1.414462223388184836e-01
4.502197531773521888e-02,2.683567664636976602e-01,2.075111451614704283e-01
-1.657945226923588644e-01,-7.023108054058470502e-03,3.006217671163359806e-01
1.524199833492559386e-01,2.558939431369845474e-01,1.732313929504243621e-01
-1.507825257408615116e-01,3.047194396914960079e-01,6.285039704349015821e-02
3.004325503588627932e-01,-1.726910905526849171e-01,-1.670619129464651423e-02
-7.453660466286796127e-02,3.061518873820733844e-01,1.479954759408981524e-01
-2.899254989661648185e-01,5.427025839955106588e-03,-1.947619309600352733e-01
3.463415923753573877e-01,-3.799244966884290226e-02,-3.818986564451541665e-02
-2.898594310802560803e-01,-1.482896505762715533e-01,1.329919536949132897e-01
-2.763018757260984892e-01,-1.292186899986786097e-01,1.774841526769682376e-01
-2.222538708265197893e-01,2.717675052257864099e-01,-4.622779292257934991e-02
1.464742187418950452e-02,2.536822957549614288e-02,-3.541027333773676955e-01
2.443504735548639173e-01,2.593898300123790857e-01,-1.081766625839805478e-02
1.267722488713134421e-01,-2.770014380961476896e-01,1.875410751547470223e-01
-1.867562653227952396e-01,2.758632636440031538e-01,1.336585497266841449e-01
2.391845952834676658e-01,-9.712760538091652629e-02,2.511482273274052712e-01
-2.323673229413791286e-01,-1.622867740359452415e-01,2.242038855735232206e-01
-2.712723957409762798e-01,1.703482951940357981e-01,1.699330927688616766e-01
9.596503573165043877e-02,6.584527659695262047e-02,-3.447176924480008231e-01
-1.969014511038713056e-01,3.036999783493662952e-02,-3.059059621406532425e-01
2.234407638495226889e-01,2.690046033285672378e-01,1.090077310985747699e-01
-3.351176638887702619e-02,-4.626508216724160155e-02,-3.630627909798277986e-01
-3.279377301110051324e-01,1.621537007181699241e-01,-4.639476492913995054e-02
9.930229910880630090e-03,2.036207803282549800e-01,3.087815220415636164e-01
1.724089414531194964e-01,6.887589326761825448e-02,3.214952677934669878e-01
3.426454378266771128e-01,1.458490759692864791e-01,-8.790183099988418611e-03
-3.334693443115134270e-01,7.606880131600508854e-02,1.506630472490373962e-01
1.256006599343846564e-01,1.706663269687013207e-01,-3.093912681553895871e-01
5.631751885459643919e-02,2.039661392773345697e-02,-3.714579829820235379e-01
-1.992875570367568516e-01,-1.652501187659878579e-01,-2.747621454156013443e-01
1.158892579330115247e-01,3.606066014649969009e-01,2.004344726125189408e-03
-3.595107138763891652e-01,-4.988017648840151891e-02,-1.126722261749659032e-01
6.317053140916262244e-02,2.136007083875049728e-01,3.094839107672209266e-01
-1.150767084933956158e-01,-1.951779799983517083e-01,3.082686423690280675e-01
-9.256383586758402948e-02,-3.074371073722913517e-01,2.103738171386972389e-01
-3.527482730836669633e-01,-1.481973510023508189e-01,-4.393971994184043411e-02
1.462300471963078052e-01,-3.230963895085882109e-01,-1.534187841723966272e-01
-6.900237209042443809e-02,-3.675352764048986920e-01,-1.022804536321798435e-01
-1.863557850900963708e-01,3.375164017378161074e-01,5.155230842100859412e-02
-9.535546747424123457e-04,1.159009470433624983e-01,3.726578132720850811e-01
1.681395960943590784e-01,-1.840042316309057069e-01,-3.019757917803210789e-01
1.606137585696394143e-01,2.625405272971775839e-01,2.441503399943626140e-01
-1.390730124865086070e-01,2.696538861617645555e-01,2.515965091106082685e-01
-1.686759082131722709e-01,-8.368301441026219922e-02,3.477475600963100821e-01
3.024274666383898746e-01,-1.948837485939484693e-01,1.672543832787087292e-01
1.635259407317851965e-01,-1.181871941967488904e-01,-3.431418306277996266e-01
1.728316404836088838e-01,-1.289845599980680435e-01,-3.361436725202053832e-01
3.025472737494073194e-01,-6.890545056843021265e-02,-2.535125070476046405e-01
-5.500820339370760675e-02,-2.836347110237261715e-01,-2.795243698643664065e-01
1.935890282283527497e-01,-1.545360838303775075e-01,-3.182975638123332063e-01
1.038825545024200936e-01,-3.772956074839676766e-01,-1.029415240989116076e-01
2.728734255805952968e-01,-2.729193634280008829e-01,-1.259792389006174906e-01
-3.047820471551392907e-01,2.421206086534210544e-01,1.199266717180023922e-01
-7.469506686197395495e-02,3.932090256528888439e-01,8.241100112559980595e-02
-3.049549659697559090e-01,-1.750422700809899368e-01,-2.108090946880744332e-01
2.751131647015285508e-02,-3.803914782338901901e-01,-1.540226899952091000e-01
2.984428951531746255e-01,2.799757523515552515e-01,-5.318760841761199787e-02
4.130786323048477038e-01,1.607875988872006778e-03,2.755347121613178213e-02
-1.131077341356416105e-01,3.039798145489875925e-01,-2.594555348915382753e-01
-3.981413676584136946e-02,3.069474475303587968e-01,-2.789932183624939666e-01
2.213270291505839704e-01,-2.676258922330539969e-01,-2.327252930962900590e-01
-2.164664484637100206e-01,-2.727196320572765620e-01,2.338252027187653626e-01
3.404964627778922504e-01,-1.075891167502147222e-02,-2.469785255997502260e-01
-2.451633066104626779e-01,-2.881658842060690895e-01,1.872374613718176817e-01
1.640761587509243224e-01,-3.639766438639833734e-01,-1.412781182466127383e-01
1.807185595738287631e-01,1.423131708839385501e-01,-3.572265142939600180e-01
4.020645070391061782e-01,-2.642392694212600604e-02,-1.390648056784856146e-01
-3.337490653755347814e-01,-2.679641777248797582e-02,-2.660137524946068477e-01
2.373320191075651564e-01,-3.599944059452511030e-02,3.555709212751441695e-01
-4.069324151963467640e-01,-1.298477782593604191e-01,5.280797481668700333e-02
-4.168316402903268214e-01,-1.054144066385448025e-01,-3.973660823501228012e-02
-1.629487192622004199e-01,-3.595124605290489495e-01,1.784425604856357817e-01
-7.765134536141385380e-02,8.582469208250710635e-02,-4.188768733165281755e-01
-1.264337752648262980e-01,1.840453688887901118e-01,-3.744492712960744707e-01
2.739073543933527310e-01,-2.261588212065794301e-01,-2.551886670378412103e-01
3.302161344793164699e-01,1.811080115099398535e-01,2.251271445209087341e-01
3.593388607357608233e-01,2.420908725677466400e-01,7.765485884941272787e-02
-2.712130739098156940e-01,1.445866105243942545e-01,-3.170890437485986979e-01
1.850508504291842604e-01,3.833829947776956626e-01,-1.226072038659873215e-01
-8.840710856605431267e-02,4.344905644035305659e-01,3.032496367009078833e-02
-3.058131017093693171e-01,2.910844543918428839e-01,-1.432875578918326176e-01
1.136584499614337884e-01,-3.933622244764563569e-01,-1.800106019559056802e-01
4.213666743372541101e-01,-4.597413156247547733e-02,-1.472151515732467164e-01
-3.487593006407679330e-01,3.839506474274755055e-02,2.819851624688647362e-01
-2.039660373113262593e-01,-2.917819061863672903e-01,-2.778098489574010732e-01
2.228628193577260608e-01,-3.937448762324357587e-01,2.271109140252821137e-02
-4.022981995885686612e-01,-9.374349524159251990e-02,1.894618075134784640e-01
4.548807979182651895e-01,-1.856548287663050897e-02,2.413229589036110581e-02
2.812036939047337647e-01,-2.030352703528346403e-01,2.981077493589479044e-01
-6.432488394513866115e-02,3.118941509040085158e-01,3.302760929886961461e-01
-1.126292014688733412e-01,3.742559047194712329e-01,2.430708688687689967e-01
-8.229914555836828627e-02,-1.320706728222379445e-01,-4.347024798688385316e-01
-4.213932314587406219e-02,-3.979338822688175403e-01,2.332557945002758093e-01
5.855651866339939282e-02,-1.941996372829160877e-01,4.180357105386686700e-01
9.321379064924979752e-02,4.299499918574433699e-01,-1.540092957918023087e-01
-2.151641586726785182e-01,-3.986951480762195299e-01,1.157035590429683625e-01
-2.248608256425727869e-01,-3.121695914702924401e-01,2.683509947477687452e-01
3.944047764621753938e-02,-4.458112550875915070e-01,-1.453022253988127122e-01
-5.486960050114083470e-02,-4.185284255960292632e-01,2.112781575688116587e-01
9.032132337193128635e-02,-1.108346973094773008e-01,-4.514198802013580925e-01
-3.679326144030465318e-01,-2.936754633741246456e-01,6.338240040626055838e-02
2.461882711040470906e-01,-4.060467284494138629e-01,-3.971287286709616199e-02
-3.802589242262398306e-02,-2.610199719838793841e-01,3.986388705982919500e-01
1.692407815871652677e-01,-1.858745644994695689e-02,-4.482644113738166736e-01
-2.452761938397748087e-01,-3.783164464838926211e-01,-1.676059171083555954e-01
-2.466942634895420983e-01,-1.133390994275010888e-01,-3.989063604607615554e-01
-4.325032539504150564e-01,-8.259487582420745044e-02,2.010268715067534961e-01
-7.139546121530696010e-02,-3.731953032440842727e-02,-4.788251542212267342e-01
-4.037893909824936123e-01,1.379381922353447310e-01,-2.348823947057858130e-01
4.062559418497405650e-01,-2.242045177945687084e-01,1.530299786083995917e-01
3.250620096262068492e-01,3.667516748878469901e-01,-7.283598731495478408e-03
5.201549256732179022e-02,-3.764307033016643378e-01,-3.119666294914321680e-01
2.529202632782575622e-01,4.021769441296150216e-01,1.323856296410836630e-01
3.336517637366732125e-01,3.520648048206717062e-01,9.740741396698301968e-02
8.571258881044177547e-02,4.685511675986442914e-01,-1.392958274550370745e-01
-3.445969349968723838e-01,-2.416534221255485504e-01,2.658647271749511876e-01
-2.928713159256653431e-01,3.873039596722275268e-01,1.165989915713347563e-01
2.696660812021693943e-01,-3.580477903104047899e-01,2.236283484029707169e-01
1.582652256449223749e-01,-3.930768522119506558e-01,-2.700616968405217810e-01
-9.028753443143770763e-02,-1.241253501698890704e-01,4.801075631141556999e-01
-5.024672301390642470e-01,5.416507298333917558e-02,-1.534034679728928964e-02
1.306137626476263358e-01,-2.011375406682362477e-01,4.468951204138670308e-01
9.864214743722826695e-02,4.385351411964425461e-01,-2.382980507474861398e-01
8.041831048731482023e-02,-4.754373445615179272e-01,1.671171507874153195e-01
4.406580148164896404e-01,-4.040096532245569805e-02,2.573706834217133199e-01
4.054374413144190559e-01,-3.413891660453804988e-02,3.132583563184163644e-01
-3.371146618601311706e-01,5.234459695345982516e-02,3.859052707961863060e-01
2.731356845250869081e-01,4.063052089708720782e-01,1.651195252176878847e-01
-7.881781938570239787e-02,-3.381206660640687645e-01,-3.847922203975479571e-01
4.506787624462811337e-01,9.153796479892342686e-02,2.424311082145622909e-01
5.165201338253817831e-02,3.048475220052502821e-01,4.199203411318819246e-01
2.179942890007026401e-01,-4.711494191200858994e-01,6.409827754774236053e-02
-1.485979058340788084e-01,-2.515464220635851150e-02,5.025792076305181100e-01
-1.775786964744627272e-01,2.968642256577486704e-01,-3.966544574118754940e-01
-3.354715351267250067e-01,3.482412365856921155e-01,-2.118747587141553979e-01
-1.273664381113110700e-01,-1.278235393134170561e-01,-4.978544394927354455e-01
-5.696861051720503860e-03,5.310990689381139829e-01,-6.852257463049776093e-03
-4.665625428852082646e-01,-2.499085030305424338e-01,-6.120263518523182816e-02
3.238259773534050701e-01,-4.057746433533245822e-01,1.269205830537414315e-01
5.591768630164871412e-02,-2.141316869005493728e-01,4.882623290248954140e-01
1.724941321577317388e-01,-3.429244909604175495e-01,-3.765522213128099094e-01
-2.572273821392856985e-01,5.486250876014139854e-02,4.708934101086896251e-01
-2.179852211606605750e-01,4.933500899432236020e-01,-4.228123117212408133e-02
-4.990276103828304999e-01,-1.442666906763179213e-01,1.570065634103954832e-01
-2.587157666310771487e-01,4.610383498385118295e-01,-1.296342577236876681e-01
6.254795379392508355e-04,4.889882470493756017e-01,2.428950092251381254e-01
-4.248151176490789771e-01,2.360521023987733613e-01,-2.524717172740925109e-01
5.024284304979153015e-01,1.490917128589541729e-01,1.646217714629031603e-01
-3.739143594675023441e-02,1.586614635433198639e-01,5.263401898946368229e-01
1.433133373300129847e-02,1.939659909509494351e-01,5.173297289517114761e-01
4.824098979490495931e-01,-2.034848147478970914e-01,-1.821967768996448078e-01
-2.600373967018846863e-02,5.455221564719636707e-01,-1.045151705014265853e-01
7.345270732099398736e-02,3.104857022576636150e-02,-5.520126452588363097e-01
-1.163024458860619469e-02,-4.098249951185688467e-01,3.806297627735772404e-01
-2.031200726126625722e-01,-1.949119168871475682e-01,4.854134995913424455e-01
-4.143329123864296082e-01,3.527499098324882731e-01,-1.438217804835492386e-01
-5.471873937501832152e-01,4.372039998964808577e-02,1.318642655847716560e-01
5.520117767696061106e-01,6.968249530567166561e-02,1.052439789275725068e-01
-1.684361772587086581e-01,-5.000929304541705811e-01,-2.100739641686062420e-01
1.743200733683393233e-01,1.427506684449493246e-01,-5.232455829037173656e-01
-1.218295896608967560e-01,5.506098885997130488e-01,-9.222028724965776469e-02
2.935638488976543559e-01,-2.264848949302213921e-01,4.370594517941557289e-01
-3.086317857945384269e-01,2.468828537175809384e-02,-4.843775624843263405e-01
-5.062412485186773559e-01,-1.584384234640165701e-01,-2.260557990859516364e-01
3.534324779506992087e-01,-3.938638965113578361e-01,-2.333478408825339911e-01
-3.601271198750218283e-01,3.669218698908650045e-01,-2.686867869109958451e-01
-5.349691567848597895e-01,2.072229217191435546e-01,9.702963019899278618e-02
-4.289257399314610475e-01,-3.407204606345408671e-01,-2.013050522601940173e-01
-4.369465689662658803e-01,-3.895165923320202950e-01,-6.681685878877143296e-04
-2.860178635966841298e-01,-2.639861375397815069e-01,-4.395641976788358662e-01
-2.621639015942159867e-01,5.050871059654347128e-01,-1.514779801191265263e-01
-3.891997738708196652e-01,-3.846498141560947825e-01,2.223616754574642418e-01
-2.471256716105896256e-01,1.287778427432441641e-01,-5.228014558923215205e-01
3.050653204194088142e-01,-2.768715253081605598e-01,4.282107480358396390e-01
7.228839039541931633e-02,-4.838914492399287726e-01,3.403424759113199416e-01
-5.407828915533271497e-01,1.799101095846246112e-01,1.803599211503430777e-01
4.947197474774812087e-01,1.592303396095188228e-01,2.989767186145717570e-01
-3.807223734834826456e-01,-3.264816886623025383e-01,-3.318227809484109447e-01
-4.726838581972998554e-01,-1.507339143185537633e-01,-3.430223141291933731e-01
-1.966495614847073581e-01,-3.385406259619253011e-01,4.612102391988460726e-01
4.225772367652958494e-01,4.222852780801565897e-01,-1.062627802287892942e-01
3.568401131676842732e-03,-6.062733962474232685e-01,-5.303152954006105230e-02
5.792490112499802946e-01,1.552166812998495571e-01,1.139612749349826343e-01
4.269393841339470530e-01,3.149811184617558601e-01,-3.055270422277955866e-01
5.738721084333706646e-01,-4.065261536301713330e-02,-2.146990077674434116e-01
2.184712125025941032e-01,2.256635877783022548e-01,-5.297889040204625255e-01
4.050414454916752005e-01,3.445374118321800627e-01,-3.143725738686560800e-01
-3.458847175364459514e-01,-5.109886442621097702e-01,-5.591107940607482202e-02
5.014254245779837804e-01,1.438032652996159844e-01,3.377190127765030692e-01
-5.270994327023582615e-01,-2.157332120353253058e-01,2.531560906027172098e-01
4.163929011778840228e-01,-1.961137630919557173e-01,4.230048439526565285e-01
-1.415273609442233294e-01,-1.067634587630914983e-01,6.013941742818161851e-01
-2.171091533866834067e-01,5.478823506511660835e-01,2.193880864030773592e-01
-3.851230185932773553e-01,-4.965080705825435370e-01,5.435464832661777296e-02
-1.187669672287198219e-01,-3.712976443619998568e-01,-4.981881646834909194e-01
3.166964789240550582e-01,5.453861382712413830e-01,-6.923583198296473507e-02
-3.840429878870466052e-01,1.049049067173222181e-02,-5.072744701509469545e-01
-8.487384500590770819e-02,6.148009115158290516e-01,1.488145862881433967e-01
-2.986604475840112793e-01,-2.602565063940363022e-01,5.028061489918735916e-01
2.544060141845149586e-02,6.274756226361800915e-02,-6.384278447548635826e-01
1.845854445786160314e-01,2.372699486668423674e-01,-5.694277284968939368e-01
-4.260164035349210399e-01,2.874844059877675745e-02,4.845158730167204442e-01
1.533924934038913834e-01,-3.832482964637392020e-01,-4.991313747018811253e-01
4.726178662130121055e-01,1.541435008013933017e-01,4.182040686064398272e-01
-1.522820325865946178e-01,4.921180016835007831e-01,3.989333305386861261e-01
2.652375425721997804e-01,5.968576990316697417e-01,2.088919475397729361e-02
-4.031327132995248808e-01,-2.221712363950548441e-01,4.665539300419547786e-01
-3.147370083733134760e-01,-3.154631779191363061e-01,-4.832266308091960338e-01
-3.152068867167420740e-01,-5.643851570765905379e-01,-1.294133066526383657e-01
3.439828693034329143e-01,-3.842789025952186299e-01,4.137661566040557459e-01
-5.335868921395656717e-01,1.879232605716468427e-02,3.933264769470206090e-01
-6.391009053171987919e-02,-6.586736534638726326e-01,6.655175658510041614e-02
-6.192662522510254952e-01,-2.383279453308678741e-01,6.839900472958380939e-02
4.002909479296345441e-01,4.712975395021137826e-01,-2.554091197507084576e-01
-4.293003031416868231e-01,1.292278013754748212e-01,-4.992216315425501150e-01
3.090018233644705181e-01,-2.366352285848871348e-02,5.973488493703963398e-01
6.092970575146079426e-01,-6.884915439777346269e-02,2.820385935509819308e-01
-1.094077137332365585e-01,-5.753445504020742174e-01,-3.394302732585361970e-01
-4.410112497892378913e-01,1.967504439240885250e-01,4.771712945945300044e-01
-5.259385816862907070e-01,3.773571602396298963e-01,-2.111599306802914300e-01
-2.549724779412203546e-01,1.456697363997816186e-01,6.165115070817477338e-01
5.942087088014150753e-01,-5.721873330002804486e-02,-3.356969270937255612e-01
-1.239905097844966747e-01,-4.659484834191250369e-01,4.892001105052408150e-01
-4.450874886213124770e-01,-4.207553383701980732e-01,-3.153144056503393577e-01
-6.064174950547223109e-01,-2.589881708786653247e-01,-2.062076087545876013e-01
3.309258352308233064e-01,-6.087645880241174812e-01,4.980863746682809637e-03
3.803254889098565128e-01,-3.249426046887622654e-02,5.807194330274229044e-01
-6.015890616615345854e-01,8.247766959507532580e-03,-3.518286522234883029e-01
-6.395078232173226906e-01,-2.805737228088494017e-01,-3.010781975043420183e-02
-2.438207886477927466e-01,3.686074782837019392e-01,5.441792147847982486e-01
4.859195831209731642e-01,-5.179372040167599250e-02,-5.054884999632033304e-01
-5.975683556636727234e-01,-2.957021426820968801e-01,-2.295096759366699324e-01
6.230252160993635657e-01,-2.405449988620470547e-01,2.325485574378166054e-01
4.210475707563702402e-02,-3.395072808882527715e-01,6.212708008063762000e-01
-5.865737673899381818e-03,6.197529509912964168e-02,7.085689213984550650e-01
-6.523550609918343790e-01,2.863426146457730415e-01,-3.649045759789926180e-02
-3.435536469898164968e-01,-6.142804966081325535e-01,-1.283837615510089736e-01
-4.696558803335434407e-01,-5.351378123436011380e-01,-8.876926185249721379e-02
-4.143241886209074187e-01,2.744225316049047070e-01,-5.204323494658257276e-01
5.795213586505155723e-01,-4.286542826329569067e-01,3.523577322252600952e-02
5.476370587432553005e-01,-3.289157450367181101e-01,3.402413558825099771e-01
-6.287173821284521846e-01,-2.636377668179497036e-01,-2.492124862909055327e-01
-5.563178876822254537e-01,9.227263238341881779e-02,4.603812218067863671e-01
6.780172401686823669e-01,1.727229820941185157e-01,-2.085373508885752236e-01
-3.989493990101611320e-01,-2.763652417079759949e-01,5.482519443123231584e-01
5.580448532602871881e-01,2.937302422775922017e-01,3.762096004462365806e-01
3.202554842267443802e-01,-5.734295650830264490e-01,-3.331115641386274140e-01
-2.152073152538613587e-01,2.152756930297747631e-02,-7.061944204562755623e-01
3.308266307113516547e-02,-4.155795776058232027e-01,-6.122449676438096455e-01
-4.288370916923070486e-01,-1.760770463520108242e-01,-5.804427237285296748e-01
-1.852254033027466440e-01,6.537053755164896618e-01,-3.055638330311115092e-01
-3.311637660008343031e-01,-1.230775869439695164e-01,6.583298378758025704e-01
-7.579939869819257714e-02,4.930464938779737238e-01,5.591061408636093244e-01
5.754126379314328243e-01,-1.607850584271690586e-01,-4.557741338988278712e-01
1.538117453804443979e-01,-5.888946313673771860e-01,4.443933430615290558e-01
-1.339225498756027588e-01,1.957001957311954865e-01,-7.176229457552870672e-01
-1.260190291770132143e-01,-6.978197769370247418e-03,7.473824807545993432e-01
-4.509123097613044334e-02,-6.844105824682957806e-01,-3.276737299675016590e-01
-1.715806416087408137e-01,-1.479882328469397657e-01,-7.278800635035412858e-01
-6.612031280693383417e-01,-2.936499884932802229e-01,2.471362153090375657e-01
4.244843809897001496e-01,-6.230126431303502077e-01,1.397448640402264575e-01
-1.133420720831744971e-01,-3.426375576145118118e-01,-6.789664917531661459e-01
-5.536298244458354167e-01,5.355017476437889945e-01,3.707198035208464360e-02
-1.124790813759407732e-01,-4.453257970625690843e-01,-6.221687118897911706e-01
-6.555902982277115321e-01,-2.856252293659899966e-01,3.001938330656146459e-01
-3.799922787154997456e-02,1.870569143222147457e-01,-7.540006608027144397e-01
-5.451489922723361525e-01,-1.058705522910353830e-01,5.477481602628065938e-01
2.180828076247918468e-01,5.582937863066222972e-01,-5.026561765391108771e-01
-4.915730609784208505e-01,-5.584263460664009582e-01,2.488795138148908459e-01
-2.325865099039208794e-01,-4.393506683304686522e-01,-6.097769860821706800e-01
-8.764812470255095578e-02,-7.445577589033183230e-01,2.458701459126997335e-01
-1.981657112228510098e-01,5.151464928756176453e-01,5.669399815232888384e-01
5.597329538188217102e-01,5.496057599792021353e-01,-1.195150961231101205e-01
4.620846067174715355e-01,5.821283975468524163e-01,-2.843580576217833999e-01
-2.603524162503265682e-01,-7.088000148828054181e-01,-2.582581035300380856e-01
2.812076247261183215e-01,1.586323849978489575e-02,7.491267218492801971e-01
-9.897955310220661607e-02,7.200899174295856131e-01,-3.403750797553135032e-01
2.405880555342369276e-01,-7.676576728831476792e-01,-2.610618797021455398e-02
-6.468040738668577871e-01,-8.803115414804948968e-02,4.748239222633795498e-01
4.418888304248481114e-01,-3.301399830020251835e-01,5.924732038318395455e-01
-4.374174331858494136e-01,-1.411529223488740270e-01,-6.691517526954857686e-01
-7.516749912831710567e-01,1.726225705124405929e-01,-2.607062602710508159e-01
3.631402747766843686e-01,7.085962783079623462e-01,-1.805029529898554141e-01
5.282319325374932317e-01,3.599762551107740238e-01,5.116133655130872260e-01
4.848838065760943117e-01,-1.532747018665587546e-01,6.446503092654815026e-01
-1.192373301192622137e-01,-1.997349440464713521e-01,-7.898781010718898266e-01
2.552495322052502624e-01,-6.457031048012040753e-01,4.469832434192188564e-01
-7.979028163129808782e-01,2.098696067547863031e-01,-7.116830649155922450e-02
-1.677745930168714483e-01,-6.921793099387704151e-01,4.270823320219129804e-01
-4.731308231164907396e-01,-5.602220075131497667e-01,3.948160463198947534e-01
-4.397420348550979963e-01,-6.282899611978806087e-01,-3.307596096695656906e-01
-6.774943908353761035e-01,-3.230510136297282675e-01,-3.716524341626398775e-01
6.141841090093616007e-01,-4.210555656065010366e-01,3.885357657493090366e-01
4.983036066578739320e-01,6.726619781589756597e-01,9.324254135883207339e-02
5.376054469682426395e-01,-8.771183432578415207e-02,6.455910396519545236e-01
5.812930644898504917e-02,-1.670761340615719778e-02,-8.449200184872684982e-01
7.436593443466557041e-01,-4.041413866594916748e-01,-7.250583216517221541e-02
-1.535110374453516058e-01,6.022082426982409142e-01,-5.826544516921006167e-01
-2.672238290120855786e-01,-2.892921795822592790e-01,-7.581026885867399034e-01
-1.183773886751676024e-01,7.893448851858702042e-01,3.112442168867698422e-01
-5.558451095693671684e-01,6.040537665318193028e-01,2.534992264869875833e-01
1.386397491503824353e-01,7.632450519701060587e-01,-3.748594240424032442e-01
1.025638870601302544e-01,-4.874222203784426277e-01,7.059623203775287070e-01
1.843591744996658788e-01,-8.371962680561231274e-01,-1.257687923032110855e-01
5.352771927345129077e-01,4.757246038194025695e-01,4.920482350029248830e-01
-8.131003980775338702e-01,2.289009728544071920e-01,2.137400873146268754e-01
-5.938349049793271162e-01,-6.236221579576485263e-01,-1.481769541554992797e-01
-8.117143577209918748e-01,-7.170161803669285183e-02,3.221650474517343543e-01
-1.604558542573648883e-02,-3.930165289306462029e-01,-7.857643504285016789e-01
3.204662423679353056e-01,3.208759121914178669e-01,7.555404279115198740e-01
-7.546170447993033603e-02,7.060376686560532189e-01,5.260197706754214941e-01
2.482180972287742482e-01,8.377588652333869401e-01,-1.477515173141754901e-01
6.588872029048373768e-01,3.635227148557128030e-01,-4.726805352143942929e-01
7.146486575866334290e-01,-3.415709912257213765e-01,-4.083664684265146949e-01
3.031616473766816644e-01,-8.262042597857494064e-01,1.552680408795673594e-01
-1.735720902932498255e-01,-6.516270102977000933e-02,-8.767842936698567735e-01
-5.572479999083866931e-01,-5.256817294015524444e-01,-4.698687872922736042e-01
1.746064226966380639e-01,-7.210989598040060677e-01,5.115809530914069425e-01
3.537777155517021210e-01,-4.029562338101162489e-01,-7.274754611579105079e-01
4.447390312727583228e-01,2.763633691407192949e-01,-7.397122256190467038e-01
3.079349964836787801e-01,7.503164507262625182e-01,-4.100729398837698603e-01
-4.729880670863441106e-01,5.181014114546558247e-01,5.817652985020382861e-01
9.043950737289293551e-01,1.209246090182200389e-01,-5.203733240034721930e-02
5.799005873904771180e-01,6.871786629375262745e-01,1.773409564215702172e-01
6.399857468588475429e-02,3.912504326492566298e-01,-8.291494627041869903e-01
6.045889015941575267e-02,-1.068805964602107528e-01,9.134112258252982119e-01
7.198170450425046552e-01,-2.141173027420400221e-01,-5.386818341344766781e-01
-3.855951251414596603e-01,2.053994417616600010e-01,8.173588396697422098e-01
2.019980649077678658e-01,4.005464942865067934e-01,8.139529990564913220e-01
5.923923828740135754e-03,8.556420417667159883e-01,3.693768071989094182e-01
2.992825615554611796e-01,-8.518972139773951513e-01,-2.411669393195410571e-01
4.272098517975601584e-01,7.640345298909730909e-01,-3.348009271112641350e-01
-5.344470931499247790e-01,-7.252513253869543597e-01,2.676553604142496434e-01
4.285162955191323952e-01,7.497150499424536374e-01,3.774961444162262536e-01
7.481665370309831253e-01,5.556152808600922643e-01,-1.571821209506853168e-01
7.393125886848770367e-01,-5.925286857807512408e-01,-2.204322588145729914e-02
6.273353653337560010e-01,7.133426222907254255e-01,2.774091474329919496e-02
1.749053308639581805e-01,7.804232862137060467e-01,5.182359235466631464e-01
-6.552907910655054735e-01,-6.250940923039055575e-01,3.051926447685426869e-01
-3.197531107819211460e-01,-7.570582238870451341e-01,4.929592995571802638e-01
2.875676852281418561e-01,4.901786019968343844e-01,-7.749460606387000849e-01
3.696213031984438291e-01,8.387790221977747818e-01,-2.974757804421488960e-01
-4.691860325350150074e-01,-6.706855863307843446e-01,-5.136970064399064562e-01
-3.512199383397995311e-01,-1.661504492573653569e-01,-8.877399811561483833e-01
-6.329412922337235292e-02,2.223018379221780305e-01,9.438490568543788095e-01
7.569215185458542106e-01,4.605638090373533333e-01,-4.055675635998332584e-01
1.581153211010800572e-02,-9.753426444047957888e-01,5.724885037212868594e-02
-6.437001019469501539e-02,8.638366836079134359e-01,-4.580147169677579733e-01
-2.305627037673571855e-01,-9.465173836784607220e-01,-1.281496584630976154e-01
-8.991604345441995827e-01,-1.977192182546577692e-01,3.510897990362377152e-01
-3.296029504445155411e-01,5.477954122925230429e-01,-7.533434334260380449e-01
4.073458658507501662e-01,-5.232525165764678743e-01,7.361701001847776871e-01
-4.932502139372670902e-01,7.535651527207259948e-01,4.194858896786700098e-01
9.263763494600888437e-01,-1.411200679242421985e-01,-3.384072238362454410e-01
8.056140402625564523e-01,-5.031522160958153966e-01,-3.097463371712196878e-01
7.186540837269478343e-01,-6.972647551715406289e-01,-3.189562987167117447e-02
5.416185386801253276e-01,2.645090050003652271e-01,8.036869144940181897e-01
6.707213147691990507e-01,3.518446208525256025e-01,6.642023814600180875e-01
-4.774898165930592797e-01,3.182272963280073363e-01,-8.313776550320248759e-01
5.419154042231257851e-01,-5.683611270223133394e-01,-6.398468893443245431e-01
-4.599436169871613522e-01,6.599380349320439765e-02,-9.032683348328188755e-01
-8.210325217732925562e-01,-5.517717712671582619e-01,-2.428300668431871423e-01
-5.671653473684011848e-01,6.824698895029632784e-01,5.057835363856619804e-01
-8.034485670378491706e-01,-4.888512460490345712e-01,4.056220116674199572e-01
-1.768798331725959794e-01,-6.239980109720112411e-01,-7.963542923126299966e-01
-5.387729114886145032e-01,-3.883836833317316772e-01,-7.871201105091492067e-01
-6.477304093120141992e-01,3.441344271623171247e-01,-7.270209617302388905e-01
-4.213839852891755888e-01,2.113408934713056353e-01,-9.220684654214974518e-01
9.415956752172913724e-01,4.342768107376883679e-01,5.629094430611995131e-02
-4.069190257751760242e-01,-9.118535389765352051e-01,2.954083279848290222e-01
-6.987777111289317743e-03,-4.236524567639442518e-01,-9.543508065171535382e-01
6.467322896377919461e-01,7.294996301560398022e-01,3.819740309478781293e-01
1.029234936404861189e+00,-1.985006266290080534e-02,-2.065674679870179720e-01
-7.302821684332750918e-01,7.071517897833620170e-01,2.740377215001023603e-01
-5.100619044734777674e-01,-3.738086443043579093e-02,-9.235947329613871659e-01
-6.771940620717153969e-01,-8.072700648876313112e-01,1.022648751072045559e-01
-3.759505513412786382e-02,3.040963315486114316e-01,-1.016378879807319890e+00
-9.202505269142159383e-01,4.678964866964923086e-01,-2.594939612194527290e-01
-6.203307948005558625e-01,4.922671491389848941e-01,-7.157035765374687442e-01
-7.574807424964417057e-01,-6.649859115025505973e-01,3.600854897346162375e-01
-3.284787598803321496e-01,7.863558109435658805e-02,-1.018759895788140302e+00
-1.033387612860618004e-01,1.070726467271416738e+00,3.407318010321984392e-02
9.741221875479236791e-01,5.003107935692539116e-02,4.617925269270923838e-01
-6.687540892441184992e-01,-2.727608866444644620e-01,8.058824425824085980e-01
7.394201492258067887e-01,-4.290595315508771018e-02,-7.930541104341871650e-01
4.607926807092745380e-01,9.075919118563496868e-01,-3.846287100601477049e-01
-8.650589676137651063e-01,1.798769496348032182e-01,6.401698460552542880e-01
-7.424279570010426932e-01,-8.023949922581362637e-01,4.477633762588238003e-02
-1.040262497768139838e+00,-1.301834973818822294e-01,3.233014508647732432e-01
-5.876097443814946031e-01,3.227334910876457075e-01,-8.722301185396970080e-01
-9.980085006324228569e-01,-4.553258695793129807e-01,1.163144850688597187e-01
-9.586374119645567626e-01,-5.110762756951428010e-01,-2.082443062417828339e-01
-1.023734413300057433e+00,4.268210140319012025e-01,7.438851244639172432e-03
-8.355151302309616890e-01,-7.057456495634780724e-01,2.021122706548844072e-01
4.830705819123851108e-01,7.117556646580425195e-01,7.098180640818483322e-01
-8.336033369750082134e-01,-6.334257116170676216e-01,-3.930530530690753976e-01
-2.078194104625079031e-01,8.438734632172049110e-01,7.086294905256899090e-01
1.034974474305311531e+00,-3.399638824894911093e-01,2.785834702191445356e-01
1.553428544503902831e-02,-1.263601678984407339e-01,1.120300468610403000e+00
-7.220531240796472794e-01,7.159259147904348808e-01,4.942991113902749367e-01
-4.809992517228846021e-01,-9.470517972431696796e-01,3.961967095893497159e-01
2.352774188264459831e-01,-8.570323813482872977e-01,7.088106213301563763e-01
6.970119859059856759e-01,4.932615186014677189e-01,7.551221895315856081e-01
1.977799518978842208e-01,1.000576744071978386e+00,-5.159241696410290512e-01
-7.352430277197250508e-01,6.960815937842954604e-01,-5.371030848543696390e-01
-7.880858236338429412e-01,-7.440787090901892498e-01,3.821509773271673516e-01
6.799265403536429719e-01,7.667917022936860949e-01,5.269909625744830795e-01
-2.677144127574265786e-01,5.268444828489533549e-01,-9.929791933306003626e-01
-5.122532393421401764e-01,-4.082552504097899382e-01,9.557511871557828886e-01
8.638531754622096326e-01,6.662946579051645113e-01,-3.995937979203169621e-01
-6.970338895875539675e-01,8.926652768579187436e-01,2.729954340646357780e-01
-1.166146595368508398e+00,-2.823605179335146945e-02,6.280913571788179772e-02
-1.838378502381153275e-03,9.642025676424391678e-01,6.651275035504444766e-01
-1.429636162957453049e-01,5.838509166684006102e-01,1.009082266365771474e+00
-4.339544263703740690e-01,-1.658269409405207506e-01,1.082254195905750560e+00
4.473315936262441395e-01,1.388204595631843397e-01,1.084100110762166391e+00
-9.832895884513549456e-01,-6.409860867697716458e-01,-1.566135742320119706e-01
-6.550282253109247499e-01,2.133532883092569277e-01,9.671125856576640034e-01
-7.078931139690320951e-01,9.087045611676296542e-01,-3.011813035314076514e-01
-6.979663063505897602e-02,-4.577544792154483733e-01,1.100397312150537488e+00
1.052537936178993050e+00,1.629537212915176114e-01,5.464915471173709127e-01
-8.796195391747922976e-01,-8.840677236852029219e-02,-8.119697626422374137e-01
-6.352000624025220255e-01,-1.021883517587785395e+00,3.089653233349936093e-02
-4.650595665068534279e-01,6.405867489313420426e-01,-9.110031881238832563e-01
8.821575903527912876e-01,-6.882154370558681844e-01,4.611244398173692804e-01
-8.512755668751201821e-01,7.977006770012884385e-01,-3.338298357437390340e-01
-4.545862861902085772e-01,-8.216580015299979056e-01,7.737376441531889082e-01
4.715775029387119233e-01,1.110816291464146843e+00,1.794027259382876271e-01
4.656546815365253389e-02,-6.725315281689564495e-01,-1.020833508343706564e+00
-7.361882214474153863e-02,1.209111309085232122e+00,1.931953412127687675e-01
1.200338712196057589e+00,2.203532259178134223e-01,1.532774848662813716e-01
-5.560680160620097290e-01,-1.100484438855653391e+00,-2.820113613325879801e-02
3.459167935591973553e-01,4.363738686771135855e-01,-1.104194331100402549e+00
-8.091049058077978140e-01,-9.396395197557322332e-01,6.918901264364570036e-03
5.391909101099561230e-01,1.023743949858842983e+00,-4.551710432080067759e-01
5.390120319118296699e-01,-1.111082519635506527e+00,-1.711783095710256719e-01
1.216493350051247369e+00,-2.447746232547838852e-01,1.516378982918625828e-01
1.590988430303498513e-01,9.762080503808935328e-01,-7.700246601056505158e-01
-4.465779748827162776e-01,1.080234018687880271e+00,-4.619595847098226793e-01
-9.908448387710878935e-02,1.233454303889081061e+00,-2.388979195148598633e-01
-8.668970734738916661e-01,-7.323068543935227215e-01,5.559812066934632924e-01
6.019191560120259465e-01,-1.103953450808223824e+00,-1.565978925165115998e-01
3.570816444959464681e-02,7.829822195382042382e-01,9.999474678006378126e-01
-8.815916620880948074e-01,9.165737115413675751e-01,-7.518703708301260891e-02
2.673015295992422491e-01,1.042091638219550531e-01,-1.244762150185093841e+00
-7.997977280758443719e-01,6.687265204344783331e-01,-7.441063628044298772e-01
-9.189930610241181519e-01,-6.642411208359142449e-01,6.030507113392512553e-01
1.109558979740774776e+00,2.389308789603651062e-01,-6.083913948918916459e-01
1.282832699084998751e+00,-1.438299548879807543e-01,-3.102926870411467850e-02
-5.634185199389439846e-01,3.408305305538331664e-01,1.114769164035176896e+00
-2.412684998204737419e-01,-6.675880792779163020e-01,-1.086961255934634885e+00
4.892057942590817832e-01,-1.096602397724080857e+00,-5.026027448279755117e-01
-4.988400504738597085e-01,-3.346259835773729430e-01,-1.158792080053710372e+00
1.210928021816712663e+00,-4.837414306883894843e-01,-1.116066397305809504e-01
3.726727981500483344e-01,-1.129470881276731786e+00,-5.544905515424538578e-01
6.314679195321476479e-02,1.287138764632373977e+00,2.657515016895777293e-01
-1.213618447812115031e+00,-4.085405220619132693e-01,-3.176453841866592187e-01
2.238404947335836670e-01,-9.579466491974293341e-01,-8.844724253507814105e-01
-9.520830967898907815e-01,-6.526733745336137371e-01,-6.534871606313440440e-01
-8.829140934733757939e-01,6.396216087969239239e-02,9.926442909590070807e-01
4.867488811139817906e-01,1.241431233101941478e+00,2.061152343136780224e-02
3.314209028966273451e-01,5.081202013654822353e-02,-1.294472019821732101e+00
-8.815375041444241389e-02,1.324360048563677950e+00,-1.897545306603251603e-01
-2.523974792029798353e-01,-9.838486534841662801e-01,-8.807509033923585084e-01
8.489754511201973441e-01,-8.929679138890074253e-01,5.467732201428233685e-01
-5.839728292180640379e-01,-1.200455982612935957e+00,2.115898803021917796e-01
7.122740584486841886e-01,1.127807022143137994e+00,-2.396528322801813604e-01
6.518819724489079148e-02,1.340948344865134922e+00,-2.102436860506481930e-01
-7.329524780734607559e-01,-9.173560674634503309e-01,6.912029430716511991e-01
-6.722394978870170901e-01,-1.090841191532861743e+00,4.739854200069212320e-01
9.868411043558059648e-01,4.335957766664337298e-01,8.453832556881192284e-01
1.111024557447124028e+00,-7.594474870585912196e-01,-2.747359817571952689e-01
5.998225514476842601e-01,-1.992560878892518927e-01,-1.223625761777569654e+00
5.069689241743214891e-01,7.285445079292871551e-01,1.057894939885455798e+00
1.288156367133488356e+00,-3.218370493839326635e-02,-5.067466608736105327e-01
1.042535483424799958e+00,-6.170386985643521172e-01,-6.781215698245517398e-01
-9.905125324189703040e-01,-9.183097384072876068e-02,9.737873106580791083e-01
1.192734326361597486e+00,-7.247151354338855489e-01,-1.948058003969901919e-02
9.121239381641260691e-01,-1.044472482964371673e+00,1.891141493144285202e-01
-2.785324110597043323e-01,1.760899349407255704e-02,1.375234728923628413e+00
5.727637746279212738e-01,-1.093685208119363539e+00,-6.749170944931687233e-01
-1.656028600721260180e-01,1.270989176325963754e+00,-5.894853218619282575e-01
1.201996093222183815e+00,4.632442779951592704e-01,5.844717924972707701e-01
1.293092107923548895e+00,-5.724611811997454280e-01,-1.091753232126183304e-01
1.027915063271461094e+00,-9.790801777755003821e-01,8.536374322754540500e-02
9.404906821184458310e-02,1.172972841684008394e+00,-8.053664778448479389e-01
7.423448553187141918e-01,-1.210990567415173302e+00,1.632130702526944921e-01
-7.389987911368492979e-01,-1.052858983399802328e+00,6.328696284863021271e-01
-9.911399150574349282e-01,1.713118563066756417e-01,-1.026863134301088554e+00
-7.723898122548759904e-02,1.306253806744498869e+00,-6.041061506343691212e-01
3.802126018904353200e-01,-9.332296576270029398e-01,-1.035780706709755972e+00
-1.252207181160647886e+00,-1.260847749880889268e-01,-7.180316206276048385e-01
-9.054572969728736931e-01,-9.730471296233748069e-01,-5.865508540195752962e-01
6.395515663225380676e-01,-2.054107395456869767e-01,-1.292586244833304754e+00
-3.832630579265063897e-01,1.404133809286480794e+00,-1.218929357952036330e-01
-5.127980007598369472e-01,3.784967154354365593e-01,1.318528718070297812e+00
-1.206932796382476747e+00,-1.937027316975954705e-01,-8.136274979506805671e-01
-1.360311004069102658e+00,5.233997573225035449e-01,2.081351911687778500e-01
-2.227789020746704096e-01,-9.761206122886052494e-01,-1.084825804987850972e+00
9.304974625455674220e-01,-7.070666281578099621e-01,9.083802910902279981e-01
-1.237682507681437505e+00,-5.509617690803406687e-01,6.059709335721543688e-01
3.644176650323396327e-01,-1.677268209018773770e-01,-1.432982588765408849e+00
8.905468616579232943e-01,-6.434727155379476038e-01,-1.009482497037924364e+00
-6.096907787084687724e-01,-1.365905757587328129e+00,2.527783117260909429e-02
-4.225013914140445803e-01,1.425911117785019222e+00,1.956163595068309002e-01
2.429510352799871542e-01,1.415248081027921545e+00,4.472580621592806560e-01
-5.048015830487497801e-01,-9.435753672847846385e-01,-1.062492716878049137e+00
-4.023145671181665994e-02,-1.399493214445725942e+00,-5.709373924820538848e-01
-2.881926326294117491e-01,-1.036480461312877077e+00,1.068177898809311133e+00
-2.874611399600364159e-01,-1.311041128907935560e+00,7.135346786060916546e-01
-1.210744565343547130e+00,-6.914494877428887243e-01,6.155453000883732706e-01
-3.939444452474742675e-02,1.134939564747731833e+00,-1.022560667971358361e+00
-1.366992179742419378e+00,-5.129604856177744088e-01,-4.646573527354540545e-01
1.432654998861025764e+00,3.665948887971912096e-01,-4.163008561400615704e-01
-1.756878339595377148e-01,7.337134988279909731e-01,1.342965651590126486e+00
-2.651813033486034032e-01,-1.433520232008264617e-01,1.514764539167769763e+00
-1.189757061457719312e+00,-5.371007560028809476e-04,-9.912360820665342409e-01
2.281236480719112947e-01,-2.358245457114003796e-01,1.517620153039596076e+00
1.121956417571501996e+00,-9.347149280027567952e-01,-5.395969977505832293e-01
5.047515272656525331e-01,9.438912544956884476e-01,-1.136143640574607927e+00
8.957566100246908691e-01,-3.358379903573617264e-01,1.238672669750882971e+00
1.520718908866457442e+00,1.772280295641891212e-01,3.442343295544862403e-01
-1.560642352843870428e+00,5.099524932874551636e-02,-1.933143900467153564e-01
1.565865768786816936e+00,4.207170149602963705e-02,1.871340828454821081e-01
1.460154994745027635e+00,-6.029933586767294296e-02,6.051880642924414300e-01
-7.384604694820097182e-01,-2.549999057005661318e-01,-1.380172554393976903e+00
8.868613957084311439e-01,2.598569610819812525e-01,1.294035554441721914e+00
1.148787904532748483e+00,-4.559876101957149319e-01,1.007153555848036675e+00
1.104753738748612824e+00,-1.084524719870522569e+00,3.985100721299333348e-01
2.764820156463233536e-01,-1.577920493519989531e+00,5.259986725791922918e-02
-1.118010448142692903e+00,-4.195504940367626445e-01,1.075499185672862623e+00
-1.397740530233399392e+00,7.154672401186288333e-01,3.616522935764822089e-01
-1.153909629506146395e+00,4.499823728345913598e-01,-1.037370960581585289e+00
-1.416026035905816993e+00,-4.803334975628764658e-01,-6.229895915352277047e-01
-1.085195020944903277e+00,-1.142057755056627100e+00,-3.948777173075601055e-01
7.615169272564085989e-02,1.582396102262020099e+00,3.769263942575650228e-01
2.939210575218791366e-01,1.521904039209246662e+00,5.131444706858560023e-01
-1.256846231495712729e+00,-9.909635741493583172e-01,-3.440172224887370622e-01
-1.548320864639302741e+00,-6.779144637900738624e-02,5.406646660821989858e-01
-1.260861443289782891e+00,7.917370460443029501e-01,7.013252041173116957e-01
7.629976934907503061e-01,-8.856734100148798416e-02,1.460412250599178341e+00
8.149262944192993130e-01,-1.046293818598095227e+00,9.891352175632575072e-01
8.042801549958885632e-01,-1.418460931742942854e+00,3.046474399604464089e-01
-9.593696273663812613e-02,-8.093996361790366245e-02,-1.658466346932245150e+00
-9.914912252673403481e-01,7.427381625256828102e-01,1.116325629627523908e+00
5.335208416738382864e-01,1.454090532087739973e+00,-6.297463476476619082e-01
2.436946679805051252e-01,1.605946352482304329e+00,4.146502843169439512e-01
8.289920837140927201e-01,-2.292971995306343491e-01,-1.444104311871444057e+00
1.080065388129338722e+00,-2.764270558811028899e-01,-1.263812314238313750e+00
-1.602482169756967334e+00,2.981623750394304384e-01,4.453462163829997600e-01
1.312233111017555298e-01,1.687067612645165804e+00,8.277280298612743614e-02
8.359826193357918767e-01,-1.357611733046012459e+00,5.860487569040909728e-01
-1.172678497358373262e+00,8.669678449489849337e-01,8.796933996686056023e-01
-4.531658529318661338e-02,1.581782165341089508e+00,-6.417917329051013864e-01
-1.407531958777757275e+00,9.373993429079232609e-01,2.674242472849218122e-01
-8.399075011879509889e-01,1.162982073112212689e+00,9.428045130962486864e-01
6.990224839640897248e-01,1.376151358913156875e+00,7.615633991357557697e-01
1.568444030573866055e+00,-7.087028700065871600e-01,-1.255311150957969801e-01
-1.514460622528180034e+00,-5.126669540376185275e-01,-6.613065423395727560e-01
9.320000443631509812e-01,1.463128817171210461e+00,-1.284039362603991985e-02
-1.689101357837972772e+00,-1.302342260815251007e-01,-3.941840292338891771e-01
-6.980000102832463194e-01,1.296188488747861633e+00,9.349053594293769143e-01
-6.447354095752196868e-01,-1.110458955536308912e+00,1.186838737839492453e+00
9.231382684061378852e-01,-1.216576853627367338e+00,8.609642616409425298e-01
-4.872207306747466382e-01,-1.320249711907004908e+00,-1.053211996072100920e+00
1.207086684249414898e-01,7.880397013135248541e-01,-1.571750600033456235e+00
1.450412061692331278e+00,-7.270017097563445940e-01,7.000796338768509042e-01
3.448814720667396916e-01,-1.275541874252310359e+00,-1.180183053711001406e+00
-1.710831530207288287e+00,-2.177746333803708134e-01,4.253702452164871972e-01
-1.691303460106173162e+00,-3.479946771350739820e-01,-4.362502848240965014e-01
-2.857380323672838451e-01,1.032491393176621308e+00,1.428612466770392775e+00
-9.573219912577920487e-01,-4.564891174006008856e-01,-1.442411769598086924e+00
-2.205830950706039462e-01,-2.376251653165158129e-01,1.765543324049141827e+00
-1.039108586589537531e+00,-9.866187639312138380e-01,-1.089061407540775628e+00
-2.905332357312426783e-01,-1.388716754063876957e+00,-1.115039229864427384e+00
-1.097562058338074298e+00,-7.754864141601737204e-01,-1.211346137946812229e+00
-1.098062570309331631e+00,1.407001922905201985e+00,3.243410961515962865e-01
-1.612994001807719791e+00,4.425756595130651561e-01,-7.143314266983046279e-01
1.589320347511372411e+00,2.981073448121501213e-01,-8.428951612919263203e-01
-1.362641022566132565e-01,-5.827776283029552085e-01,-1.727587105649876165e+00
1.487206948413572150e+00,9.124570948167848305e-01,5.621002042344216409e-01
-1.706231949165929740e-01,-1.008163080807333190e+00,1.527241774816333164e+00
1.220923206827467355e+00,-5.138758308487982873e-01,-1.281012770358267217e+00
2.656276866111457191e-01,-1.326176509598045561e+00,-1.258668543331554091e+00
1.805848224374488442e+00,2.411749830578553688e-02,-4.120714958376751058e-01
-4.229234685022335016e-01,1.378872175682653856e+00,-1.170185587066083110e+00
-1.461559358145062992e+00,7.502275267802587244e-01,8.766961002980198092e-01
-6.357904111105551204e-01,9.590576692760911515e-01,1.470295921321381094e+00
-3.657509814550921057e-01,-3.675545760647673799e-01,-1.798669333273779536e+00
-7.400991073614249238e-01,-1.689313899555078935e+00,3.477593361880863543e-01
-1.088728920947893641e+00,3.464487146926634731e-01,1.495186871138294293e+00
7.318088044878472143e-02,1.412853276071548203e+00,1.248199318463015794e+00
-1.724884540860761817e+00,-1.321185432090135059e-01,7.651756588631962730e-01
-1.801397922562706366e+00,-4.614699202218159879e-01,3.727544988163347117e-01
-1.639795292421716288e+00,3.965709994643297764e-01,-8.772639154483562463e-01
8.563849250074385688e-01,-5.120670024213818533e-02,-1.702563290210773905e+00
-6.016497678194393517e-01,-1.488731553087263793e+00,1.037053970152739701e+00
-1.783621196411116383e+00,-6.960573369843847669e-01,-8.442280023720945270e-02
1.575356235712622288e+00,-1.099837604733134189e+00,-2.787867116935594317e-02
1.442184992452838044e+00,4.664186030271436079e-02,1.276491845509683642e+00
-2.055695517864282729e-01,5.328966972280912984e-01,1.845183447796404863e+00
-1.486792526543094572e+00,-5.443998023150997678e-01,-1.115145861113948200e+00
-4.435477499867256368e-01,-1.559605199105415174e+00,-1.068177539157119549e+00
-1.504609594094603875e-01,1.796762476844164125e+00,-7.340603776979338635e-01
3.738117193718850095e-01,-5.872659807453628478e-01,-1.823473144669480295e+00
1.471927981652475070e+00,-8.024810400636973595e-01,-1.009482963572146064e+00
5.341960314898497320e-01,1.393365140251056511e+00,1.273893898340232811e+00
-6.003231706981834170e-01,-4.776198855571151536e-01,-1.811425998363010770e+00
-3.460448327607627550e-01,-1.854055319100084809e+00,-5.768379414498591151e-01
-8.075834100723859876e-01,1.637717931384309100e+00,-7.589723670559702651e-01
1.874327994015447363e+00,-5.252021541097182666e-01,3.766300893746182266e-01
-2.471266823304957283e-01,-3.527586969811553064e-01,-1.940574432150228956e+00
1.187862823808103485e-01,-1.745552676520541135e+00,9.544242389621795386e-01
3.615722799615206928e-01,-1.600076182188026497e+00,-1.140949942735422384e+00
8.171081682832688209e-01,1.829190860299424903e+00,-5.815192763393391747e-04
-1.105529640397989954e+00,-1.092356524542177798e+00,-1.272451411470636229e+00
1.722401110415491488e+00,1.023738228796337024e+00,-2.023304842486682575e-01
-1.603918115885002438e+00,2.152180780919518144e-01,-1.207455890635366735e+00
1.348959668555868907e+00,8.753732333110146868e-01,1.229689922154629800e+00
-9.670456827533341349e-01,-1.685508646858263848e+00,5.859903657994784965e-01
1.429218271337587831e+00,9.466818444201091642e-02,1.445467566943336113e+00
1.904131959739494562e+00,-7.203334946455279830e-01,-1.342212491267001373e-01
-3.241194092170954777e-01,-4.292114759663881451e-01,-1.973590252201171236e+00
1.543995225733340027e+00,1.178342902422794269e+00,-6.585978954180311540e-01
-6.141737894213993298e-01,1.249653191986644929e+00,-1.513030876946920067e+00
-9.184141880059210061e-01,-1.677643346929089896e+00,7.695353855830634471e-01
-6.908732840017307864e-02,-7.147134019718240916e-01,-1.938228918903156295e+00
-1.369101911841433372e+00,4.857127517245082293e-01,-1.477916765679778477e+00
-1.701365338611361855e+00,8.214527458902249890e-01,-8.646121562410475914e-01
-1.914589054752601660e+00,-4.883596173433805143e-01,-6.598011890263176804e-01
2.324487581024758664e-01,-1.519389955390838765e+00,1.414044087574897857e+00
1.757544176790717172e+00,-7.701834492336869786e-01,8.382626123845771104e-01
-6.522810612145202303e-01,1.846579305884694433e+00,7.565360903534709136e-01
1.346787766842337142e+00,1.047004100993502052e+00,1.233116983929622767e+00
1.272912691989649403e+00,1.680546684805432456e+00,9.573078075362377592e-02
-1.581682371750174676e+00,-3.907396703105007335e-02,1.404868293942642232e+00
1.590626702427549777e+00,2.145217240678249371e-01,-1.387118508279980844e+00
1.530855952870536996e+00,1.339032464698489910e+00,6.221819551172816931e-01
1.230837834631962613e+00,-7.236662457056571851e-01,1.583833869972893771e+00
4.477828842939638454e-01,1.590930364619812076e+00,1.356200749900688507e+00
-1.881741448956399720e+00,-9.282316802132498657e-01,-4.382569481419745228e-01
5.896784057540317425e-01,-1.564213968619924122e+00,-1.350575061355135054e+00
8.445290716169372436e-01,-1.446695584047886562e+00,-1.355141011653600902e+00
1.001050738698366693e+00,-1.810617176513917848e+00,-6.215098973145426475e-01
1.211035645979133601e+00,1.393289869143412574e+00,-1.132747441897440144e+00
5.507058053067285242e-01,1.358994371512862287e+00,-1.601633495714301914e+00
5.556681442265826165e-01,-2.104617213159017730e+00,-4.131147101489424101e-02
-2.053129234563902283e+00,-6.828250553859739336e-01,-2.879867336042099546e-01
2.031976592893529165e+00,2.632287994833337197e-01,-7.688114034555306731e-01
-1.178458638709276585e+00,1.407742752076710957e+00,-1.201529474866337655e+00
-1.032070413580941537e+00,-1.932560567784401773e+00,-1.980700682665078038e-01
6.881150833730317329e-01,-2.069303272678792105e+00,3.298686010235212795e-01
-1.675947601496392103e+00,-1.370875062055142646e+00,4.488876259328636875e-01
-1.530897236755627944e+00,-9.585842129409269941e-01,-1.285481869692977508e+00
8.123509948537587233e-01,-1.459039057966995845e+00,1.466904073766461147e+00
1.480529164140507392e+00,1.354553968212505621e+00,-9.692189937860746785e-01
1.342992149910686939e+00,1.086235393213385164e-01,-1.782280242722475538e+00
-2.122368649951725583e+00,2.531446102112850371e-01,-6.703211488819337260e-01
5.967770484729985059e-01,2.095014721870810170e+00,5.465107928275970695e-01
-1.038373391206837804e+00,1.296877703282032224e+00,1.519857292329626519e+00
-1.173222588065065519e+00,-8.336990346396224716e-01,-1.739217560100393190e+00
9.850240613177522198e-01,-2.012750366379856715e+00,-3.184103115999374900e-01
1.625206918171261394e+00,-1.491190839212689356e+00,5.333346488831051113e-01
1.193145380975797920e+00,-1.210451896878978362e+00,-1.512385465595723177e+00
-1.965909995054869075e+00,3.802416106812868124e-01,1.092499169142040927e+00
2.224947268328285155e+00,-8.892376183520499244e-02,5.211703988785818531e-01
1.793818910717450699e+00,1.959767218699889207e-03,1.428019069699117516e+00
-1.889527961272313261e+00,9.693824107595506723e-01,8.799201059276182679e-01
7.410984341966024846e-01,-1.855169017580461155e+00,1.149254110785622229e+00
7.812128005155508648e-01,2.063605544370412659e+00,-6.858769856882361848e-01
1.949585646558940066e-01,-1.881537585519012401e+00,1.337407694145485992e+00
-2.531244427542703179e-01,1.698057004730090691e+00,-1.564348151115247054e+00
-1.976692261360223579e+00,-1.099988949315944486e+00,5.525484278851595654e-01
1.377288964742865440e+00,-1.744522379748574492e+00,-7.144217598187690976e-01
-3.175983813372120768e-01,1.584939234332027214e+00,-1.692928257672388970e+00
9.932805273408159552e-01,-2.124373000423241287e+00,8.779609790173686923e-02
-5.854959606468147504e-01,1.706172680737920055e+00,-1.510614141063761906e+00
-7.018706073678217250e-02,-2.355758951123635647e+00,-9.956850634037321679e-02
-1.823225244796462752e+00,1.103752664272436290e-01,1.502300339172840005e+00
1.427439523556263357e+00,-6.613401725186657254e-01,-1.774043118324136525e+00
2.040630817491461801e+00,8.915569964283439619e-01,-8.320008176282426282e-01
-4.191237836095358937e-01,-1.578911393246921202e+00,-1.735478032092519163e+00
-2.261513206555305633e+00,3.534543131672711613e-01,6.859459763288687784e-01
-2.260240387910515736e+00,9.360701427820913856e-02,7.886551028273660613e-01
8.820159074093804341e-02,5.507403885541249933e-01,-2.336238855048478946e+00
9.627547581118846010e-01,2.037722068974753498e+00,-8.483683092041111040e-01
-1.523647733633711754e+00,-1.283204545879136627e-01,-1.868408070958945899e+00
-1.716073757333681504e+00,1.271103508278417671e+00,1.139489165485005451e+00
9.035805211506050538e-01,-2.131653510471553492e+00,-7.272741606276826865e-01
-3.597618224811656162e-01,-2.056642891189261135e+00,-1.249223539051099063e+00
6.771244584645812470e-01,2.260778499343683912e+00,-6.170414731078610604e-01
-6.114756178304951995e-01,7.487187004272002344e-01,-2.246467936702715384e+00
-1.305314765569268065e+00,1.959023730259775276e+00,-6.858408649576578364e-01
-1.582291918420854371e+00,-1.647363613148976835e+00,9.086238427470721968e-01
1.320798498665364695e+00,4.122731905683648668e-01,-2.039554839835518329e+00
-4.387127976290157716e-01,-1.568668066716041309e+00,1.858074389550349981e+00
2.415544951431551901e+00,5.252465396223356953e-01,1.625191951795306178e-01
2.166929363985528489e+00,8.950111959487465629e-01,-8.198838851997812815e-01
-1.482476604686802313e+00,3.859111226455251842e-01,1.963164885609613108e+00
-1.761355206309342947e+00,-1.398371886589868884e+00,1.083913271302924475e+00
2.225331105022324785e+00,-1.061036856452745480e+00,-4.323781239423354350e-01
-7.048222516686714068e-01,-1.911500377356527558e+00,1.465116671020051387e+00
8.689198374868001284e-01,2.259595589206525812e+00,6.847409044589966021e-01
-2.330434998879228559e+00,2.607619290434575257e-02,-9.647327665563787402e-01
9.665989008885100819e-01,-2.263290728316480038e+00,-5.816657564096352484e-01
1.617321809853632830e+00,1.802387454900609365e+00,-7.508561751347272439e-01
-1.421544338648208949e+00,1.858574897091664013e+00,-9.930630963145462564e-01
-1.222065411089201525e+00,1.870436575496203790e+00,-1.225806295950354841e+00
1.426157075399370477e-01,2.306560161304520573e+00,-1.089725267082133131e+00
-6.860149098644583443e-01,-2.122458085980198028e+00,-1.259470548444143967e+00
-2.019106466390844012e+00,8.137770662147463252e-01,-1.362536875957637950e+00
1.316164367700920046e+00,-1.981071264044400815e+00,9.861991718311273747e-01
2.390851986590313005e-01,1.166268779130812838e+00,-2.290488414624349822e+00
1.502008691844166188e+00,1.461884223141979966e+00,-1.518182778338299732e+00
1.070561696079820546e+00,-2.314786205355277016e+00,-4.776844476764496306e-01
-3.984815476127241407e-01,1.394996961077203945e+00,-2.159257929164032142e+00
-4.419986143936369127e-02,2.273776498130739565e+00,-1.276729791827500238e+00
7.864285736352062406e-01,2.489159032106360581e+00,-1.506588154561959436e-01
-1.190414720477896315e+00,1.979704748549037108e+00,-1.239341432385544950e+00
-1.294629526310010492e-01,-7.163679099854882715e-01,2.525415458781147926e+00
-2.138741147012622967e+00,-3.426206585319036546e-01,1.500541141729504480e+00
-3.421394106230104537e-01,1.944313264517371742e+00,-1.755434723741723380e+00
-1.854017385335020141e+00,-1.603574532451251811e+00,1.003020730171496622e+00
-2.494942237777010963e+00,-5.315027162711440933e-01,-7.373932179982374269e-01
-2.422438735906302654e+00,-8.383821766224921479e-01,7.184471523151491068e-01
-2.649904106614155541e+00,-3.109508001450332904e-01,7.099509962731280488e-02
-2.585730620440432226e+00,-5.401292773018497861e-01,-4.273467988008156637e-01
-1.011943656806269853e+00,1.821041242976082275e+00,1.690259153896540578e+00
9.011231903326989423e-01,-2.483459201298238828e+00,-5.045978925789513791e-01
1.441165587224452649e+00,2.049053307267957980e+00,-9.979150069638225151e-01
6.303465251157718274e-01,2.577739645662918466e+00,-5.164503426921868146e-01
3.983321699772454649e-01,2.299145316699491737e+00,-1.378998477499116637e+00
3.477659433792665289e-01,-1.049985355694526445e+00,2.482081380901604462e+00
1.639820355518323058e+00,-7.562702183333223083e-01,2.039886393100379003e+00
1.111100752069408948e+00,1.635179716758539792e+00,1.884642813654737292e+00
1.013557875148886511e+00,2.040194646454368765e+00,-1.519499298114743269e+00
-3.897090332068580132e-01,1.846512353919337546e+00,1.993895472252984469e+00
-2.270859035944059912e+00,1.038533449002885245e+00,-1.157786435500643085e+00
-1.038184259857056313e+00,2.788254712261480917e-01,2.541489309905855087e+00
1.375801096898769282e+00,2.311698099902835146e+00,6.458118543033957160e-01
-1.552581505348207713e+00,-2.191754761009192531e+00,6.919966955584243573e-01
6.831761507659961374e-01,-1.418380632072298919e+00,2.292188854221842931e+00
-2.751648043881149253e+00,3.519032543576686156e-01,2.774235177045827894e-01
-1.364129174719223903e+00,-1.660259346000303449e+00,1.787445140219653394e+00
-2.606973424678730389e+00,-1.014066833935116874e+00,-1.665260223210406620e-01
2.387386913381938314e+00,1.912081851960082124e-01,-1.468502847909192610e+00
1.024858078188470412e+00,1.314958680711144190e+00,-2.270183671545288995e+00
-2.543753828085321800e+00,1.200274885401866110e+00,2.501022417429687450e-01
4.899633441007078538e-01,-2.582360756386879383e-02,-2.788203363196146700e+00
-9.376661439955717992e-01,-2.531669439004159639e+00,-8.759913064180683273e-01
-2.767341869447313751e+00,2.761006248230440940e-01,6.023638937084956346e-01
9.123535996611706889e-01,2.801960326588139316e-01,-2.688473436168214104e+00
2.607160912245241047e+00,-1.403526971076884400e-01,-1.167708568873101482e+00
6.118534239334981750e-01,-2.036414104560428484e+00,-1.923833280685601110e+00
7.217983456388549213e-01,1.768625532958930879e+00,-2.148398043486482667e+00
-1.366965090113571479e+00,2.494391015505676545e+00,-4.652273274272801795e-01
7.818310697391126496e-01,5.221554479548692340e-01,2.732342633869274007e+00
9.430488177622177171e-01,2.264992223644318958e+00,1.540412610436405760e+00
3.512158759696010768e-01,2.657412814615284447e+00,-1.118132606066837065e+00
2.784638487202263146e+00,7.522723246893296967e-01,-3.981465739153368655e-01
-2.690695477992064433e+00,-1.081425862783065295e+00,-3.358101717345532422e-01
2.493152249692805800e+00,-5.034475563360222283e-01,1.447925930262655259e+00
-1.537599500480791637e+00,-2.498762418521684570e+00,4.018403449150219353e-02
-2.716904753616321333e+00,9.873329563916384277e-01,5.452947567574755183e-01
-2.813015149904837919e+00,-3.528116035930597416e-01,-8.127352791667030729e-01
-1.427117776156896500e+00,1.928539216549750801e+00,-1.728203458572648010e+00
-1.878771849355928891e+00,-2.288017480986952013e+00,1.502614161528430525e-01
-2.286309502499170865e+00,-1.600313467085735297e+00,-1.021844685355917992e+00
-9.789427510732860993e-01,-8.679125167324812651e-01,2.676938579386792583e+00
-5.245316880160654227e-01,-2.617309082899395900e+00,-1.340748995032150503e+00
-4.290184552467957158e-01,-1.053563905433889003e+00,-2.770319341323928430e+00
-2.061319865005149854e+00,1.054680294221938208e+00,-1.911344190038264834e+00
3.577649773588853499e-01,-2.037736771128022095e+00,2.186411122295264242e+00
-1.959788579732688163e+00,-4.697878632494564138e-02,-2.294372954065851733e+00
-1.614393914261235352e+00,2.324143862507348501e+00,1.070425384001866043e+00
1.449337018839725655e+00,2.513808243523542707e+00,8.835972545652112098e-01
1.910097800986318983e-01,-2.892338239542788791e+00,-9.195184112387844166e-01
-2.738626753862740237e+00,-1.184149327597340928e+00,6.266056097534122848e-01
1.140657419467880906e+00,1.728010264768811366e+00,-2.248408387065812697e+00
-2.340999982043675764e+00,-1.948562506799181193e+00,-3.362423197302507605e-01
1.176174498519091172e+00,-6.629640543281110077e-01,-2.759591234722397424e+00
-1.206095411604620748e+00,-1.568954477694952443e+00,-2.360132143429885421e+00
2.633641573957627546e+00,1.308149351236766345e+00,-9.421696019827059398e-01
2.546542373697074702e+00,-7.278557227340626268e-01,-1.602839773476448348e+00
-2.104015188132001057e+00,-6.969814394973683491e-01,2.172572112342372463e+00
1.260718868125434877e+00,1.360929512475212988e+00,2.498083673133424387e+00
9.874483116952033068e-01,-7.156407985048797160e-01,-2.871279245127612345e+00
1.459849417598360954e+00,2.532440787779523639e+00,1.112092051303776641e+00
5.575741417817167145e-01,3.079866274225624423e+00,1.862100800758214603e-01
-5.859290472126627014e-01,2.898869256447359266e+00,1.065179707570873990e+00
-2.284366078265446909e+00,1.506898864651181835e+00,-1.562935310993620153e+00
-3.124637606873550855e+00,1.199209173839846793e-01,4.525777520656482089e-01
-2.002634280949951329e+00,-1.931744903846708716e+00,-1.513726476083800732e+00
-1.636790711725814473e+00,-2.100373490001116394e+00,-1.730357003032556129e+00
-1.111164316514628575e-01,-1.649379973562597190e-01,3.177535335435836217e+00
-1.487163982566522269e-01,-2.890705974006193557e+00,1.345264518916988727e+00
1.537388319997670783e+00,1.671486713218647280e-01,2.801525257562157201e+00
1.867141755298578287e+00,1.388419372043077971e+00,-2.208707772990446294e+00
1.144848624510224511e+00,7.292183058747233604e-01,2.915889583059724455e+00
4.353081973491171874e-01,-1.492061602305102097e+00,2.825226488565708127e+00
2.192871371666208269e+00,-1.316748666243466648e+00,-1.976915296707689729e+00
-2.802757073956960276e+00,1.200264061914232627e+00,-1.099068121498100403e+00
-9.859031533562694349e-01,-2.582423303658914371e+00,-1.707837598221011222e+00
-2.733099747622969034e+00,7.746045746455619829e-01,1.594251785642872399e+00
1.344155839871840508e+00,-1.731102330528672573e+00,-2.421186769256040705e+00
1.166235077910686035e+00,2.403390330080750203e+00,-1.893047126955577530e+00
-3.590492140712565061e-01,1.432324265977206190e-01,3.259640819840121662e+00
2.582185579755567062e+00,-1.931420804590838536e+00,6.569386334615615608e-01
-2.178843906740675962e+00,1.752542240349747038e+00,1.751026499705448103e+00
-5.193557858100711355e-01,2.406559294584736719e+00,2.208868235065177821e+00
9.154254627637601338e-01,-6.733698738406441731e-01,3.115237051284290626e+00
2.375557313245974633e+00,-2.287614327853357388e+00,-4.192081714618568489e-01
-3.930199460924044264e-02,-2.688621452279758017e+00,1.969338081237982374e+00
-2.758976776986914015e+00,1.042667738820334034e+00,-1.570359967804182855e+00
-1.177993019021316590e+00,-2.915387911460093129e+00,1.155372277386931712e+00
-2.408697763979450457e+00,-1.709606682403760347e+00,-1.598325373713492814e+00
4.799890586713037033e-01,-3.073823004119310642e+00,-1.287601317195039785e+00
-2.112135149793215039e+00,-2.610062024111308165e+00,-3.477266583881071793e-01
2.937518181334754175e+00,2.798583669921055408e-02,-1.680090181948975303e+00
3.162301918013201263e+00,4.525772596506678624e-01,-1.142740894021084141e+00
5.529136908831109309e-01,-3.114501681192237470e+00,1.250452246786603272e+00
2.224839294094924647e-01,-3.312548206173420162e+00,-7.784036595091616828e-01
1.968969325398189696e+00,-1.960640069426383914e+00,-1.991645991693054230e+00
2.448743069328925603e+00,-1.286248357537642106e-01,2.394625020547310967e+00
1.259403724108670852e+00,-2.347902183936053433e+00,2.169834919655215355e+00
-2.898717031713368808e+00,8.012258294602366826e-01,1.680033254976073920e+00
-1.890342092210880898e+00,2.499550296832318885e+00,-1.451309603745970733e+00
-1.654695644153272527e+00,-1.332686474018295542e+00,-2.733877283365051536e+00
1.594733333381000318e+00,-2.937458761940894725e+00,9.366602460379072070e-01
7.637610326011514683e-01,-3.251648877200365106e+00,9.766981636677221079e-01
-1.923340153647330464e-01,3.481539451112948935e+00,1.183537834194310495e-01
2.729349439188787585e+00,-2.181224960739181373e+00,-1.641966337711803503e-01
-6.722503447067784688e-01,-1.381699575653903223e+00,-3.152028041125053637e+00
-2.660705291755336876e+00,-6.893981164181937071e-01,-2.191854792660822504e+00
-1.180938005404914143e-01,6.461981153167167813e-02,3.521873846024738075e+00
-1.260937080128225363e+00,-9.273747060655854746e-01,3.167793020871755516e+00
2.559581080990715463e-01,-3.486452668624820728e+00,-5.723017061592351462e-01
-5.133119019991270182e-01,-3.375501451125723751e+00,9.770932989208772623e-01
-5.949293115171767621e-01,1.943411955454033280e-01,-3.504944274025448170e+00
1.534677854347954007e+00,2.675350415932096659e+00,-1.796680678433405953e+00
1.920357167161682366e+00,1.233762455781573397e+00,2.756017350149761125e+00
-4.900390769327159779e-01,-3.080819505250519175e+00,-1.771746367822755408e+00
1.301191959147240507e+00,-3.182535025529417361e+00,-1.055683199920601112e+00
-1.719900637954077105e+00,3.165473723679046891e+00,1.535116238267721089e-01
-2.143805993342645932e-01,2.927971249927160624e+00,2.109254095265409745e+00
-2.295466021688599145e+00,-2.211861527157159113e+00,-1.724192994116199751e+00
1.800713863019044680e+00,-2.120269172728601603e+00,-2.337299011567523621e+00
3.289364162339269981e+00,1.563528326710726946e+00,-6.013014577556857060e-02
3.542464915777180146e+00,-8.591012572707836803e-01,2.201135320032459319e-01
3.451690620553031774e-01,3.064374819875711697e+00,-1.973264826355742185e+00
-4.889585597076653856e-01,1.465882582589901340e+00,3.329189245370729466e+00
-6.359695204521821632e-02,-3.561221999370566049e+00,9.238349217713810457e-01
-1.438081739948782412e+00,-2.684662968605566746e+00,2.081607400484042802e+00
-1.900159361044737372e+00,-9.550891620138770577e-01,-3.025705238791053908e+00
-3.436928217522615903e+00,1.386811340708857587e+00,-1.068935914799953174e-01
5.360362631503590158e-02,-2.906536793084454562e+00,2.316488544249046821e+00
1.819285097813784446e+00,2.108926985323550163e+00,-2.475828539538272199e+00
2.121320368756342223e+00,2.860455196765246733e+00,1.129333427950630853e+00
1.754942042290219550e+00,2.981937006609654439e+00,1.434112909048220308e+00
3.420312911182541438e+00,1.358281634004222749e+00,-7.457785541131194407e-01
-2.891179609053511346e+00,-2.155058204611732808e+00,1.080749927304009983e+00
1.667699020882513983e+00,-1.443534733767248612e+00,3.062371818561103076e+00
1.328558229639781763e+00,1.175211590770370851e+00,-3.342038492884820133e+00
-1.583283855842543275e+00,1.921902800331102945e+00,2.861389511658045670e+00
-8.918893671475698337e-01,1.106406871094261168e+00,3.527243300543340787e+00
-3.551292305252356840e+00,-1.347744011188540592e+00,-3.260697247209118355e-01
-3.764323875903178518e+00,-4.472657434227532147e-01,4.878134222565853051e-01
2.483176936680057345e+00,2.462174715929097424e+00,1.566451113547061569e+00
-1.867027148348924914e+00,-2.691669844809008616e+00,-2.006447660277332457e+00
-3.748687820732752307e-01,2.956899982808571359e+00,2.438803926849578030e+00
6.189412837362313624e-01,1.893448567445711106e+00,-3.307344231923337929e+00
-5.884455950896963494e-02,3.160788553456396199e-01,-3.857328262032400534e+00
-7.568836167493309119e-01,1.604425927883938785e+00,3.451269296508120199e+00
-3.690714930541915795e+00,-1.220064638755697928e+00,-1.572416555020310636e-01
1.848753053315385753e+00,-1.541897315495213361e+00,3.068558169997009255e+00
1.209199260349030691e+00,3.616297668830325218e+00,8.652863851446415122e-01
1.198712467198257636e+00,-3.054524344928339463e+00,-2.144517206413959709e+00
2.700496316593230972e+00,1.023103743516310171e+00,2.665415892496885597e+00
8.562030565406866245e-01,-3.765098659475967668e+00,7.829937709253587119e-01
2.973150148473992171e+00,-1.470691388427984414e+00,2.144349212395630477e+00
3.232226285734562055e+00,-8.663558412986959167e-01,-2.117068552617916932e+00
-3.697101956411409374e-01,1.214663558157860646e+00,3.761274975899880690e+00
-1.372750338504709511e+00,3.636258622981439537e+00,-8.557468701261289334e-01
-3.847536892280079446e+00,9.845583253183327610e-01,-3.827090322694449709e-01
