0.000000000000000000e+00,-0.000000000000000000e+00,0.000000000000000000e+00
-2.553493103707179038e-02,4.599590506372673582e-03,-1.525702618033480951e-02
-1.332171455772282291e-02,3.425518059847477287e-02,-2.286008584135270152e-02
4.565198422781106130e-02,-2.434465433696596584e-02,1.438964222958210269e-02
1.667772004648479522e-02,-2.179454781851075662e-02,-5.636786095285355180e-02
-5.064410470227737049e-02,3.077022027062964807e-02,-3.870498996924440910e-02
-3.666904707775277966e-03,-7.055471019603949678e-02,-3.357987950157696744e-02
6.725023045307985947e-02,-3.154344827638728976e-02,4.170197783575105982e-02
-5.493076883571070684e-02,5.651840277698279985e-02,4.700506731783051645e-02
-6.318333952491690664e-02,1.532980605733686406e-02,7.337904567046456272e-02
-3.910210392107234950e-02,2.724775823982926448e-02,9.249664964404120948e-02
-5.814566156409330805e-02,-1.903772451366216034e-02,9.123262532384276979e-02
6.428291445248557334e-02,-5.202465912552204502e-02,-8.056833458262421810e-02
-2.890018967339954420e-02,6.435049157628540406e-02,9.818570024994331680e-02
1.663730130538134191e-02,-2.375169208802603224e-02,-1.228207176637463316e-01
-4.095538642078148939e-02,-1.182233048462711100e-01,-4.004165487627007330e-02
-1.554277321511781350e-02,-2.281510567371267464e-02,-1.335996372175936309e-01
-8.206948735639373049e-02,-1.060978779866477567e-02,1.146221328294803193e-01
-3.385892476246961380e-02,5.196131173479275750e-02,-1.324252854547428859e-01
-5.074892879506583132e-02,-1.032209280258410411e-01,-9.782996222040529766e-02
-1.308409308939566529e-01,6.893576998933929889e-02,4.866280249104851241e-02
1.134492086468013999e-01,-7.792317899424024141e-02,8.219768689110834581e-02
1.470006229732065683e-01,-5.285825665473111584e-02,5.269071747400816408e-02
1.392059038579067029e-02,-1.687067068851584861e-01,-4.952942796258229599e-03
-3.467130736183446360e-02,-1.677922111957222684e-01,-2.907023436907880953e-02
-3.047065299510933259e-03,-2.116719803756894787e-03,1.781264076551810627e-01
1.806025751646760935e-01,8.903143190541858848e-03,2.465236994194117820e-02
8.208345200166007605e-02,-1.189874491890111630e-01,1.182799348620238444e-01
-1.503164057733016867e-01,1.119057471650342639e-01,3.700595209901818422e-02
-4.376129778803224124e-02,7.133503087574877277e-03,1.901126250547149066e-01
-3.464694001964536973e-02,1.957535067058271128e-01,1.516921889776924950e-02
8.409926913649069802e-02,7.561274111677372678e-02,-1.691772260618261137e-01
-6.365665294007466501e-02,5.382483016220002137e-02,1.901112397097875772e-01
9.266296291485662251e-02,-1.704414055915940973e-01,-8.458830310638086603e-02
-1.443532137370023317e-02,-4.433982457707062730e-02,-2.105645000191733174e-01
2.195686545484117347e-01,-6.045647483206907993e-03,2.091252534479912627e-03
-1.566751548458084412e-02,-1.630427527605654847e-01,1.522562615577111866e-01
2.102678315768733153e-01,7.021995664355247524e-02,5.143506801562563319e-02
1.106128681386669976e-01,1.944821936434080190e-01,5.940149359865601331e-02
-3.152871430586559609e-02,2.270657510378132349e-01,-5.340171542092646273e-02
1.326665269672045455e-01,-5.619148081988254578e-02,1.910074342208999409e-01
-2.058767981541701209e-01,-2.969815421798238306e-02,-1.258214522056015083e-01
-2.067410034549850284e-01,9.311254803657391388e-02,-9.778802556201189600e-02
2.337576457538598496e-01,-7.906591179210675779e-02,-4.444897976888165236e-02
-7.216656878693701593e-02,-1.365322908741195274e-01,2.023255701799161754e-01
1.802695492256995158e-01,9.559314796971006556e-02,-1.583792267544307797e-01
-1.387109387097593960e-01,7.945051298522572136e-02,-2.076534041558970312e-01
2.010370422093352843e-02,6.709923887935977105e-02,2.563980790606364968e-01
9.553137196832682532e-02,-8.148640848337732057e-02,2.384807446483351301e-01
-2.746624371797533673e-02,1.860273529063342646e-01,-1.982200652661147700e-01
-2.167166422386888891e-01,2.424523032138328066e-02,-1.706745129479042555e-01
-1.773744219792500743e-01,-6.638255304709403393e-02,2.070432569206422102e-01
-5.327156103999769465e-02,-2.722108182393699338e-01,6.220726984192781472e-02
2.145633654869079365e-01,7.625598640606270906e-02,1.761948241854299768e-01
1.818351092261713819e-01,2.127059442942843548e-01,-8.185064077465750709e-02
2.101254493723999917e-01,2.021895379488883315e-01,-4.586957614227614444e-02
1.104616026881602708e-01,-1.882508862132670213e-01,-2.040755560377063293e-01
1.580882296378807172e-01,1.194702587581384333e-02,-2.575300992194310967e-01
1.208964835489224343e-01,-1.334287043497768277e-01,-2.474395226207988796e-01
-2.094062058489578881e-01,2.201469621109958807e-01,-5.948745815045784757e-02
1.624234975023181871e-01,-5.721382974711898550e-03,-2.677106584676490764e-01
1.291541742029414241e-01,-2.218329216206044174e-01,-1.855830071400213221e-01
-5.123400614368068401e-02,1.423039591947094507e-01,-2.823558473288276804e-01
-1.240633076463070611e-01,2.099006315264250189e-01,2.131632768239908604e-01
-2.499055321604689850e-01,-1.716002691817562764e-02,-2.108309502622139064e-01
-1.386518132199978381e-01,2.755242332737273814e-01,-1.199474290427049866e-01
1.283636424355239988e-02,3.083735829812089824e-01,1.288980820635676483e-01
-1.855308899182601945e-01,-1.426743699448840552e-01,2.438536644307207346e-01
-2.440683954300108816e-01,2.268895258300067386e-01,7.471778652162364143e-02
2.083017323501189753e-03,3.431817786776328316e-01,3.552179436897344444e-02
8.085135591100291175e-02,-3.387941526255918712e-01,-1.227095877904907546e-02
3.000934597736170106e-01,1.551656556018588817e-01,9.892394959599504212e-02
-2.792442825842987308e-01,-1.995119644669954839e-01,9.276733165905200196e-02
-1.831964956055337768e-01,3.040137283519568911e-01,-5.378678422154880429e-02
-1.655691932500906738e-01,1.066010834723335327e-01,3.043221424594211855e-01
-5.789004540882475985e-02,-3.441669760330137162e-01,1.100810662792842398e-01
-3.173518908615796108e-01,-7.656689954864961956e-02,1.729073004475638609e-01
-2.372028916834792167e-01,2.471175013551676070e-01,1.473486434569729886e-01
3.559932106038208866e-01,-8.696362895883848199e-02,-8.569109046928369278e-02
-3.145233246642056280e-01,-2.126935657734220775e-01,-9.324818860710583010e-03
-1.535795721488278920e-01,1.564509905661696509e-01,-3.143584410903297321e-01
3.560572189425249001e-01,1.489392354647492978e-01,2.409192535617554753e-02
-1.049612072737453466e-01,-2.512876379914266711e-01,2.793811962268030191e-01
1.762708065378856270e-01,-9.816376056344051915e-02,3.379433982942032788e-01
2.565651353232069332e-02,-3.927160019060682572e-01,5.241408046003843274e-02
8.292480111106659280e-02,-3.335426611342758862e-01,2.055317105622787854e-01
3.043060244061899788e-01,2.295590294833291800e-01,1.335339193810627101e-01
3.618512543691811967e-01,-1.763636973025861088e-01,6.222399429587419095e-02
7.639061826701785962e-02,-1.149268588644459937e-01,3.868738291481317315e-01
3.651917313221137440e-01,1.904279426660965835e-01,-4.371902807466848673e-02
-3.966577092397528537e-01,5.273112663959327040e-02,1.194433894427878590e-01
1.031273613382817783e-01,3.321975780599650263e-01,-2.371941927137992401e-01
-3.065875481126767443e-01,1.739577296143457186e-01,-2.363954553530132341e-01
-1.355447071352512689e-01,3.726371511772430534e-01,1.606837377147787016e-01
-3.906358762474264612e-01,-3.461839187268601903e-02,1.794072612998028893e-01
3.025607102246691271e-01,1.310661422320080483e-01,2.832205942323361980e-01
-1.430458305740205383e-01,4.104856622022733936e-01,-5.431266337978708780e-02
1.833631362548896471e-01,-2.848438367422778117e-01,-2.831068714696090005e-01
-7.262579620088083221e-02,-4.208411454582873246e-01,1.246788267868633171e-01
1.276856372193694023e-01,-4.288765198860693961e-01,-2.699881349144717113e-02
-2.987778044834432656e-01,-3.357845474850595924e-01,-4.484761586173131170e-02
-4.540846512082425956e-01,-2.978213356727072575e-02,-6.014386134938503985e-03
-5.796925841226477361e-02,3.693273119323581821e-01,2.654438091708347103e-01
-4.586565587192835691e-01,6.299616602236293023e-03,-5.429348727194752838e-02
-3.872424134168258592e-01,7.336392751964261605e-02,2.473186574119802805e-01
-3.684943101084766082e-01,7.392290326146028212e-02,2.800489758804650675e-01
4.067706392252263270e-01,1.290147319314268771e-02,2.392664030173078382e-01
-2.596622098633023512e-01,3.900590765359337464e-01,8.078610438245170666e-02
3.476301890379298043e-01,1.727783009377110990e-02,-3.289286720399018926e-01
-2.798810388577386288e-01,3.574063925889376936e-01,-1.628857574315070167e-01
2.253711078226045272e-01,2.003206647615522057e-02,-4.297662802090604917e-01
3.200558832418867738e-01,3.477891898533599369e-01,1.257389067384148407e-01
-1.697731489687237250e-01,1.773109172630693009e-01,-4.269369377451089353e-01
-2.633674013802417280e-01,3.748452131274931376e-01,1.897968512971626998e-01
-3.626948732854800572e-01,3.386003533005607080e-01,-5.546597264119204618e-02
-2.784282326825293086e-01,4.072537460843057011e-01,-9.643470087785009637e-02
-3.840245233912895628e-01,3.257519692120517396e-01,-5.014949634866582712e-02
4.693149734384521321e-01,-1.125110377173010739e-01,1.632141719984430972e-01
-3.196067309775191823e-01,1.198606677470730464e-01,3.827695929042436163e-01
1.273637403224974207e-01,4.823482989794607989e-01,-1.328277426928481941e-01
-3.582709121108408334e-01,-3.235275342543518784e-01,1.923983990995832005e-01
2.570450924916382052e-01,-1.651168095478774273e-02,-4.552414743402188324e-01
6.973782327617986110e-02,-4.722351572525849139e-01,2.220098357935511857e-01
1.566139139264282332e-01,-1.503242213250515491e-01,-4.833472149272355356e-01
-1.274829727424854342e-01,-1.259368287464191216e-01,5.022487843603393731e-01
-2.257327916321263603e-02,1.338840929610322084e-01,5.192026595583667525e-01
3.649034090768406569e-01,1.884542086664644789e-01,-3.507144569079367891e-01
-4.586116312875579415e-01,-7.859476485024356751e-02,-2.808145149566765864e-01
5.122879477578003993e-01,9.904563737920769884e-02,1.637752514905439216e-01
-4.552293472707186761e-01,-2.944434327427268849e-01,-9.422195770999201858e-02
-7.007627867591291471e-02,-5.305691436593704124e-02,5.466666253372995943e-01
2.701402629740857209e-01,1.875556940578057274e-01,4.496703781073300710e-01
9.515891703341618213e-02,4.612835539451122790e-01,3.038577129448133962e-01
-5.255784307935461586e-01,1.838494616073746701e-01,-8.927256262753577309e-02
-3.614521198256946954e-01,4.309369277954092081e-01,-7.422354775833964191e-02
-1.100783564280394672e-01,-6.093924977551756078e-02,5.567028037272151453e-01
1.619921604256668590e-01,4.428424187354352282e-01,-3.275796897961161802e-01
-5.545118281111426350e-01,1.069250953588421205e-01,-1.211551554021482874e-01
4.664625173060353569e-02,5.785340300429524518e-01,2.604277783205368249e-02
2.523691796871335713e-01,1.649947236704532028e-01,5.006279808965999889e-01
-3.936737232729058400e-01,-1.085855880976799442e-01,4.228280026217238752e-01
-4.319167411426543812e-01,3.924776270777946552e-01,-9.486620616733723588e-02
2.362427454822220163e-01,-4.395521399287192210e-01,-3.234752392250831998e-01
2.182819678488612802e-01,5.310420346253212909e-01,1.675964290065297957e-01
-5.222901318929850101e-01,-9.089467403627692066e-02,-2.842647532011713385e-01
4.589412144317058240e-01,2.994356144452559598e-01,2.563327338408598055e-01
2.195291320376513422e-02,4.739858914043510452e-01,-3.808103603505610391e-01
3.627073045585600397e-01,2.368843454176420282e-01,-4.320674240418604928e-01
7.486353119058801464e-02,-2.994249900084353794e-02,6.099754545674893613e-01
3.017282241380683794e-01,4.223924255997135169e-01,-3.366901379112056114e-01
-3.271487660773961248e-01,-2.075514357043926339e-01,4.868083290162169008e-01
6.249568679191699339e-01,2.850182889285148360e-02,-9.122527579726441560e-05
-3.990937313591062519e-01,-1.871900857636859816e-01,-4.487663704759568550e-01
-9.106407407349683888e-03,-6.000344756471331920e-01,1.998331435360565511e-01
4.664841531171666222e-01,2.932075809450410131e-01,3.175792507910405460e-01
-1.457913149095380889e-01,2.073036319009903539e-01,5.870339247593451271e-01
-2.788507696464828101e-01,4.223340092107776833e-01,-3.964163474360279937e-01
-5.919373743948780353e-01,-2.577732085114074478e-01,2.984655172333238599e-02
3.941519962934011412e-01,1.129577844254630037e-01,5.040809563780781488e-01
-3.824186277743902296e-01,8.579884857495562178e-02,5.226086943686553132e-01
-5.287134837458851155e-01,2.911184548192802257e-01,-2.587995086872606487e-01
-3.108473978693829243e-02,-1.383788989379652612e-01,-6.447614793117891763e-01
3.384226989912998418e-01,-4.322293820319557667e-01,3.729276221611568243e-01
4.463467356417117893e-01,-3.269578117970964870e-01,3.727235643687169531e-01
-6.837875103302379354e-02,-6.377484329161121623e-01,-1.957070188839405422e-01
2.575466234527754583e-01,-2.517636568226809812e-01,5.697919938234349280e-01
3.502601685747269156e-01,3.019193015254583168e-01,4.952240114007577243e-01
-4.151539477258948674e-01,4.106586043893448168e-01,-3.504643081280748862e-01
5.255021544268730083e-02,-1.403152485335687136e-02,-6.823654179766744932e-01
3.369518200799700991e-01,4.730218950995488947e-01,-3.688976704387135763e-01
5.389230662772113156e-01,8.473206601684298012e-02,4.249391925978436846e-01
-4.888963600037835033e-01,-4.814158794404204134e-01,1.107145676074121760e-01
-1.235814391582397420e-01,-5.085886880904788576e-01,4.625798600190910159e-01
2.300839502675145198e-01,2.574042665634077021e-01,-6.112482739169992074e-01
-1.039839956736431925e-01,2.882931607689160902e-01,-6.354748995389193356e-01
-6.906684619568012051e-01,-1.131990048562587364e-01,1.134897452147723418e-01
-2.909343247346443673e-01,1.987365055725963670e-01,-6.193301623286617819e-01
-2.758371229596721097e-01,-6.484221674300746363e-01,1.272499788444048929e-01
8.392108234986428439e-02,-3.344945635199301215e-01,6.315465700813506222e-01
-3.111931610716011098e-01,6.525813800389528296e-01,1.251584921034774346e-02
-5.733355924986965890e-01,-4.199870519529064761e-01,-1.512178516866754252e-01
3.577788674519647993e-01,-5.450294215563639133e-02,-6.341390898099051876e-01
-6.728526957649653140e-01,9.471297140472623166e-02,2.767239298767226185e-01
2.267595380477698264e-01,4.961938601692568729e-01,-4.958304275734079503e-01
5.314447704861082755e-01,5.023140274623719703e-01,1.181173747400169338e-01
4.570884767411068084e-01,6.849077769622180512e-02,-5.833887735614183834e-01
5.074439774067405207e-01,-5.261454645606259417e-01,1.578726441851287243e-01
1.945293188943756357e-01,-6.466158578650488264e-01,3.295719929687868643e-01
-7.153171834574463261e-01,-2.138343375037758121e-01,-1.118806223151767726e-01
4.648383253476004451e-01,-5.931874570821106252e-01,-8.576273119973329417e-02
-5.045189553289860518e-01,5.272686514434287153e-01,2.194551048621677380e-01
5.988114165680850087e-01,2.341158434319626225e-01,-4.156542746775512831e-01
3.096801371058661156e-01,-6.506177434005626647e-01,-2.691117931044161304e-01
-1.829100525569261337e-01,-5.014261567973563594e-01,-5.587895115457022222e-01
-1.736823277573593671e-01,-7.286622325559786173e-01,-2.038395136963986887e-01
-2.177944669543691036e-02,-1.680322208602030853e-01,-7.612631572584701578e-01
4.724336701066948752e-02,-6.914752167845688025e-01,3.653193967065275771e-01
-2.729847879941537103e-01,-6.111623815781747071e-01,4.140252856842271956e-01
-5.601437357169161135e-01,-9.515221036127752274e-02,-5.498205948322359982e-01
-1.308944584904256081e-01,6.736818294048821931e-01,3.997866508361509474e-01
-4.297517360172114359e-02,3.568308955508336933e-01,7.122913396385737173e-01
-4.644071294042537712e-01,1.404979472165364118e-01,6.378688128579071970e-01
-1.867630868876272998e-02,-1.188398931024897270e-01,7.959942497131783368e-01
-7.038024073136062153e-02,5.771307741665296920e-01,5.620193945898971366e-01
-6.970593964922769947e-01,3.224211007169243137e-01,-2.643952510036465253e-01
2.808763873675891309e-01,4.104906557838541858e-01,6.467173241883246160e-01
4.742661041141995604e-01,-3.976575930703257766e-01,-5.371178143590650267e-01
1.613106315888048203e-01,-7.741312189103993768e-01,-2.284862200148971845e-01
-3.887476594032751587e-01,-5.617343660243289127e-01,4.656389383259317838e-01
-6.353341372660142872e-02,5.699903128410765962e-01,-6.004840178275245854e-01
-5.223949502089251240e-01,-4.328314306349333174e-02,6.486804809804082028e-01
1.406888675365628935e-02,6.662234393653548858e-01,-5.075309906504226198e-01
4.518581443795243735e-01,2.793120644261634089e-01,6.523532131948647228e-01
5.796173202742953556e-01,-1.373526033798258272e-01,5.992359143959247181e-01
-1.461475010599663782e-01,-1.954750381072192233e-01,8.127235989633625479e-01
-5.903013283276804524e-01,6.084889620908682240e-01,-8.713268249720937386e-02
1.140068999684213380e-01,8.481805593257752962e-01,1.224741121858619400e-02
-8.488979132023268814e-01,-1.176310685271488854e-01,6.616939499864983587e-02
-2.673821483205851557e-01,-8.197757514478520857e-01,-4.046093655781771853e-02
-4.390022027252179354e-02,7.473638575440438858e-01,-4.370770852470724499e-01
7.674386812476173825e-01,-1.525921254778597747e-01,-3.816517405194531087e-01
-5.647453002575014702e-01,6.634407010757661372e-01,-7.236353039917466090e-02
3.880037723414946765e-02,4.629046564882849935e-01,-7.449822621255000055e-01
-8.120266995426318468e-01,-3.336577713447136939e-01,-8.100734854170359156e-02
-8.077413629377477866e-01,-3.467212958786890509e-01,1.055583381309588703e-01
6.498457641478105895e-01,5.348091012277162992e-01,-2.864374510176232458e-01
6.450514546919275949e-01,-3.034218984242254002e-01,-5.374086866953207142e-01
2.297801374019704107e-02,8.934487948059760543e-01,-6.941602497589109688e-02
6.325760854220745522e-01,4.916964098751104850e-01,-4.103022963632701470e-01
-1.097012929763429290e-01,8.526446762920639744e-01,2.791642702096600592e-01
8.406508844735213759e-02,6.034830073754572366e-01,6.726449961145737344e-01
-2.161191039160864358e-01,-8.829214237664886333e-01,-6.502427939492293196e-02
6.396364187699817849e-01,1.801879758240167717e-01,-6.290432222097218640e-01
7.731553476603677533e-01,-4.961836123798539222e-01,-1.336556928515351267e-02
2.645039123732175201e-01,-8.749873149481728341e-01,-1.243600221481235141e-01
9.115285881734388473e-01,5.506642226585677265e-03,1.644289138509230086e-01
8.130816837758492177e-02,-3.086002869237119417e-01,-8.735353793381838150e-01
-3.103541727861102162e-01,-6.571827896172091066e-01,-5.862548217485599178e-01
-8.694171715867704542e-01,2.390162956041856912e-01,-2.567488902881319701e-01
8.659725969502390930e-01,2.534791990464616562e-01,2.680357688438985142e-01
-1.565045026482592694e-01,7.159923921069155650e-01,-5.966324449201666491e-01
4.927142541064991610e-01,-4.798932759081728228e-01,6.535955331962599590e-01
-1.652393398046673179e-01,5.210576323793927878e-02,9.367034932068732944e-01
5.658294957562342020e-01,-3.417722198644201348e-01,6.911434933402201830e-01
8.074839373664891573e-01,3.448922927638189972e-01,-3.884913065052862380e-01
9.558351369901376682e-01,-9.614928829826532852e-02,7.959170328036246911e-02
-7.075838122531684649e-01,-1.830319909145121937e-01,6.343159238879551021e-01
2.237204337041297508e-01,-4.079732738819314974e-01,-8.528829792753945815e-01
-6.298586013245413007e-01,3.492361837258893820e-01,-6.577409510555172201e-01
5.602209852189568018e-01,2.836715548840208490e-01,-7.512928059302215189e-01
-2.680114528399817342e-01,-7.389570718716707010e-01,-5.902169290128131962e-01
-6.353256129583646494e-01,-3.197078513491817819e-01,6.840442469906594658e-01
5.192812509319016945e-01,-6.997949477121357953e-01,-4.711324961561556002e-01
1.927924300787834389e-01,3.123977598969031599e-01,-9.242149114563672496e-01
-3.440212987672531808e-01,-9.306503809009618600e-01,-1.100711094259451961e-01
7.628569339712251152e-01,3.415104534251463542e-01,5.528812965727613049e-01
-1.424448572274973346e-01,-9.821916756258051162e-01,-1.642795397974905203e-01
-9.007469954126658962e-01,2.428758281043868691e-02,-4.558557554310631033e-01
5.412529750408914264e-01,-8.216849302343846029e-01,-2.437605552474259307e-01
-1.711572001047377278e-01,6.786494276327791064e-02,1.000739895573788951e+00
1.014701905805841964e+00,9.407625965459220918e-02,-6.921952368134873246e-02
6.356537418693829489e-01,-7.616263940717649117e-01,2.589448356799137207e-01
-1.157628345196969888e-01,2.332860233427110075e-01,-9.956511522939041070e-01
4.271415579247006544e-01,-7.887198304536653382e-01,5.124628402000955818e-01
-6.536969103381579105e-01,7.832962625137458446e-01,1.852501482472647121e-01
-7.479717513835377751e-01,6.788908013007858289e-01,2.508387803518827286e-01
-5.050321367018469898e-01,-3.060106455114817159e-01,8.618004318697911614e-01
-6.817984503125521512e-01,-6.067176477207524288e-01,5.163441135636915869e-01
7.258350537848203832e-01,3.001371217711684136e-01,7.006111942864590159e-01
-1.040619767166127474e+00,-1.596144574935248793e-03,1.820237258788053036e-01
-3.612183695461173571e-01,-6.451809637333626168e-02,-9.948241078402408899e-01
-3.283422928988521394e-01,7.652209837655425673e-02,-1.009448157014591674e+00
-1.438236526758157885e-01,-1.033777702857257008e+00,2.272531328534413142e-01
1.729372109170599081e-01,2.038238565836674454e-01,1.038263984920420047e+00
3.156774043711541577e-01,-2.211932622700079829e-02,-1.028475805612610872e+00
7.514164339874397358e-01,3.706149836587793733e-02,7.748592108391793021e-01
8.811152073677405369e-03,-1.047514855220762486e+00,-2.785458950794927890e-01
6.180257659979218055e-01,-8.943118213700627095e-01,-4.233322522602729621e-02
6.965972692192277105e-01,8.139586794828899130e-01,2.107058745861777882e-01
6.060246874146669738e-01,-8.627613227091681658e-01,2.987065093834735396e-01
9.620177789979070804e-01,4.240759691219296856e-01,-3.228754542008800410e-01
2.744979088457791816e-01,4.543420928335208386e-01,9.677569745076827212e-01
-1.916610963474136564e-01,1.062876347457626602e+00,-2.463641327843198725e-01
1.025297800460552633e+00,1.727891987848657052e-01,-3.935653045344401635e-01
-7.345710970865056977e-01,-7.982237820633670822e-01,2.610047903616934950e-01
8.140493123586500790e-01,-6.708438703001194936e-01,3.756460898812173932e-01
-5.426800192978405157e-02,1.037991771746046732e+00,4.271166832246630629e-01
-4.517599617845815541e-01,8.879384104954375356e-01,-5.284944462424954192e-01
-1.412084065798934439e-02,5.556614201328340386e-01,-9.858708495905348368e-01
5.253014626837297918e-01,-3.905122333062935325e-01,9.282112794426633506e-01
1.074785415860778581e+00,2.896545901305953019e-01,2.451867965381456238e-01
1.058081337372908326e+00,-2.638354834583743203e-01,3.453151025110520744e-01
2.852488917660503387e-01,-4.857162954939601152e-01,-1.000176895287209433e+00
-2.438451220209923165e-01,9.261222706693886808e-01,6.401383666735659395e-01
1.984920368950393865e-01,1.134269468907293632e+00,1.015802163686559678e-01
7.412482172571565053e-01,3.371052485832246592e-01,8.261881481118674708e-01
4.612458341089841762e-01,1.063160012580661284e+00,-1.097992722603524929e-01
6.671929575311186245e-01,-2.391316679842417636e-01,9.285827384846861987e-01
-1.108447603059025122e+00,-3.765170556649213851e-01,6.087022508789876468e-02
8.219945416431589935e-01,8.246080561871237113e-02,8.373938033701119332e-01
-3.784413759925279175e-01,1.118041141883010514e+00,-9.648338435907495222e-03
1.053338136179752693e+00,1.777115372124588311e-01,-5.117570039796051073e-01
3.096719105025975277e-02,2.850693984705919837e-01,-1.153469773027879341e+00
-6.288388650168116323e-01,7.913280029286104966e-01,6.331219499766937986e-01
6.922453517619083785e-01,-9.713249988119718736e-01,9.807754835032490848e-02
1.090629748911825653e-01,-2.726915565160428767e-01,1.164431569901242858e+00
2.094943396627748367e-01,8.659437596934419501e-01,-8.113686459989186694e-01
1.218087689814146279e-01,-1.371934570998338820e-01,1.195141671319900567e+00
6.005349981128435544e-03,1.032844215045108482e+00,6.365734014730930479e-01
-3.797592427469792531e-01,3.669716496768232195e-01,-1.096903895861649714e+00
-6.288259993567806294e-01,1.037747964368822773e+00,-1.408678256114413441e-01
-9.417707075933510197e-01,-1.225724700012948976e-01,-7.748437972896029535e-01
1.505990006693487260e-01,4.673704166874350641e-01,-1.127574944662067091e+00
-2.906204296492114758e-01,1.651816279417190475e-02,1.199190614729293447e+00
4.243104456426958215e-01,-9.269125841270939858e-01,-7.027697086729136622e-01
-4.188848621483030610e-01,4.544076030569316194e-01,1.077724844964616402e+00
-8.062062984293257850e-01,-8.023507729720794068e-02,9.473306661750263702e-01
1.776617102966089601e-01,-1.137378422710277226e+00,-4.889769277342716491e-01
-3.994769608536068994e-01,1.170636531819738035e+00,2.117085841129365542e-01
-6.902136770548339406e-01,6.591997965492419898e-01,8.212210053371580276e-01
-1.099582223467572062e+00,6.218631969687778982e-01,1.224800328657783821e-02
6.917048486935639673e-01,7.322258320349834815e-01,7.694070690794806433e-01
-7.623555425308276012e-01,3.620362978459267800e-01,9.513385000144823911e-01
3.185134426473584246e-01,2.662453981246424850e-01,1.206531707343165394e+00
-1.185435941258832893e+00,-4.797028036278581653e-01,-5.907218325664807812e-02
-8.410998449201789740e-01,8.599553660649202902e-01,-4.502762222541793480e-01
-2.815900559467303665e-01,9.318912736659037410e-01,-8.443439055668459092e-01
-1.040106666862155249e+00,6.228702613963160717e-01,-4.492258572541661388e-01
-1.043397099771242731e+00,-6.946703217195191460e-01,3.337112834118776128e-01
-7.948388647043186372e-01,8.864728223012735553e-01,-5.254252281637387112e-01
-6.192260831538689558e-01,8.598261002499267835e-01,7.629235638709783718e-01
1.045456418634491902e+00,-3.549741433204676722e-01,-7.049688229969193198e-01
2.814376736880422336e-01,2.691915957342297938e-01,-1.255197679562206181e+00
1.155470326496003564e+00,-5.904755450483297752e-01,2.338769984478411834e-01
4.728271539006667634e-01,2.522268990302666269e-01,-1.209388312127780418e+00
1.015611769019143518e+00,-2.909400090786054549e-01,8.031667994041010727e-01
-1.050610528698438628e+00,5.426812703550608630e-01,6.118373943296122608e-01
2.246957883898298980e-01,7.086729964842627405e-01,1.109693267708016018e+00
-9.594362684466075653e-01,7.618903283893363465e-01,5.428430767457458339e-01
-9.530701712543808712e-01,7.330766782349087407e-01,-6.012757215423234491e-01
7.046375483782415516e-01,1.137425440117150632e+00,-1.693633754319895102e-01
6.075822072222768488e-01,2.334825031613483592e-01,1.186160790308516733e+00
-5.412479550227431435e-01,-7.086634934746554038e-01,1.023358448265566878e+00
-1.613754566752752806e-01,-1.298466228365304342e+00,3.770713476075386317e-01
8.235995076163494799e-01,8.340872579028707490e-01,7.014990212693368310e-01
2.440194886083171810e-01,2.308439077656612437e-01,1.328615514573729506e+00
-3.969673441385636048e-01,1.571292112022780116e-02,-1.316136281637025451e+00
-2.423629973689233053e-01,-1.098644840640958353e+00,-7.977040232517165208e-01
9.324315039016968232e-01,7.443334368460284844e-01,7.005248454610440989e-01
-3.553309213676147382e-01,-7.101401488722376421e-01,1.138330906560151901e+00
1.227574525442276743e+00,1.439591369609282689e-01,-6.410228762795002755e-01
-8.800920760201399462e-01,-1.077233900010180045e+00,-1.259102940248694458e-01
-7.072169862798066697e-01,-6.872177908761418763e-01,-9.953673187144290724e-01
9.108021767088984033e-01,5.671753019456728939e-01,9.079214286022825320e-01
-9.075255120560113964e-01,2.824205511188082052e-01,-1.041466808808067857e+00
2.536168977048980921e-01,5.763947701792558886e-01,-1.266479325049649995e+00
2.489645467400749060e-02,8.971501946176126951e-01,-1.098902900588098586e+00
-1.235977176921045029e+00,2.063921223210129774e-01,-6.748856293287803787e-01
-1.517466767103875513e-01,-3.701809159468009147e-01,1.370520937751552815e+00
1.213509663422830842e+00,6.643482666788399493e-01,3.703564506991685046e-01
-3.095267428753786798e-01,-6.753887756357357386e-01,1.229621966401217126e+00
2.763221204957802546e-01,1.411206979491739011e+00,9.447782119252752520e-02
-4.054091134785151596e-01,-1.382919069285031055e+00,1.134950942466067536e-01
9.005064868724201865e-01,-3.168712938987235384e-01,1.091494864876077830e+00
3.634249468655743054e-01,1.108881289964031902e+00,-8.683447416036949029e-01
-4.208576385988792579e-01,-1.122333055072963104e+00,8.319033916204923162e-01
5.877831122088734705e-01,-1.329352417089009197e+00,-1.711942386093042445e-01
-7.486282541769828658e-01,-1.215474586547115710e+00,3.425941204379582272e-01
5.721634273275818527e-01,1.347407128858207237e+00,1.599895347604753104e-01
4.987435755712564256e-01,-1.167242376598364384e+00,7.553906617125868417e-01
1.089405394683496064e+00,-9.826295588309059692e-01,-2.070092313615240764e-01
-1.022010174727184362e+00,9.513824336565216422e-01,5.089685207945502388e-01
4.126969523961483977e-01,1.862403911135455947e-01,1.420283230826961285e+00
-8.514286055318489588e-01,-8.612394416402835429e-01,-8.770024260516139369e-01
-9.760431771992536532e-02,-1.464828522720759585e+00,-3.069186955297598107e-01
-5.763953756037073495e-01,-8.818970126340569538e-01,-1.073865888717181249e+00
1.405309108494838366e+00,-5.407796235867601276e-01,9.799046884238445110e-02
8.272224969801262873e-01,3.136378836169108342e-02,1.267082201049075874e+00
-8.457237993034938395e-01,1.259855335625013950e+00,4.687034335594041784e-02
-3.173281944718264747e-01,5.165128663854435809e-01,-1.396841047129494084e+00
-1.061819103293155209e+00,-7.781844416816143806e-01,7.743689333834586908e-01
-3.780387089644491883e-01,-5.609368094980429764e-02,-1.483479979100339907e+00
-8.543533560440442765e-01,-5.452026246094736628e-01,-1.154887843575955086e+00
-5.990342044795230469e-01,1.028897418922501750e+00,9.786128312650002048e-01
-1.313969135555707490e+00,8.137414626533890916e-01,-2.744422620731487225e-02
-1.024849162899700739e+00,-6.072141403838270390e-01,9.923566882408124679e-01
2.098415746614366306e-01,-1.195542442875344502e+00,9.720391447182405997e-01
1.248367820991510113e+00,1.210611126062789006e-01,9.271578023115003564e-01
-6.316956215339480929e-01,-5.808868591772694545e-01,1.307968199384574870e+00
8.847552070776484312e-01,1.329739684829499835e-01,1.288949981041457971e+00
1.478895871327799760e+00,-9.502335133458579552e-02,-5.295148723945350966e-01
4.409251288682430880e-01,-9.663715914820408814e-01,-1.167479563568047496e+00
-1.522831373203693772e+00,-3.329342532100160734e-01,-2.761392877869978668e-01
-2.880972465581954078e-01,-7.667708757197412295e-01,-1.360168730266444914e+00
-1.061676046003558888e-01,8.526173785479526090e-01,-1.340790451378321979e+00
1.572996706535022826e-01,-5.067916209948335193e-02,1.588601099252360260e+00
-1.275781463550440531e+00,8.090146196164375858e-03,9.686935126995119827e-01
-3.286139227299054721e-01,-1.470715353778148771e+00,5.569687435183711122e-01
-6.816534146893019619e-01,1.991915402162661997e-01,-1.446408903068564955e+00
1.041993460223109347e+00,7.971660091517410174e-02,-1.232725973358600902e+00
1.016674412378654413e+00,-1.230277729357609262e+00,-2.826097403633103244e-01
-7.940511683764721329e-02,-1.622412541395225061e+00,-6.308685945911259030e-02
1.474728364730178987e+00,2.862583432868016642e-01,6.334339685031308287e-01
1.527987080954100740e+00,2.655504580771740897e-01,-5.179893091427154594e-01
-3.408602225502528338e-01,-4.006247870276600787e-01,-1.553231102872060454e+00
8.956753298966279031e-01,-1.258312071707426538e+00,5.650997463827120981e-01
7.379038466352171310e-01,-1.337053558183074031e+00,6.232864605805029656e-01
-7.539803618502383120e-01,1.471800717101527267e+00,-4.320164132282554997e-02
2.467825228741937216e-01,6.421137846825760720e-01,-1.509721577299788731e+00
-4.003858692894537996e-02,-2.714093156445182564e-01,-1.641096288174437312e+00
-5.896762206792358629e-01,-1.560160432186700419e+00,5.204100758660111514e-02
-1.702960220232931643e-01,1.178211253525699886e+00,-1.176214269646641775e+00
-5.063010801338391209e-01,1.593626869521462597e+00,-1.445090617376171005e-01
-1.580992659330712868e+00,2.619343814592062572e-02,-5.769978578516369305e-01
-8.283706228055619514e-01,1.188353123367610120e+00,8.666730789677907776e-01
-5.717166443149785948e-01,1.592919430463536345e+00,-4.094920608099137521e-02
1.523461011157905887e+00,1.337195179459791106e-01,-7.373016752470672452e-01
-1.238266000684901780e+00,1.163794848293389306e+00,-1.062052561249397092e-01
3.465661100029843178e-01,-1.638363709837302284e+00,-3.336215683602073989e-01
-1.617271497037735983e+00,-4.580940373730655879e-01,3.270325293508835607e-01
1.361186986838708313e+00,1.006247505518098384e+00,-2.894793206882994019e-01
1.454757809714146699e+00,8.871591582676356946e-01,2.503200683503604695e-01
-1.947967292485220103e-01,-1.344497406836826281e+00,-1.066469475370614095e+00
1.278013988794247213e+00,1.047814013271643141e+00,5.184224422749714734e-01
-9.066183706753262461e-01,5.314639895088290045e-01,-1.382996766292925006e+00
-3.751842400548689033e-02,-1.057797718033607753e-01,-1.738293646362473632e+00
-1.508003885782067011e+00,-8.651353908595020847e-01,-1.702169239657604916e-01
-8.370739098176477322e-01,-1.248213546025344067e+00,9.000568404813634737e-01
6.525693303129530554e-01,-1.630850278486645877e+00,2.669710302548213010e-02
-4.196554812975764603e-01,7.992656098412953547e-02,-1.709154779508074595e+00
2.248949305051668734e-01,8.169266948230382575e-01,-1.550263289039571557e+00
1.259034211322781760e-01,-1.693109316595967417e+00,5.063833579827637932e-01
-6.478185469171858779e-01,-1.477456340989216743e+00,7.443509711175824162e-01
-2.949039892522197226e-01,1.703225421365685444e+00,-4.317950267058001113e-01
-2.831571348863534676e-01,-1.064670583031903650e+00,-1.406611821860651590e+00
-9.454078132999877981e-01,-1.499581030064118137e+00,-2.601227338597686956e-01
-8.691365199772500549e-01,1.974793396969815318e-01,1.560073869400080193e+00
9.384928542076911295e-01,-1.534895167652716053e+00,9.827504263166261800e-02
-1.443211150620343108e+00,-6.520753119633095063e-02,-1.085081705180685141e+00
2.699421788513456932e-01,1.089297764341097485e+00,1.422440519837137929e+00
-6.212044938675556072e-01,1.317400080254027772e+00,1.086130902856036196e+00
1.100636889970058263e+00,-8.736305017720078503e-01,-1.159702524129116563e+00
-1.815799541220029178e+00,4.247101308026972333e-02,1.977732616224054663e-01
-3.065412461664875909e-01,-1.806272533477044195e+00,6.589778720659336154e-03
-9.011847841749502930e-01,-1.509507499102648698e+00,-5.334335672043362120e-01
-2.739145231455590301e-01,-1.718553007742098737e+00,-6.046430975501652094e-01
-1.799416843691850343e-01,3.941893624422797560e-01,1.795860042170408288e+00
1.065166609827634669e+00,-1.507584202081720059e+00,-1.562068216269443532e-01
3.055395175704018751e-01,-1.832145444421423575e+00,2.598109571945426965e-02
-1.190047445149312821e+00,-1.252584176792179038e+00,6.961932521658424911e-01
-7.457183860635205885e-01,6.212546171988471422e-03,-1.712569017213215528e+00
8.666708349748898366e-01,-1.250832960591803822e+00,-1.092049177912412850e+00
-1.390688153350868039e-01,1.006379137492950049e+00,-1.579703572551412138e+00
6.219438054534632832e-01,-1.274455168120864679e+00,1.239341082294331375e+00
-1.778582581489647430e+00,2.300419430101409424e-01,-5.918104366623831991e-01
2.304279424073028826e-01,1.364656073439697748e+00,-1.292561432127643295e+00
-1.185993997397545921e-02,1.735731782479306595e+00,7.699749633499569645e-01
6.899271176964408281e-02,-1.883436718285507405e+00,2.709746106339496752e-01
-1.550866275254736193e+00,7.213705452227763271e-01,-8.484099808036231760e-01
1.132529712853105552e+00,1.338777835908091296e+00,7.683344159966737363e-01
2.939811001571862037e-01,7.874763003494320013e-02,1.895435075284270798e+00
8.013019305816933002e-01,-7.740347673323735300e-01,-1.569772349949246415e+00
-1.205892924992357118e+00,-1.421499295043411548e+00,-5.007480993015546167e-01
-4.997948809427816830e-01,8.862601111602579351e-01,1.646392744767897431e+00
-5.091785670700256228e-01,-1.652881337955820262e+00,8.803088179989263518e-01
-1.009844477818270692e+00,1.193442090401141575e+00,-1.158699095750421737e+00
-1.117917632359172880e-01,-1.946809003107164315e+00,-6.818828568048028449e-02
-7.637997774092254444e-01,-7.586509152831194536e-01,1.633676440842699362e+00
-7.335764508743897183e-01,-2.828876282632051577e-03,-1.819454445424671052e+00
8.638180486615008868e-02,-1.485843133271587124e+00,-1.286146040603941554e+00
1.534731514829456245e+00,4.958621635272611461e-01,1.135332283715314583e+00
-6.552338536902997390e-01,-3.730815265982159734e-01,-1.828311980054415642e+00
-9.204460098997894191e-01,-7.440837209343739156e-01,-1.591050419764949320e+00
-3.551530675554605554e-01,-1.465952048131583974e+00,-1.295508239206449641e+00
-1.099928653227000286e+00,-9.437968372903899894e-01,1.368997530400674512e+00
-1.524377978158257263e-01,9.996396057376119026e-01,-1.724408226421716872e+00
7.975187608325439159e-01,3.216072144119082321e-02,1.838606096875918805e+00
8.869982100460884755e-01,-7.124505957308452375e-01,1.656721446887302163e+00
6.392833876076421673e-02,-1.972192192006232414e+00,4.087494560487620610e-01
4.363227569707726211e-03,4.653152532156810683e-01,-1.966186151886453626e+00
-1.534327293637748335e+00,5.430714513161400969e-01,1.206296843961839338e+00
3.061263357537097884e-01,-6.854996894578879729e-01,1.887464709625762849e+00
-6.456461730433452617e-01,-3.295546360025257138e-01,-1.903334500561907339e+00
-1.276941902673708329e+00,-4.950610510938273645e-01,-1.514786131637395838e+00
9.239268010095315342e-02,-1.161631958547107546e+00,-1.683599781526674333e+00
3.163290514737071013e-01,-1.940244258819509238e+00,5.916984074665120330e-01
2.008235158619735561e+00,-1.599180046406127320e-01,-4.225132982594618780e-01
1.332299628740104325e+00,-1.263292840319122368e+00,-9.426798216147823650e-01
1.658611934020290057e+00,8.028834995231607374e-01,-9.415591727924305099e-01
-1.276209778041611731e+00,1.177231597370265392e+00,1.135884152884283349e+00
1.640719530943097082e+00,-1.021529498064287278e+00,7.694813347347069232e-01
-2.546642101551592763e-01,-9.406567709496992391e-01,1.844114697688299165e+00
-1.478926108913203308e-01,1.897245693713432990e+00,8.671768094392925397e-01
2.080895710195004522e+00,2.426544080786068314e-01,-8.637098941174040090e-02
7.087376848041011534e-01,1.973868600535328310e+00,1.454615134049786762e-01
-1.733687135881536001e+00,-1.180284121795940999e+00,-2.100946766225022244e-01
4.202028552755065482e-01,1.894464483186110604e+00,8.370606247430676383e-01
1.781683262722484784e+00,6.376006604482343798e-01,9.532897533573045923e-01
-1.435885578367899207e+00,1.195251871000431593e-01,1.561150847522571050e+00
2.054675015788257397e+00,-2.693542123247019693e-01,4.926044618486586923e-01
-1.639319442468020416e+00,-2.191485800511475679e-01,1.351022261576241723e+00
-1.061194342955640968e+00,6.659718063812782862e-01,-1.736335159005226059e+00
-9.324709740563280613e-01,-1.520295457887567425e-01,1.927655073939080976e+00
-1.703815610361894883e+00,9.522952536943656010e-02,1.311667689867870967e+00
1.673230376998311453e+00,-2.688488323615754738e-01,-1.335930455011160145e+00
1.030254831187371822e+00,1.260561146309946867e+00,-1.424961115519996824e+00
4.517296712693574801e-01,4.758585159093535293e-03,-2.121612114725587084e+00
-1.384182101525058162e+00,3.941691567537305430e-01,-1.630478719102714802e+00
4.696335172158646598e-01,2.088494849889021676e+00,4.147258104863904560e-01
1.991049413106862787e+00,9.026411285161634046e-01,1.657738683210798879e-03
-1.703766154601082272e+00,-5.056090971171379317e-02,-1.377841817926204859e+00
-1.272241167307919918e+00,-7.847235568108068549e-02,-1.789959491121533963e+00
-5.446764593987890590e-01,-1.633662381319779033e+00,1.374109659319211252e+00
-1.273275672991811769e+00,1.787055800733308608e+00,2.529840078516353286e-01
2.131075109192463124e+00,1.133856173651685145e-01,5.913261120800541448e-01
-6.736774140345688222e-01,-1.972960931420612241e+00,-7.634775716196583462e-01
2.029452010214188640e+00,-7.988067457214172995e-01,-4.449306969103028475e-01
2.064559835370516794e+00,-7.524917545895457027e-02,-8.439107520687136876e-01
1.960250888836127858e+00,-9.810808719173730319e-01,4.480888221937688876e-01
-5.620856340264034356e-01,1.859257215979622568e+00,-1.121984346597007631e+00
9.141216677623883458e-01,-1.271010991920001443e+00,1.614430948033569235e+00
1.559849017548988970e+00,-1.307519696858056246e+00,9.698942590267756181e-01
2.009291131109517126e-01,-1.708767490059215799e+00,1.466028276334802483e+00
3.022588812516942003e-01,-2.712447833765078142e-01,-2.229515503762975914e+00
1.501455284838766613e-01,1.819616042331087868e+00,-1.352188286659310013e+00
-1.704660551528448531e+00,-4.933152076558418586e-01,1.427980457926432356e+00
-4.815285329757940658e-01,2.183633641901908895e+00,-4.633974883822520319e-01
-1.588256383898337010e+00,5.138777960869765904e-01,1.566796911205720733e+00
4.095109867972888118e-01,1.888786260476328360e+00,1.238143229029270431e+00
-6.314562024879727398e-01,-2.203860253393543189e+00,-1.982845419212202753e-01
1.206439158085470975e+00,-1.433812447670213874e+00,-1.345620653761680829e+00
-1.091858848088189671e+00,-1.611814007625835155e+00,1.248589665034374852e+00
8.211328131933495200e-01,2.624127147264322668e-03,2.168407586477337556e+00
-1.689391614861043278e+00,1.589738137781751659e+00,1.491342665258884037e-01
8.734953639404254844e-01,7.209102690871639352e-01,-2.036726744385651600e+00
-1.542858090390526904e+00,-1.754164966389707425e+00,3.129913601360959780e-02
-7.978980601646258330e-01,-1.798915017962470442e+00,-1.270192048237571480e+00
4.711522354124226819e-01,1.698752963245368619e+00,-1.551171428173168554e+00
-1.213898824815264454e+00,1.586452799833925509e+00,-1.245538610462835205e+00
1.607138651069637936e+00,1.724030535164297273e+00,1.206654161642789075e-01
2.360699377609438987e-01,1.891327650002325056e+00,-1.401781151564272188e+00
-1.808981663427965181e+00,-9.712407907635771664e-01,-1.187576202109524193e+00
4.072700114928156645e-01,-3.139656252475069298e-01,2.321627847592524052e+00
1.209645897932617009e+00,-8.518302549701625148e-01,1.869223866295647296e+00
-1.196352241595340038e+00,-2.053515518643548532e+00,-2.514884761694515247e-01
1.387510215002277558e+00,1.853651366007367907e+00,6.155627027769681181e-01
-1.672086158970458758e+00,8.438328976623816757e-01,-1.503666553786729310e+00
-1.691058298845854901e+00,-9.458966062782190320e-01,1.429501416300189787e+00
-1.725198141380025030e+00,-1.687918327849354583e+00,-3.936977676214641064e-02
1.059654627910252112e+00,1.807919204974585359e+00,1.210232184591540694e+00
-1.752759507586345800e+00,7.010885850296304511e-01,-1.523714776237423685e+00
-2.144141241820348043e+00,-6.189521804694613216e-01,-9.666292722002579607e-01
6.252887967063309738e-01,-9.041659112167678147e-01,-2.176201623830249510e+00
-1.622913920162545542e+00,1.151890754556289309e+00,-1.418913762036468906e+00
-3.818735993283006169e-01,3.539991346871323302e-02,2.420066781920587662e+00
2.039132352440813811e+00,-1.843628317938904304e-01,-1.357078708879802198e+00
-9.635789123646421039e-01,7.551874365147774881e-01,2.136575258829430890e+00
4.690315246902920787e-02,2.362618149995710848e+00,-7.139603956844597921e-01
-1.826954939680375256e+00,-3.550993596296611043e-01,-1.631050748766662783e+00
1.239428171340563933e+00,-2.007933081523423535e+00,7.659092412137155081e-01
-9.273104323750533950e-01,1.871993504772061057e+00,1.349393908212488613e+00
9.850105205692337718e-01,-2.255756972543134786e+00,-3.963623868124548366e-01
2.247466797483661793e-01,1.305136238822787398e+00,2.119595163597489229e+00
2.414070147037908232e+00,3.462638163906893718e-01,5.743311200699664498e-01
1.810011027632240976e+00,-1.490840803215069066e+00,8.998806998466544194e-01
7.557769354491655767e-01,1.853188562446393961e+00,-1.527807266173818457e+00
-1.308618288860603052e+00,2.053895051713214848e+00,-6.633504542564417905e-01
-1.716896064084547646e+00,-1.288115134245297000e+00,1.339946224094270333e+00
-5.129147481647511331e-01,-1.576821308926039666e+00,-1.919515380777317093e+00
2.251758411338457222e+00,-3.217924320721069487e-01,-1.136533238081853359e+00
-1.085128084352456668e+00,-2.306420277850401046e+00,2.037440979570570923e-02
-1.031480637264473366e+00,2.327339501506585862e+00,-2.213158001841218081e-01
1.532535392536004792e+00,-1.200604971284232381e+00,-1.664754121178147139e+00
1.421301824402577463e+00,2.117442069264505733e+00,-3.001279244890369124e-01
-6.020027483655754352e-01,2.077396477226115756e+00,1.395743157830950931e+00
-1.668487313226179047e+00,-2.777394523178700406e-02,1.968232707663156278e+00
2.492521088346970615e+00,6.813101238440799623e-01,1.197034088086157549e-01
-1.170854911880807148e+00,1.528481880275528670e+00,1.736882902057089506e+00
1.637348029131914240e+00,-9.424516345857418820e-01,-1.785406883434336622e+00
-1.563285885814177156e+00,6.259352880663821006e-01,-1.988506927417994952e+00
5.772224673020227570e-01,-1.098965332363235792e+00,-2.298272978939585265e+00
1.902291217544628488e+00,5.741199966503067742e-01,1.705265786612806922e+00
-1.021767428601370264e+00,1.479476695223990168e+00,-1.912281736262096743e+00
2.079062664081826384e+00,1.350438273894985608e+00,8.815087948126520967e-01
2.342024597081248327e+00,4.377481194025409916e-01,1.131476578657752086e+00
5.624044147133518967e-01,-9.710055748245257634e-01,-2.394081965117814459e+00
-1.352146271619044660e+00,-1.380543950496597949e+00,1.813988316632024755e+00
2.068894669094502259e+00,-5.590372447432864073e-02,-1.665958957101411286e+00
-3.117936275426984039e-01,7.126740438708492054e-01,2.547156175875759487e+00
2.469809549079037936e+00,-8.066526532558178086e-01,-6.138982926391745032e-01
-2.369317300637945323e+00,1.502964120420193783e-01,-1.235233058638379289e+00
-1.614866985760999407e+00,1.243455099282379184e+00,-1.744349391243576575e+00
-8.421580974701490252e-01,4.389547982780083735e-01,-2.515877081922961445e+00
2.403507736632490011e-01,-8.804505524172201447e-01,-2.536443958999776260e+00
2.243774571977168009e+00,1.423795347871871453e+00,4.897912288695649985e-01
2.144578870636911549e+00,1.465154812070802448e+00,-7.687408354334149818e-01
2.516624602892395757e+00,9.744801920007555296e-01,-2.987291318235154591e-01
-1.380370133214394945e+00,1.662852208306212776e-01,2.339810362668865551e+00
3.251560759302798420e-01,2.156945226841763930e+00,1.638696318295011833e+00
-2.208814903535516905e+00,1.569775533663173794e+00,-3.690955876112627654e-01
1.511013437637994450e+00,-2.086499860172458476e+00,9.373462651604475004e-01
2.492919784524109339e+00,-8.117699857347930870e-01,-8.232615049162588239e-01
1.482801121726500915e+00,-2.312265745493692126e+00,2.058442845488943906e-01
1.854258216028108031e+00,-1.214658126743420441e+00,1.646325752768323269e+00
1.603561263410041571e+00,2.035093469543094447e+00,9.734489508245369738e-01
-6.909354212135389028e-01,2.757428213796793703e-01,-2.672807607372650995e+00
-1.760634166167436065e+00,-7.324551243894722452e-01,2.024317615284358052e+00
-2.358133477473682404e+00,-1.476982977478706216e+00,1.700623672721546242e-01
-1.017946784355591161e+00,-2.599796442395097884e+00,-1.148696555183386092e-01
-3.040408979321218563e-01,2.323644123029567687e+00,-1.534242191639804576e+00
1.816134158058428039e+00,-1.937131762384659783e+00,9.123050322729316930e-01
7.608431748202040268e-01,2.249875331709624948e+00,1.509938793360346976e+00
2.395093083716660354e-01,2.331401343135221627e+00,-1.570256499860386734e+00
5.968993095155786244e-02,2.550945746686001492e+00,-1.218825007241056246e+00
1.688766507145514073e-01,1.263652086649956097e+00,-2.531631568271772714e+00
-2.501512432813153275e+00,-1.082596310404551287e+00,8.019614935736416594e-01
-1.095038411716309446e+00,2.569282946433367965e+00,-5.574760151706887878e-01
1.155803509180139077e+00,2.483498504114234784e+00,8.037377721114079554e-01
-8.182025164697840358e-01,-2.404293831680853089e+00,-1.318427212223494793e+00
-4.505101865458738253e-01,2.767782165216260193e+00,-6.029984186081729369e-01
2.221859035535289184e+00,-1.313819768136095245e+00,1.266259058337183774e+00
-1.382975986535372348e+00,-2.264015828170656608e+00,-1.125596200488072629e+00
2.533869182847137136e+00,-5.066989332526994350e-01,1.291295342938802104e+00
7.090944779406265219e-01,4.962145349795495375e-01,-2.763171919333886173e+00
2.264918662058542420e+00,1.609759251469766062e+00,-8.382263568614476412e-01
2.363671610340970231e-01,2.249715899164935973e+00,-1.829348461626632227e+00
2.534029926974186719e-01,-2.904255034075537534e+00,-6.825849646657135283e-02
1.293713981380093248e-01,2.159665825613847068e-01,-2.912098062851512292e+00
-2.184561948656308150e+00,-6.094889176853798274e-01,1.854775444834115161e+00
-4.959297936789426320e-01,9.640163163512832645e-01,-2.729313874482676372e+00
1.114144104359416465e+00,-1.183337466459527088e+00,2.454268718169132502e+00
-1.521355065547188579e+00,4.915106362289369257e-01,2.479861061852257187e+00
-2.435995846289366273e+00,-1.626673146400296810e+00,4.081826599429904112e-01
6.117241320531375814e-01,-2.100044956183673150e+00,2.000865711674887137e+00
-1.824317184896787847e+00,-8.842817817703375605e-01,-2.172335458012710774e+00
-1.632131864907727103e-01,2.423651123763763238e+00,-1.723322835119966312e+00
-1.158424891089251174e+00,2.079387550641930815e+00,1.801767727137358888e+00
5.647992182925519744e-01,-2.712761411119218202e+00,-1.129542090109098673e+00
-2.531011612686964618e+00,-1.436273430060259093e+00,7.259304361697218599e-01
-4.398647580646007915e-01,2.673506209690811097e+00,1.302638272361533955e+00
-6.305124904128364127e-01,-2.935559732099222163e+00,2.553467908522936147e-01
-4.068239906931096495e-01,3.559813516934841049e-01,-2.971611731450625626e+00
-1.023325547843535244e+00,2.327042921818106347e+00,1.644079419033267042e+00
-2.671940344830844971e+00,-8.965059503966539278e-01,1.124775690072590040e+00
-2.920155684392943041e+00,7.057570066603938708e-01,4.750425647910572757e-01
-1.361399021775111962e+00,1.546259650504744787e+00,-2.247192226600538856e+00
-2.971019567839031650e-01,1.118074353971317381e+00,2.828275758130090356e+00
6.582153494260836180e-01,-2.443453217491315499e+00,1.725476934313626254e+00
1.450290442844212935e+00,2.482760745480989684e+00,1.075728048683844307e+00
9.443970551127123247e-01,-2.632785858083970698e+00,-1.282581095371122748e+00
-1.707945107848095612e+00,2.262933468010575044e+00,1.214298127720815135e+00
2.487248399702646218e+00,1.159130924612456370e+00,1.423606089142795961e+00
-2.149483113170462811e+00,-1.726682112933621838e+00,1.413962717766044763e+00
-4.755181734688453815e-02,1.794737184454463952e+00,2.534204027416888216e+00
-1.093967235304482699e+00,2.056685625267086426e+00,-2.064830338530043274e+00
-1.712899173026153798e+00,-9.234951199228710328e-01,-2.438907135440818053e+00
-2.063613454798660207e+00,2.337585739419955289e+00,2.395770311813668341e-01
-1.713528494754007703e+00,9.613947764960756315e-01,-2.442333916021680817e+00
-1.094564884465821564e+00,-1.885475387514351231e-01,2.938922108115744170e+00
-2.343506957486245934e+00,-1.681108960518696849e+00,-1.264256987021949552e+00
2.063631233267508858e+00,-2.095938305138980606e+00,1.144884763493700053e+00
-1.107086476337761471e+00,-2.949878527337319589e+00,2.843339945999037166e-01
-2.085132837644064097e+00,-3.383967629786071019e-01,2.364770393541888893e+00
2.456185773207808509e+00,-2.190352845898175249e-01,-2.004981346112986618e+00
1.388115917812863698e+00,-1.766535483689438246e+00,-2.258271793125203875e+00
-2.363698606035532723e+00,-2.023266185811533280e+00,7.164795594671563572e-01
8.829741655125340483e-01,2.763463986541713435e+00,1.350757171647110066e+00
1.195644421049267159e+00,-2.882477980251882510e+00,7.414613317970877304e-01
1.603065121962284678e+00,-2.673984539558873941e+00,7.843943717385034597e-01
-1.099509360164247385e+00,1.350226593478161874e+00,2.711220580744457820e+00
1.567299417293073649e+00,-2.571980649274502873e-01,2.812085427433525631e+00
-2.906712727780599081e+00,-3.123001292417740826e-01,-1.389868763671040286e+00
-2.826804773522205716e-01,7.003055720937751971e-01,-3.155303835663388679e+00
-5.492628733838682553e-01,3.199019434671483975e+00,1.977054339057768562e-01
5.312968906964482194e-03,2.038894965538880388e+00,2.542793219868381360e+00
-5.093086979707934780e-01,-3.222103211327447703e+00,-1.737297766457545356e-01
-3.208727855621087866e+00,-6.445990451191762061e-01,9.426282338828838314e-02
7.281242846392258494e-01,-2.910404480970382846e+00,-1.329926265618757597e+00
1.335835616585568264e+00,2.516540877219444194e+00,-1.643495696868000122e+00
-1.843826303125272625e+00,-3.828109004316507247e-02,2.732533090613233462e+00
-1.812356350003885563e-01,-2.403037414973686836e+00,2.260540616693186955e+00
1.619332401789999265e+00,1.637032538236216084e+00,2.380156276099597346e+00
1.640182926612800074e+00,-2.779784707567547475e+00,7.744863147674868609e-01
6.667520208560585582e-01,-7.437250027706845401e-01,3.173282272850242780e+00
1.734923579799542814e+00,2.478807464963613594e+00,-1.401189335723286966e+00
-2.344195788416449044e+00,2.277052998192550248e+00,-6.986597992090618492e-01
2.534431221285331937e+00,7.902349431960434822e-01,2.042378314131586325e+00
-3.240820363279279359e+00,8.589165815650753322e-01,1.715841578949728607e-01
2.205887867311145722e+00,-7.743052806723158543e-01,2.419872043994928390e+00
-1.373876088185986388e+00,2.662994035056915010e+00,-1.547118518447145652e+00
1.913886231927141024e+00,1.326742395586457457e+00,-2.449698686287924421e+00
-1.227491540368603085e+00,3.156938265854194459e+00,-5.495461595371926855e-02
1.641330646141558436e+00,2.963205869368461087e+00,2.311911730505080698e-01
-1.242126302739951837e+00,-2.955099018798286181e+00,1.142240007677017388e+00
-3.607889482664785458e-02,2.193370201324833957e+00,2.611594820913973880e+00
-2.189957898611669229e+00,2.576414327254452630e+00,5.013826459299276506e-01
3.047561404499201654e+00,1.317194014687657733e+00,-8.458114964267230418e-01
-2.158752242929102838e+00,-2.276998284995644273e+00,1.395034250390559505e+00
7.369160597618682473e-01,-3.352785232860699960e+00,2.450991116360216882e-01
7.135427773481152203e-01,-1.582331301768508780e+00,2.980740985645793817e+00
2.485930045194647331e+00,1.444784990600381791e+00,-1.919410402861231102e+00
3.298373292633167253e+00,9.113266114859538414e-01,-5.435742193017368828e-01
-2.331858350821275572e+00,1.343484748708110743e+00,2.194725643689459105e+00
1.838005252169372827e+00,1.564351174788747079e+00,2.507622457161081897e+00
2.420847749843627827e+00,-1.057885684530792236e+00,-2.277829963731744733e+00
-2.668618802773955245e+00,-1.840361910646958643e+00,1.309350525078804006e+00
2.482242212916979884e+00,-2.570856691477299560e-01,2.459710344219158351e+00
2.861063940894728042e+00,-2.111638295270424348e-01,-2.025505144372254929e+00
-2.565972815826701448e-01,-2.860274209665172873e-01,3.498666192820352627e+00
-4.273688529986190421e-01,-1.846708948834522301e+00,2.975051209074055958e+00
9.665093497936725342e-01,-1.801033214271825944e+00,2.884762442373689062e+00
-8.807853467560415595e-02,1.940631546794266304e+00,-2.963432766193064616e+00
3.482507926606527970e+00,8.502513261608857231e-02,6.905787993764902488e-01
-3.555639870221836585e+00,1.321470918741556588e-01,9.176405585497583728e-02
-3.036291180340315865e+00,9.372527381596856833e-01,1.621000335437721818e+00
5.899674936418396465e-01,-2.878656088071889663e+00,2.036501829358222881e+00
2.669178594453196052e+00,-6.134946985808784614e-01,-2.310478087617139575e+00
2.201724874277374067e+00,2.470828234352512087e+00,-1.394265331845286893e+00
1.623600344414575458e+00,-2.155958856562080861e+00,2.381157334128091829e+00
1.222439147338643117e+00,-2.440994810616819333e+00,2.357784203700735493e+00
-3.539515054913461523e+00,-3.339227436918994485e-01,-6.559936764339029391e-01
3.159881656972366226e+00,8.819630882984074161e-01,1.538036116430685274e+00
3.490097609001327150e+00,-9.611648516012962773e-01,2.866052316240960685e-01
2.838988489780583935e-01,-2.481208168604640107e+00,2.647356090612401847e+00
2.653479210725761747e-02,-2.330974074780688188e+00,2.805405110095803511e+00
-3.644368676709540900e+00,2.355047142250853986e-01,-1.635324252567203485e-01
2.453640434492651234e+00,-2.639335842472457117e+00,-6.607582857305849267e-01
1.746353380636770813e+00,3.225309203034905092e+00,-1.741492094086644904e-01
-3.162316780012598971e-01,2.305253201249350514e+00,-2.851032668646063861e+00
-1.661022874356438361e+00,6.921393701208423677e-01,-3.219417208712309630e+00
1.893350889840795581e+00,2.415920739660073924e+00,-2.059515655851945404e+00
6.573714989859928970e-01,2.613591161561183540e+00,2.541780822788488603e+00
6.765016980333657393e-02,3.192438685856642255e+00,1.894262907548305064e+00
9.157635584909958881e-01,-2.375808985059206346e+00,2.713383018343732189e+00
-3.056044494267381229e+00,2.137053381080088243e+00,-2.092000948055541126e-02
3.185820822975693911e+00,-1.933388730321163651e+00,-2.844999119124446141e-01
3.679187546828664335e+00,6.359082631220838722e-02,-6.997899334957612405e-01
2.278496492592778200e+00,-1.407822451928322005e+00,-2.630339532734882191e+00
-1.867332425262657969e+00,-3.151944887211763469e+00,8.560241323537911562e-01
-2.094005363008885734e+00,-1.666830073365590525e+00,2.655898032471723624e+00
3.633129407966592339e+00,1.032533294691950987e+00,-1.182204927987589582e-01
-6.284299462449727258e-01,3.089185140687039866e+00,2.098747566735831072e+00
1.001750285414792385e+00,-3.269032195956997455e+00,1.647999107622548864e+00
3.701779332358041241e+00,-7.989844876246010585e-01,3.576622415471482630e-01
1.873370568359443045e+00,2.898148058338572142e+00,1.620009073767864960e+00
-2.970096410488430649e+00,-8.787694431338448631e-01,2.236848024592078321e+00
-1.286800806933412478e+00,2.815597006547342129e+00,2.253440206048005212e+00
-1.168212385315634094e+00,2.775300544117502266e+00,2.378846506500126079e+00
-1.615041242509947406e+00,8.733454427161838618e-01,-3.379285895288395292e+00
1.693329047987137681e+00,1.303940389385271903e+00,-3.207496164586322696e+00
3.457388753470638232e+00,2.290146037135056267e-01,1.707312407666904619e+00
-8.407968240954916128e-01,-3.735267028723149529e+00,5.720490831929998521e-01
-3.777385685999688381e+00,-7.749797906161330907e-01,4.276876769865458616e-01
-2.206388501797483137e+00,9.023338680605936801e-01,-3.071775722252525931e+00
-2.812701039595206343e+00,-2.435708869238425223e+00,-1.157784239177833685e+00
6.661721822058457032e-02,3.656785492231249268e+00,-1.369100205156080108e+00
-2.628258008861192430e+00,2.414400965899178519e+00,-1.606444528100242630e+00
-1.032413475497397259e+00,1.844171119043278795e+00,3.304229706903899721e+00
-1.189883105756281284e-01,2.178350662864408260e+00,3.269971227300920713e+00
-1.684775880555827943e+00,2.628224890901976973e+00,-2.402833807922045040e+00
-3.398068284850046528e+00,1.143962741389396909e+00,-1.652862450193807398e+00
-2.122843378948572113e+00,-1.377531867527308496e+00,3.041628740996824565e+00
1.503253964104286355e+00,3.341973918476466743e+00,-1.515043241139442332e+00
-1.055988559144440675e+00,1.397412498657828683e+00,3.567164797573712409e+00
5.600010707776350571e-01,-3.541451292174004895e+00,1.733766451138758269e+00
-6.638128704609865816e-01,1.774989276253528203e+00,3.512740198957646776e+00
