-8.350622519671868291e-04,-1.911557851873413750e-03,1.350059132390166563e-03
-1.053899452186201529e-03,-2.120288120013517474e-03,7.534694947246801597e-04
1.395218744968175772e-01,6.212070226143682865e-03,-2.085100948119186504e-01
-4.767811541959855737e-02,2.076493405323002472e-01,1.326271148921358001e-01
2.362649296471911464e-01,8.300018533262093490e-02,1.646982609604464784e-02
1.184696374423275383e-01,-2.003732903941639609e-01,-9.379175027141277432e-02
7.034371299040187431e-02,-1.694816467540851412e-01,1.711991132404692417e-01
-2.014502525886069928e-01,-8.354362497320161340e-02,-1.241759291344301797e-01
2.263193177448334092e-01,4.819276196260263712e-02,9.715156729566751248e-02
-1.774859874001095406e-01,4.890001970288132549e-02,1.705547280720810799e-01
-1.993187008483528200e-01,-1.491463957023568820e-01,-3.176178614619085128e-02
1.680119718795520731e-02,2.493399710848218098e-01,-2.299351018324984758e-02
2.022895121431727006e-01,1.164316922432381829e-01,-9.221722852227016987e-02
-1.986590548007724499e-01,-9.463474580791083127e-03,1.530569355259602804e-01
9.614703381321461351e-02,-2.230543781756788579e-01,6.311810503854942134e-02
1.399601231766831322e-01,1.150203872505211646e-02,2.079910333250225285e-01
1.839439140472652612e-01,1.540693615825188267e-01,7.354366882745862199e-02
-1.542832974949808270e-02,2.193338255336103881e-01,1.209795128772142986e-01
-2.194834746720441265e-01,-4.636021635026905258e-02,-1.125128330632463869e-01
-3.265587636051912185e-02,-2.365510066318519400e-01,7.719208455962035809e-02
-2.064371687992050675e-01,5.741313164152860027e-02,-1.306477346583421739e-01
-1.322036509267750792e-01,1.273506407310494304e-01,-1.711298101006896999e-01
-9.075860905971315507e-02,-2.332161290310479085e-01,1.882856764056448431e-02
-2.349666975413254033e-01,-7.955003357532572372e-02,-3.799797524557608358e-02
-1.792794463517153117e-02,2.471869467828814171e-01,-3.947917247601227114e-02
-2.290458030436152981e-01,1.025489025780518815e-01,1.773585695186578708e-03
2.251428486154572473e-01,1.353023745494805544e-02,-1.100410528385001724e-01
-1.189827573003150382e-02,-1.430798955982525746e-02,-2.502700848832788982e-01
-1.829424125004561474e-01,-5.156483965892973836e-02,-1.638735608252208653e-01
-8.129928889395704461e-02,-2.035654145919693625e-01,1.222004522308002411e-01
-1.699876193788442957e-01,1.942170184659575485e-02,1.835985012830188001e-01
-2.107087151160119687e-01,-1.357323032907575000e-01,-1.264840446936617985e-02
-6.930317139274519422e-02,2.170221393765212337e-01,-1.052609346976413757e-01
-7.928585669798519919e-02,1.665243647622221546e-01,-1.701904573890101746e-01
7.342532181759203747e-02,-1.560724482028471791e-02,-2.394713739535025976e-01
-1.197205798020574141e-01,-8.312434626298774443e-02,-2.043005843072546457e-01
2.466382499695296826e-01,3.312840208148314092e-02,-3.245744206758949257e-02
-1.340632925964771738e-01,8.366005521859580518e-02,-1.949600770852545628e-01
-1.636508805780943765e-01,-6.135688001702256644e-02,1.800975443437986823e-01
-8.310945139142005000e-02,-1.661152754419687738e-01,1.687599990291881458e-01
-6.461729459286896099e-03,2.453048167708276606e-01,-5.258512945216742979e-02
8.692810008156549861e-02,1.834400276441986166e-01,1.475624091433198615e-01
-2.332548329871120818e-01,2.893880649246801870e-02,-8.795528002923688748e-02
3.431744490092713835e-03,-1.860774933180085189e-01,1.683591177463126254e-01
9.794750094273861618e-02,2.239383989783526874e-01,5.691470319838180802e-02
5.129771818037317382e-02,2.046586414672599552e-01,1.358851997104103815e-01
-4.937668209304695299e-01,6.074720397819815404e-02,4.406332357577252140e-02
1.242071617008869006e-01,-7.050202280759586271e-02,4.785807335128958173e-01
-2.911225334809128262e-01,-2.136096013143805317e-02,4.052515917419848290e-01
2.996995294871799276e-01,-2.243768960778762533e-01,3.305641741918129983e-01
3.765478268475316859e-01,-2.090221352157969337e-01,2.529010751533588564e-01
-1.347977610113921809e-01,-4.654661183040326722e-01,-1.208649207371033513e-01
4.768470192033015254e-01,7.500321446809048165e-02,-1.281753128487470861e-01
1.389463618084784136e-01,-3.979666778641801628e-01,-2.678691930353874762e-01
1.021798729390480803e-02,-1.844193809100929393e-01,4.640286170139661381e-01
1.805949219531412520e-01,1.238975688857174295e-01,-4.488567024301209352e-01
4.901919973834383826e-01,-8.483629248023606684e-02,-4.418237099723636846e-02
2.217378138788855813e-01,6.238916923248195162e-02,-4.431449042764543100e-01
6.036841191008463642e-02,-2.878832620714049106e-01,4.036289818510008787e-01
1.037993776176314858e-01,-2.676689161267328254e-01,-4.086765386870487293e-01
2.273366458022058334e-01,-3.416367914224850422e-01,2.846749461217939481e-01
-4.670963293093994828e-01,1.458740846675875280e-01,-9.989616256680211581e-02
3.461598246847626403e-01,2.514104238574135231e-01,2.576890515282799221e-01
-1.764260793835265018e-01,-1.632104343361260590e-01,-4.378055108888707081e-01
-2.965225597480460884e-01,-2.588213795947248430e-01,3.074464794930074074e-01
-2.698889709539152304e-01,-1.122211455502259425e-01,4.049738640657272182e-01
-3.899022029669145795e-01,-1.252007782711959671e-01,-2.858994752869060130e-01
1.009049023041336673e-01,-2.586034222047980946e-01,-4.151866368784700723e-01
4.366007166618728896e-01,2.367696812699454922e-01,5.251099855422507179e-02
4.194942119566786309e-01,-1.219800903956728272e-01,-2.420391216506189991e-01
1.272651258595793866e-01,-1.795646153168274639e-01,-4.483275692990110750e-01
-6.551809692810811603e-02,1.252736975399795782e-01,4.790108061485410795e-01
-4.909083159912317473e-01,-6.091831731613219642e-02,-6.881465420619667372e-02
4.613094182382421748e-01,1.209313795594192664e-01,1.483465362253014452e-01
-3.621786354648109940e-01,-7.671753898169270634e-03,3.438099081359755060e-01
-7.006717460518784024e-02,1.411022011393825437e-01,-4.739390600108434048e-01
2.493377063653149650e-01,3.495987930832681889e-01,-2.550467894067686703e-01
4.504605354184117449e-01,1.297619710142509653e-01,-1.722922216368137638e-01
7.476671181156407942e-02,4.046969265340238375e-01,2.829625579229448351e-01
-3.096287435077872408e-01,-3.894775461754215184e-01,4.329844046216613923e-02
-9.091721107311125094e-02,-2.817834569443012360e-01,4.022059383583251879e-01
-2.760336272047189676e-01,-5.442161370406642905e-03,4.161890102577422978e-01
2.008757477511760869e-01,3.634593134345291965e-01,-2.774594279720927759e-01
-2.273031963526775390e-01,4.387291015493006707e-01,7.271523299209056712e-02
4.692227322752322016e-01,-1.213677892480490988e-01,-1.205709748517502095e-01
1.284424708851694408e-01,5.385355675753460414e-01,-5.028482450993696506e-01
3.484406426604624296e-01,-5.429062930776683560e-01,3.784392407630742250e-01
-5.547715737568739147e-01,-4.999542384384130789e-01,-4.060349602055288859e-02
-6.225553086609311171e-01,-1.238738222462232585e-01,3.955433570299305979e-01
-2.601332608260659707e-01,-5.587238520869286518e-01,4.237130245714016974e-01
-4.075228004673083632e-02,-3.532219691416013108e-01,6.579877473456673398e-01
-1.338812409852579988e-01,6.461202271312866952e-01,-3.521063033720996382e-01
5.674931455312156592e-01,3.127333078479246353e-01,-3.735288361129364687e-01
-7.264298725651762156e-01,3.758523152332228501e-02,-1.739579664361002032e-01
-4.211593670174711423e-01,5.046386611389030996e-01,-3.568458949290039262e-01
2.962143776987923305e-01,4.316081098075010281e-01,-5.341777470685358242e-01
6.071097154904131488e-01,-4.360819253994054345e-01,-2.499462276971209373e-02
-4.196554888308947628e-01,5.903953849457046488e-01,-1.862711561117806891e-01
2.986133671051711125e-01,-6.827440478993102024e-01,-6.375739576300139266e-02
3.169957996143552559e-01,5.672774064043564213e-01,3.702490927474440530e-01
4.208496724384321874e-01,-4.126744536361167115e-01,4.603908469929654523e-01
-5.652437522208224596e-01,4.349948548629573031e-01,-2.250630140391427225e-01
-1.649633082197163869e-01,3.882623777711823876e-01,-6.175870921732236063e-01
2.123254888139149421e-01,2.850994367454649514e-01,6.580353952772252102e-01
-7.462492106716093199e-01,1.023115077346148025e-02,4.880391988513087947e-02
4.519629815279371798e-02,7.430116731869461644e-01,-7.256260477354588290e-02
-3.571168428128969619e-01,4.479572646113927359e-01,-4.808078962865841577e-01
-3.862664476161662419e-01,-3.983006604520062388e-01,5.015268674754986833e-01
7.421228396347694378e-01,7.846491853759367252e-02,-4.971248255336244148e-02
-1.812883956060000745e-01,2.925041478282530694e-01,-6.640408305158450597e-01
3.300379251161782990e-01,5.134603796490573302e-01,-4.322126675445283617e-01
6.863199482186375100e-01,-3.036925667796961867e-02,-2.956636947552026551e-01
-7.378689522651749044e-01,1.056675276831087196e-01,-6.130388524992395893e-02
5.463303250089844854e-01,-4.918125040889972377e-01,1.379058384100932122e-01
2.538605639623188817e-03,6.873673437560359201e-01,-2.947780074725407373e-01
2.839208815549952858e-01,1.653234766030055591e-01,6.718864967918563025e-01
2.198297986744326415e-01,-4.216832188109611579e-01,5.772629436039427020e-01
6.209160061144457510e-01,-3.151640326986042129e-01,-2.729639707257023873e-01
-1.443813110552421841e-01,-9.271675185875802860e-01,-3.351217161579064241e-01
5.232590503947299743e-01,1.268444719870423336e-02,-8.478391392981163843e-01
-8.682641596542903240e-02,-9.911114263821260151e-01,-5.432724115844550505e-02
2.051712345519072778e-01,-3.763024074822270415e-01,8.994961910881158484e-01
4.817535652359283271e-01,8.036276188442091906e-01,-3.389517484241093559e-01
9.802598286201373856e-01,-6.185451823858525294e-02,-1.675017077930652520e-01
6.032430606493579539e-01,-1.522579165992057199e-02,7.928796378979761084e-01
-5.467079332468978148e-01,-7.002554750787652882e-01,-4.511594402133468629e-01
-4.485165674441475847e-01,6.567760790872384513e-01,-6.002251292751872302e-01
-8.930520971929053475e-01,-2.774830647358350055e-01,3.438796819102054036e-01
-6.306459821259057241e-01,-1.415652616208529502e-01,7.583119787245704568e-01
-3.452190062190330644e-01,7.057096649160586078e-03,9.346476182383014475e-01
2.868037665078319587e-01,8.185605578012177252e-01,4.904022307000473480e-01
6.357333376955190962e-01,-4.978477460422066070e-01,5.837661177643934662e-01
-8.728762992534399023e-01,4.122757558001023948e-01,2.467950617973859451e-01
-6.794878664842627369e-01,-6.004412697546682720e-01,4.129874768350348391e-01
3.765765878494732322e-01,8.982865031704392322e-01,2.099132364858738720e-01
7.146369830345847829e-01,3.015668077044288964e-01,-6.254147248959593952e-01
-8.432804788599210788e-01,1.980514479805241257e-01,4.923878482183554062e-01
-9.832717532516022096e-01,1.609958323908673994e-01,7.009733004475144844e-03
1.364972304507310052e-01,-7.793096869554486661e-01,6.056707463987200946e-01
6.363441316146534188e-01,7.489006435454120814e-01,-1.643353504373364360e-01
2.090928462672669852e-01,3.298421358444091900e-01,-9.166659599919445567e-01
-4.763999858972247647e-01,1.571044230862821967e-01,-8.609026593235454827e-01
8.600679910584252408e-01,-4.411722266930978575e-01,-2.417483242917736752e-01
-4.685887804176273042e-01,8.012317295715903898e-01,3.622766974854171873e-01
-7.635621993062026158e-01,1.555735110832558721e-01,6.209362170033287942e-01
3.463970093877890427e-02,-7.742985505043168404e-01,-6.261421411726637576e-01
-1.101750500386718512e+00,3.598210343781869658e-01,-4.542745710170424389e-01
1.213815935285158076e+00,-2.512853308652111539e-01,-1.148794389604548272e-01
-5.495972334528007597e-01,9.835213315199190509e-01,-5.294519800533413756e-01
1.113986518843909979e+00,3.864779032140786552e-01,3.991986897741109930e-01
5.893344659282258036e-01,7.797394795917025334e-01,-7.709617104572995538e-01
-2.356975639912554654e-01,9.358202702069812196e-01,-7.863700197454194241e-01
-1.877980163889968884e-02,-1.219720958408566647e+00,2.482314049941743428e-01
-8.418265357107947988e-01,4.202256680425036084e-01,8.151252661079058104e-01
7.282326698753490701e-01,-9.604413994626377349e-01,3.113201318266484718e-01
-4.424966054091294398e-01,-1.110659158733798835e+00,3.468770892956438145e-01
-7.372541316123000232e-01,9.184690571639355650e-01,-4.031893651983832205e-01
5.063311559046693514e-03,3.428420072409490427e-01,1.196714021269552841e+00
-1.417586477435282821e-01,-1.205110470384199939e+00,-2.780359108395709655e-01
-4.682604298018763767e-02,6.699024326055866840e-01,-1.048202642738524037e+00
2.096243836369953983e-01,-6.966203451019208348e-01,-1.010182379736936920e+00
-7.270377581322669258e-02,-1.014817718075421205e+00,-7.173213281499342120e-01
-2.876748921580539742e-01,1.209874786376825773e+00,-5.600790540247521654e-02
-7.438684603469245538e-01,-5.067684191453520892e-01,-8.599629124643153322e-01
2.981457412169037369e-01,1.079933658855222189e+00,5.427182853211106606e-01
4.551038835789774084e-01,1.090451977772991299e+00,3.917724685048640798e-01
6.060365812960734067e-01,-1.055587829633315877e+00,2.610454439692140305e-01
1.102753808665192903e+00,2.058548575125039304e-01,-5.396744786155893703e-01
1.095501103426416822e+00,5.889326263534758743e-01,5.221514879794503239e-02
-9.239205219195574248e-01,-2.249891116926997225e-01,-8.033937369383168381e-01
-1.093607746609166209e-01,3.019956954103132640e-02,-1.489025979714313275e+00
-1.482651716121261787e+00,-1.281234937004247232e-01,1.240903716802597007e-01
-1.032100910312538256e+00,4.049403493375566265e-01,1.000430500189531946e+00
-3.713300388698970167e-01,5.000176625740743175e-01,-1.357264344424441882e+00
-9.889711242015132298e-01,5.755277198400186034e-01,9.595697580115860603e-01
4.902903574868729963e-01,6.358224292976631942e-01,1.259132782932952610e+00
-6.684553151564266438e-01,8.953506070135789363e-01,9.907496875894574728e-01
-4.674894518078109296e-01,1.415488843153221543e+00,8.896689640679156241e-02
-4.921646238053304367e-01,-9.275890554503660179e-02,-1.406854622843353386e+00
7.029514335808449699e-02,-1.051958278488463794e+00,1.057597529516272949e+00
8.001664258047802569e-01,1.253116260351728961e+00,-1.396548973576323127e-01
-9.387864600937229076e-01,-3.817822351650125290e-01,-1.096810133321247882e+00
5.775346826784963916e-01,1.842671566439851860e-01,-1.364759856745815680e+00
-3.687334415621599248e-01,-2.524160896102645157e-01,1.424918218031707928e+00
-1.295873545813001515e+00,6.515604345802694652e-01,-3.553180471784100347e-01
-1.489710545562739963e+00,-4.968549552567027433e-02,9.145492481327645307e-02
-5.166303936560114884e-01,1.097683027189804816e+00,8.707784847303762232e-01
-1.250237538575327711e+00,-6.766544568090357981e-01,4.572909407769237267e-01
1.193739092040801530e+00,-7.953341724740667917e-01,4.153320304619712022e-01
-3.097934808944275420e-01,1.374945632219206848e+00,-4.935814714266625880e-01
1.856785164001381605e-01,1.132464030647628128e+00,-9.555725347328907215e-01
1.502388053960825420e+00,7.293453466914063821e-01,4.947887795320686788e-01
-1.506781593870355040e+00,8.273265227698487490e-01,2.811947525657284008e-01
1.065386972231698204e+00,1.139779184683758162e+00,-7.744575168051764935e-01
-8.487079131678957333e-01,-9.380042119352177687e-01,1.197402777804287943e+00
-1.612674850028530393e+00,1.800907643077636899e-01,-6.330699649106258375e-01
-1.339754349287182400e+00,-1.046497073158664026e+00,3.792526799007044924e-01
1.065759479352829775e+00,-6.882676950401512839e-01,1.193471720615591591e+00
-3.775409247635410082e-01,-1.692580337907442001e+00,1.629879922977711948e-01
-1.670952026544081592e+00,-4.141202488275079752e-01,-2.652436243808851679e-01
8.281277232468973182e-01,-8.148004828522884546e-01,1.297780830074564573e+00
8.091991511959951699e-01,1.540104329265111760e+00,8.488712775197132521e-02
8.811195066116362939e-01,-1.698821979336335997e-01,-1.492882744782436655e+00
-5.548947276702318465e-01,1.640192419496085519e+00,1.891853694311353140e-01
9.476516890519225411e-01,-1.138726083810397860e+00,-9.160729327200488603e-01
-1.169190929196880946e+00,-1.137494586912449313e+00,6.107610593383053788e-01
-8.093857121164784729e-01,-3.523120446972631270e-01,1.501566324861600243e+00
-1.235975212471692286e+00,9.282842416893103410e-01,8.028599358308370348e-01
1.458237193110542673e+00,8.712683516472451428e-01,3.851833119729049515e-01
6.833010940996685489e-01,1.598205441343854005e+00,-1.130018488190811105e-01
-1.047893298602147416e+00,-4.732474712730396216e-01,1.624570102169672792e+00
-1.681833459487904969e+00,1.010410029029489065e+00,-3.343341726009615988e-01
1.755493815733617957e+00,9.371700231351314248e-01,-3.500516880572773076e-02
1.406246854461407736e+00,-8.736788479768605731e-01,-1.104729200347496665e+00
9.065521010957279247e-01,7.108215533749551174e-01,-1.623011878712455225e+00
-7.694290227191825648e-01,-5.642991131903429824e-01,-1.746658822161670344e+00
-1.459323317729650960e+00,4.675626092260168343e-01,1.270052050889836748e+00
-1.493811406986734758e-01,-1.325000653159685571e-01,-1.980252650214114452e+00
-1.638158114514655928e-01,1.240863019029150527e+00,1.547480177291314263e+00
3.142649939244959723e-01,-8.583944722433674013e-01,1.767955880332103824e+00
-6.946877763879713008e-01,8.177800418017823481e-02,1.863328420476282998e+00
-5.738470269557587322e-01,-1.667010709397385604e+00,-9.236051296921529152e-01
7.616008609399216311e-02,-1.174573582903045255e+00,1.604944887158950451e+00
3.072306518281079923e-01,1.966391816543237026e+00,-1.356840426363478160e-02
-1.306908793175485251e+00,6.603899262353897237e-01,1.348015616687213925e+00
-7.654772768246933534e-01,1.543623491278771409e+00,-9.962643258807304392e-01
6.103893935825838862e-02,1.981559098744327896e+00,1.759810707172328181e-01
-1.181302148549396858e+00,-1.828571877352934028e+00,5.224400738026240276e-01
-1.548579056905564189e+00,-1.200034464702994352e+00,-1.083472978697122890e+00
2.215978912805146805e+00,4.915731835800399990e-02,3.148245917699468155e-01
-5.617675688372911896e-02,1.963974879846706045e+00,-1.073191665475225598e+00
1.184615660583007990e-01,-1.923857871332703695e+00,1.138784991034988314e+00
6.567433040122634402e-01,1.396733242664374375e+00,1.621702188750962614e+00
1.262180251999806879e+00,1.575238248417864639e+00,-9.683072754613932798e-01
-1.518256252518976002e+00,-4.299212115639303722e-01,-1.588130728580863238e+00
1.713908338110815555e+00,-1.076698285532458721e+00,9.567301176476207258e-01
6.665480042412269546e-01,-4.169211612736076211e-01,-2.096183200689445414e+00
-1.868523764567964207e+00,7.022051715572380504e-01,1.013716107108582065e+00
-1.834689586393440486e+00,5.471961214034642973e-01,1.160424074995351384e+00
2.129685426237223123e+00,-6.868827236406900572e-02,6.868882107306559792e-01
-1.133094610920267975e+00,3.666702664859283756e-01,-1.895717021579679029e+00
4.757666951264806765e-01,-7.248167619445853305e-01,-2.064068850823765011e+00
-1.509258496187337872e+00,-1.362042696766742056e+00,-9.375883912458929936e-01
-1.543008582042596943e+00,-1.734020585854419760e+00,8.936964967934435400e-01
-1.268998250130512817e+00,-1.094109765170433457e+00,-1.838195737055572154e+00
-2.110519319148289885e-01,-1.196522665467816937e+00,-2.170296499988352501e+00
1.261502490707568702e+00,1.991644743914847471e+00,7.926909768502756748e-01
2.474516471026991571e+00,-6.703929453149914475e-04,-2.513246704848254298e-01
-1.788750096631170017e+00,1.468118363876925736e+00,9.118102139448762689e-01
2.437663947995263758e+00,1.127023525454582814e-01,-4.811329973923495484e-01
-3.221955996103949560e-01,-1.212795560595908290e-01,2.463306227345388066e+00
-1.428892991963057302e+00,4.396528258943197542e-01,-1.987804445866565795e+00
-1.221249020237919813e+00,-2.761754938177369834e-01,2.149110102341742046e+00
-1.196582561061449557e+00,2.126279991286454063e+00,4.832389450607025849e-01
-2.295631164687272463e+00,1.010561117856172281e-01,-9.519776902807195462e-01
2.168083184999586521e+00,1.429968965171372897e-01,1.210521992907770406e+00
-1.039716264032338078e+00,-1.076778105888979375e+00,1.986437843424672334e+00
2.529286390965079789e+00,-4.761171947355193335e-01,9.274711382953287897e-01
2.067860941921235263e+00,1.151975709531106506e+00,1.371525804548254346e+00
-3.856688541841620799e-01,2.474755197500946302e+00,-1.100466351311632174e+00
-2.723901963401498705e+00,1.922022778524802578e-01,1.661214049440601082e-01
-1.771169064725239606e+00,1.552694632580784440e+00,-1.391502592570331265e+00
-2.004438589745305421e+00,1.213442983464695590e+00,1.412077196485715946e+00
-1.637840720312808696e+00,-7.969388328198627747e-01,-2.041211947506614166e+00
-1.191096392738969223e-01,2.282657889227239334e+00,-1.503151954259947187e+00
-9.385045693452084281e-01,1.645999449979219653e+00,1.973341056938987759e+00
2.175269276593492229e-01,-8.711001383384169294e-01,2.584191658477498876e+00
1.224996162146596124e+00,5.989584471506249203e-02,2.445399115385214373e+00
1.184459195077878363e-01,2.481243232963943335e+00,1.146116279457456644e+00
-2.758830214088616173e-01,3.165565036659340886e-02,-2.721592625892603312e+00
1.601462373089260982e+00,-2.049681673787337566e+00,1.462726128117557867e+00
-2.187087347395016312e+00,1.162523295041983262e+00,-1.664521836897159046e+00
2.989935793090147675e-01,2.625253663057963927e+00,1.387115880628167153e+00
3.543160689977710165e-01,-2.955457211716853827e+00,2.125493239672543722e-01
9.150142788918592951e-02,2.154431291411168292e+00,2.062885775180190784e+00
-1.749347126058257429e-01,-1.818676074470872761e+00,2.359504101422768230e+00
1.507670317161685869e+00,-2.371324400692493395e+00,-1.004587091091708073e+00
2.366508351448782577e+00,-1.002506994022460241e+00,-1.516595651984188775e+00
1.130660477716993045e-01,2.670089801422786735e+00,1.327885892438593451e+00
5.312740745260935427e-01,2.250274724156798634e+00,1.886652046805562533e+00
2.953153607592945207e+00,2.885086528662855754e-01,-3.179480293069693042e-01
5.185421980863547109e-01,-5.061989596491308641e-01,-2.894878412681962665e+00
-1.359606378890224621e+00,-1.079820206014420636e+00,-2.726838564968382173e+00
-3.111303061931217862e+00,-8.747852968147683539e-01,6.880176980984833990e-02
-1.126386823239204249e+00,-2.704446885902527242e+00,-1.366531927179183814e+00
-2.665678051155278894e+00,-7.823649611830971740e-01,-1.652953519412086347e+00
1.330819877413252472e+00,2.095360297498836566e+00,-2.070887109376607693e+00
-1.644136763275071633e+00,2.764440999290855849e+00,-3.238363897433175209e-01
7.363064738917364238e-01,2.802029387581616238e+00,-1.434110815058915911e+00
2.203577596774508152e+00,2.365245490233215175e+00,-7.020552667685702082e-03
-2.310288442659209629e+00,9.542059666576919730e-01,2.049938542284861942e+00
1.088978921813454903e+00,1.364419695208062278e+00,2.720785464789383656e+00
-1.389430162829680571e+00,-2.774098503385252545e+00,-9.077725807544670955e-01
-7.577306363320523985e-01,-4.792044471124714544e-01,3.105864955671171934e+00
-3.028006601581155977e+00,1.423949905459794163e+00,9.601867478604976247e-01
-1.487948532816564695e+00,-2.477033931820304069e+00,-1.941321191236734522e+00
1.148488963927498441e+00,-2.816769562094795010e+00,-1.692689645811652266e+00
1.236624837503401964e-01,-3.077476561955733825e+00,-1.622424575741735264e+00
3.066395510166692429e+00,-1.714983254104322785e-01,-1.638970043306437141e+00
-5.358444814185289173e-01,-1.150255255158069700e-02,-3.439644499982962067e+00
3.340302278037086570e+00,-9.059611710210598856e-01,3.742070966554931211e-01
2.982439343110802721e+00,1.740059069974921657e+00,-4.423413850271661341e-01
1.220758321616829178e+00,-2.800230689333417899e+00,1.669393036394811736e+00
-2.242434866779563052e+00,1.299926847177274247e+00,2.323809795031428926e+00
1.731392101536702588e-01,1.740573816941395124e+00,3.009790940402732318e+00
2.556915591345428673e+00,-1.790548064281365148e+00,-2.041137720346507756e+00
-3.224108953474470685e+00,1.691520534205854132e+00,-8.087042992801016794e-01
3.332123193718490750e+00,6.548698604520488686e-01,-1.542148952904104586e+00
-2.544426412132256399e+00,6.079276242547412279e-01,2.658277852689628684e+00
4.846904707745664509e-01,-1.001232058133097569e+00,-3.559878146579643410e+00
-3.099440595201862436e+00,-1.042280626481395522e+00,1.793667192559618151e+00
1.352469896388506232e+00,3.263430565933977512e+00,1.196231175767932253e+00
-5.903195092748224626e-01,3.664652713827723840e+00,-3.632716190305196879e-01
2.893508326945319897e+00,2.320454214705554907e+00,-3.914392731213250376e-01
8.982485912785772575e-01,3.876722498705307829e-01,3.599025229160640382e+00
-3.400341034890676184e+00,-1.907399905980541988e+00,-7.904537893952634509e-01
-1.381011087936202530e+00,3.590549819065574688e+00,-1.012951686839377308e+00
-1.672735144407432983e+00,3.607495317950247582e+00,-1.150887296679921762e-01
-2.372171241186407098e+00,-2.726965717371231612e+00,-1.661858094674588449e+00
-3.427058638994593398e+00,-1.472922973813675929e-01,-2.014667419722160790e+00
-2.088735432661658731e+00,-3.823012807491381060e-01,3.363976927855865107e+00
7.652957816071845887e-01,9.064601162624634501e-02,3.902744728430980192e+00
-1.777903706329551081e+00,4.800054771091840644e-01,3.526182624458088721e+00
-3.526355442774507409e+00,-5.439679931538224933e-01,1.759041461053182598e+00
2.116531959906664540e+00,-2.567377229050738840e+00,-2.180407616596197418e+00
1.498184735685783586e-01,-9.083165985720068614e-01,-4.125105430605590762e+00
-1.215016490404446925e+00,-2.398572004856814210e+00,3.261068336824299418e+00
-1.909774776109337546e+00,-1.888581120413959757e+00,3.263433941116022918e+00
-3.227373731942219770e+00,-2.541209851784162588e+00,-9.951335163886532165e-01
-3.897291633810893163e+00,1.547519033801686872e+00,-5.294168423130216627e-01
1.137611240933191326e+00,-3.014311886366193363e-02,-4.070492782055165293e+00
-2.828135859663272633e+00,-1.318369317540347918e+00,2.850882202710322222e+00
-3.440540146519840636e+00,1.809157836460772106e+00,-1.659400751727379664e+00
-3.829917406763245324e+00,-1.621542580720690907e+00,7.525368749484353526e-01
1.597853202900745506e+00,-1.372277180430484522e+00,3.948398338398599883e+00
-3.866712571105839658e+00,1.699808081160914863e+00,-1.478281210152977199e+00
-3.387270281486116641e+00,1.699457083221654230e+00,-2.379994667865444669e+00
7.499344310651492318e-01,-1.811109882511847680e+00,-4.022885568741689788e+00
-2.949896221737974500e+00,-3.319262830805489450e+00,-5.538370677630591876e-01
3.562934567198191349e+00,-1.619475702456062649e+00,-2.170005685623408009e+00
2.191613943591060210e+00,-3.814008838857975814e+00,-8.223708749643997562e-01
-3.936214469897857171e+00,1.785916681618997970e+00,1.158812413594605406e+00
-6.907239803895071084e-01,-4.078798548203952379e+00,-1.706584818490849198e+00
-4.037497315046769231e+00,-8.411675612753473086e-01,2.302783508527124212e+00
9.285713147851732963e-01,-4.219675900592739559e+00,-1.908887091897074617e+00
-2.753881116872289869e+00,-3.094258022761288363e+00,2.270124535131920140e+00
-3.061787729826642046e+00,-2.514651761761042881e+00,-2.571719606965615412e+00
1.210533553919272531e+00,-1.763241608586393117e+00,4.211572968248505688e+00
-1.562345149052010829e+00,3.971080635838935891e+00,2.025180372508821325e+00
-2.772125222032432168e-01,-1.970594525944010966e+00,-4.283884890394406675e+00
-1.267722039565094549e+00,-1.816870638590886711e-01,4.546606422764506661e+00
-3.567817775353621990e+00,-3.273525030017803150e+00,1.129416100746041041e+00
-3.108650417901385854e+00,2.284110061242535128e+00,-3.136878119455533742e+00
-2.635258931418510975e-01,-4.279771818199344935e+00,-2.516938182931234724e+00
3.377300400641572331e+00,2.915531794072443894e+00,2.194171116956403100e+00
4.473501534755321529e+00,1.945311756630789812e+00,9.614659208534294121e-01
3.780495327343998291e+00,-2.534990968975527892e+00,2.000636497730017727e+00
6.331058308320498540e-01,3.420066422660482885e+00,3.552913339847104890e+00
-3.547475550422030555e+00,-8.135810050884181299e-01,-3.387384491938278952e+00
-4.762283147568922459e+00,-2.135298539451643496e+00,-1.209212398516774506e-01
-1.186288971037041007e+00,-3.268779972583476745e+00,-3.893746081151618910e+00
-4.162270853365000356e+00,-9.915621644116240363e-01,-2.990947741734394150e+00
4.870051159725233170e+00,-1.741111611153231209e+00,-7.103482495346001846e-01
-3.259347244701507940e+00,-3.129110906257301483e+00,-2.615106699782792532e+00
2.736507204676281724e+00,1.671337026167492648e-02,4.445752080183941857e+00
3.524582666956469268e+00,-2.624395367077683172e+00,-2.818391129261828443e+00
-2.774425226753955975e+00,3.747696641006518892e+00,-2.347508705966872888e+00
3.830898188235718482e-01,-2.034432215732878468e+00,5.062001897987563837e+00
3.082645875951334880e+00,-2.457696984698779785e-01,-4.510701400416793128e+00
3.028696614903519713e+00,-3.083965404201393312e+00,-3.350476035653539686e+00
4.212957132645358094e+00,-3.453265204238589625e+00,-4.852701233492323074e-01
3.229923966813525560e+00,-4.076084259280999156e+00,1.691940821888585855e+00
-2.266000827103028303e+00,4.287453766264459620e-01,-4.958926609511134842e+00
-8.995414238631050871e-03,-3.857928175000453042e+00,3.876318452344713616e+00
-3.184761063816962778e+00,3.025994000676068385e+00,-3.659200249864206889e+00
2.217262161081558602e+00,1.169177036855208129e+00,5.138663518840749234e+00
1.328770970822214403e+00,1.192554826333452445e+00,5.431507146973790334e+00
1.599350630495433467e+00,-4.275921768905624809e+00,-3.442042966215155708e+00
-3.936904649897534192e+00,-7.753011375174602149e-01,4.072932496140549752e+00
2.414725977789550448e+00,4.795195953686387291e+00,1.965778067910102678e+00
1.262735592796406126e+00,-4.741752145580987232e+00,-2.934343982375207549e+00
-3.614290051135985227e+00,1.018851250334592784e+00,-4.635835773691023398e+00
5.461112428078535252e+00,-2.400276459350030756e+00,-8.395076687336686105e-02
1.276865776057347357e-01,5.735991234881026024e+00,-1.635305615458391593e+00
-2.874845971571575287e+00,-3.865264235762865819e-01,-5.213250591358368879e+00
-1.383274858832028054e+00,-3.535491507897029262e+00,-4.602061953863028521e+00
-1.946676786631147626e+00,4.226146273061497816e+00,3.733933707467530727e+00
-1.933576694761385939e+00,-2.114849950511856314e+00,5.232668020902721651e+00
2.561485029696448645e+00,5.169947948248171166e+00,2.308478250061124282e+00
-1.680110778388025639e-01,5.019361888444590747e+00,3.660111704103190089e+00
4.949322602894387302e+00,-1.575200664338830991e+00,3.411977112394658285e+00
1.025353602389914132e+00,-2.470853995093272193e+00,5.609114876783805492e+00
1.048182806794698552e+00,-3.958193018842462330e+00,4.674682877488755217e+00
-2.084829746379025295e+00,5.257740136506004802e+00,2.574547098335307371e+00
-1.328100905184790848e-01,5.533109724502545568e+00,3.337018682093700672e+00
4.854958851145649845e+00,-3.943374718050603356e+00,-1.627207981449321217e+00
2.335207258285247001e+00,-2.462472497906810887e+00,-5.500151969361849247e+00
1.844916525042774369e+00,3.812779715200813158e+00,-4.881355271556030218e+00
-6.019891023915618256e+00,1.492392503657970604e+00,1.817226486538263908e+00
-1.787588197577232529e+00,1.905973943235760748e+00,-5.911042817621899204e+00
-5.983516250542789017e+00,-2.143891029292944950e+00,-2.154849659563819575e+00
4.966906054458844366e+00,-1.603462451811645595e+00,4.219107125106564382e+00
3.466775948133101082e+00,5.730222134499214803e+00,4.337410933446531058e-01
-5.159630100357683880e+00,-3.566948112578108621e+00,2.386883095372106744e+00
-3.896002029624376028e+00,4.039760833660249517e+00,-3.680164821485865989e+00
6.705903668229908021e+00,1.582147414067514302e-01,-2.189443064730417776e-01
-1.456575836849091976e+00,2.834573857861138468e-01,-6.799787437658837419e+00
2.871673975970503889e+00,2.942197792522422972e+00,-5.615695075482838305e+00
-6.435862689743673037e+00,-2.302818263705203261e+00,-1.309874016271541874e+00
5.018911163447829615e+00,4.316777311463587452e+00,-2.148263212933699595e+00
3.950078833376790666e+00,-5.988459846237628170e-01,5.698888589207628641e+00
5.476240408300144580e+00,-3.128612464729030762e+00,-2.943067361008759431e+00
-1.943741071701121426e+00,-6.779012178596288685e+00,-1.492103803034028564e+00
4.963840273393029356e+00,-4.939707562936025198e+00,1.708533922202677857e+00
1.231471259896292025e+00,-5.269786902927113381e+00,4.761547412784055133e+00
9.779366637883017965e-01,-2.783540550454931317e+00,-6.576857237008788992e+00
3.332610976881987819e-01,-5.199634617954791427e-01,-7.181788375437453631e+00
-3.862231542122446931e-02,-4.583175366139838225e+00,5.563498998864265133e+00
4.687638243992144460e+00,-2.229242319795022631e+00,-5.353499343368288699e+00
4.752180080649886840e+00,-5.734834127162395490e+00,-3.631678143166111039e-01
5.893589372995243103e+00,3.941392584656309594e+00,2.309644484002105091e+00
-6.712036491449212328e+00,-1.631290291937893766e+00,2.809072260948600963e+00
-7.364312719515857530e+00,-6.796774476166540513e-01,-9.530821489912706390e-01
-5.470326543559059118e+00,3.961486477211592749e+00,3.708501274224962785e+00
-4.791790859346894749e+00,4.710499049653176229e+00,3.771043405573762275e+00
-2.550742014707912286e+00,-8.129794419173025366e-01,7.225206495640725812e+00
5.394984712336612809e+00,-2.246805756742949800e+00,-5.021636501017000320e+00
3.762666865556268725e+00,2.434203405196929015e+00,6.267999772191917174e+00
4.770587947176501586e+00,6.267905951624755723e+00,-1.102976074481070379e+00
4.218390753668917803e+00,-3.045882532148275867e+00,-6.015770079611669097e+00
7.844660888223360828e+00,-2.298387959192056407e-01,1.292354547988085578e+00
3.848580470808876886e+00,-6.601237857704263412e+00,-2.207667933987569775e+00
-5.944852825207375346e+00,1.900059000583677715e+00,4.930538640144831675e+00
6.664731011258560045e+00,-1.306626503632165370e+00,4.598930361220459062e+00
6.024458890856066340e+00,-1.384502177178628668e-01,5.564422642950485276e+00
-6.273969532296609586e+00,-1.210126899912043891e-01,-5.281925309624877052e+00
-3.552146102756808865e+00,-4.072272664180970558e+00,-6.170488323707851386e+00
-3.199774970874282864e+00,-4.492573664976358128e-01,7.538944269206067084e+00
-4.787980421587647584e+00,6.350557867710163507e+00,-2.856496800421228777e+00
4.239531363410684150e+00,4.921467459842872927e+00,-5.405501602980402609e+00
-1.904562515037213632e+00,-6.161287282599200443e-01,-8.210173124605031347e+00
-4.318532868757889442e-01,7.321724100764250842e+00,4.197591529718121883e+00
6.224682965158780057e+00,1.329810307395190350e+00,-5.558672705697504490e+00
-7.026158717199981751e+00,5.068371495484512934e+00,7.873649754369895781e-01
5.304018005287044701e+00,-4.333358333904288595e-01,-6.881486219935395887e+00
5.864448796860953550e+00,-6.259162658567780646e+00,1.451331341443751421e+00
7.875896994426434539e+00,2.251432282945708074e+00,2.928572817698853914e+00
-4.134638380648945954e+00,-2.225446862785706692e+00,-7.323072528812752502e+00
2.535335250563321541e+00,7.633844382001412576e+00,3.918742058397218564e+00
-8.719688034427907297e+00,-1.523205888993007351e+00,-1.306494777489201509e+00
-4.459101975609415902e+00,1.762231120244331484e+00,7.554534747525712746e+00
2.932620157970174279e+00,3.542283700293514581e+00,-7.675415910380143814e+00
1.574217660900035565e+00,5.850367140233112551e-01,8.788607113813315053e+00
4.595842800858051191e+00,6.703517331626594355e+00,4.302256854079718806e+00
-1.634779172586300122e+00,-9.041956891145886743e+00,-3.726155386323620200e-01
9.772149018697856571e-01,8.693594387562916026e+00,-2.834571813200547741e+00
-6.067442552647756671e+00,-1.510025946730683133e+00,6.743462924537525716e+00
-7.882626692643697197e+00,-4.996851628220528418e+00,1.447676164573839630e+00
4.584190807328777595e+00,-2.647733490547816260e+00,-7.821431969437444565e+00
6.019504318044577751e+00,-6.703168868637047417e+00,2.834288434701397019e+00
-6.583025976134238455e+00,6.347449424976389309e+00,-2.360879251976487403e+00
4.576513039810780725e+00,6.279445261912964149e+00,5.794776857734029285e+00
-4.475428535279612596e+00,8.597825508302115338e+00,5.726417941127713573e-02
6.361927614048979329e+00,-3.399619152528214450e+00,-6.474859835024505905e+00
2.256283018067680946e+00,9.407876812794651045e+00,5.969791030758990757e-01
8.624663796418985839e+00,2.500377611960735713e+00,4.265836079067334197e+00
7.349148424494611476e+00,4.969661903887345744e+00,4.486262280888908549e+00
1.640449674965173577e+00,3.825677701032693889e+00,9.028133043373655298e+00
8.092609523428160756e+00,1.884218038471788814e+00,-5.458339009437279010e+00
-4.986351914672395580e-01,-2.056036649448575560e+00,-9.967966511043952593e+00
-3.863964367719914694e+00,8.136238486792031210e+00,4.765257891696310644e+00
1.351314123867705108e+00,-1.400960616405498627e+00,-1.000237669822804776e+01
1.067855406597392864e+00,-9.318975943853251565e+00,3.981538937625015873e+00
-1.623898993253832579e+00,-1.943729435648085202e+00,1.012654125410983497e+01
-1.028206107940733993e+01,-1.460942786665180515e+00,1.052062718620780046e+00
-2.663662216170380237e+00,-2.502332585264184228e+00,-9.777791420425952396e+00
8.765241692066419787e+00,-4.325889304344975983e+00,-3.663221210451040211e+00
-2.139248189519620258e+00,-4.586534483366836668e+00,9.412675442991028874e+00
-1.033080947672554117e+01,-2.715569485193620736e+00,3.334640988854101762e-01
-1.438038963731951836e-01,-1.067166993357666449e+01,-5.531018412066439627e-01
-8.962026695827489675e+00,4.323680693276350517e+00,-3.898589891797699991e+00
-1.080564126714604001e+00,2.707490065351063624e+00,1.053971870979757242e+01
-7.615946190294587304e+00,-7.007364331815219671e+00,-3.532421338871602146e+00
-7.849159028603820865e+00,5.059855005941289008e+00,-5.689671487011551676e+00
8.078530989651758532e+00,3.690140236128066853e+00,-6.379968170337456890e+00
2.710563331316332203e+00,9.723237921579469756e+00,4.815746540755823979e+00
4.924641550246046384e-02,-1.301672132555414585e+00,-1.110779674136181860e+01
-1.031013886938751156e+01,4.212924105916881601e+00,-1.015987681642163576e+00
6.358860931562753116e+00,-5.504596341773955182e+00,7.371853957092007192e+00
-7.273747567969786942e+00,-3.612726676802908710e+00,8.046138163402877908e+00
-9.227251556439343361e+00,6.486731582408186370e+00,1.865389814589416995e+00
-4.639408928557183565e+00,3.726675024927227131e+00,-9.761522172315418189e+00
-1.097272839313774639e+01,2.460065969646668904e+00,2.060787253409032349e+00
-1.802633560681511815e+00,6.225183564844706474e+00,-9.718036468860466570e+00
7.374746582092789104e+00,-4.199492926750926003e+00,-8.026207260486712514e+00
-3.640698586507125523e+00,-1.798882532909187759e+00,1.095225850750470542e+01
1.752467168752744664e+00,-1.012355808291446202e+01,5.557432999552128550e+00
-1.028490949257008502e+01,-3.926456098290742602e+00,-4.594865065569668339e+00
1.893826144644570775e+00,-4.698323365743005020e+00,-1.080038822532455711e+01
-8.107824504507483709e+00,8.169047558592671621e+00,3.136725924035192570e+00
7.457057361080390301e-01,1.214406906965615462e+01,5.145587558193264188e-01
1.082479174214513584e+01,2.427792331222260458e+00,5.022844757931396842e+00
7.861264040934031749e-01,-9.925775320244417443e+00,-7.011437149076361841e+00
-3.794050113463296459e+00,-5.233640246974467836e+00,1.061258645491401431e+01
-1.237142841386146408e+01,7.349899342297705473e-01,-9.057298485356274353e-01
2.657495790336553032e+00,1.031178792286158696e+01,-6.404494025254112266e+00
-8.843074798102502854e+00,-8.799915852302760300e+00,-2.238598701050872997e+00
1.200392204399064866e+01,-2.921785087354952015e+00,2.831756080932350983e+00
7.584750857428882220e+00,-8.275676172928577046e+00,5.885112857740773862e+00
3.889462298375623739e+00,1.230599628093109388e+01,-6.669720507602493464e-01
-1.123705375926109618e+01,3.259630425158339673e+00,-5.487599243396768856e+00
6.065867206707009629e+00,-1.141033161257353790e+01,1.410697521515333619e-01
1.951289074143157665e+00,-1.017879391007941514e+01,8.128893995860860144e+00
1.224550133126948204e+01,-3.380467759362996372e+00,3.480578541631787814e+00
-5.984006632497726130e+00,7.962733008100261189e-01,-1.170691699651634821e+01
6.547753523189376423e+00,-8.133379323059596544e+00,-8.430706761346668188e+00
9.250842914651773441e+00,-8.106416888504430318e+00,5.367463321461626968e+00
-2.389048989529225508e+00,-2.410655027827592889e+00,1.298394929023783462e+01
-1.515660763908943443e+00,2.578157047774571442e+00,1.333748744082126692e+01
1.205260453860192982e+01,2.348386763055822613e+00,6.004373072643313769e+00
-4.418629259339751592e+00,1.113895346855104762e+01,-6.575113964203890049e+00
1.288398182011123794e+01,3.386326618038022485e+00,4.027768429730104849e+00
6.453998319894391322e+00,1.299911531692446554e+00,1.226145381776131771e+01
-2.811509623801418556e+00,8.283327208492984539e+00,-1.082446386759325918e+01
-8.946707142917748712e+00,1.077549733087369077e+01,-2.123700760668648879e+00
-4.990451696612315580e+00,1.277307956250271559e+01,-3.550893789374834686e+00
-1.176361944743459276e+01,-6.980811194090637883e+00,3.681107023446010373e+00
-8.992830328249015182e+00,-7.926032614843922630e+00,8.004586759321211886e+00
-1.032252971247980966e+01,-3.458467700901540987e+00,9.447263149110309399e+00
-7.354802497245859216e-01,-3.447546420768731745e-01,-1.439119913526238648e+01
-9.266908240477008007e+00,-6.995718485133854969e+00,8.954082758948221255e+00
-4.541888155731743204e+00,9.969170473193697646e+00,9.745673684870876485e+00
1.306378508798237270e+01,6.532818817681050660e+00,1.284936179395602895e+00
1.229986223976781723e+01,2.302317497086393328e+00,-8.108781128138046412e+00
1.065941696776614833e+01,9.356405936163126214e+00,-4.601533029734180325e+00
-1.494384570597439676e+00,1.406240888028609071e+01,4.728115861261783515e+00
6.284551379422009809e+00,-7.754745721870848207e+00,-1.140963482290796804e+01
-2.035043935505989943e+00,-4.402816068859308984e+00,-1.436263349417292545e+01
9.110761873808892020e+00,-1.134718474843116098e+01,-4.248158472480160874e+00
-4.532511279547484229e-01,-5.882946140080392183e+00,1.423349039053026033e+01
4.431375837139055474e-01,1.116324353783506851e+01,-1.061095487532955772e+01
-8.420458407532333212e+00,6.200916024776178537e-01,-1.288868135927609515e+01
-1.307833124468939179e+00,1.559019960424043028e+01,6.006469467381232441e-01
-4.676439279669581950e+00,3.423890537622150898e+00,1.454418843339453637e+01
2.330451329131330684e+00,-1.458676337551394653e+01,5.188531465208381377e+00
-4.854560784342360158e+00,-6.697373213184488527e+00,-1.358477926866190266e+01
6.173014227911647112e+00,1.356091163014484557e+01,-5.564473671896084994e+00
6.593248431050780844e+00,-1.430046894544421043e+01,-2.234604933909842828e+00
5.538666697484688761e+00,-1.138025208749103889e+01,-1.003725952796703602e+01
-1.097037410731174845e+01,-9.058142976027113713e-01,1.182217990035330146e+01
1.566373519592150032e+01,3.249630257772782027e+00,2.240724903296409831e+00
1.561822347726166171e+01,-4.476699311894516420e+00,-2.247895408415894636e+00
-7.783789899586078809e-01,-1.137626281558348218e+01,-1.178972203153004905e+01
-1.320624078499823995e+01,9.541528399230193358e+00,1.891352747985998617e+00
-5.943238818101328341e-02,-1.547645302890241936e+01,-6.140957193131489689e+00
6.948446408638424554e-01,9.063366941697502455e+00,-1.395019915333357652e+01
-1.580637137353605670e+00,-1.631194832971422670e+01,2.942348337843952333e+00
1.517837775259383903e+01,5.163302588962405792e+00,5.341238859876327183e+00
-1.674342100858432403e+01,1.496510321405632782e+00,-1.729157937002260503e+00
6.277078037420784185e+00,-1.578609492135123915e+01,2.329988893200818367e+00
-1.098596673943416993e-02,-2.365169052188160759e+00,-1.698343912343218776e+01
-2.246469473064982569e+00,1.636249413915491857e+01,5.462294710303432943e+00
-1.223313711601446130e+01,1.492011510740490543e+00,-1.227757146190190518e+01
9.364519097154584415e+00,1.199069198813508486e+01,-8.935895303125167999e+00
1.598002904159200099e+01,-8.595803949417004652e-01,7.431078691429823913e+00
7.142081270483585875e+00,-8.156785247912841541e+00,1.423407115424466163e+01
1.419875743693043901e+01,-4.370989316804918090e+00,-9.972010415079337164e+00
-1.695985938911533708e+01,5.057913094563259548e+00,-3.985665877143109270e+00
-3.162775495709972517e+00,-1.495222769682347419e+01,9.774077241408649641e+00
-6.081563104250045093e+00,1.665337890956509170e+01,4.884821959440446726e+00
1.202408081423810948e+01,-1.214999462028344190e+01,6.780931777544211947e+00
7.207999838643130097e+00,-1.701729516433896805e+01,-2.416378601500126067e+00
-1.054646761463636828e+01,7.552972177963214406e+00,-1.338309060203364709e+01
1.338249051238288878e+01,1.594458888988272482e+00,1.323152178572403947e+01
3.064010887903558356e+00,-1.241768991283860757e+01,-1.389673827688269014e+01
1.612242728447343509e+01,-1.018409545019511420e+01,-1.582901666805951457e+00
-1.609264106205381495e+01,9.327271763064061361e+00,-4.492543207854825305e+00
-1.382671060861354917e+01,1.295268533386982313e+01,4.095736287500655770e+00
7.758978879029159170e-01,-9.180996034564413932e+00,1.705380701281103129e+01
-1.190466170720257111e+01,7.738889802680456675e+00,1.355758586290553680e+01
4.684951236451911250e+00,1.208412265382202655e+01,-1.474600731623566929e+01
1.440418631107321801e+01,1.332345023662939809e+01,-3.200401903134605153e+00
1.817015024427865910e+01,-7.978825438596008901e+00,-1.192252722534111520e+00
-1.812037280838683273e+01,-2.157542535559850982e+00,-8.495647346112528808e+00
1.390176449620358667e+01,7.155465475432383649e+00,-1.267750693390354577e+01
-9.847393997834940294e+00,-5.285254848125569893e+00,-1.703932980851752887e+01
7.628296817569168553e+00,1.173039630158608126e+01,1.481386978316146141e+01
6.826696195377801146e+00,-1.811933575787879747e+01,-7.107611597178597584e+00
1.821427916361844623e+01,1.139519777156038582e+00,9.611127982413083970e+00
2.541409705716604961e+00,7.776561359224102965e+00,-1.920443873242167854e+01
8.107209088539661934e+00,-6.139427895827021864e+00,1.822977571996064938e+01
-1.278787734683505839e+01,-3.578176311896187567e+00,1.642700063931314602e+01
-1.012767934395087011e+01,1.057841263734806603e+01,-1.522191840540516061e+01
1.090031239794395823e+01,-4.473793515390803499e+00,1.782993860555322740e+01
-6.261781689750010038e+00,-1.892506294977062709e+01,-7.705221079634990922e+00
-1.002683978880413740e+01,-1.905487097118287920e+01,-1.948089612747504029e+00
4.459636068809743392e+00,2.064481942970087047e+01,4.617765029414668376e+00
-1.544365619705280857e+01,-4.111418236262808890e+00,1.492702946878270431e+01
-5.107060235442184570e+00,1.832754921917644353e+01,-1.078171418552631877e+01
5.023761963665583252e+00,-1.443609628296928449e+01,1.598489019294255797e+01
2.165013574696132181e+01,2.542224174192165176e+00,-3.736909555430039553e+00
1.155912216489603317e+01,-3.374973951646241588e+00,-1.884687746853122903e+01
-1.250113242395193680e+01,1.713530359314562190e+01,7.093067291423350795e+00
-2.238315776293558912e+01,3.191739873142292794e+00,-4.379963078867892268e-01
1.542019174137531046e+01,1.522306856073088532e+01,-6.469981907123092846e+00
2.084984623736660581e+01,9.376240362495892100e+00,2.335720888287015629e-01
6.205433705384320930e+00,2.149349226463076690e+01,-4.712420840305422409e+00
-4.933403084714616860e+00,2.093771455766808010e-01,-2.257709979574864434e+01
2.097419472983420263e+01,-6.252355448048802167e+00,7.422866478578517224e+00
2.002110646791483717e+01,1.202044327511468857e+01,-5.645110082231969972e-01
-1.002015015334896830e+01,-5.369457429321307096e+00,-2.040637035896592621e+01
-3.847563087679938487e+00,1.578936600526084710e+01,1.712357401721634886e+01
1.677023703619814654e+01,-1.631914722203369195e+00,1.653543503431448514e+01
-8.455769777495214967e+00,1.095420753638568456e+01,1.943253862783215169e+01
1.210728646240444711e-01,2.331866804467320264e+01,-5.034215409196128199e+00
3.951729376107907310e+00,1.702925022284985346e+01,-1.659589920873390412e+01
3.251204579459754385e+00,-9.377924569712792646e+00,2.196632873987270429e+01
-1.345107086351870684e+01,-9.409868636222496363e+00,-1.798885989811276787e+01
-1.270541045570849548e+01,-7.756901423833113540e-01,-2.076166817756410410e+01
-1.320383210566521370e+01,3.740921359770390087e+00,-2.041823788445178067e+01
7.955302107850260818e+00,-3.665096120731933110e-02,-2.327986121695143495e+01
