1.783811658597079033e-02,-9.837597594592117911e-02,2.275002791022115445e-02
4.996562521628183234e-02,1.830122698842362103e-02,-8.764756815809122970e-02
-1.002076208376323774e-01,2.143074291080125648e-02,3.570826363103694282e-03
-9.059271456819721624e-02,-4.007239392886384477e-02,2.647183651615607827e-02
-3.230650340894093003e-02,-9.614340138858830376e-02,1.504430202714222148e-02
2.782165283974589662e-02,-9.843842817500272901e-02,-7.030384645414356273e-03
5.204149363491875763e-02,-7.594942025407609709e-02,-4.513273002909791443e-02
-5.406235632497967403e-02,7.167345505501371283e-02,-4.953556586565707742e-02
6.387826015464409535e-02,4.576012132347605232e-02,6.587240691396779868e-02
7.773259339925284173e-02,2.823862886733219391e-02,6.061203329110892435e-02
9.181623457336578198e-02,-4.823481294579450712e-02,-1.757333542783385549e-01
1.228738583112364419e-01,-1.066523104756243456e-01,-1.231516525710653620e-01
-3.147396510626631477e-02,-1.555073178422650970e-01,-1.283194978756441174e-01
-1.001392141460332452e-01,1.094708930077777781e-01,-1.400974349920716122e-01
-1.910051351001736120e-01,-5.915569605228409439e-02,-4.070223466834929638e-02
-1.370073037885364831e-01,1.502887094474703589e-01,-1.677296748559067852e-02
-1.588647648196103712e-01,-1.279445784397277019e-01,5.585809140439931993e-03
-8.560681483052577645e-03,-1.607964864835073338e-01,-1.253404746447376872e-01
1.447183334607150262e-01,-1.029243423127142593e-01,1.005097688630895020e-01
-2.542404327713712053e-01,-1.027034332542963446e-01,-1.348745457343717147e-01
-2.653610558908136019e-01,-1.335615440723033065e-01,7.156926649464578905e-02
-1.087089116254622879e-02,1.849533048791084447e-02,-3.048230345963407473e-01
-2.964767167317415852e-01,-6.403679804393552430e-03,7.374201832046910210e-02
4.504922551485492782e-02,2.083059256068856557e-01,-2.189898275779431913e-01
9.004287736935610853e-02,1.007266808794376467e-01,-2.740871247233367392e-01
2.406155841311018451e-01,6.449834099868984039e-02,-1.769786445498786887e-01
-7.062766412197948873e-02,2.768327610672414729e-01,1.084098307609017986e-01
1.594545089116787551e-01,3.615367236379692373e-01,9.794881290435444865e-02
-1.230343797081922402e-01,1.875867336610170452e-02,-3.876069742456635936e-01
5.618652731787647861e-03,4.026271852541348784e-01,5.990236503116037198e-02
2.596942937316833455e-01,-3.135079364725993911e-01,4.005900760007090745e-04
1.133518132832606051e-02,-3.708269539794494252e-01,-1.675929496341999059e-01
2.259380941610650007e-01,-2.403568729639826429e-01,2.385562074781452102e-01
-4.261648852543340471e-01,3.473197113387296864e-02,2.754446251804185675e-01
2.278215460586949515e-01,-3.067325568736103403e-01,-3.357157167733861858e-01
2.829875927961966187e-01,-3.518973416861082004e-01,-2.340488069209701594e-01
-2.870904221628772235e-01,6.029902295188168532e-02,4.154944982991405356e-01
-1.845192562419659121e-01,-2.036971648495053133e-01,4.279633978410424255e-01
1.691194736708491742e-01,-3.737465305388683046e-01,3.006737356652870452e-01
4.700628630750464110e-01,3.339734536911994067e-01,-1.994294777137069208e-01
5.081240160591886657e-01,-3.220693321761105010e-01,1.017389265198681558e-01
3.266960935503860908e-01,4.092722454388850739e-01,3.131060062761970020e-01
1.960631345388678948e-01,-3.084025868295585115e-01,-4.885862987288223103e-01
-4.248538301994958175e-03,-6.045659457404619630e-01,8.216718789843634185e-02
-2.383302740280985321e-01,6.453592565064295572e-01,-1.821246272610524131e-01
6.195450486305926763e-01,2.797464163802091952e-01,2.106303505470298876e-01
2.184943722547777467e-01,-4.754668916238662946e-01,4.823387954481233586e-01
-4.659259885539909218e-01,-5.283529321919152588e-01,-1.010713686758474283e-01
2.235734468300477340e-01,-2.200268313847008605e-01,7.502433187576943441e-01
-2.583578869219206320e-01,-7.664581983751056482e-01,8.399382361844322242e-02
7.173225375272402893e-01,-1.725697904972951779e-01,3.419502515870104231e-01
-6.714496780537455578e-01,-4.202843816680493227e-01,1.837887329643629608e-01
-8.758568357365603685e-01,9.280920462512626257e-02,-2.468576845481939563e-01
1.830506227572561984e-01,8.923251920184165076e-03,8.961530598471747489e-01
-9.133160421013063190e-02,1.151041359703538214e-01,-9.028217086141796521e-01
4.408271006594969843e-01,-5.173543093788854907e-01,6.121220854383073728e-01
-9.395008131955445707e-01,-3.741234711825872084e-01,-1.003778582441131190e-01
6.226462554246700032e-01,-6.145987202819179762e-01,5.169970190861239434e-01
-9.810535280085868060e-01,-1.141757105678431750e-01,-2.391730469946515003e-01
-8.256034993681337086e-01,6.865088905086947912e-01,3.105342857752379504e-01
2.048891590370070792e-01,1.065835138817793570e+00,-2.671385912381210037e-01
-1.066700646711450817e+00,-3.279609442117037976e-01,6.275736558735658943e-02
8.330454618717852977e-01,1.395680766950498919e-01,-8.792936326143441228e-01
6.102893425035615937e-01,3.570663580422143157e-01,9.933034865108951728e-01
9.720947117092014755e-01,-5.647481395677097504e-01,4.719032657817446852e-01
-1.100359623357503036e+00,7.144220455565060135e-01,1.525717449066893716e-01
-8.031731342749676150e-01,-1.008792053048869208e+00,-2.858667649812623446e-01
-9.442031528026455511e-01,2.375432659348871989e-01,8.924807562536077876e-01
-4.711865313818262152e-02,2.032596894735171078e-01,-1.406916314010309366e+00
6.764278827588398046e-01,6.829007279934667940e-01,-1.048351133256014034e+00
-4.650662166912484241e-01,-1.427018417448199017e+00,2.633871503712650886e-01
-1.260933197798780103e+00,7.839935208117685406e-01,-3.426989504487549243e-01
-6.801751065574436206e-01,2.097181380483014237e-02,-1.476031360153010175e+00
1.246426817812598342e+00,-1.793935118665314077e-01,-1.027611173765442976e+00
-1.008551321345417806e+00,-7.373937937753513028e-01,1.192115637359312252e+00
8.786248223246425626e-01,1.438386494435636820e+00,-3.756697777872787247e-01
-4.295938587033950595e-01,-1.429855318428224109e+00,1.055442714025578876e+00
7.224295524207008379e-01,-5.507490881995439347e-01,-1.586747434628279718e+00
-1.574737377992115217e+00,1.045855534494173789e+00,-3.884959071251267160e-01
1.442025939838292192e+00,7.463025104618278283e-01,1.043136822397912500e+00
5.135207432857686882e-01,-1.614375186374411131e+00,1.121065115931975331e+00
-8.391230377435200394e-01,1.699897245004782786e-01,-1.842192664033296623e+00
7.628251371538816716e-01,1.184740590864975518e+00,1.601235559039179135e+00
1.989477850755842825e+00,5.868932383394807051e-01,4.969929387745376514e-01
7.580469738478584629e-01,5.651551884959656880e-01,-2.024553043280123088e+00
-9.060171353106085679e-01,-1.894648539574266710e+00,-7.630796083707592770e-01
1.252687566214465642e+00,6.258544442335927105e-01,1.869739668339153837e+00
-1.810211649870992368e+00,2.963427608214627140e-01,1.446430469139917463e+00
-2.876330636124188045e-01,2.373144568242819386e+00,-4.763475891803641837e-01
4.209048503780545292e-01,1.770746612200552184e+00,1.621342187537813562e+00
-2.008426696887617879e+00,1.381373388237403313e-02,-1.553289347545829591e+00
-1.453252016073952380e+00,-1.964448115166585795e+00,1.000756179680934332e+00
-2.569807627079753742e-01,1.224648608965158036e+00,2.439908734157787418e+00
-7.751589114959110960e-01,2.496350962418641295e+00,1.119543912688016674e+00
-1.325103016314105320e+00,-1.363969445766630040e+00,2.248862008970244908e+00
-1.068254012759340954e+00,2.748396668264148524e+00,7.662414289161656455e-01
1.409550205101032461e+00,2.151850278019020291e+00,1.814823435372162841e+00
-2.234137713040015516e+00,-1.756962666866419331e+00,1.575467527631684739e+00
-2.998560503080239137e+00,-1.460444189763564937e+00,-3.259588563261344163e-01
2.981790977193114589e+00,-1.016076044624704577e+00,-1.413421679016540589e+00
7.155106054659391424e-01,-1.527539306590821599e-01,-3.478118714001265044e+00
1.889774276193704861e+00,2.739560096869825934e+00,1.512655177448561705e+00
-1.717831188296802702e+00,1.124662699251889775e+00,3.146637533014481125e+00
2.487007867499364089e+00,-2.892639818283766040e+00,5.811656217591033569e-01
-3.871952600604799066e+00,-3.619261068839900730e-01,-7.490800641333626997e-01
6.309172540786852634e-01,-3.596316283884641862e+00,-1.779605441038368152e+00
3.235819352546398964e+00,-2.474103713169353291e+00,-8.613096170608888213e-01
3.792124700875609378e+00,2.966795572584772223e-01,-1.928984729796370035e+00
-3.990998564189540687e+00,-1.688690784324483829e+00,-5.345256150789247096e-01
-9.630355495473470473e-01,1.214470081644251964e+00,-4.190459963149006484e+00
-3.430088873990090104e+00,-2.897561663390260556e+00,8.476056630405971459e-01
-1.527269551065308040e+00,1.121895772190733398e-04,4.414221120237415974e+00
-2.971980406587904078e+00,1.841612503813879531e+00,-3.248445915824832664e+00
-4.224717939096767072e-01,4.312513998216427780e+00,-2.231515878430602395e+00
-2.432871296520183968e+00,-3.568890590256668105e+00,-2.469819850755847312e+00
-3.816639651026179081e+00,-2.490467008861243503e+00,2.237684512492823519e+00
-1.205777769517666798e+00,4.942385486812314710e+00,-9.677178856944487206e-01
2.489163776115266735e+00,-4.655886465875224367e+00,7.814173045899688863e-02
-3.256797425661562162e+00,-3.259010283681302855e-01,-4.271856987048909815e+00
-3.261141623680645640e+00,4.307929146681506616e+00,9.334878524570814351e-01
-2.585364005361694417e+00,1.649045830538448110e+00,-4.667423935752617048e+00
-1.197249264492620702e+00,-4.280745424946163169e+00,3.546031395536640485e+00
1.164966228182434671e+00,-1.669496867125309647e+00,5.417840260345669456e+00
5.618576086364849509e+00,-2.339473251990639158e-01,-1.749193187320968734e+00
-3.895199130395148757e+00,6.017679926159722470e-01,-4.511558875977097038e+00
-2.640681837826260647e+00,5.145846006584656962e+00,-1.913793283132143586e+00
8.414790792502836458e-01,-6.054510636865672701e+00,9.988168749861060514e-01
-2.082303154436321968e+00,-5.815755912668460148e+00,-1.213142889575828498e+00
-2.506412391437161880e+00,-5.140440183255880896e-02,5.885106966440073251e+00
2.276692064058416787e-01,-6.141803546141035852e+00,2.110632336667709108e+00
2.166678585020370917e+00,4.191095215532202545e+00,-4.615009646210140204e+00
4.435038153894575785e+00,-4.952984835773533767e+00,8.407236142821844505e-01
2.064982591999339423e+00,6.299606351452287534e+00,1.526501609034034423e+00
-2.871827567977864426e+00,3.097516013733862206e+00,-5.461591007360480532e+00
-9.652283957247853596e-01,3.016028709678756581e+00,-6.249405421393157134e+00
5.842813182593389776e+00,4.046729104018795375e+00,-3.849005881619995545e-02
1.060823654459393250e-01,3.543501584644105584e+00,6.277078969798809638e+00
3.310107522455135509e+00,3.658675530720118640e+00,5.394505101716424278e+00
-6.883095105102428057e-01,-7.270847067335874492e+00,1.264537842001978163e+00
4.411842680654381788e+00,-4.564329866636199995e+00,4.019431823562753081e+00
-9.765072255181106442e-01,7.548725571237011600e+00,2.287707499879649553e-01
4.222566782551525399e+00,-4.099139918827572338e+00,4.991254325706887762e+00
-6.113844440534012215e+00,2.678402335193935890e+00,-4.070601416690383445e+00
6.511590405417998717e+00,2.718162784774599938e+00,-3.595999707856863292e+00
