7.342718507430046060e-02,-1.798007968910332599e-02,-2.500759514173541212e-02
-6.283706235085814718e-02,2.863615526601417244e-02,-3.964453045541239951e-02
-6.445111237276954924e-03,4.995543926837447968e-02,-6.166951610786240018e-02
-5.101788751131382249e-02,2.383050350496603020e-02,5.629828456460956448e-02
-2.605981380573932013e-02,-5.345316376226045413e-02,-5.295148700981106016e-02
-2.684129955803256015e-02,6.862461570669262101e-02,3.017318918310995732e-02
6.126813350084190203e-04,-2.947203690289612252e-02,-7.396781902091670302e-02
1.036380911758431195e-01,-7.737175306890713145e-02,9.155948972708569111e-02
-2.109296494688418788e-02,8.810406370965333245e-02,1.300120881387860916e-01
5.520012277841807730e-02,4.674121880305513732e-02,1.409914436576387153e-01
1.406816019817130614e-01,-7.281243147269257643e-02,-4.173602940618529461e-03
-1.096762005990451205e-01,1.391315452934986131e-02,-1.135250519833092553e-01
-1.398397261268296832e-01,1.403158373391828924e-02,7.320073721830903934e-02
-5.792443485613336940e-02,8.968837219864744803e-02,-1.170945686766344807e-01
2.043312731380085567e-01,-1.916179920249811916e-02,-1.191330384766871031e-01
-1.230131650554589923e-01,-1.312420853272386889e-01,1.547720932518531489e-01
1.228937501868812288e-01,-6.889596089964799934e-03,-2.028812071589818078e-01
9.271742683439951338e-02,1.215047690700764432e-01,1.815246386637342779e-01
4.782696642393812619e-02,-1.061163445794206517e-01,2.067922321639507066e-01
1.021391342615469572e-01,-1.960128854564982814e-01,8.635780552378279074e-02
1.071320197352179232e-01,-2.820091454405481701e-01,9.453049117895319375e-02
2.957265019725041078e-01,6.708443353672680076e-02,-8.937536760960793081e-02
2.663280441808565380e-01,1.537893197488568731e-01,-7.321652505529817334e-02
-8.957127849878177006e-03,-1.496549338122395989e-01,2.783264489291750188e-01
-1.083658723547392400e-01,-1.727267921672906992e-01,2.415879436221589627e-01
1.180665573371111610e-01,1.558734174593338385e-02,-3.765921612425662257e-01
2.618251793799477589e-01,-1.071728630208710203e-01,-2.756190957971828004e-01
-3.648973649776822703e-01,1.402092517159180818e-01,-5.652974313664747147e-02
3.298518437317510821e-01,2.148679677079988748e-01,-3.215354931088755530e-02
-3.304115987988243131e-01,3.394961187717642215e-01,8.207314090185669972e-03
2.474004809485990386e-01,2.919339857677974992e-01,2.793999807920382605e-01
4.422977684286189537e-01,-9.864777255946566292e-02,-1.383405229807295467e-01
1.175388580680307958e-03,-1.101946166782779013e-01,4.608172785424542450e-01
3.085328148675411941e-01,-6.566464318714340664e-02,4.537791278707361542e-01
-4.204592607203235244e-01,-3.574836501362039232e-01,-2.897050337712934673e-02
-5.227847760938019173e-01,7.540131953666447118e-02,-1.625747797254924187e-01
-4.363021258038946026e-01,4.237114005932465233e-01,1.699486969021593574e-01
1.011329606659433777e-01,3.224028285911092334e-02,6.224999148437977414e-01
-3.335044221009513254e-01,5.316677928023934019e-01,6.983991758422931906e-02
3.036736821435850331e-01,3.880054929201756653e-01,-5.116558197289986509e-01
2.548560495676585047e-01,6.610691726514099642e-01,-5.092728732391610391e-02
3.046458037178627620e-01,5.877913722903291838e-01,2.573905253958936323e-01
-5.925331196428792468e-01,-2.532531663362517227e-01,4.555653039818048367e-01
6.033628765967413710e-01,6.441505242644268714e-02,5.045555970266291101e-01
3.517038641661553861e-02,-2.556399121699683974e-01,8.287514880086028768e-01
-1.468487869644118649e-01,3.098397113292979954e-01,-7.974036222026426035e-01
8.308370557007365154e-01,-3.722396108989033392e-01,-2.600790698168877202e-01
-2.564986628866471885e-01,-3.712574771445322219e-01,-8.323881217353432671e-01
5.994058025406961976e-01,-3.746817855213722681e-01,-7.431866492767504884e-01
1.016483951848050404e+00,8.540342496473676825e-02,-1.070830650654276822e-01
1.018203695586842539e+00,4.159906628790410177e-01,1.007482907113586151e-01
9.706248938895604972e-02,5.182090327594195411e-01,9.705542163685002555e-01
-4.496208868717064266e-01,6.153425099197692427e-01,9.052621204921177389e-01
-6.372577773785838007e-01,4.457747807384288691e-02,9.961025182392774235e-01
5.650721457482374976e-01,-2.730388795550676706e-01,1.095101048321137638e+00
-1.085636303239604222e-01,-5.905871326041438607e-01,-1.110190903699249665e+00
-1.110028785244497440e+00,-2.475264783893012521e-01,7.105621656086544835e-01
3.066218631312602957e-02,-1.186613431099146965e+00,-6.239713520949929926e-01
1.045099470288539223e+00,9.606360457305479494e-01,3.060554408103764029e-02
1.005669064254016032e+00,8.437516534217466280e-01,7.230449718883049659e-01
3.695371378461891065e-02,-1.160078206843442983e+00,-1.068388805086085247e+00
-5.507570504516090537e-01,1.356854512974464688e+00,7.740576524914668521e-01
-7.319046091246381724e-01,1.421243528289207747e+00,-6.747717273566217200e-01
-1.756627014293440370e+00,1.872028183566882553e-01,4.122660304972269874e-01
1.845571359715575843e+00,-4.068732543567733506e-01,-1.063483098499733853e-01
1.156038505916870074e+00,2.597469497978535657e-01,-1.575997884176624453e+00
-1.314752792886181854e-01,-9.591965023399450230e-01,-1.807601481406297506e+00
-1.949680077900356023e+00,6.052546284578429470e-01,-6.055706041985455812e-01
-1.038845667190687827e+00,1.945209006994887080e+00,-1.150131946581402637e-01
-1.270346707434175215e+00,-1.669179803679688545e+00,9.114385029094562718e-01
-1.791693133183326347e+00,1.139895345399682514e+00,-1.043054501912457077e+00
-1.882562123481817729e+00,1.323379186585958545e+00,-8.254529590004072714e-01
1.162060068422818615e+00,-3.431032256020197929e-02,2.239837452452582589e+00
-5.007909994780858076e-01,-2.484995428652615690e+00,5.886906571339611816e-01
2.599932503821732244e+00,5.374569409303696643e-01,-3.749535482381045615e-01
-1.300431876243179463e+00,6.239811970455376722e-01,-2.353211142772805964e+00
2.503715128439465420e+00,1.248897686427468345e+00,4.807838505383575378e-01
-1.144115825532880937e+00,-1.755304705082085581e+00,2.030574459649484353e+00
-7.702668465905867512e-01,2.692564611038996247e+00,1.066013095965167246e+00
3.069734505025578208e+00,1.809391145061939321e-01,4.787123056410988453e-02
2.970842776850862732e-01,-2.871732759893529607e+00,1.270560679552592998e+00
-2.431150793210061778e+00,-1.280639148802899641e+00,1.703662032820053129e+00
-2.415886210920800359e+00,-2.247831739919293081e+00,-2.823731015738916716e-01
-2.296319645828133638e+00,2.899280789240166190e-01,-2.477956780134272563e+00
-2.925936211425937294e+00,-1.477051636288700509e+00,-1.138192454459310943e+00
-6.517453585191631538e-01,-2.596321447793469517e+00,2.329354871417065986e+00
2.697585436415356863e+00,1.714486986277355296e+00,-1.714885951893988736e+00
2.810536311288360789e+00,9.516377011739043934e-02,-2.413968137020714000e+00
7.002527135158296279e-01,3.715718665362151452e+00,-1.704998661902759893e-01
1.976012547646882389e+00,2.881942756466359334e+00,-1.648871372306214500e+00
2.831419666868959073e+00,7.127208255518760471e-02,2.742702527161917647e+00
2.304240225741655212e+00,3.056793802040794095e+00,-1.232392449853852101e+00
5.116842069832581996e-02,3.236060859155296399e+00,-2.517517293716974969e+00
1.128050908239939920e+00,-2.260845421899596808e+00,3.328875187798282287e+00
-3.869305663486180435e+00,1.450874014618343866e+00,1.026610546281650826e+00
3.309808298172374208e+00,2.652816617931058385e+00,9.032245464976008664e-01
3.681058349136022922e+00,-1.173643992288046389e+00,2.137866218351022418e+00
