1.120471589163377372e-04,-1.420903308335459215e-03,1.645934495179691244e-03
1.134831143984741664e-01,1.847307629746411106e-01,3.681309828266463718e-02
1.408410801957962477e-01,5.029976445428296222e-02,1.612228273944613655e-01
-7.252697600439106385e-02,-7.698462132902390842e-02,-1.928011464655348395e-01
-1.473728780053793451e-02,-1.938151634512985666e-01,-1.028473189371987423e-01
-2.102727566898761058e-01,4.658195514441747947e-04,-6.437567129067466032e-02
-6.701388866092133911e-02,2.066682485950810111e-01,3.400661696086167141e-02
-7.763355073958927433e-02,-2.031135690363257695e-01,-3.281746670339864835e-02
-1.225299537738152728e-01,7.567795567970869719e-02,1.661876460518833809e-01
1.109685256900111716e-01,-5.848712532714352846e-02,-1.806220327786498825e-01
-1.693853090065518263e-01,-8.072919539047210269e-02,-1.146755874295016381e-01
-8.095916310289354156e-02,-9.868704771449350599e-02,1.790685811945124661e-01
1.047529651207377149e-01,9.185419762594679294e-02,1.701431718431461182e-01
5.442452062632593957e-02,1.804742021945472674e-01,-1.132524178319192637e-01
1.292041355058839713e-01,1.181333154735455387e-01,1.330785008607486553e-01
-2.116681357483791992e-01,-5.953293929414355673e-02,3.392004679368387180e-03
1.823091737767157106e-01,1.151744453237535937e-01,4.309627071054177722e-02
-1.321122192930167527e-01,-7.793656253715790239e-02,1.575795988740448239e-01
2.961314308602709666e-02,-2.177036682587842886e-01,9.340815337808280189e-03
-1.319938198886772829e-01,5.409161744668891658e-02,1.673642873528752850e-01
2.165605180004177011e-01,-1.825092101541916575e-02,3.357859695429556840e-02
-2.116093762000559597e-01,-5.310807281351902220e-02,2.756956209656732590e-02
1.827930801776789516e-01,-1.130945145961239490e-01,4.642625179101875915e-02
2.083165106387743493e-01,-4.744423754600388121e-02,5.208024545740069094e-02
-3.931616905209590895e-02,-1.706225659098433989e-01,1.330460638325970668e-01
1.661097774176735764e-01,-8.960233718037217965e-02,1.128629224590838864e-01
-1.844454479312181705e-01,-1.945255570569755579e-02,-1.181547758743096282e-01
2.571327026820002110e-02,-2.713161834194788985e-02,-2.167066664092286432e-01
1.160045845980867685e-01,1.592395273993384985e-01,9.769741815319378520e-02
1.568701547413001995e-01,-1.539950062427952737e-01,6.030659305690850083e-03
-8.457351034518716115e-02,6.421149865285127878e-02,-1.925701976853810282e-01
-5.959782695269032204e-02,1.447572918409723575e-01,-1.544425515501608170e-01
5.151668296723621587e-02,-2.861730630131591874e-02,-2.118635348615926506e-01
-5.486816689007759096e-02,1.958065340838110735e-01,8.371595857509640803e-02
-8.556053356629304829e-02,-1.404530614320252668e-01,1.459842761332956484e-01
9.064531639874782998e-02,4.024263118908926740e-01,1.461585604241150138e-01
-8.614648182011229449e-02,-4.190910485534423691e-01,-9.201799478785697983e-02
7.841301756159811676e-02,1.987280424701291237e-01,3.819481620393792021e-01
-1.750608509477870611e-01,-3.953103208934792834e-01,6.789170297551783140e-02
-4.428655275884628428e-02,4.353627507640611127e-01,-4.879668459304705580e-03
2.725956058344990995e-01,-1.952698373496105921e-01,2.812243961208981680e-01
1.352993743706256413e-01,3.387652091758432960e-01,2.417809897807295938e-01
3.109630770576597425e-01,2.323841953174698438e-01,-2.020529265956542420e-01
-8.214068665252784174e-02,-2.606029614493953206e-01,-3.418549966761361136e-01
-1.478528904950813516e-01,-1.068727912144216280e-02,4.117658794868932493e-01
8.078646077218983035e-02,4.123764651202356246e-01,-1.222498811583362793e-01
-2.593654707378690305e-01,3.506848775053164613e-01,3.571419816248969786e-02
8.820554562414056887e-02,-3.318122507308677860e-01,-2.713784196623750811e-01
-2.522521647579225035e-01,3.001236444396562231e-01,-1.944748778006700762e-01
-4.311610868502155913e-01,-5.482767863054195667e-02,5.118473907828097885e-02
3.572466751189619094e-01,2.525714932115022959e-01,-1.040618113160215324e-02
1.920324722274731333e-01,2.509430706784505638e-01,-3.027820000611987084e-01
2.402813888848177315e-01,-1.767341802168526932e-01,3.202432175254377733e-01
-2.274545352880450455e-01,3.680650042813806144e-01,-6.571469906064807132e-02
3.736917179577273207e-01,-2.230962184845267371e-01,4.591744657634519444e-02
2.095559546286850927e-01,3.561322089867783314e-01,1.441595861337111317e-01
8.234714180222398039e-02,4.265508084850399007e-01,5.290737840932997760e-02
-1.062681401553841748e-01,2.831369951219452341e-01,-3.163326714925538963e-01
4.170047696923339098e-01,-1.327118324682189932e-01,-4.519540812483862149e-03
2.392125835815951673e-01,3.649943594841637551e-01,3.289820775282793763e-02
-2.015623186992798188e-01,-8.250446779803582986e-02,3.795938344419171884e-01
-2.832869393159794247e-01,2.470694780196928120e-01,2.241227737568092793e-01
-2.383901365687426388e-01,-4.707752503581396492e-02,-3.639775873534294437e-01
-3.812809704356378421e-02,-3.984653929627016700e-01,-1.769107500953549239e-01
-1.244451248653538622e-01,4.002181582986535369e-01,1.259550369682182203e-01
3.728373722898557507e-01,2.639396614792868800e-02,-2.276433329736724520e-01
-3.834586442321797906e-01,9.776108545110151482e-02,5.224052586158730582e-01
2.031511855393076937e-01,-4.892741830474488518e-01,3.858048541836940348e-01
2.094542097793810898e-01,-6.209181395849698859e-01,9.726964300903119531e-03
3.317642772086878966e-01,4.709862288751990311e-01,3.124251149837217745e-01
6.378393969639619687e-01,9.941104811001957517e-03,1.502234802228403221e-01
-1.487342817633088010e-01,-5.539343395366258527e-01,3.170802371718411394e-01
2.462658258511409570e-01,4.976064841563343499e-01,3.482038854434331698e-01
-4.150912491855601044e-02,-6.439324580023002564e-01,1.145992930784812958e-01
-3.526672944663600817e-01,2.233677088386302190e-01,-5.052105125157578813e-01
-6.175616223306368280e-01,2.080736214826460137e-02,-2.183797431064957439e-01
-2.276123142075649197e-01,6.079498458552448081e-01,8.997019084195043148e-02
3.187698226679240854e-01,-4.189253023696387079e-01,3.903747008775585448e-01
-3.567943675759602251e-01,-1.641724942306926061e-01,-5.246429140840653815e-01
-5.885612240946200835e-01,2.808829017693340591e-01,-6.484980246968544138e-02
4.393666708237674023e-01,-4.743200318742964439e-01,-1.071562029304971714e-01
3.166202654631384839e-01,5.444090757959081373e-01,1.813156959106770882e-01
2.981034902375934714e-01,-9.708650212792988010e-02,-5.755115429834615215e-01
4.669740229332530745e-02,1.443163805773981512e-01,-6.375712907672138607e-01
2.612947810733526333e-01,-5.327109076177108937e-01,2.782968598159519247e-01
-1.243497898575410959e-01,6.110921773288801040e-01,-2.015154993153385199e-01
1.467586473168921157e-01,3.487594332947649978e-01,-5.351016473718863686e-01
-3.962230386480991018e-01,2.747325028942808611e-01,4.438855386159670235e-01
-3.669022162183518398e-01,1.264321990127304229e-01,5.281123731568342361e-01
5.770690625201130297e-01,-2.339635432697098338e-01,-2.043462096475407164e-01
-4.997534158884783806e-01,4.142291974132595866e-01,9.036432488897695736e-02
-7.402384727420242838e-02,6.414088447138422966e-01,1.123395738466896332e-01
6.879155106338158410e-01,-4.657405697428125269e-01,2.686160677235645000e-01
2.092377122081836294e-01,3.549833759104153996e-01,7.697421662682535359e-01
-8.729550106383551222e-01,9.299535998554406963e-03,-1.263676959568768056e-02
1.119640650857762210e-01,-7.576213211997213648e-01,4.192500467588171631e-01
-3.138025576836397379e-01,-4.451181930402052234e-01,6.824180309238920827e-01
-8.557549801931632061e-01,-1.188415384876300024e-01,1.259234788222825252e-01
7.997658441796371420e-01,-2.519894723579589324e-01,-2.432540240542864773e-01
1.468097247059766131e-01,-8.479825990892889687e-01,1.472040634213040988e-01
4.630817468443893525e-01,-6.191075650564217270e-01,4.056571687320106867e-01
-4.074811952786703273e-01,-4.442553337852900297e-01,-6.315796812847926933e-01
1.238901200249218314e-02,-5.094313565203258953e-01,-7.089589729241575489e-01
5.403796485873380018e-01,1.165274672528309047e-01,-6.758016015684479294e-01
4.487607563546135436e-01,-5.100481397349848622e-01,5.484170845470900391e-01
-1.823146820231464904e-01,-8.031328997233621037e-01,2.898888097442824940e-01
-5.231267536105443927e-01,4.670064997972647181e-01,5.201345486681439034e-01
-2.440652418981848759e-01,8.040049628061595177e-01,2.372863194422725752e-01
2.245537098338114546e-01,6.515813394390029822e-01,-5.360167995585221057e-01
-7.422469715987708438e-01,-4.502975498594595227e-01,9.272631588300389582e-02
4.022315321676361854e-01,-1.767927410277267131e-01,-7.544870715686204932e-01
1.351250554834524942e-01,7.120755169886392455e-01,-4.868123841894017589e-01
5.752981145369668869e-01,6.332415305596360566e-01,1.741661944779005766e-01
-6.280869569414363474e-01,2.996275744358083415e-01,5.272823826679344794e-01
7.289621502703896860e-01,-6.249270372065311996e-01,5.176688404501800234e-01
6.745399160336782440e-01,5.892800366520232203e-01,6.226119070594985372e-01
1.624153844055909943e-02,-3.504486143950716337e-01,1.032871060602075231e+00
6.604111586183309957e-01,-5.194353819543582329e-01,-6.956612913465295422e-01
5.953374888980209612e-01,1.172253208275117059e-01,-9.064944264589180900e-01
3.182616847885069711e-01,8.236231285352964004e-01,6.405115837117303368e-01
4.794960342276812781e-01,-5.883000208092084016e-01,7.835095949683121841e-01
-3.155570409780418806e-01,1.039939400475884845e+00,-9.407679819507565322e-02
3.099487680535687462e-01,-5.869041192263014795e-01,-8.656650407339271380e-01
-1.706212268434140200e-01,7.710928343296801213e-01,7.524658693438966983e-01
6.168690614948263429e-01,2.221474250805567652e-01,8.717933982499339596e-01
-1.423650392473187198e-01,8.199381477763169057e-01,7.052193106777844278e-01
-1.043739392236072927e+00,6.053135690246271711e-02,3.111987831882015443e-01
-6.700696405504537045e-01,1.540177543252569227e-03,-8.607583583081365175e-01
7.420998727398191441e-01,3.504229414284640298e-01,7.186043332264040462e-01
4.954970571108561345e-02,7.049717554508692086e-01,8.309394065827314657e-01
6.030383768126866828e-01,1.536772996171769934e-01,8.958954461348097587e-01
5.195971298811911110e-01,-7.697705361178498462e-01,-5.721650033649945399e-01
7.576742407154331005e-01,6.138214420872538657e-01,-4.889311085641956933e-01
6.268572599828550196e-01,-1.123681153950487843e+00,-2.381338619556531422e-01
-1.184697494598283329e+00,2.748231685848152028e-01,4.829918929424999452e-01
7.693293612336279397e-01,7.622351707751415795e-01,7.344705404057233489e-01
1.258217070436270513e+00,1.084768004004386666e-01,3.426947384835064558e-01
-3.218030907207380942e-01,1.149849950976836316e-01,1.263146198209689652e+00
-9.858482800097565502e-01,-6.192491894398914898e-01,-5.974535182978408798e-01
-9.067464113370483636e-01,-9.393048432334989428e-01,8.851244744160652322e-02
-7.115073216346982088e-01,7.901152600721808028e-01,7.627531077668021631e-01
6.855068428270790770e-01,3.100306248866552261e-01,1.070643954083834171e+00
-3.808050658675397049e-01,-6.394527859340358444e-02,-1.250286207034956076e+00
1.944246767810114129e-01,-1.254183976764744468e+00,-3.186513672209754233e-01
-1.123188681660188371e+00,4.612348498642130923e-01,4.878797956544332903e-01
-1.083269460369677084e+00,-1.326928347987717527e-01,7.219674398268115523e-01
2.239598024179012825e-01,9.983649670242188412e-01,8.157367809939011227e-01
2.575075877949424275e-01,-8.022338374139259543e-01,-1.001213168452544489e+00
-8.942449057720219807e-01,8.406088747812453521e-01,-4.538941115353039568e-01
1.740032329854132309e-01,1.093369966905043178e+00,6.975543611270131894e-01
1.432630926038569008e+00,-2.905727036984001588e-01,4.389556952387973499e-01
-9.195725610445598663e-01,-7.595937793774369950e-01,9.523389964001015562e-01
3.704928767448661953e-01,8.967076557947321058e-01,1.178217457466885110e+00
-8.110480803191483234e-01,9.842587755847843622e-01,-8.384400055187416489e-01
1.478145016424405656e+00,3.779508944209047927e-01,4.226583236412888994e-02
4.836522354843493243e-01,-1.430474273083274017e+00,2.221932445354081465e-01
-1.131708082794973924e+00,9.225290015687754863e-01,4.446605732020143531e-01
8.300292690513575433e-01,-1.911620485962011728e-01,-1.266512713103928656e+00
6.309669714314290398e-03,1.319654571183296765e+00,-7.668232974958618664e-01
-1.151082321811996323e+00,-9.805777050075661361e-01,2.074194340299383987e-01
5.672133505264180808e-01,6.305185106633854897e-01,1.268960752527327873e+00
7.964758473121764659e-01,4.154460688051922479e-01,-1.233927371169780018e+00
-5.906917644860671945e-01,1.066448951672316126e+00,-9.183222972380974403e-01
-6.286838723493786141e-01,6.423052064977938791e-01,1.233590928595423186e+00
8.036489602980584346e-01,-1.215026284683274005e+00,-4.554178794249425510e-01
9.552937842030556626e-02,-6.921302112698125564e-01,1.597941542258620284e+00
-1.228580918215805617e+00,1.186697631167138889e+00,3.520297196941368223e-01
1.479605802458943797e+00,-7.393025760880566066e-01,5.529788732754731262e-01
-1.450723749688286546e+00,7.954045331241040850e-01,5.516516063110921131e-01
7.954959788460591597e-01,1.549683178425813601e+00,-8.517897694526138652e-02
-6.646901342187236938e-01,6.631035638914306585e-01,1.469716963566931822e+00
-1.434431097322781123e-01,1.679009620539972936e+00,4.493751577181065993e-01
1.152948021199483364e+00,-1.306040330389019566e+00,8.097394506357957766e-02
1.147993218720794850e+00,5.511846949276475449e-01,-1.191593162878257228e+00
1.167343091013081535e+00,1.536056083804352712e-01,-1.286585671033112499e+00
-1.541661705468227173e-01,-1.425488323410806224e+00,-9.928761733710808057e-01
-1.425124494455023205e+00,-5.981619241324434011e-01,-8.079664298670528044e-01
-3.783199854004829499e-01,-6.758616004159200275e-01,1.562585149583674005e+00
1.012549949307600894e+00,-1.257937942290107136e+00,-6.587275593701309440e-01
-2.702594302931414227e-01,-3.876574031692787137e-01,1.903975462048623557e+00
-4.504953330091499564e-01,1.748953341706732445e+00,7.659354708116208332e-01
8.508208322937422796e-01,-1.127819789182881310e-01,1.764036597847065568e+00
-1.588366798002041502e+00,1.053893363999702348e+00,-4.635090876128795667e-01
-2.648203829884863691e-01,5.321358908883658256e-02,1.943059304464922254e+00
-9.511275088404804734e-01,1.469502578434483731e+00,8.856407939333514889e-01
-6.524161462641304698e-01,1.829879757362185666e+00,-2.726430407466154393e-01
-5.296954879728564825e-01,9.029770201642281502e-02,1.886719374207341371e+00
-8.791772985776383220e-02,-2.325783436977836016e-01,1.945923628716462295e+00
2.209942048021288907e-01,1.872336662391128614e+00,-5.421789059780133258e-01
2.339261321707166441e-01,-1.796320601914152881e+00,-7.529620453940661928e-01
9.976582330642765895e-01,-1.102738484827678000e+00,1.279486954234631435e+00
6.898451091753516895e-01,2.040558245800010440e+00,-3.321790084090766038e-01
-1.570626883267049578e+00,9.577124147778068863e-01,-1.168770827374854049e+00
1.005930291021768008e+00,6.981085783412759038e-02,-1.932184726292113686e+00
-1.710430940095115648e+00,2.241941299944063548e-01,-1.332017309956817108e+00
-3.053245672582913794e-01,-1.280915093421191253e+00,1.736703934140048977e+00
-1.485259377737837339e+00,1.364768948096130030e+00,-8.255406846047029790e-01
1.698333915165211927e+00,-1.235148291853772617e+00,-5.832475739456745023e-01
1.860410415724891298e+00,1.062903808790799820e+00,-3.990184220102562240e-01
1.183730248186858347e+00,1.468259377798180276e+00,1.092293102522571502e+00
-1.797100258810835349e+00,-1.119912036165405800e+00,5.160763643271104595e-01
1.447002024871635317e+00,1.465387614536804328e+00,7.133942822610274126e-01
6.373923906120052552e-01,-9.542169482174885919e-01,-2.104705832773520413e+00
-2.305120597495448287e+00,-6.369819973610062469e-01,1.651019455569007477e-01
-8.837756088085810813e-01,-2.015490607230848941e+00,-9.504335704433575227e-01
1.136281122285951461e+00,-1.346137645002381644e+00,1.625842654819488864e+00
-1.860956035418074084e+00,9.181280295045533002e-01,1.200195501601964754e+00
3.391660765579905534e-02,1.833207408594792698e+00,1.544275217435269854e+00
1.258923252769050594e+00,-6.603343028561874384e-01,-1.930195984478076054e+00
-3.468254702688588487e-01,2.370152455684424897e+00,-9.314030476832521610e-02
-1.695237839913702915e+00,8.941467899855455315e-01,-1.439880505621814022e+00
1.707767949964446919e+00,-1.038688193662631987e+00,-1.323344683673362887e+00
1.465042634573316738e+00,2.731491638844533720e-01,2.148701069469429292e+00
-1.994785513696250234e+00,-7.730485633359132080e-01,1.503696560433399165e+00
3.041543566518154496e-01,1.505283526273879957e+00,2.116480168970539477e+00
7.309724311082494985e-01,2.510686918990723715e+00,-2.678162789983262824e-03
-1.839042148147359779e+00,1.175049890169189704e+00,1.440506301873854644e+00
-4.632618612470761899e-01,-1.385569449287660460e+00,-2.168746739917308375e+00
2.466354557754997234e+00,3.635043905174002721e-02,8.681304704992598431e-01
1.450342032667785386e+00,-2.172940453853297260e+00,-1.127583481267386556e-01
-2.288219167176692270e+00,1.253251859209789210e+00,1.768883634945508931e-01
3.444163841786350155e-01,2.327982692276870047e+00,1.140066055786250532e+00
2.553145952640757610e+00,-8.626694472255366786e-02,-1.223921501056449923e+00
-1.815093689520011155e+00,-2.171619583840187495e+00,-1.161178854971249425e-01
-2.108146778175811420e+00,-7.265929419499570496e-01,-1.746928716451067176e+00
-1.904644133332368927e+00,4.957820332327202983e-01,2.037280290699377883e+00
2.388559192917696361e+00,1.085033293733108861e+00,-1.068394971630326928e+00
-2.165050180964411375e+00,-1.704404187824994032e+00,6.569202085615207798e-01
1.368516018241786147e+00,2.328079442726085357e+00,-8.550965431796380134e-01
-5.003066721505270431e-01,2.782735292667934957e+00,1.733712973011698466e-01
-9.523652004777375391e-01,-9.319918667802430390e-01,2.499674332220179096e+00
3.315633066564643849e-01,-1.235521293652267261e+00,-2.769196421453880230e+00
-1.980777350448421181e+00,-2.010432110694972963e+00,1.157402147146446625e+00
2.146418062626949563e+00,-2.055698000473665576e+00,6.869433348242492965e-01
-1.316924151205536297e+00,2.709211471809864324e+00,4.803955609365280210e-01
9.105421377526421445e-01,1.766852856744624223e+00,-2.313879839570829322e+00
-2.175975598745524930e+00,5.567834004611961207e-01,2.063981189986245468e+00
7.260062915829523789e-01,-2.422518855233315893e+00,1.705641572723633814e+00
1.599283151113783275e+00,9.936809325929660819e-01,2.399955733080687104e+00
-1.130995911472785664e+00,-2.829273849385478545e+00,1.447537474383221168e-01
1.369174474412746090e+00,-1.378972459289062424e+00,2.627626378295593312e+00
2.823144860809681411e+00,-1.079256787703158693e+00,1.243254619881424272e+00
2.044667710920728076e+00,-1.990374407551291025e+00,-1.593225608148135519e+00
1.162878949249191995e+00,-2.652364646106373680e+00,1.514364058690665260e+00
2.281305879653204194e+00,-4.066384175593543704e-01,-2.304541787340924852e+00
-2.605434814281774258e+00,1.113514980265810639e+00,1.628624568778233694e+00
5.251554647751877081e-01,-1.573576473594217706e+00,2.815793491778738833e+00
3.192717544234394023e+00,-4.734110293611630271e-01,5.128945786348911851e-01
1.309306188406012206e+00,-3.161954264168906459e+00,6.625159489953732495e-01
2.596884486680514748e+00,-2.177099009613885805e+00,-8.170653043323811149e-01
-2.893384836349380151e+00,-1.937344103134199358e+00,1.618235495904875587e-01
-2.372407643280031841e+00,-1.908052222746744464e+00,1.697699483343604765e+00
-2.780922954500288924e+00,-1.962953680776512222e+00,-7.512956905418665121e-01
-1.067210937565568951e+00,1.143657275977757237e+00,-3.115168325502011282e+00
2.491455161727355705e+00,-3.387062506215726132e-01,2.414351693366035168e+00
-1.394258739670081626e+00,-1.474914260680067590e+00,2.834049282716095686e+00
7.892202801151396718e-01,3.594148950526592223e+00,4.192166714721170528e-01
-1.373069017515218704e+00,9.310457140822278044e-01,-3.311246487077863954e+00
1.891117685560115502e+00,-2.758309399733134715e+00,-1.591201150534455433e+00
2.210729427189528806e+00,1.126628568105327410e+00,-2.749527489595945617e+00
1.751234258473308936e+00,-3.256760177701036874e+00,-2.078693427293609730e-01
-2.036839163877980141e+00,6.652200796176118702e-01,-3.020808900430971722e+00
3.012393300283430886e+00,-4.998087391391303758e-01,2.095756611690450910e+00
-1.182933968652783330e+00,-3.665325162956040383e+00,-7.367103539058073025e-01
3.652936455808941218e+00,-4.994605314135766583e-01,1.335394285342515808e+00
1.324600549588098586e+00,-3.690813934346653724e+00,3.058759037375229084e-03
-2.329429247345419896e+00,-2.880264912219276496e+00,-1.286280252119889056e+00
3.835719749634385334e+00,4.491391316615509499e-01,-6.798613922105061214e-01
2.095035185801177313e+00,7.974192372997858380e-02,-3.313782169334345440e+00
-3.073409720746674179e+00,-2.341243754362032359e+00,6.703833537790120367e-01
9.406388821066893335e-01,-2.447940508536298854e+00,-3.202256575614128131e+00
1.361016908504730782e+00,-2.264917997497349622e-01,3.902306478909382648e+00
-1.031535718996746898e+00,-2.989604267202963239e+00,-2.670180106637657591e+00
-3.840004209832789339e+00,1.221408018320140343e+00,-9.456170140059431128e-01
2.784516046054981597e+00,2.934671172891110125e+00,-8.751210843032182218e-01
2.748084887188739778e+00,-2.801973363520839477e+00,-1.314776079358140226e+00
1.535290003471369014e+00,-3.520812358812416054e+00,-1.542214756511695484e+00
1.634028425712165999e+00,-3.802341820002537620e+00,1.361469637022537871e+00
-3.019554722562296067e+00,-1.119134822743480751e+00,-2.934497965697799859e+00
-3.145479464038662520e+00,1.945087505269949224e+00,-2.303051307041084517e+00
-2.419717472829632972e-04,-1.795665911079218580e+00,-3.969513277713980326e+00
-1.569787342807814845e+00,-1.511860935503006820e+00,3.772465506107408828e+00
1.370951294220993377e+00,4.085656586325476347e+00,-6.398082464292871308e-01
1.506417984300959745e+00,1.936678386544362640e+00,-3.860833622413188948e+00
-3.397409485353560132e+00,-1.439286955533839452e+00,2.704092532578974861e+00
-1.118278155378292782e+00,-2.737844569747120094e+00,3.489944935869263354e+00
1.431375013199213342e+00,3.395859335078943442e+00,-2.710232374582617343e+00
-2.865972446562019549e+00,3.260160196239341168e+00,-1.443472205029790345e+00
2.786496027259051989e+00,1.326483589819878572e+00,-3.376675251234219299e+00
-1.591292747720258305e+00,-3.146281808694835203e+00,3.245638298084957629e+00
1.653574103931862327e+00,-3.508022261566064781e+00,-2.815127401349679648e+00
-1.136174761522796395e+00,4.020405487895510888e+00,2.347534113670177280e+00
-1.634809704721883028e+00,4.470020714478444290e+00,-5.583742760440516539e-01
-4.057416603338680261e+00,-1.270326238899096127e+00,2.211133542865070023e+00
-2.517653188656670538e-01,-4.747238183364527409e+00,-6.048253014625684099e-01
7.356356913268916053e-02,-4.987475348218298521e+00,4.683753623464690374e-01
5.899331636054379047e-01,2.831464328959102161e+00,-4.090780615500253070e+00
3.784080146999755812e+00,5.312985250159368844e-01,3.240085916490512474e+00
2.986861262108751358e+00,1.120414479005632513e+00,-3.863033603787394021e+00
2.332174049123127979e+00,-3.390251776457716026e+00,-2.857770901360691784e+00
3.769442987842920534e+00,3.615591595311958617e+00,2.180240012612938982e-01
2.056612468331135091e+00,-4.461563689123886789e+00,-1.787045631988950500e+00
1.492363650615870840e+00,3.077574443536557069e+00,-3.953495132996339034e+00
2.534278872961073237e+00,4.303952611846424858e+00,-1.543424762292649355e+00
-3.891321221171129441e+00,3.484813065513435504e+00,-2.059964560488986018e-01
8.073943408587472836e-01,-3.043935041252717522e+00,4.442427693679213085e+00
-3.938127818194362195e+00,-2.255633352400620684e+00,3.009295172907865190e+00
-5.229246702340110131e-01,-4.602100439661413134e+00,-2.863531264560212009e+00
-1.224331092120243714e+00,3.748619289328441795e+00,3.755190643779261261e+00
2.444127098904353090e+00,-1.340023176592695986e+00,-4.677945123788941117e+00
-2.206106722337058734e+00,-3.886722773865836089e+00,-3.478179708543648552e+00
-5.577990811425300066e+00,2.764316543004487897e-02,9.780129033979110265e-01
4.201514014998197766e+00,-3.688022355340319081e+00,-9.038948857232514955e-01
1.612441631351520188e+00,4.992437478236702475e+00,-2.132335547594438996e+00
-7.909574511260841767e-02,4.512500586323828777e+00,3.420867901232822916e+00
-5.166674297294699514e+00,2.018283570072963024e-02,-2.808879058153959551e+00
-1.459994982618342707e+00,5.357872253119876582e+00,1.935549476116761092e+00
1.027513785730158613e+00,-4.562515503790847582e+00,3.565445260037109154e+00
2.143150192227731843e+00,-5.476122427777766255e+00,-6.101322858234400903e-02
-3.072685492438346877e+00,-4.625442016130143053e+00,1.936135900316735547e+00
-4.355493722139481605e+00,3.378653623401162598e+00,-2.609098711272432425e+00
5.093923939124932687e+00,-1.377531042262862160e+00,-3.057346739526583868e+00
-2.419308052172257639e+00,4.838481546167084701e+00,-2.815859874314906808e+00
-3.950329791375101873e+00,2.700962683741640724e+00,3.780570998684088302e+00
5.386581922614817941e+00,-1.933718667577343675e+00,2.106772237643132151e+00
-5.324465079565823267e+00,1.516059200669320095e+00,3.041013029599285211e+00
-6.165427081421325894e+00,1.181795452310026695e+00,-6.978485095050654952e-01
-9.045682847872585919e-01,1.357927062432876086e+00,-6.101959885226389879e+00
-3.186333746820858348e+00,2.914106296048478484e+00,4.609922545861673271e+00
1.995002796865762873e+00,-5.942755194314496059e+00,-1.843275146945508647e+00
6.290323763217515740e+00,-1.395360252858687033e+00,1.085741886934599165e+00
3.236920160376130617e+00,4.271574058872997348e+00,-3.737651891403874327e+00
-4.577903061877898416e+00,-2.996855559567592753e+00,3.571512149991779683e+00
4.371466790716161732e+00,-3.398017944878847896e+00,3.864002832543526278e+00
-2.966669887390124050e+00,4.715716544806274335e+00,-3.814138565161255379e+00
-4.385725829228648287e+00,-1.265477471322166814e+00,-4.975011705149050556e+00
5.556124275062899187e+00,3.215641270838693000e+00,-2.091865197208703897e+00
3.695578436446188553e-01,-5.512915555456676664e+00,4.247998854391993540e+00
3.828338967256133429e+00,-4.273822975702667115e+00,-3.956332027580011790e+00
-3.552082909471055761e+00,5.054854521974291970e+00,-3.225749208204325313e+00
-4.394103843670063902e+00,-7.460217747575783598e-01,-5.358134760431344290e+00
-4.465555135495553607e+00,1.954826970743806624e+00,5.281488985103016454e+00
5.775397001802876851e+00,4.251141663683093874e+00,4.787912701028262941e-01
5.289399352652759401e-01,2.653914008144599990e+00,6.658349648052288572e+00
-1.360864373339496280e+00,-5.866411970862435155e+00,3.922998317481136699e+00
-6.240601238987073529e+00,1.476773235009474217e+00,3.702412501292148939e+00
-6.101266954540844445e+00,-4.187856209092249316e+00,2.649967222573014758e-01
-1.630674718131395418e+00,-7.190144142994912002e+00,6.903249293012621024e-01
2.330384395743729242e-01,-6.361392290903611801e+00,-3.783147175081160718e+00
-5.459668521531036767e+00,-4.960418725459420308e+00,-1.921474370183777980e+00
7.523965194440719095e+00,1.072756615234209621e+00,-5.873151193987486973e-01
8.436672357544695577e-01,-5.459615480466933235e+00,-5.252296874027468476e+00
-4.589456976556519407e+00,5.806850567359759907e+00,1.822956170852391589e+00
6.998104619957648431e+00,-4.418446116316581684e-01,-3.507690444295561871e+00
6.102155268486222361e+00,-4.204926253249018586e+00,2.560250665408742243e+00
6.208704061353569337e+00,-4.497409419252978324e+00,-1.642525366577082035e+00
-4.229990148734970923e+00,5.640136939593493048e-01,-6.577359582715113895e+00
6.536713021358036890e+00,1.037460248584395339e+00,-4.596656159760097893e+00
7.036819622583165845e+00,2.541677275109315737e+00,2.992864008014122668e+00
-2.992147512112067975e+00,-7.072725002773379011e+00,-2.440861127338224357e+00
-4.701630968734979987e+00,5.732222230950071662e+00,3.157607206553550316e+00
2.699910415604165781e+00,5.108626395508021112e+00,5.924780402682914726e+00
1.565906015136792062e+00,-1.933754761849288684e-01,-8.124108997185681247e+00
6.529394619993179383e+00,9.574030914011021354e-01,4.994095307276824158e+00
-8.099734148610217233e+00,3.941568906505343306e-01,2.526019831773339330e+00
2.515927489973258657e-01,-8.003494194181044463e+00,2.832421383813548132e+00
-6.357171660338709174e+00,-1.735403190472266433e+00,5.358784691570193104e+00
2.925357712744935945e-01,-7.003718037339085711e+00,5.172061912219633406e+00
-1.246015350333200544e+00,7.498236385370461221e+00,-4.255791912640650487e+00
8.019398003174021738e+00,2.305875694000505405e+00,2.502011370550342395e+00
-9.496975974467479764e-01,-3.329927953885195357e+00,-8.230332526133283366e+00
5.348163552568523826e+00,-6.169611010767684256e+00,-3.614106499009321904e+00
8.564374924227875496e+00,-2.011869106043732369e+00,-1.527279952331338508e+00
8.353496178824141083e+00,-3.572973388904645997e+00,1.057045703018395510e+00
-5.322493608867230108e+00,-7.311169664587874095e+00,-1.371948535804988323e+00
-4.701938866917147131e+00,6.072149901501619595e+00,4.968415172989038453e+00
-8.930448173318872307e+00,-2.747996945400657420e+00,-6.248737237091440688e-01
-3.339326824624698098e+00,-2.170610263651953087e+00,-8.475388274322220639e+00
3.522761523756892110e-01,-9.109138816889206680e+00,2.143443604566617644e+00
6.736406359049040837e-01,-9.245862728416341270e+00,2.424949107860326247e+00
8.423732825879724828e+00,3.624410198887180634e+00,-2.779302693693576742e+00
4.779960034812629210e+00,8.154762352924119995e+00,-1.572253321732518305e+00
-8.465943358151301723e+00,3.634459131569050427e+00,3.340472764598572564e+00
2.883168530318775069e+00,5.692220410462922153e+00,-7.438159344756297919e+00
-5.735149714245286745e+00,4.954622911581694211e+00,-6.212891273209164567e+00
4.503670740974888287e-01,-5.965384337893067546e+00,8.035329549857086917e+00
-1.949091183102967806e+00,9.815515467182517995e+00,-4.602840953895270260e-01
6.221615227821396532e-01,-7.830139315466555061e+00,6.217474979038668970e+00
-8.082334187292220307e+00,-5.982289636805557365e+00,-1.911275057555107404e+00
7.702236299034006528e+00,3.941099959880262293e+00,-5.468836682459147447e+00
1.403917342434504612e+00,-2.735371179353750293e+00,9.762768468324368953e+00
7.742644741594268964e+00,5.145059112320844896e+00,-4.780088378120122883e+00
-4.181444290569068301e+00,1.118509915787991860e+00,9.514929583533630719e+00
9.098594733280394919e+00,4.983450446096535202e+00,1.284609394825813045e+00
-3.432934652987188251e+00,3.580025430613802850e+00,-9.448129655166900065e+00
7.929617044949477389e+00,4.618472901701561995e+00,5.446068120494003573e+00
2.072059300716552865e+00,8.882056607172822638e+00,5.539351683875796795e+00
-9.194085520494031272e+00,-5.765751214333826979e+00,8.876056699500289859e-01
-7.650189924898423754e+00,-5.684402007231605047e+00,5.265463643615952982e+00
-2.273328772626238337e+00,-1.496136842353716023e+00,-1.054307783759462502e+01
9.900647833068239478e+00,5.027781699849231067e+00,2.247189106616085397e-01
-5.189990885429558887e+00,4.537924119907402520e+00,8.707649178492856024e+00
2.249549050940899964e+00,4.550222242613338741e-01,-1.086666456496315014e+01
-8.693348444320898594e+00,4.240446483784923615e+00,5.888973532515902498e+00
1.083595452209146082e+01,3.008841939315336500e+00,-1.328406038181125126e+00
-5.381321489634737887e+00,5.394473461749402787e+00,8.377155717698585136e+00
-3.744094346293249220e+00,-8.743763467182990468e+00,6.537787171513669726e+00
-4.466342758870339935e+00,8.203623363832145188e+00,-6.779870884365832850e+00
8.585447834318285842e+00,8.367135000678522783e-01,7.992353338717163247e+00
-8.415445512270919082e+00,-8.005483795174917816e+00,1.838537985218359649e+00
4.078537126789029799e+00,7.680044561401889958e+00,-8.236406467318387215e+00
6.899346568180622086e+00,1.474171404723757448e-02,-9.790543430709075068e+00
-3.053343009924781359e+00,4.137936626921105088e+00,1.105773736256314699e+01
1.031399070535628582e+01,-5.856622558102053233e+00,2.835585757096944270e+00
-4.811819798551844052e+00,1.129430471471876629e+01,1.833548443248134818e+00
-9.810421339941742147e+00,-3.551508948727078341e+00,-6.724525706421154325e+00
-4.725506156502454758e+00,-4.069763268975946424e+00,1.098344707233735384e+01
1.143155606378566524e+01,-2.595427833025306441e+00,4.702421867034805913e+00
6.216369045551405570e+00,-6.145275256152299193e+00,-9.416438491542715283e+00
-9.800904695517123955e+00,-5.306228167639140958e-01,8.290818567855318122e+00
-2.368510470769591980e-01,-1.305493652325557896e+01,4.814428162602331085e-01
-1.362978138263779115e+00,-9.064597643512907865e+00,9.310994221129005766e+00
8.998332849003375600e+00,2.874221571941324438e+00,-9.339443732229559814e+00
7.543143525743753131e+00,-8.724457100864837500e+00,-6.590992867447760695e+00
-4.211846462806823066e-01,5.931682779810623529e+00,1.212130388833094230e+01
-5.708390877449144085e+00,1.196609027602735686e+01,-2.552493321450667985e+00
8.875323663780735339e-01,3.603810760366135568e+00,-1.320756691866494847e+01
-8.801855327361835180e+00,-1.052296588503377350e+01,9.757759742695751304e-02
-1.254579589714872689e+01,-2.012656891826960059e+00,-5.726145660359877709e+00
1.027274955727291150e+01,9.367226640643499636e+00,9.809221055509694809e-01
-1.394873699774814213e+01,2.403256035447566941e+00,9.986276184742511053e-02
8.460449361415472325e+00,1.116307537533117333e+01,-2.039465798454613399e+00
-2.924663540653980043e+00,4.793067134641775695e+00,-1.323015073269109720e+01
-1.700664570010152588e+00,9.841931266925179500e+00,1.033480366288461383e+01
-2.651803068874544866e+00,1.277701420992841719e+01,-6.525784274430686871e+00
4.362762847995015902e-01,-1.444574615816048180e+01,2.000023242496247189e+00
6.693281735779669894e+00,8.279016687346471670e+00,-1.029216502939969757e+01
4.979718584230623080e+00,1.340322345799358317e+01,-3.850558719619767700e+00
-6.818326993576895312e+00,1.252493948870444029e+01,-4.733149648500522666e+00
-5.569655913045667539e+00,-9.083273984238717347e+00,-1.059431283848439875e+01
2.497132436659819543e+00,-3.758952530088072841e+00,-1.455992495726327718e+01
-1.030017791956552564e+01,-1.089156469348041334e+01,2.763505499151009293e+00
1.001019327771717116e+01,-7.527758056309433732e-01,-1.175888567643536575e+01
6.549224585580825320e+00,6.354361018909409964e+00,1.248085680517417195e+01
4.775259587612397993e+00,-9.874303534697956408e+00,1.120344121920141234e+01
-9.792251117628657298e+00,-8.807669273360978934e+00,8.506400507672271516e+00
-1.236876315702160767e+01,-6.945574954878684260e+00,-7.174232005257294098e+00
1.048896362367913504e+01,1.102784326480979615e+01,4.589687721568461498e+00
-1.173429591963728669e+01,-6.880123204933870973e+00,8.639258273067220273e+00
1.134179141783698608e+00,-1.591357058839553851e+01,-2.266823406430571008e+00
9.117696226596445186e+00,3.997000826109438520e+00,1.294691674074133303e+01
8.505767438346451215e+00,-9.973984049805377339e+00,9.741797351366534130e+00
-9.195571354187661584e+00,6.435118918501754770e+00,-1.216227985191646077e+01
1.538833993999684502e+01,5.622933461494677765e+00,2.339220468500231576e+00
-1.737145892168572958e+00,1.287711093462463197e+01,-1.059748912792504250e+01
-5.615289615033270954e-01,-1.554812066159618311e+01,-6.251805083944621089e+00
8.747849462121362052e+00,-1.186305750900323908e+01,-8.440162611406684334e+00
-1.180499869537619517e+01,-6.482867304194356528e+00,1.034928914946415901e+01
-4.414874185198028655e+00,-1.404900958549151291e+01,8.892203747683993242e+00
8.056448508128889685e+00,-1.286474433700775499e+01,-8.095002314637115504e+00
1.460326742055285365e+01,-1.263408097135052310e+00,9.414031456036237699e+00
3.813114123765017016e+00,1.366696739266475547e+01,-1.010691696801297823e+01
-1.814133950211201274e+00,-1.175346860313497999e+01,-1.302589150870590018e+01
7.438351490577972847e+00,4.837522195607779629e+00,1.524395820974275750e+01
1.625005258731034985e+01,2.917021661292616974e-01,7.395121170672243949e+00
1.416276838192753829e+01,7.392965055253990947e+00,7.974783747830915814e+00
1.149977793031079720e+01,-1.215499378774498496e+01,6.831641307288640164e+00
5.899224836572135366e+00,-1.196186706898268959e+01,-1.219725263859008990e+01
-1.023499157338765109e+01,-6.625701036166529612e+00,-1.363535507707415384e+01
-1.309763984668917303e+01,-6.256542604576728728e+00,1.113038094089337804e+01
-5.581223502673020143e+00,1.658746668469248320e+01,-6.024646533525652714e+00
9.560946593966495044e+00,8.716326591767336041e+00,-1.323648078718303012e+01
-7.514368784893546760e+00,1.187619307891788978e+01,-1.237692137192454034e+01
-1.095377155980039952e+01,-7.664524906790999736e+00,-1.311365050238911856e+01
1.834225721980970647e+01,3.755264472120776631e+00,-2.891313620642444349e+00
1.387600089053045416e+01,-6.988038790952788126e+00,-1.084084954089316355e+01
8.654531253618191755e+00,1.281509078441920302e+01,-1.131678742896624357e+01
3.580373211531579614e+00,1.415550538448529494e+01,-1.240966299788690286e+01
-6.734244584715029625e+00,1.791985257139295484e+01,3.019573145291507554e+00
1.707121745609046393e+00,6.555276768768475648e+00,-1.815772755929279469e+01
-4.518231775345157075e+00,1.801803008267368966e+01,6.245944429446405266e+00
-9.109936482297946725e+00,2.568145705377112620e+00,1.740892890339524612e+01
-1.052461106817643710e+01,8.591814674773154081e+00,1.472231937933706369e+01
-6.437048017261284727e+00,-1.896950908650885026e+01,-2.970966260759948518e+00
7.770174587600544136e+00,-1.769727963466879928e+01,-6.738033299754064842e+00
-8.997446875597537641e+00,1.413628581363511039e+01,-1.213023114094184685e+01
9.559307366446983423e+00,-1.325230344894898771e+01,-1.303774385731008856e+01
2.075702543032665215e+00,6.925577064895538371e+00,-1.984602874918055448e+01
1.480039787816832053e+01,-1.398713177201186753e+01,-6.378913906735677486e+00
1.063806505318701801e+00,-1.406542650456640331e+01,1.630197043068529084e+01
