-0.000000000000000000e+00,-0.000000000000000000e+00,0.000000000000000000e+00
-1.164703575091964073e-03,-1.323691908761259056e-03,7.197149371646904565e-04
-1.233171244438208201e-05,2.602990250519390727e-03,-6.974867097445502234e-04
8.003677138524877173e-04,-3.163604053605153284e-03,-5.044747519050090485e-04
3.222821772347773256e-03,-1.668113501444622084e-03,-1.174830486094088780e-03
-1.211084714840076531e-03,3.085966113687337638e-03,-2.685039629509797330e-03
-2.559339251054063707e-03,2.902590257430927301e-03,2.622533535170433385e-03
-2.527943612195595376e-03,4.192112777267264882e-03,1.243175334349909313e-03
-1.473396586601600925e-03,-4.737517318641213358e-03,-2.134186032217588128e-03
-4.291619690834505042e-03,3.558617791874574623e-03,-1.323137306172006422e-03
5.716771763979354654e-04,-3.194868489671491736e-03,-5.095481613634810295e-03
-5.961153438819223431e-03,-8.015104234199882957e-05,-2.150390397775260500e-03
-1.060474404452290504e-03,-8.985930071931132320e-04,6.473354733839275545e-03
1.622361301791391255e-03,6.565925283488574862e-03,1.328829151541474152e-03
8.056329084184885719e-04,5.155547645659903921e-03,-4.894436233106576849e-03
-3.200341100845137138e-03,-5.976657824906385190e-03,-2.983088198763062492e-03
-3.826463682261921871e-03,-1.211501517429428135e-04,6.624519065069853739e-03
-4.447371652127486003e-03,-9.948978279912198703e-05,6.514066238972351236e-03
-4.202566593764208401e-03,5.156375671242554096e-03,-4.653554175859817878e-03
-2.923145834699287376e-04,-7.010479499829743583e-03,4.512020663413637660e-03
-5.491273718577958061e-03,-1.230221734601627667e-03,6.450588057787873600e-03
-6.308983247247678706e-03,-4.216483019809674770e-03,-4.402783910082943425e-03
5.196247727600277096e-03,7.130876195794695963e-03,1.675370246017799910e-03
1.084503647525428060e-04,9.054987994628820730e-03,-1.531366764253351076e-03
-2.100796032794223760e-03,-3.543964207155593277e-04,-9.138096608731466342e-03
-4.770222985507796207e-03,8.297372039534615940e-03,-3.716037407886808039e-04
-5.544980921474938589e-03,7.795225684123639059e-03,1.981056357969919902e-03
-4.054459140344434699e-03,-5.680170331434414646e-03,-7.101618660296804726e-03
2.676026002762092824e-03,-7.504082839467138624e-03,6.274082543194558180e-03
-3.484641515327120513e-03,-3.722428564165645038e-03,-8.974375540171379562e-03
-7.891101089150139719e-03,-5.821647931707432666e-03,3.752488539206609488e-03
-1.038587337343270002e-02,2.465973698356229826e-03,1.805840650998605686e-06
7.669145599646627967e-03,-7.660023681364392170e-03,-4.027493706552062779e-04
-5.802825997816038299e-03,3.522127272144794661e-04,-9.357626830850788308e-03
-9.064828689112708338e-03,5.591280463693859039e-03,-3.411443714477323339e-03
-3.609505622012238856e-03,6.856376018536432769e-03,-8.291195897780018198e-03
-3.673664241296119033e-03,7.931708173578111074e-03,-7.489112411256345844e-03
-7.036787348094787446e-03,-2.673279137558198099e-03,8.918828284103853463e-03
-1.294963003249633522e-03,-4.035434746839971880e-03,-1.104362416118678109e-02
-1.511744714786906075e-03,6.765365138412345568e-03,-9.776706366878586130e-03
-4.605901998367692256e-03,-7.351315683608764841e-03,-8.491233980718757013e-03
3.117399066606399514e-03,-6.035727249199972569e-03,1.024343507386298036e-02
-7.797496520231286983e-03,-9.068400685291567315e-03,3.429208018872865072e-03
9.326022729852861959e-03,8.430217917060896238e-03,-6.888414188846072716e-04
-6.161709628353996028e-03,-2.986186072438507498e-03,-1.074041873686443389e-02
1.053548083333345937e-03,-1.236518894506875507e-02,-3.457831151538113840e-03
-9.811029095447986945e-03,2.562122565305377606e-03,-8.177339254984884384e-03
-3.804349694964321172e-03,1.249947382211645530e-02,1.645030908193143970e-03
1.942809770799815670e-03,3.429989967006026076e-03,1.271236958052361296e-02
-2.041849853781715560e-03,5.772731873022953972e-03,-1.197409298812498329e-02
-9.034008119517461521e-03,1.004853611301720351e-02,-1.419893141695767946e-03
-7.464813903404705041e-03,-7.048987693844665364e-03,9.106147815491490508e-03
-9.340853095462512551e-03,1.022997308474230677e-02,-4.024682035746472209e-04
-1.293869666989524644e-02,5.303581613456649982e-03,-5.113505740494199122e-04
-1.181833395731809143e-02,-4.136978740882672409e-03,-6.538070378035226379e-03
4.134637542892111509e-04,-7.381632816432709583e-03,-1.219057540938505747e-02
-6.674261741356726134e-04,-5.284003859328475355e-03,1.336563988603171535e-02
-1.073157305259857253e-02,-7.307702810498222477e-03,6.494236107160880449e-03
-4.775652349067582153e-03,1.090015188561252284e-02,8.535996147185406779e-03
7.245234393316883105e-03,-4.770287840018860685e-03,1.195718641505193192e-02
-1.313301335009432920e-02,3.313956135835989221e-04,7.026999220959145864e-03
-9.222346120142549744e-03,8.154327355151485754e-03,8.611746088449270461e-03
-1.227890458793481215e-02,8.687394934387552767e-03,1.791020667343742488e-03
1.428614470153461574e-02,-4.741332257522703694e-03,-2.572999779201723403e-03
1.850743269970346605e-03,-1.139851892843650287e-02,1.017784158526274102e-02
-2.035483850556573347e-03,3.139805628073534007e-03,1.505605280508138036e-02
5.265376035635229574e-03,-1.466078783071274143e-02,-1.330724914118220064e-03
-1.497598242090372039e-02,4.886884755836380656e-03,1.433097195351801017e-04
-7.858043686914780585e-03,8.746329858031538784e-03,1.066230008510799486e-02
-9.023414518947652646e-03,1.197560670328749570e-02,-5.553828202590062151e-03
-6.941075513891671080e-03,7.483851601643221052e-03,1.245981951787941341e-02
-1.201315156074386596e-02,8.541007628542264876e-03,6.776550373152698085e-03
-7.146222638851038728e-03,1.456240209943405160e-02,-1.951311916681090688e-03
-4.126708014305067312e-03,-2.846626031063780125e-03,1.567038891455986918e-02
7.121056166282182208e-03,1.035742238616546747e-02,-1.079184512639564178e-02
-1.495727325024206501e-02,-7.039602990622089405e-03,-2.220356571065030486e-03
-7.737710889438241015e-03,-1.351081650259192309e-02,6.288792863203182190e-03
-1.190529188870338706e-02,2.171145968348536966e-03,-1.180134777699969398e-02
-5.222756920753574353e-03,2.319756148434029466e-03,1.602568148358280570e-02
-1.047679458586571292e-02,6.056136753152024411e-03,-1.211614693655684201e-02
4.075148670262431035e-06,1.674958212160139459e-02,4.056306276519669116e-03
-1.672887321155125395e-02,-3.697829950076916578e-03,-2.689816546741276206e-03
-1.409259357706973579e-03,-1.132098533196992420e-02,1.320517135507963055e-02
-1.273744389411556044e-02,-1.208170955031312097e-02,-2.843996799486703513e-04
-9.233587383373617272e-03,-9.382973023925772135e-03,1.177950304800186830e-02
-1.251258990215916959e-02,-9.065640272209091882e-03,8.779007233613455100e-03
2.333349152668132229e-03,1.412958623116212023e-02,1.070039769594043413e-02
-7.155596780705607979e-03,-1.008768476408469436e-02,-1.305342485613542568e-02
-9.632711167592058685e-03,1.350407470512421555e-02,-7.209381268229487182e-03
5.568398622469667401e-03,9.295707964544866128e-03,1.461082614201627931e-02
-1.573987952102920765e-02,2.678454420063550601e-03,8.930052403941656988e-03
-1.526925436192479169e-02,9.441017749651376897e-03,-4.018937365976084711e-03
-4.551629590010544506e-03,-1.790947668091089767e-02,8.602758948433026189e-04
1.759053510632302289e-03,1.305515341398599122e-02,-1.313195849646369047e-02
-8.849006951934768397e-03,7.964646489359690495e-03,1.442264677494410618e-02
-1.069655531488481566e-03,1.877182895824437009e-02,4.566449440795197203e-05
1.564817673514483148e-03,1.164250053085588883e-02,-1.480901217673340556e-02
-7.478965482384551319e-03,-9.189347627830668150e-03,-1.485598964421053214e-02
3.813913789665698655e-03,1.288558477352014578e-02,1.357469687539231487e-02
5.242889979341411495e-03,-1.731530143627177387e-02,6.428618059461245482e-03
-5.239003639687951804e-03,1.395157654154315606e-02,-1.226049381966611354e-02
-7.830553809889206560e-03,1.069630041336800189e-02,-1.415855268165037636e-02
-3.055086674774258430e-03,-1.898370578841192952e-02,-3.202935294269396681e-03
-1.847429389746967771e-02,5.598988926622352688e-03,-3.332657537031409947e-03
-1.519115056526475216e-02,-9.511556224401983978e-03,-8.142245258796384708e-03
-9.820324791117874402e-03,-6.969805330706323361e-03,-1.569403858113957440e-02
8.875228950914998416e-03,1.483567877347572589e-02,-9.810023004274226119e-03
9.466689120090925405e-03,-9.827307591047499541e-03,-1.458403378054074981e-02
-5.462203855563168599e-03,-6.598393833048717821e-03,1.814660055461672292e-02
-1.839990398961400403e-02,1.747373051883220575e-03,8.052951924114924373e-03
-1.525491361566631322e-02,-6.340292782968017654e-03,-1.171900802894113545e-02
1.251746871509802801e-02,-1.604100033450067339e-02,-1.841909846073014627e-04
-7.940151336288409772e-03,5.567832397094104116e-03,-1.799378707640248917e-02
2.673259403024735425e-03,1.937422316805842079e-02,6.253463899415117808e-03
-2.696832330628238031e-03,8.012642260651013301e-03,-1.881295950117663901e-02
-1.256468993507223013e-02,-1.646180956832271960e-02,5.753968588542307267e-04
-6.454599714267872379e-03,1.161243336200168744e-02,1.601483836942164951e-02
1.411309421698634346e-02,-1.525399741644814511e-02,-2.216796394985044282e-03
-9.395031288512878387e-03,-1.405245067044056349e-02,-1.244320286532936415e-02
6.986264878058694172e-03,-1.975526038114477217e-02,-2.299382355370847755e-03
-2.095645291031823787e-02,-3.953737747039752569e-04,-2.971711146559696381e-03
-1.014223254082763891e-02,1.579743485080404783e-02,9.976575917347860548e-03
-3.060578092840742902e-03,-1.186485605303288018e-02,-1.748171000305349942e-02
-1.701098084298452093e-02,-1.122327007344064639e-02,6.649370901332658616e-03
-7.033045562776074795e-03,4.892382267329508164e-03,1.974710538719701841e-02
5.401512418672462824e-03,-2.089051031218914015e-02,1.247443410333402445e-03
-9.399203444421107626e-03,-1.953834119171303854e-02,9.238485425757981010e-04
1.764981595990194798e-03,-9.446473306901711012e-03,1.955491190559610973e-02
-2.681140267289299894e-03,-1.069311275165637370e-02,1.889484662266689707e-02
-7.889175518114823621e-03,2.043744543943720390e-02,1.555588228988776835e-03
-1.603997707568536810e-02,-1.505090680066883090e-02,1.529617433232703010e-03
6.386583098137501094e-03,7.453686300147597914e-03,-1.983954999287121379e-02
-1.594530464436622400e-02,1.441216405590882085e-02,-5.638639937619624280e-03
5.685995395166272212e-03,1.031243754205590606e-02,-1.894426690159136534e-02
1.653817905992360088e-02,-1.450373061507579525e-02,4.183032495303132432e-03
-9.742962178357780778e-03,-9.786424862494743325e-04,-2.023092596299248119e-02
-1.436549947640346735e-02,-5.807534968463301354e-03,1.639772046532579977e-02
-9.909282816976186514e-04,2.145144815381961473e-02,-7.186179528156626944e-03
1.338492536535956443e-02,1.834255681223468867e-02,9.952179697743570187e-04
-1.941738404448891536e-02,1.291694828901474934e-03,1.190385000983508988e-02
-1.628426068477522443e-02,-1.430941170547440390e-02,7.367383301497781520e-03
-9.014054004156035402e-04,7.335976854282232756e-03,2.175766313332843510e-02
1.595284897493412166e-02,-1.654840012083001397e-02,1.869009412916300362e-03
6.837927154315381374e-03,-1.295566056916645434e-02,1.791763485278611429e-02
-2.120317029105837567e-02,-8.790416398199061079e-03,3.551715939600804273e-03
8.431303138491630725e-03,1.693881993860422638e-02,-1.361114387969818498e-02
-1.783589294280616896e-02,-1.512815774647373324e-02,-3.277935442554617677e-04
1.449628377606519691e-02,6.539257590516242384e-03,-1.726262218711055105e-02
6.473618020927813729e-03,1.683368229033207694e-02,-1.514717613070327984e-02
-1.245914734482203752e-02,9.733056317586456611e-04,-2.005881142742299561e-02
7.232667584047577577e-03,-1.699403869594204655e-02,1.487418813537280324e-02
-1.820294951633997030e-02,1.384395592155547236e-02,-6.570028032175682584e-03
7.268840110120697653e-03,1.927520671235380054e-02,-1.206715334904954161e-02
-5.614333554562162681e-03,-2.309540788159221772e-02,-2.980936543002629842e-03
6.733418980307640314e-03,6.841939704390130432e-03,-2.203344889495076342e-02
-1.619030870651723408e-02,1.696819245571709947e-02,5.603439117183443494e-03
-2.386264459752630851e-02,-2.830190092794605990e-03,2.798070314413808515e-03
-1.335591237165441314e-02,1.082267651871667014e-02,-1.713405129937542806e-02
-2.284015319384840106e-03,1.985835879883048397e-02,-1.390458588119990006e-02
2.395175362847343573e-02,-4.781745458292597020e-03,-4.241619637506878092e-04
-5.063234358028100880e-03,-9.850886950581529827e-03,-2.186043901247604684e-02
-7.640803179217770663e-03,2.128515487211769287e-03,-2.326944136399692470e-02
6.497304803036042797e-03,2.274613404612787354e-02,6.971552224284782370e-03
-1.983784624869452257e-02,1.298693480921674775e-02,7.058975425044314300e-03
1.690092605464684969e-02,1.555111196889137973e-02,-9.400932422492673524e-03
6.423022850828197412e-03,1.159909599334793193e-02,-2.106866092814732236e-02
-1.303417256037075513e-02,6.532846927074390485e-03,-2.027171804290954157e-02
-1.927692300661252786e-02,1.087473345396608275e-02,-1.172514139970454693e-02
2.276230987864313882e-02,9.888464693741653988e-03,3.906768101609199052e-03
-5.820834123891376749e-03,-2.200295046360386739e-02,1.081595383976670897e-02
-1.983093947559688361e-02,-1.547780111709610995e-02,-2.449156026928058817e-03
-1.754630587495288954e-02,1.826548036924914228e-02,-1.075741758583555847e-03
-6.628041613863489868e-03,-2.263531973723327193e-02,-9.497398868784312498e-03
-2.026582168316985386e-02,1.008951996333828233e-02,1.173965066194842567e-02
1.359885670667479278e-02,-1.551228153128697725e-02,1.511933607151877412e-02
-1.045478350846320778e-02,6.065135037158051086e-03,2.262518648323993617e-02
-2.020414237397766266e-02,1.553430619083072221e-02,-3.507049213372943810e-03
-1.450920798875032260e-02,6.957217100171398001e-03,-2.016770386254978370e-02
2.131444337121327082e-02,-6.340227501590530758e-03,1.322828879006493832e-02
-1.664793571541901482e-02,7.039375824927167000e-03,1.861775457650755028e-02
-2.319858544414836812e-02,9.029069128838398961e-03,-7.580612065667059057e-03
-1.457655985888895757e-02,-2.003611976597018118e-02,-8.190188464737027663e-03
-1.199553157436987656e-02,4.324939779987085203e-03,2.285260065534111193e-02
7.634769047351391488e-03,-1.670920224473450635e-02,-1.874007704690966100e-02
-3.294306419117583404e-03,6.512272089298332990e-03,2.528348367353557696e-02
3.588840355911457683e-04,-4.427267762420881124e-03,2.601205647305541296e-02
3.432447310266685970e-03,9.618489280254292895e-03,2.441106203440530573e-02
-1.302804299913211741e-02,-1.593443745388389149e-02,1.674519652362869634e-02
-9.384792647577206576e-03,1.053543033009277617e-02,2.255681331907977843e-02
1.771897725944935817e-02,-1.698696744561487004e-02,1.045000556800925427e-02
-2.133994188032593831e-02,-6.890204750949716940e-03,1.458412139771858920e-02
-1.818051092790837903e-02,-1.321344296962743102e-02,-1.463837312230751621e-02
-1.317227920427305188e-02,7.663689026306936235e-03,2.215876967385614627e-02
-1.689623479288089244e-02,-1.798235190475422698e-02,-1.087424468422967805e-02
9.620916531924776985e-03,1.854348729296831366e-02,-1.716156590178556998e-02
1.454386095024371925e-02,-1.540533526817023519e-02,1.690975865469979134e-02
1.018904644306360859e-02,1.991299504885910357e-02,-1.543666755733193174e-02
-3.470269522580110913e-03,2.301912423897285037e-03,-2.692842990512799711e-02
-1.218282544721956129e-02,-7.858219547623402843e-03,-2.315506412669315547e-02
1.854452529648189033e-02,7.108211720952495316e-03,1.886139303121407707e-02
-9.886787742843893348e-03,-1.036975694776603204e-04,-2.561772701415745632e-02
-4.637706373301907735e-03,-9.096087375781715736e-03,2.556618307591619968e-02
-5.695912640838372842e-03,4.275523389557150467e-04,2.700186453756129451e-02
-6.887050223035357140e-03,7.249735924640329787e-03,2.579898744822439402e-02
7.981343041487224147e-04,2.600726040271861966e-02,-9.613251051854043369e-03
-6.113869390603851421e-03,-7.786010363371380187e-03,2.598614911281047976e-02
1.063798173448166073e-02,-2.425099053185064343e-02,-8.709572690574124421e-03
5.906418106712536462e-03,-2.391275045624505560e-02,1.320157692707025175e-02
-2.112531887086010335e-02,7.492251357534275742e-03,1.680559058640275147e-02
-1.116766777943707309e-02,2.330718149810708309e-02,1.098879224591321584e-02
6.670641367084618502e-03,1.035725960657701318e-02,2.531363248963895349e-02
9.329149789456979078e-03,2.595810794866253851e-02,-5.962335871082368594e-03
-1.396079125559341119e-02,-4.106112613731192906e-03,2.425898064339317151e-02
8.522511209470618777e-04,-1.963394771191108445e-02,-2.044261236590955155e-02
-2.345096309757804115e-02,-5.688044150936178225e-03,-1.502246469176729375e-02
-4.102710460675682361e-03,2.126644379420390696e-02,-1.851323983676085930e-02
-9.816315502667722487e-03,-1.918622299034911105e-02,-1.874089718830176596e-02
7.008000673298638537e-03,2.414719072925149146e-02,1.368767895919622592e-02
-3.055540132429159471e-03,7.292993443540235141e-03,2.758418179139799156e-02
-1.117560644051721931e-02,2.482674012941110675e-03,2.638586111376424112e-02
7.233365561357233547e-03,-8.042024911425332823e-03,2.672333154060363078e-02
-2.303023906456455952e-02,-2.315140111272718289e-03,1.729860845656422050e-02
-2.383177061019620124e-02,1.482032973065163656e-02,7.159632844932185824e-03
-1.661611488243918203e-02,4.624549706030938942e-03,-2.335030282160313608e-02
2.879533900805383503e-03,-9.681099330456540905e-03,2.728673468160551854e-02
-1.614105175013272678e-02,-2.056475576377138001e-02,1.292293603024436723e-02
1.892263152959102260e-02,1.693811146340509777e-02,-1.446872038386523909e-02
2.033576968672184265e-02,1.214367418607062606e-02,1.723838805886630104e-02
-2.873677625171914066e-02,1.852357452661365644e-03,-5.727662320662349656e-03
2.775150291880717612e-03,-8.826600521183452716e-03,2.793376881932271155e-02
-2.800332834505347979e-02,4.477193309622231471e-03,-8.095709310251126417e-03
5.883735947137184834e-03,-2.079155155299682034e-02,-2.016760598560345813e-02
-2.618901494537249561e-02,1.326024410292378324e-02,3.975994394065661235e-03
1.425412762011937090e-02,-1.671183358711753053e-02,-1.997272526939476364e-02
1.040411792258497635e-02,2.681727129974289039e-02,-7.604775231962702768e-03
1.641808048417940993e-02,2.482765751976001578e-02,-1.774164626619412124e-03
-1.970688318464931116e-02,-9.074113510250263887e-03,2.054952197554366436e-02
-6.185929540321453111e-03,7.077355319535464512e-03,2.843412396591038158e-02
1.611842954610878328e-02,-2.354648407903232182e-02,-9.299704202513912540e-03
-2.332122582580297213e-02,1.282192783194168947e-02,1.401126180746719956e-02
-1.501332242482832265e-02,1.130724379296936142e-03,2.611111701927922024e-02
-2.034055123314882502e-02,1.735416375026250374e-02,1.405121974960762618e-02
-7.973455642059439422e-03,1.956327541648065008e-02,2.167757398355085047e-02
-1.157213723666303436e-02,-1.564827707470611146e-02,2.326598013833543893e-02
9.401835238288065374e-03,1.992744942662870444e-02,-2.093956655136536282e-02
-2.607930975057043063e-02,-2.216044216503120032e-03,-1.558194263769202732e-02
-3.197585370935659109e-03,2.848454208543502869e-02,1.049380791365688188e-02
-2.292981977944501260e-02,-1.915321168298172311e-02,6.554961556326136841e-03
-9.403894054882988227e-03,1.941878319924824660e-03,-2.910776929869708304e-02
2.860747636268152691e-02,9.389602574531755869e-03,6.065563389270057539e-03
2.454340312558756995e-02,1.825332322349823219e-02,-3.414470399369185470e-03
1.016932036767573613e-02,7.988451840690184713e-03,-2.799766240233217407e-02
-1.828980163811590523e-02,-2.076995431340366086e-02,1.375028792938135305e-02
-2.394868210593003102e-02,1.431403047100368239e-02,-1.343229739208552827e-02
-2.989181088223853006e-02,3.205565396692587263e-03,-7.677326249100830183e-03
1.229133805131593649e-02,-2.620341235576406635e-02,1.135438590384623726e-02
8.550692155215387780e-03,2.957823744239305302e-02,-4.744712947636991335e-03
-1.020372496493674071e-02,2.472357761950689028e-02,-1.609375402932012797e-02
-2.840628319696350546e-02,1.280826866228435869e-02,-2.700649798762685613e-03
-1.842568559486770004e-03,2.483452497941810583e-02,1.902619819772115653e-02
8.580408040429524617e-04,-2.582460318172600036e-02,-1.784325390872214256e-02
-2.781049757411612616e-02,-1.171772226212382598e-02,-8.898474301193663727e-03
2.297272475019092666e-02,-9.897019859525870572e-03,-1.918589964849260268e-02
5.644203449114125644e-03,-3.079213783401859444e-02,4.203311964409144064e-03
1.577439020264043840e-02,1.213355470544513412e-02,-2.460713589121638414e-02
-8.061565292538775893e-03,2.107009233446782703e-02,2.228259172062676055e-02
-2.968918185882982261e-03,-4.305129923979090709e-03,-3.133670718055397292e-02
-2.403850790581654739e-02,1.037913082720394627e-02,-1.810105966772004513e-02
-9.922728148459966993e-03,1.772101338216005434e-02,-2.458896391150765595e-02
-1.869399643658020867e-03,-9.329111440263997742e-04,3.188471521550533677e-02
9.722414113352957632e-03,1.578759543954507891e-02,2.609817795199535426e-02
5.929878862954754935e-03,-3.150006690349659022e-02,-1.166031245504412254e-03
7.354961295441310443e-03,-1.568238221633249524e-02,2.706721563842736170e-02
-9.628364646373300736e-03,-2.017241435040168646e-02,2.317164663766980298e-02
-2.596071325697540608e-02,1.810097036701740353e-02,-6.232454496083036748e-03
-6.039930071880653985e-03,6.089573197310051145e-03,3.115725620115656486e-02
-3.518761523079090483e-03,-1.420098455347807050e-02,-2.888217954400138301e-02
-2.010518713586484027e-02,-1.959021019413358794e-02,-1.625198595328459714e-02
-3.073967336702934303e-02,4.692260565547256884e-04,-1.052933078916372389e-02
2.621172797277087491e-02,1.376727989345264899e-02,-1.353939480455521212e-02
-7.673268893268052858e-03,1.995751791920402640e-02,-2.462965523787710373e-02
-1.255941230021765873e-02,-8.621586000049348639e-04,3.015316577668732123e-02
-9.906987508956030877e-03,8.188847974420369880e-03,-3.010622382805660038e-02
-1.242640386340274072e-02,-2.922354478477907913e-02,8.188677506184743535e-03
3.019709005629703713e-04,-2.947948154190673659e-02,1.450000120650836791e-02
2.808188945636736281e-02,-1.111401316104991197e-02,-1.308295395266169565e-02
-2.821330179836399610e-02,-1.930328329825486185e-03,-1.695457582880123201e-02
9.148885081409523917e-03,-2.913836974594509813e-02,-1.258271745651326490e-02
-6.266877891973957927e-03,-1.990972446821304923e-03,3.243041021082459369e-02
4.303275509473317335e-03,-2.214426263756643504e-02,-2.428952302593511206e-02
1.958930113045111859e-02,-2.526095736394025695e-02,-8.994969118045235273e-03
-2.816611343814823254e-02,-6.671520953989660066e-03,-1.639592615826661673e-02
-3.250770342337772068e-02,-4.704767662859187134e-03,5.628468682284139095e-03
-2.976325451520528062e-02,-2.624703233612625704e-03,1.489044237132525206e-02
-9.592881484212599855e-03,2.725469205986930446e-02,1.683820138033060437e-02
-2.956500394011628285e-02,1.538295516320661513e-02,-3.397517014834285781e-03
-2.382077607396972455e-02,1.231908281327438043e-02,-2.017375765348122796e-02
1.916519871254556556e-02,2.159480799781849855e-02,-1.721718273209135036e-02
-1.300644448135777551e-02,2.533247205684395140e-02,-1.797423899960226557e-02
5.614172684354243152e-03,3.243165668879766789e-02,-7.385587567924199737e-03
7.763523843989459522e-03,-3.287043168776650204e-02,-1.022009805688708396e-03
1.772838578478160877e-03,2.855745847903982601e-02,-1.808355491051660477e-02
-1.821356193511058583e-02,-6.136690065179852167e-03,-2.793203270451601744e-02
-7.804920386022741463e-03,2.840436324450816216e-02,1.690479623477746107e-02
-2.795765606388853769e-02,-8.347562658943626437e-03,-1.749543445475994219e-02
-3.940272248093906401e-03,-2.005937800806790669e-02,2.726544535813914955e-02
-1.374695486389738812e-02,1.363268798247304313e-02,-2.811381884599426298e-02
-2.431399635109196891e-02,1.415585047495928998e-02,1.943102115476666447e-02
-5.571368022473579141e-04,5.906085963623653248e-03,-3.373186405299890417e-02
-2.721331404035839258e-02,2.050871000067206254e-02,-3.970829295167282481e-03
-1.749376718548482229e-02,-2.927767743910716230e-02,-4.199258671030392694e-03
1.584947566975967656e-03,1.959393187557788643e-02,-2.825461252232238860e-02
-1.490631825223068078e-02,2.109172616263932376e-02,-2.283874019547520867e-02
7.659502829706390506e-05,-3.320068281300749685e-02,9.501911750244278199e-03
-3.086747472873670184e-02,-2.733784749250092044e-03,-1.536924801086683549e-02
1.361127578869220957e-02,-3.162044826946541765e-02,3.908985035935719915e-03
9.429850912823126152e-03,-2.026715250048229111e-02,-2.654490125637118739e-02
1.168770645182901861e-03,2.864413600237295660e-02,1.965632709912275289e-02
9.080661778922248170e-03,3.323831509371465154e-02,-4.989249818489595832e-03
-7.413561226119942150e-03,1.710249554818811524e-02,2.947191365524666831e-02
3.462383020526441525e-03,2.870795907125432353e-02,1.959154554976157495e-02
3.162711713148181909e-03,3.479483188738274196e-02,1.787374798087160589e-03
-1.065425302516184725e-02,-2.932934420332567946e-02,-1.593954268812638325e-02
-3.365435691162150383e-02,-4.354942106378626929e-03,8.951335573948516686e-03
-3.414267435695232666e-02,-1.998790311547752403e-04,-8.358302784544795194e-03
1.056631359846415749e-02,2.393849916123137050e-02,-2.355506252896905420e-02
-2.970906009277708357e-02,-1.879137586745472169e-02,-2.777082952067204749e-03
-9.337392147402694131e-03,-1.955811408265722973e-02,-2.788667447937359656e-02
-2.808631885342780313e-02,-1.265228266420960566e-03,-2.146738948623393844e-02
3.857480873627933821e-03,3.496317712229913416e-02,-4.231438787822178714e-03
1.488047480752118998e-02,2.216460022280369868e-02,-2.337583768327159209e-02
-2.316415640981150936e-02,1.669780081109094316e-02,-2.115778983793988391e-02
-2.759474899244101706e-02,-7.691214310365033190e-03,-2.112679517167196860e-02
-3.431218224976089609e-02,-9.120684879806620349e-03,-3.220824797200785156e-03
-2.341370370433687106e-02,3.203033726237287742e-04,-2.695371438713883502e-02
-7.396580826869107728e-03,3.381313491075949029e-02,8.982780817366772461e-03
-2.288359307356219868e-02,6.976104903239351701e-03,2.665191569586069370e-02
-5.062067056830360252e-04,-2.637467763419160463e-02,-2.430414607305610847e-02
-5.020920127426056583e-03,-3.528540115183630144e-02,4.497184809042572076e-03
1.171118630770980051e-02,1.858834793355543247e-02,-2.849101546122614556e-02
-3.414878165943253246e-02,6.442729334317239161e-03,-9.523234160470373313e-03
-2.188120128085912532e-03,-2.127057949840956488e-02,-2.906954245276705678e-02
9.919307153317200986e-04,3.520515737796733186e-02,8.111790985560913061e-03
-3.498564538446430339e-02,6.424000336960648209e-04,9.257701079335971944e-03
-3.060923033819237110e-02,1.406786428650237501e-02,1.338687042544512741e-02
-5.257848784278489236e-03,1.854072280410368201e-02,-3.076622206535630649e-02
2.206017278438341528e-02,2.787561797830067495e-02,7.628164429335849636e-03
1.286074964279621978e-03,-1.728348172088680149e-02,-3.202255773378474835e-02
-3.151519998426243613e-02,1.282276585585219453e-02,1.311917817424086002e-02
-6.129877388795005461e-03,3.333344830925152186e-02,1.360064307413777832e-02
-3.334455448329299524e-03,1.305501175957180134e-02,3.400070123525974347e-02
-2.308154666960509846e-02,-9.615334467037394556e-03,2.676407427055376917e-02
1.799394519911240442e-02,1.620325283103097452e-02,2.755230883968323718e-02
-1.357060224022936523e-02,-6.209079899181546222e-03,3.356594790345175661e-02
-3.584969862967003762e-02,-7.698412234989140956e-03,2.974911468240241073e-03
-3.446567444159298610e-02,1.111469658010730797e-02,6.769631894471525406e-03
-3.508748910881946681e-02,7.588505151726807930e-03,8.512373766826552071e-03
-2.621529118135833628e-02,2.275194426900510256e-02,-1.265767789841257436e-02
-2.490521510092746221e-02,-1.975960384400016895e-02,-1.892959211118482032e-02
-2.958346820161172203e-02,-3.725502530464642591e-03,-2.199800992682396025e-02
1.042432716665222907e-02,3.518924348350271902e-02,5.473259790676375351e-03
4.703414524916261011e-03,-9.202593030911455918e-03,3.569354982575538571e-02
-3.318809390642146750e-02,-1.262923539341507216e-02,1.112770340722953229e-02
-3.382018230894449223e-02,2.608660521018384745e-03,1.543040365529844103e-02
2.197577089467225159e-02,-2.775007199624489676e-02,1.181696766065752462e-02
1.169463201736841394e-02,-2.173602853124883411e-02,-2.805989109788740651e-02
2.168224654257954950e-03,-1.540448460055231575e-02,3.403693359051199185e-02
6.643493580150859092e-03,3.591392050630640154e-02,8.396570286980009970e-03
1.990078044135781474e-02,3.120561219420882673e-02,6.209122929300993007e-03
-9.691812220444342638e-03,3.467823801814996776e-02,1.076150567963722431e-02
-7.511360335007888529e-03,3.613226606786720807e-02,7.368692894198465744e-03
-1.082186851314124489e-02,3.465645957029461072e-02,1.010018078793345313e-02
-3.596745563596318029e-02,-5.315209276582071041e-03,1.011067082158276405e-02
-1.578959230465893119e-03,3.241938706526502432e-03,-3.761742173036064507e-02
-2.870556661599418802e-02,-8.332063206633167837e-03,2.320732598610086503e-02
-1.460043221936263222e-02,-2.936469473364899246e-02,-1.898668968980659830e-02
-6.745616226952135322e-03,3.314013358273209392e-02,1.720815782420086204e-02
-2.061680395769254284e-02,3.112762772179215182e-02,7.060537915155057180e-03
-1.370079356041385699e-02,-2.010715513806710444e-02,-2.925345129907513594e-02
1.423544479088150946e-02,-9.139215412650916054e-03,3.414003759988597925e-02
-1.378750847191277489e-02,1.072155361302369776e-02,-3.392064204080576240e-02
9.280921863431271929e-03,3.442294390159576084e-02,-1.373043402060622475e-02
-2.812290937750444239e-02,-3.475799332411948130e-03,2.570142204245185955e-02
-3.550401530382067683e-02,-5.225122852231388337e-03,1.340329896476033858e-02
4.365917243316499302e-03,1.821791926879538087e-02,-3.347350116914411811e-02
1.347706789420525901e-02,-2.802560742972802152e-02,2.254567016127115645e-02
-3.233504711076386207e-02,-7.875963518820729148e-03,-1.928034944949988394e-02
2.014532264786553922e-02,-3.269792936109440495e-02,-2.876481918904916744e-03
-1.026955156373486784e-02,-1.755609466935497201e-02,3.276474045842061450e-02
-2.236345936595505405e-03,1.423742714709456264e-02,3.582525422547794963e-02
-3.784742011962307501e-02,1.484511125740300757e-03,7.776217431054949746e-03
-1.490987815056687114e-02,-2.100899720002511947e-02,2.890268119189028442e-02
-3.702774126632827484e-02,-4.662022743257656011e-05,1.148646440838575929e-02
-1.847070226190492036e-03,-2.522085888411594243e-02,2.945231543660087326e-02
-1.037759515821606165e-02,-3.250653916818605632e-02,1.861507479788823347e-02
2.140740028510944998e-02,1.121365829901932107e-02,3.050928203278796200e-02
-2.120717828430923602e-02,2.279555513340763770e-02,2.343941982917293124e-02
2.987326856103201742e-02,2.420911327069287175e-02,6.651644791806467574e-03
3.737427807540297242e-02,1.128521522712768073e-02,-1.579498618914233592e-03
-1.217047849340406954e-02,-9.703541474363260033e-03,-3.589370961122799464e-02
-2.650012371006862238e-02,-1.089650478986144838e-02,-2.671326078786678132e-02
2.835350676812698704e-03,-3.908911538857853807e-02,1.594288865984917584e-03
-2.610578876649519153e-02,2.926022893476627057e-02,2.195106026092493671e-03
4.424088852185020532e-04,3.470584037892437967e-02,1.848655117205370499e-02
1.059893064914526348e-03,3.471413128688948663e-02,1.855267751716745822e-02
-1.182120522728751996e-02,2.767724264837062922e-02,-2.546720316740681833e-02
2.564353738438678726e-02,2.952114684572824249e-02,-5.404942973798125723e-03
-5.286864851255746074e-03,3.129115687963846676e-02,2.356202424278843952e-02
-2.613932068671357897e-02,2.851965358860313049e-02,-8.341225015112741642e-03
-3.594327520757000655e-02,-1.666915162845366075e-02,-6.211860559768244382e-04
-3.478792794512380881e-03,-3.917414979112145840e-02,-5.234947422554957382e-03
-2.784355464330299026e-02,-2.296931669006105695e-02,-1.658985215688028869e-02
2.637875248327026245e-02,2.204676907631712007e-02,2.000334740433173247e-02
-3.527673066656534379e-02,-1.026833362025500289e-02,-1.536562376037679291e-02
3.103208978434005699e-02,2.473420262452197260e-02,3.895431827590264094e-03
-3.909927884337345561e-02,-7.481084352237955641e-03,3.030317764239602411e-03
-8.605113899847763315e-03,-1.497980679930168042e-02,-3.604744659585651378e-02
6.871103234192578457e-03,3.043827607785463615e-02,-2.506229294886098274e-02
-1.675226931095158758e-02,2.312252998949038824e-02,2.811561528274306512e-02
-7.371129435351690164e-03,1.945125087814112991e-04,3.943812207040407053e-02
-3.861373390471287137e-02,8.658320799263589940e-03,-6.907187691114686709e-03
-3.433226107565263974e-02,-2.026180136418007788e-02,-5.330266958314996972e-03
2.343041008763384683e-02,3.270965240032040755e-02,-1.646555276768419665e-03
7.321389227661484478e-03,-3.561022574980541450e-02,-1.743234739798858388e-02
1.433738622769757665e-02,-2.311649729625166183e-02,2.982625967822694762e-02
-7.129409400505350852e-03,-5.020190788773930615e-03,3.946479164806059731e-02
-2.072922090133440254e-02,3.231276893632627906e-02,1.279245059699841286e-02
2.253234329304566394e-02,-2.679249635712421460e-02,2.039315490281086093e-02
2.560280854026314099e-02,3.097807867434721960e-02,5.499341657379730984e-03
1.970784021810256803e-02,-3.508776383638099322e-02,5.459065399886648892e-03
-3.893972199037223914e-02,-1.083464471798678379e-02,-4.429869149384381075e-03
-5.446737981581748281e-03,-2.206511902180888218e-02,3.377488541715194942e-02
-7.759414184141522411e-03,3.981518783763556002e-02,-3.973221870043684538e-03
-4.010839173158801951e-02,3.449124819879177163e-03,6.680533298776101733e-03
6.869246268508835901e-04,3.892678887525508058e-02,1.238579600196017087e-02
1.183520992114112450e-02,3.912436643325593183e-02,-1.533766596004636912e-03
1.674777522906054431e-02,2.935630205088428368e-02,-2.312631750069037498e-02
-1.181258423460422938e-02,-3.636652578180638723e-02,-1.479906456846791750e-02
1.258388912539310997e-02,-3.220553452786901333e-02,2.212442678206977265e-02
-3.792196909453966758e-02,-5.714587931023904811e-03,-1.477417831797901530e-02
2.477152264617411837e-02,2.618307741169514230e-02,1.984425920756008668e-02
2.572088620810918796e-02,3.141346286296226031e-02,-6.969605083375821249e-03
-1.139643915226717930e-02,2.858068097569673328e-03,-3.953311017723598608e-02
-2.363410118888132141e-02,-7.023604632411895553e-03,-3.312071005168716609e-02
-2.839627168309713165e-02,-1.052880340760055551e-02,2.813626163776078090e-02
-1.325889177356661015e-02,2.989979064737149916e-02,-2.535798986377946554e-02
-4.323154211601880174e-03,-1.599411117362200749e-02,-3.797752564043262863e-02
-2.166855266499648387e-03,2.476432097897705853e-02,3.320840453349495347e-02
-3.151202459862218613e-02,-2.260927196388340388e-02,-1.485091088360810697e-02
1.707749846245680200e-02,3.755459179707290596e-02,-5.169109665861733663e-03
-3.212840679948683609e-02,1.938416464914538215e-02,-1.801943694142060098e-02
-3.864797342465309954e-02,-1.541154023173454089e-02,-2.339149918424500516e-03
-1.153000373425879660e-02,6.633243135728416826e-03,3.954345951943492171e-02
2.031378740843541725e-02,2.980021696411893142e-02,2.106885632913594805e-02
-6.944122514727623860e-03,-9.353142689549096694e-03,4.016057061033228431e-02
-4.789738562345654399e-03,-3.643155443895275403e-02,-2.005861845580883887e-02
8.253218322813806601e-03,3.598186970044927463e-02,1.984218150988749027e-02
3.237659325448555975e-02,-8.611550479926404975e-03,2.526054899827202826e-02
8.004356464723479114e-03,6.128821620413958497e-03,-4.077795166052841647e-02
-3.319860133658757671e-03,4.040342824182664716e-02,1.117993734886026796e-02
-1.035095365516987796e-02,-3.866772772348706089e-02,-1.304187111863319704e-02
-3.061314979521145146e-02,-2.859389581446346654e-02,4.650488342194905589e-03
8.506215275816360333e-03,-3.947934245363389494e-02,1.222316202368197401e-02
9.008437526396571512e-03,-3.566880446949818873e-02,-2.075914289079490438e-02
-2.205987939657691466e-02,5.423399490770909777e-03,-3.566909085139161051e-02
-3.078073122960552771e-02,2.905511068191152582e-02,-8.132596446218041649e-04
-3.158491699888493071e-02,2.302051860095398125e-02,-1.639335122963281668e-02
-2.701070924824503297e-02,3.238799009751284347e-02,4.659627966974428867e-03
2.673271248638530578e-02,1.800226276949973628e-02,-2.766826565015359507e-02
-6.644383301985970318e-03,-1.276794510215946768e-02,4.001329966773629898e-02
1.041464640406660098e-02,2.848389326348678072e-02,2.987332738191916456e-02
-1.727905516589509430e-02,-1.823328811759704305e-03,-3.891405095371883172e-02
-3.055371047661072786e-02,2.901213451553724329e-02,-6.703876142551679768e-03
-8.665839038801295344e-03,8.764650451513120860e-03,-4.089304271572395677e-02
1.995041389289279460e-02,1.113731984076381590e-02,-3.613973061952958921e-02
-3.765670521457421122e-02,1.332948097134394744e-02,1.537593240516354695e-02
1.156392842409607012e-02,-3.935190773847174056e-02,1.240192093466201302e-02
-3.190310757885789737e-03,-3.001807914324317386e-02,-3.047663040445748248e-02
-2.464295346527532390e-02,-6.380949109558078230e-03,3.458439571691467734e-02
7.535576725743957545e-03,-2.463431150482792500e-02,3.441543138565401200e-02
-3.628750232343957299e-02,-1.817615854011251850e-02,1.431380778067132403e-02
-4.039912908996993318e-02,1.068950356999829980e-02,1.047236954482092322e-02
-2.957233616346938154e-02,-2.827708404049644828e-03,-3.126486969609647976e-02
-1.832686477421722679e-02,-3.823706860218570314e-02,-8.127088439995641678e-03
1.673340880578061060e-02,1.668812165583677051e-02,-3.618677773967972355e-02
-7.430246620199225036e-03,3.927679239613410256e-02,-1.655581441088077241e-02
-3.163892547520443660e-02,-2.717795375974514649e-02,-1.167451593732050409e-02
-1.540459708021069303e-02,2.425778627995960404e-02,-3.246848940022657726e-02
1.440556551329742231e-02,1.788490120216671905e-02,-3.683127057375874813e-02
1.171742967615600935e-02,3.218736559535310959e-02,2.673193025671548664e-02
3.159681245430677465e-02,-2.583309316289770716e-02,-1.504001689604438953e-02
-1.945735094617748184e-02,-3.590515397222150684e-02,-1.510396412584336621e-02
-3.356558538974175124e-03,-2.362130257865282038e-02,3.647815192405200191e-02
-4.181983070639887917e-02,-1.191840713411342068e-02,3.596012546658250344e-03
5.164750929297928610e-03,4.069907171798042150e-02,1.499263741842626202e-02
-1.955091658252657624e-03,-6.110154392840631138e-03,4.325161827786611068e-02
-1.662961503911846925e-02,-3.752208463335499761e-02,-1.521179771706246062e-02
-4.356886823201506359e-02,1.521145878674548275e-03,4.391023079314540153e-03
-4.037921408777292442e-02,9.896333213847370580e-03,1.397909438247221282e-02
-1.475812541506807581e-02,3.108731327021355129e-02,2.726906928108404488e-02
-1.514932391695035432e-03,-4.392038361971963706e-02,-7.231795520942721099e-04
-4.374318628289540489e-02,-4.177562205858633207e-03,-2.212013048001001698e-03
-3.157052526539257109e-02,-7.207205255234958551e-03,2.985235300100804595e-02
6.873476251316779778e-03,-4.063412590329903984e-02,-1.566593971414778630e-02
1.975733001537649525e-02,2.087631300682678270e-02,-3.349059948303686335e-02
8.253927284000999245e-03,-2.763913367663639598e-02,3.346249522906565715e-02
-5.855836471552668988e-03,3.011628812300010810e-02,-3.185123186779864612e-02
-1.106133307939060825e-02,4.077519885824132731e-03,-4.267082000551296328e-02
-2.971640728965509182e-02,-2.036851313216038115e-02,-2.580374039790879828e-02
-3.982128903389717950e-02,-1.517864096132036898e-02,-1.231439021155341339e-02
-1.570596014518213165e-02,2.275196642614905895e-02,3.474820801397381781e-02
-2.700769503849674569e-02,3.530049225820194869e-02,-4.728581645599707847e-04
-1.996567101060460828e-02,-3.232995988905745799e-02,-2.314967211344095416e-02
-1.939365607631423835e-02,-3.675286097755782466e-02,1.602725014377242435e-02
-1.525209488620996208e-02,1.247532296798296858e-02,-3.999371961973996470e-02
6.892536837300998823e-03,2.296857917555328310e-02,3.763898664813169342e-02
1.726788384817149434e-03,4.378902745577061689e-02,8.677237307429112520e-03
-1.909389405196285430e-02,1.570518198304413082e-02,-3.726292041168012548e-02
4.007537018705942256e-02,1.992428042649702774e-02,8.614803639195268634e-04
-4.143445961563711755e-02,-1.293368346806091605e-02,-1.112026171375185904e-02
-2.241131273278906127e-02,1.772144936705636470e-03,3.881169720057265488e-02
3.723331734110058022e-02,-2.477905476509797977e-02,-3.928693976313888704e-03
-2.177857414365333422e-02,-3.741697385645325474e-02,1.205908389253186781e-02
1.494486152846500812e-02,1.417245375689584613e-02,-3.999439943866311270e-02
1.570756221197862085e-03,-4.954426401824167311e-03,4.472972224232988486e-02
3.772195782539840975e-02,-2.393660497066380302e-02,5.988088910325862352e-03
4.121418054170231104e-02,-1.771219131132716063e-02,-4.841137214533135745e-03
-3.346632390973352383e-02,2.818660818416508090e-02,-1.119333108808305208e-02
-2.207778670429525261e-02,-3.914021085868393118e-02,-4.938551832976944590e-03
-1.121425580128877428e-02,-2.051188650568722127e-02,-3.874637328927516000e-02
-4.611035664724403432e-03,6.154610153159811685e-03,4.463901748947443626e-02
-1.878511179216291876e-02,1.650475288165699495e-02,3.782195724063821402e-02
1.405803226292637841e-02,-1.741075269601373779e-02,3.948455929266671965e-02
-2.994777799797399540e-04,-4.390991320499127576e-02,1.164595920451149888e-02
2.039872630489259625e-02,3.724515062233449414e-02,-1.626331570637812307e-02
-3.329283121061907269e-02,1.418094992306357868e-02,-2.760976638778275122e-02
9.132147109866090365e-03,-8.902250955077973746e-03,-4.373982214486040604e-02
-3.990851805547278308e-02,1.676820856361690287e-02,1.435139319104181480e-02
1.007965994999433530e-03,-3.509526259914724083e-02,-2.917429665853429888e-02
-1.112846125857322845e-03,-6.349055822618722422e-03,-4.523595716597557381e-02
-3.017715124935262810e-02,1.360125951501056814e-02,-3.156254677219674787e-02
-2.485444592813726775e-03,1.508919155283545456e-02,-4.315086153028330207e-02
2.565628388184702617e-03,-4.553624744909823274e-02,4.442385844195273666e-03
-4.316503187466853159e-02,-1.182699269634350341e-02,1.003887428053466119e-02
-3.806530154966480256e-02,2.522287483306092509e-02,-4.767173634170530742e-03
-2.788336815704962890e-02,-3.491346838000146391e-02,1.074543675482824562e-02
1.310050504643877354e-03,2.434621065302571344e-02,3.900581503270502542e-02
1.450835356390178105e-02,-4.118004460365164154e-02,-1.461610230287551174e-02
1.017403551717810210e-02,4.257706259771643770e-02,-1.440878690200626464e-02
-1.429419737472698015e-02,8.615443355036772957e-03,4.300455923300878364e-02
-3.893871971386203557e-02,-7.954160867562194009e-03,2.350450282927952009e-02
3.770969154259190548e-02,2.657669660873122203e-02,-2.761383909567238001e-03
-4.546816946172873956e-03,-1.317514438309257130e-02,-4.411033949607842675e-02
7.740640110353300303e-03,2.523289631622912046e-02,-3.804440389906937198e-02
-3.157275807564276920e-02,-1.631086199762931191e-02,2.975102751549651980e-02
-1.682690449228012308e-02,1.229409211500903654e-02,4.144552602260089674e-02
-3.123392908268032148e-02,-6.149309668739822571e-03,3.380330292771247663e-02
-2.087373614378158077e-02,1.920782841506840991e-02,3.681571826068576192e-02
6.760822236921501397e-04,-4.303630008388107525e-02,-1.764895091111692155e-02
-8.110347202938213498e-03,-4.153739577179699043e-03,4.566235063510950404e-02
-2.338702903549443393e-02,7.698403456679459370e-03,-3.957118741542937912e-02
-3.391607836053080194e-02,-2.905250752702624728e-02,1.348204485635160974e-02
-6.398282611803965923e-03,4.507697783262789443e-02,1.035658282225344548e-02
-2.184803070513033352e-02,-6.426177140639049816e-03,-4.081072902241823092e-02
2.534855732785879293e-02,-2.100479182345225959e-02,-3.323273981610237737e-02
-3.459541815467361697e-02,-6.577238038736909521e-03,-3.085580006905061512e-02
-4.431792915886906270e-02,-7.244768571807320631e-03,1.340285238304950166e-02
-1.254811967511524490e-02,3.341274044227035556e-02,-3.043606283489439304e-02
-3.363006199903999932e-02,2.978083479321245661e-02,1.365139182326502096e-02
-3.452184863452814612e-02,-2.493552182165292494e-02,-1.986757552017799286e-02
2.452485221587091119e-02,-1.614631653432494623e-02,-3.674379961880592377e-02
-7.489687735558609470e-06,8.551686216224782186e-03,-4.629435739980071463e-02
3.940616559904779048e-02,-1.336460416695744655e-02,-2.211019868628610191e-02
-1.230156216759848743e-02,1.277896284683449927e-03,4.551240683162269957e-02
1.458205914114077406e-02,4.181882372264450476e-02,-1.633741819253859556e-02
-3.467084058441931294e-02,-1.904547050892213891e-02,-2.583769209525876506e-02
-1.748670752829542888e-02,4.241835586492925109e-02,1.145878025243469121e-02
-2.549018553082588526e-02,3.353743343504608787e-02,2.158516178865331481e-02
-4.699154053508829143e-02,4.305214953391064796e-03,-4.208442601847061509e-03
-2.810030993253973246e-03,-6.455432178714534154e-03,4.689248859303171701e-02
3.241357014403431838e-03,3.653957492798812906e-02,-3.011396456821267831e-02
1.396559744966053597e-03,3.811244268995448575e-02,2.831983752557240205e-02
-4.413939917020279213e-02,1.064650538700988996e-02,1.410359927396835633e-02
-4.167483751005809922e-02,-2.130912771989058874e-02,-8.584848920388556126e-03
-2.460349990659475156e-02,4.036245279128281710e-02,5.842597006031354824e-03
-3.734732354491546169e-02,2.950608321963177350e-02,2.681326651139642574e-03
-4.564056243781400291e-02,-1.302306583639646805e-02,4.897524515411299899e-03
4.332887104452683158e-02,1.009064869817568461e-02,1.736263691115712271e-02
-3.020181726508940068e-02,2.571493531950092698e-02,2.667005769706568691e-02
1.783998191796098629e-02,-2.908795813168657193e-02,-3.353136747672336854e-02
8.738422917844535648e-03,-4.132726987562741067e-02,2.254885733873356057e-02
2.179993646608576613e-02,-3.492892293505112100e-02,2.452579978755292309e-02
-4.747789761123654556e-02,5.857286994657946028e-03,3.514431236144346851e-03
4.003280400888063056e-02,2.567969616196238980e-02,6.539587814923665358e-03
-3.177866952050766719e-02,3.402226969050902577e-02,-1.189405061244784394e-02
8.342965869612554639e-03,2.628930960875038719e-02,-3.939750589558756871e-02
-3.919371837311355633e-02,2.746703676035331873e-02,-5.132252220220837567e-03
-1.270752356041654832e-02,-4.383665928911927023e-02,1.542146786563410379e-02
-1.936618268053645620e-02,4.384573277769878569e-02,-5.242952955349751941e-03
-3.192458719347696094e-02,3.609474631856852966e-02,-2.646942465244889707e-03
-3.252298736896175324e-02,-3.421595819742980892e-03,-3.554708972974961190e-02
-2.029398529106323824e-03,4.743204701500235848e-02,-9.119290105789549378e-03
-4.777904308963473734e-02,4.734147051825728786e-03,5.988431386339437661e-03
-3.032929444185120810e-02,-3.519638952210596416e-02,1.365616332901249848e-02
1.236622909506737700e-02,-3.737846144736083759e-02,2.826839354141757674e-02
-4.631596113173663820e-02,-1.368946427896924889e-02,4.542926101644164522e-03
3.409494816666411299e-02,-3.413563040027112888e-02,5.434550743666866600e-03
1.462037171250786527e-02,3.760902772233754715e-02,-2.707545977125235329e-02
-2.568104075763404798e-02,3.347192074480110496e-02,2.419552666833868493e-02
-2.241485232721873375e-02,-4.319628169970227138e-02,9.992781540195643918e-04
-2.666773428846155522e-03,-1.351173045018928820e-02,4.673006832773218822e-02
-3.291202796649669166e-02,3.550170419994976706e-02,5.817226167214641433e-03
2.252377140210876788e-02,4.023694058550861263e-02,-1.597236091742992511e-02
6.477913406936444685e-03,-4.150727951554231132e-02,2.491317836088440332e-02
-4.304339151371574385e-02,-2.841638466400808229e-03,-2.299373054822770671e-02
-4.085920203428360098e-02,-1.078635336802639781e-02,2.465231636815773397e-02
2.151876952144492899e-02,4.004715987994392906e-02,-1.818683104569275219e-02
-1.161083560245639371e-02,-4.390643300678499956e-03,-4.740824384772326927e-02
-3.840235889962392152e-02,-2.943062197383817039e-02,8.047709404966329680e-03
1.393253926529525177e-02,4.888372792780610460e-03,-4.681553454013799576e-02
-3.339717946298700196e-02,-1.177149703632309049e-03,-3.601371143154424165e-02
2.839975315477551512e-02,-3.104758272178326575e-02,2.544179198553735838e-02
-1.230814379613698328e-03,-1.873848047782292886e-02,-4.548820520642216786e-02
-1.706088099804468645e-03,-1.727613606049195269e-02,-4.609214986076662357e-02
-1.370773310612590640e-02,-1.563584541693530811e-02,4.469362004044125092e-02
1.557654387288157256e-02,-4.681024000398894408e-02,-3.378055711182387970e-04
3.677725667670252163e-02,-3.215336832945427797e-02,7.181680974175539897e-03
-3.979261433331857806e-02,2.817932431554847142e-02,8.030968525317191964e-03
-1.912178892689839552e-02,4.543247683662693381e-02,-4.038757387090547574e-03
-9.684906751974241626e-03,4.797262795215545550e-02,7.411821101951045557e-03
-4.095256770979634892e-02,2.996452004221792005e-04,2.787373869332210666e-02
2.861841896114780334e-02,-3.244959622933749760e-02,2.421156464003759376e-02
-4.448953102597922454e-02,-7.844639238379875340e-03,2.052743848057734036e-02
-3.960231384764083262e-02,-9.821348424098550259e-03,2.831030551824758809e-02
3.248136186522812552e-02,3.672620890215767125e-02,-8.152668509280426926e-03
-2.168301748225719486e-02,-3.596277808489945632e-02,2.666248606666447168e-02
-3.472310485299763549e-02,-2.192740396886283180e-02,-2.814075232354339498e-02
-4.579657890817333266e-02,1.068882734256093071e-02,1.645824141608748931e-02
-1.503274992064225664e-02,4.399583508389069697e-02,-1.802440924210269371e-02
-3.066050059389130444e-02,-3.929068096941273902e-02,2.591768874798853952e-03
-1.756302365839016236e-02,4.224304979166757651e-02,2.004125637645403149e-02
-3.988638136836358816e-02,5.038327412487358936e-03,2.970395371182996125e-02
-4.085760373920106769e-02,2.556839518370679007e-02,-1.340121619611137765e-02
-2.050141265726165493e-02,-4.567492225223596797e-02,-4.680932629807622674e-04
-2.767614361194155673e-02,3.903862467250599627e-02,1.485898231662035295e-02
-4.591924792314850540e-02,1.625242899722360163e-02,-1.192062299724645606e-02
3.727158923350362696e-02,2.727264194096804331e-02,-1.964432084802851183e-02
-5.322218437764891265e-03,-4.549107221127618450e-02,2.061921068264302784e-02
-1.764505975185468034e-02,6.346638353397016444e-03,4.664049670926664892e-02
2.085965792668707970e-03,-5.021358750442538738e-02,2.292859037926000404e-03
-3.316053725009807801e-02,4.698441146570209344e-03,3.759475092947238417e-02
-4.272820009890398313e-02,-1.635510424086859121e-02,2.111688805912896594e-02
-4.769649890753253907e-02,1.521764676866403654e-02,-6.052139905011439704e-03
-3.395482504642251959e-02,-3.204790327875090689e-02,-1.916280685079482446e-02
4.976631830630673207e-03,-5.025936687863127861e-02,7.006497250795953435e-04
-3.122472267258458514e-02,-3.698193765569553898e-02,-1.458307258549865031e-02
7.016236817154785158e-03,-3.740092353869980957e-02,-3.333627566069453929e-02
-4.565410267785821596e-02,2.186168447653464783e-02,1.088791439288635610e-03
-2.130401206675493209e-02,4.527305024417969948e-02,-7.997357249844239124e-03
-3.051203033483885704e-02,1.764500498394894548e-02,-3.645805134454103286e-02
3.176039398225097288e-02,-3.957532567195507639e-02,-8.022402405768966913e-04
-6.967984199851012458e-03,-2.200341190450278220e-02,4.524292900744948664e-02
-4.021112932012337049e-02,-6.719893382752642301e-03,3.035765308494770692e-02
-2.704198374844917277e-02,4.021577243828081127e-02,1.546464339521726183e-02
4.164762727622405708e-02,1.946658041603093955e-02,2.187039512188485024e-02
-1.748102770292126948e-02,8.290839240340725988e-03,4.713296951341226781e-02
-3.750782917727060739e-02,-2.037728798576089739e-02,2.788951169487991280e-02
-3.742140587661159368e-02,-3.013972412340904655e-02,1.718099684777037520e-02
-3.425402996993952981e-02,-1.828006611872249471e-02,-3.317389187624034119e-02
-4.987930780305233069e-02,1.082673576313458556e-02,2.626521304057701477e-03
6.568730552353903990e-03,-5.040647994416580513e-02,5.670739473094135209e-03
-1.920693146658762271e-02,-4.685088566875042493e-02,-7.500903117016559374e-03
2.399403386852819176e-02,-3.014496293449043379e-02,-3.376091352715008403e-02
-7.984611601842030171e-03,-2.745239489329460991e-02,4.255468327728448297e-02
-1.964703980924575877e-02,4.734011096612076447e-02,2.292278320916087131e-03
-2.784011701637279651e-02,4.183944141917977921e-02,-1.052585037448969772e-02
-4.645335727500270878e-02,9.851624000284602001e-03,1.963400432212188129e-02
-9.318090677349257639e-03,6.008685162661306020e-03,5.021543945551729810e-02
-3.773115766196422083e-02,-1.978747397008998044e-02,-2.886860518119956781e-02
-3.697884001191376752e-02,1.473995933954472606e-02,3.267933489975863998e-02
7.859498057317140102e-03,2.976686049539598727e-02,4.133838164561456918e-02
-2.608796769393244893e-03,-2.126040897238185706e-02,4.692492500225363405e-02
4.007379929072787603e-03,-2.562819817040338025e-02,-4.463133960383257326e-02
-1.107281364322124269e-02,1.833014343519002304e-02,4.701360811169562337e-02
4.802577790088529905e-03,2.147816150975923044e-02,-4.678210626704612518e-02
-2.361439268406752626e-02,2.714857553292244693e-03,4.595642906267446287e-02
-3.596819609198818879e-02,1.983854517315770602e-02,-3.152437071290616760e-02
3.387609523551033015e-03,6.519805091847412533e-03,-5.129466933501352494e-02
-4.464181525435313713e-02,-2.311369678673632494e-02,-1.273007806818931067e-02
-1.594453187459163659e-02,3.632553672809123169e-02,-3.345862823408310427e-02
-1.899212810257217693e-02,-3.969779919213310693e-02,-2.758077498273197106e-02
3.105452480862247802e-02,-4.167469426219088530e-02,-4.639621339645475179e-04
1.715607833664381174e-02,1.083489977092476526e-02,4.789276248270984276e-02
-1.915458559637089886e-02,-4.713735557516674640e-02,-1.098537560002812129e-02
-2.345362406971384858e-02,4.650400660982733497e-02,-9.363135944805682119e-04
-1.235799220116531871e-02,2.757809407932755238e-02,-4.247782052090798288e-02
-3.598927020158900619e-02,1.147964270521973328e-02,-3.598183047002002227e-02
7.131032771644817310e-03,4.293550172083588495e-02,2.883502418721621899e-02
-8.634254019543614184e-03,-5.057537655079281241e-02,-9.869874195672714845e-03
4.767518368693291625e-02,-1.967387169144658651e-02,8.597398755242943724e-03
-3.855717909974976099e-02,-3.433825263175518949e-02,-8.496727361083991625e-03
-2.344652618757287962e-02,-4.741135202944003237e-03,-4.658127489125921811e-02
-2.798772751616201981e-02,3.752393475514351207e-02,-2.355295889282707153e-02
9.893975295560832051e-03,5.059848915559729543e-02,-9.595318190804214692e-03
-1.557793494329340334e-02,4.902244790740969277e-02,-1.040979088843168275e-02
2.542672696394384854e-02,-4.590764096810906469e-02,-2.067418562881687127e-03
8.231085978886278423e-03,-5.017635829871490427e-02,-1.330246404417141995e-02
-3.404402579916039617e-03,2.947104781125388742e-04,5.248585782243347930e-02
9.703690663215212842e-03,4.144169777431334217e-02,3.096668592073094015e-02
-4.549795977596202134e-02,2.643728131723527622e-02,-2.363692397893592343e-03
1.696464870964462185e-03,-2.991780108460986506e-02,4.336701807872242465e-02
-3.239951125996411163e-02,3.864190327363172667e-02,-1.548536522877429385e-02
-3.086117858360166305e-02,4.010973566042385502e-02,1.501961934996957904e-02
-4.885489075032069251e-02,1.990211534109952163e-02,-2.822930486163096730e-03
1.128247062021257028e-03,-5.176929019798901660e-02,1.065845041480434005e-02
-3.240744468588912380e-02,-4.310274708660940049e-03,-4.159549922613131612e-02
4.130693599020998988e-03,3.318637957481915257e-02,4.104485679309076429e-02
2.205635658917371247e-03,4.766508325677148300e-02,-2.302880863622478944e-02
-7.746959405061883651e-03,-5.019718154776064284e-02,-1.521353126192237851e-02
-5.106941420153789102e-02,-1.411726473237909403e-02,2.813320904029868990e-03
-3.564798297873858924e-03,-4.169932705781491389e-02,3.267765272365661527e-02
-3.247196053835363361e-02,3.688431036725139250e-02,-2.021296215425064449e-02
-1.595309169282119535e-02,-1.618287884912235006e-02,4.807422985788282338e-02
-3.800494886907788278e-02,-1.269550447834910840e-02,3.501487141292806970e-02
1.622016992533145728e-03,-2.347680997334306019e-02,-4.776898768126774941e-02
-1.666410919967943952e-02,1.121091351773523433e-02,-4.935955543267529083e-02
-4.198064552448455000e-02,2.012100424036412233e-02,2.601132594559409789e-02
-2.611547657104036635e-02,-4.510073804458880620e-02,-1.148039788916718242e-02
-2.222085445635315487e-02,-2.169192551086533086e-03,-4.851287188888509655e-02
-6.581673178252896075e-04,1.083519366427541410e-02,-5.232792995007552739e-02
-4.116720129150983759e-02,3.192749041551019851e-02,1.208390000543972664e-02
-1.749679344725158653e-02,-4.110682946261477733e-02,2.946679409614223061e-02
-4.333366202968381986e-02,3.146527216838529428e-02,6.395423456424763342e-04
-4.640988616631176039e-02,1.718002005510323041e-03,2.674934682424962365e-02
-4.738731391177828517e-02,-2.479223707594377726e-02,-4.027667886334890431e-03
1.051133477290644089e-02,1.340373901190628284e-02,-5.089562659020234470e-02
-2.838127784394542732e-02,-4.493574664212155595e-02,-7.737827008505704894e-03
-4.671366536202829073e-02,2.237489563097220732e-02,-1.434812886546012536e-02
-5.339063153387010180e-02,-6.410632367609270590e-03,-1.046470938920580690e-03
3.869434353664109871e-02,3.589039609962191985e-02,1.055737350364174994e-02
-1.145426168085876203e-02,-3.456536578556714673e-02,-3.968559331262683926e-02
-1.868196303040994821e-02,-5.045632428985365181e-02,3.183636588366494519e-03
-3.641070889701641250e-02,1.000095492804335337e-02,3.851381109607877884e-02
-4.375303802326403063e-02,2.549926967724243376e-02,1.867117683899647412e-02
-5.152043874729034939e-02,9.596991988609632554e-03,-1.306818739156112921e-02
-3.405452489177984710e-02,3.722318712618961217e-02,1.939177577823072290e-02
3.589081502929136747e-02,-1.665142001509928651e-02,-3.687789664215410101e-02
-5.140600529338587577e-02,-1.223668914343243284e-02,1.171187589039312561e-02
-5.073976433835951372e-02,3.837727531556341890e-03,-1.855568344998749508e-02
-2.768086948913767165e-02,3.752696945095737591e-02,-2.762506936209825625e-02
-4.251134399115920337e-02,-1.923888253163284767e-02,-2.764747898584190428e-02
3.865637095745905194e-02,-2.530037510217776273e-02,-2.848494563063520141e-02
2.030115114234734217e-02,5.015680344326199636e-02,-4.696642737477089817e-03
-4.674511454896810442e-02,-2.716393792983937822e-02,5.567699572040331508e-03
-2.981890800905433528e-02,-1.236231462746145877e-02,4.377300248344470623e-02
6.952934962504369633e-03,-4.829441640513942868e-02,2.411350480474246105e-02
-5.177917644569480365e-02,1.675839427363651560e-02,-2.076972087719866373e-03
-2.455093758554162051e-02,-2.249820232846306417e-02,4.314405042051799866e-02
-4.769522066491341944e-02,-2.597890229899177394e-02,-4.967416229936541701e-03
-2.609799647884949569e-03,-3.442281984185023569e-02,-4.227005895666127028e-02
-4.486371828544333945e-02,1.273085398516057495e-02,2.842108898892054328e-02
1.990310902386826369e-02,-4.235609322823848111e-02,2.822235523970825430e-02
2.414294208181508999e-02,-3.083618609407383707e-03,-4.897316411033825895e-02
-4.946729983366530969e-02,5.432355006913903300e-03,-2.276674617708126375e-02
-2.224701151761548229e-02,3.680758336535572273e-02,-3.389999139430865255e-02
1.247307245519699119e-02,2.712297402486862560e-02,-4.595424770619858240e-02
-1.014015373272099570e-02,-5.239866939679511254e-02,-1.259649702511498291e-02
-4.360556239471909123e-02,-2.341209100509893115e-02,2.369880056805388421e-02
-4.285919780705717275e-02,1.734530127140059691e-02,-2.962302260344008842e-02
-3.087887106464695317e-02,5.921595861417010189e-04,-4.544808401267198816e-02
-1.471673284896203235e-02,-3.396048442576406114e-03,-5.287115018067601452e-02
7.474596786702301411e-03,7.205032258868250723e-03,5.403501041745718825e-02
8.081771029152645322e-03,3.916090010559995088e-02,-3.785187159697254999e-02
-4.380536180684340558e-02,1.379830723025709735e-02,-3.043753404526474554e-02
9.012074120926799950e-03,-4.992719073910975580e-02,-2.158462693844849165e-02
-1.473504811645103690e-02,-1.714028218700271167e-02,5.032911031259856144e-02
-5.024157076091122220e-02,1.133697008433045411e-02,1.988165070702222967e-02
-2.481632064183896674e-02,1.589458798615008515e-03,-4.933293626644837809e-02
-3.138995918371072918e-02,1.629782262930563885e-02,4.248834385604419173e-02
-5.267370956613826039e-02,-1.676218129606131188e-02,-2.193283079346424694e-03
4.664818831759218187e-03,-5.493671846987800700e-02,4.958937531940520345e-03
4.481468542062941145e-03,-2.256622973990326728e-02,-5.039017634629866516e-02
9.443953910990914372e-03,-4.327542966096495358e-02,-3.332613639677840800e-02
-4.538657212295874738e-02,-6.297892456895375947e-03,3.125816086515454534e-02
-2.879186770127973791e-02,4.577765529576408726e-02,-1.249825766780588744e-02
-2.356763768830327441e-02,4.835081986012189359e-02,1.384312295224093652e-02
-4.988469063449385565e-02,-2.288827972698506338e-02,8.752542267403158951e-03
-1.287642647832999525e-02,2.492160247031569714e-02,4.802259517355256246e-02
4.719549762766722147e-03,-4.642763845823814212e-02,-3.032086443616771251e-02
7.240151399781855415e-03,3.896624934237249982e-02,3.912112917100599857e-02
-1.680798454067087416e-02,7.647819544382071684e-03,5.257709023051380243e-02
-5.282213444358430793e-02,1.240993966097692948e-02,-1.285538471656045428e-02
-1.988197209874107557e-02,-3.267827556949012141e-02,-4.062487077610519443e-02
-2.245631851524915179e-02,-5.090738345337687820e-02,-4.668259359217316606e-03
3.549179656120205612e-02,4.306248215805517920e-02,-2.773759229047149510e-03
-3.447744343405462035e-03,-4.288472183693044226e-02,3.570505272449057965e-02
-1.809062892574179668e-03,-5.253370588945746600e-02,-1.915392138058594901e-02
1.374351455880497112e-02,-3.739945598857901538e-02,-3.932469239670849381e-02
-2.717957988816359707e-02,-4.135059012556474567e-02,-2.625897040084474929e-02
-3.979141501619996163e-02,5.306805121461838359e-03,-3.912435499720625515e-02
-4.869980293620544687e-02,-9.274054115234447310e-03,2.624224631230331201e-02
2.432927212432800870e-02,5.057890924790135051e-02,-5.434603260768748698e-04
-4.283941881996582157e-02,1.983855815362161115e-02,3.042616288986674244e-02
4.504670437302766423e-02,3.298467941039542189e-02,-6.437530106698294632e-03
-2.063344270208962786e-02,9.712903274726783151e-03,-5.140679453647376690e-02
-3.889384167182462909e-02,1.235968429519239756e-02,-3.874721856151256555e-02
1.230540540318693712e-02,5.484920233423148939e-02,3.329190650563548879e-03
-2.991522551815782582e-02,3.837682737296371077e-02,2.841377152339973067e-02
-6.066453541370832141e-03,4.695235518712255474e-02,3.062386554940902533e-02
-2.018440029294836513e-02,-3.542076777591561532e-02,-3.900268125391536528e-02
-2.563906771309633348e-02,1.720387610761076394e-02,-4.726539679353049944e-02
-5.564637140565125394e-03,4.937196003139904255e-02,2.688682435807343563e-02
-3.513427446043906194e-02,-2.935650841324844579e-02,-3.315627867240387300e-02
-5.185436474230145643e-02,-2.257375536007104680e-02,1.102448276404191215e-03
2.841277324722682809e-02,1.966408372958954390e-02,4.483087704484910174e-02
-2.403968867033436790e-02,5.111050014507453193e-02,4.205307882963263411e-03
-3.579506030102634628e-02,5.132834248518969474e-03,4.363882806157447919e-02
-2.639240076963748557e-02,-3.391519346093776425e-03,5.008017777045459251e-02
-4.198924928768619017e-03,4.181184935421530108e-02,3.813567353850914887e-02
-4.498102269426988015e-02,2.132488495447619828e-02,-2.731766241883922669e-02
3.720679697628886257e-02,3.550750800490635323e-02,-2.415109761895497392e-02
-3.640554235618960466e-02,4.303400540295120036e-02,7.431145044118607317e-03
-2.298103842262330318e-02,3.428620400921014721e-02,3.915285939062012471e-02
-4.133995652260431114e-02,9.068933322583521903e-03,-3.807214325979130926e-02
-4.092820194669988948e-02,-3.633862461690366696e-02,1.578671007194646508e-02
1.942480901035499238e-02,5.044756557124464164e-02,1.807379283728646063e-02
-4.025562479194842030e-02,3.682348800254034438e-02,-1.663027453913149684e-02
-2.569602952216578154e-02,2.395356309403917985e-02,-4.497888541886678471e-02
2.668736679426752037e-02,-2.702243030142849681e-02,4.264787397096658078e-02
-2.303453800200406815e-03,-4.770520496687427614e-02,-3.137331988914398434e-02
1.022128901596087991e-02,-4.418418419261879032e-02,-3.482485601186293550e-02
2.282269417264388631e-02,-4.258232248015573346e-02,3.065074664637602517e-02
2.300141973229346062e-02,2.034189673423957012e-02,4.832028707693991620e-02
2.647608532118086305e-02,8.800252277729445072e-03,-5.003389955801295502e-02
-3.677275869520954532e-02,-5.938393469246093515e-03,-4.357097441849332869e-02
-4.743551872763920874e-02,1.067240895628829463e-02,-3.043045102891802495e-02
-4.222293202102830184e-02,3.076738637179815203e-02,2.376436569088944198e-02
-3.481961246268627103e-02,-1.568375623201542085e-02,4.289381721107726753e-02
-7.260522212884442002e-03,3.432027134604755808e-02,-4.551682138059301441e-02
-5.309670849418999389e-02,-2.022519406805403652e-02,8.841430179888573604e-03
-3.165655217691061563e-02,4.789230072163826873e-02,3.846185836830416822e-03
-4.782040911913600090e-02,9.792897097293319295e-03,-3.052906224591326115e-02
-2.907658870947120097e-02,4.967833617996945950e-02,2.333456495212556971e-03
-1.552101872553895458e-02,5.537003319222584541e-02,4.025060217032128823e-03
-5.037446008330687119e-02,-1.487328986047923814e-04,-2.809714305833675013e-02
-5.527582905829541565e-02,1.504514914650660791e-02,7.028413225554389250e-03
-3.654447487799906275e-02,4.152227437820825429e-02,-1.660390152533335745e-02
-1.431888010099336035e-02,3.483594421768267807e-02,-4.382726517384920306e-02
-3.886313014494777174e-02,2.916979456320622013e-02,-3.134163752379737211e-02
-4.482792882692476777e-02,1.725010733015333933e-02,3.225716428922111717e-02
4.170044264157918984e-02,-3.362413716054271640e-02,2.195997518236507753e-02
-4.172752361384891168e-02,2.986174953464471732e-02,2.688784404322083071e-02
-2.760540508300622642e-02,-4.850338141899643296e-02,1.566355581405598496e-02
-5.730513433793748331e-04,5.775667821853464751e-02,5.285686914453308592e-03
-5.400768531306893161e-02,-6.771123059758544886e-03,-2.013802099430385406e-02
-2.524935850944501348e-03,3.873456225837502293e-02,4.319252513513921476e-02
-1.913670983488378538e-02,5.075552616085202140e-02,2.083547373922417512e-02
-2.638958512109707000e-02,-4.467210462377010916e-02,2.624052371502206757e-02
-2.305266696210229657e-02,4.987445417531044534e-02,1.912600802414811049e-02
-5.067009875551294062e-02,9.085400140556438436e-03,-2.718099425958792059e-02
-5.209581942121176146e-02,2.320530588765456342e-02,-1.185194927893316874e-02
-4.817349390285528832e-02,-2.736603216345270470e-02,-1.809595199717825911e-02
1.209895594397517558e-02,-2.099747004231756337e-02,5.304611727192849735e-02
-4.708082187964530985e-02,-3.085979066190057060e-02,1.537396529429813780e-02
-2.908165835867786500e-02,4.615901710647303535e-02,-2.080893322836470383e-02
-1.196337037046158467e-03,-3.799829997978298318e-02,4.436472093477624584e-02
-1.414680393786629450e-02,-2.044565680097793631e-02,-5.291025446780907304e-02
-5.857702116036698700e-03,-1.453102354567875100e-02,-5.635876174385581056e-02
-3.647758237382783819e-02,3.068049375640317239e-02,3.397040489726606272e-02
-2.492192371315378810e-02,-2.819679859608266448e-02,4.487600212502008967e-02
-1.068741318121292812e-02,-5.332989540734060785e-02,-2.181378758355927497e-02
-3.334264774586011282e-02,-2.372616262295681663e-02,-4.199523029986059613e-02
-2.872162655262712472e-02,5.074020796919279791e-02,-6.548674557210549391e-03
4.063961389570162897e-02,4.104037380395797463e-02,1.051752798678612551e-02
1.536882239961739720e-02,5.659670101332698461e-02,-3.353390430534982161e-03
-2.824476368768976536e-02,-4.985379458730244268e-02,1.309921692498048316e-02
-5.379523268598918051e-02,-1.441224784983738058e-02,1.890083061989380683e-02
6.217363568449031826e-03,-1.340631504333097967e-03,5.850258662482450689e-02
-1.393446175080471569e-02,2.588512069487837117e-02,-5.101883900535837679e-02
7.919193689770528607e-03,5.781149780377826952e-02,-8.146973249132058795e-03
-3.229423961248258437e-03,-5.885803379575976768e-02,-8.273851769373281049e-04
-3.459484297134717001e-02,-4.522331235107481667e-02,-1.541286429680311168e-02
3.327176500632078593e-02,4.797772730804666930e-02,-8.646466030354160379e-03
2.130124118838806410e-02,3.872410318596043038e-02,-3.917220100038987241e-02
-4.113813605464392703e-02,-2.721574744169367229e-03,-4.233360186216467841e-02
-5.393961507540770417e-02,2.317946129709638758e-02,7.017485054852553444e-03
1.851816930559509536e-02,2.415622399557606007e-02,-5.073160946373157787e-02
-4.666119497667336330e-02,-1.882547524958769897e-02,-3.118659971310966394e-02
-3.052282688433998956e-02,1.806359588203000979e-02,-4.743902605815338014e-02
-4.418106558590045863e-02,8.031322255221032269e-03,3.867889987214231939e-02
2.574178927244542836e-02,-5.338080550952736120e-02,2.122389200693731732e-03
-3.996225084962941321e-02,3.861226262488261229e-02,2.080613624905785705e-02
-4.624536485718287737e-02,-2.071259035417352679e-02,3.093975226307523960e-02
-3.880042977265456272e-02,-2.122670450038429205e-02,-3.966102248503576566e-02
-7.245959140386159028e-03,-4.004746475900106129e-02,-4.332285293462209697e-02
-4.263060489049446539e-02,1.600321812768898400e-02,3.826005341191476145e-02
-1.833354859288232122e-02,1.536279450746783765e-02,-5.449127634012258109e-02
8.531562415663064211e-03,5.374716179549327705e-02,-2.416649536200110582e-02
3.844041451584802403e-03,-5.869860317823794721e-02,-9.454780686391972208e-03
-3.035949127165737602e-02,-4.261237448030147021e-03,-5.112700461325487417e-02
1.605396608964025727e-03,-4.529604136073851067e-02,-3.877693201940125151e-02
-1.407403262662930248e-02,6.680265954353142854e-03,5.761411904124209837e-02
-4.594154554931670353e-02,-2.307247557620086334e-02,3.038517850725118083e-02
-2.665654923829933673e-02,1.180539101224172861e-02,-5.215762098605425390e-02
-5.633620187958458814e-02,-1.337461374497137326e-02,1.489434985521145491e-02
1.338622077439263758e-02,-4.161435769501948406e-02,-4.083720701719598112e-02
-4.721008736090093194e-02,-3.678995471552971852e-02,-6.806769917240851906e-04
3.247733359856478513e-02,3.093409363301141343e-02,-3.968872848524691854e-02
-5.736345694484255853e-02,1.649036944133161139e-02,-5.341008399705183401e-03
1.836811532271474812e-02,-4.219494586307209055e-02,3.843641911333804673e-02
-4.979539909485564825e-02,-2.527651041202929813e-02,2.192739182847380786e-02
-1.468022298799646908e-02,-5.760704983348615554e-02,-8.327556613356011661e-03
1.899365089073424065e-02,3.528820560766177811e-02,4.473867404870224967e-02
-3.717901256689313400e-02,3.122469236428406306e-02,-3.541807938770414471e-02
-4.619352481526071974e-02,3.818764949973219025e-02,4.868135705981339358e-03
-2.459418933748959077e-02,2.324470787988395376e-03,5.486069894477797054e-02
4.793340908818478213e-02,3.627315840969637384e-02,-3.279732977715762998e-03
1.194642515721875721e-02,5.295843993999141408e-02,2.609471091210678259e-02
-3.257813581007911602e-02,-4.497218654302966023e-02,2.342118895652778657e-02
-5.481227097763550354e-02,-2.228894042175973839e-02,1.163359953758193698e-02
3.481010447052461376e-02,4.179825595219291423e-02,-2.611173339375436400e-02
-4.886192534111100799e-02,-1.466000757390804356e-02,3.228614269642569173e-02
8.233613799603040767e-03,3.738467171736729877e-02,-4.672826869230622265e-02
2.962094685267773961e-02,-4.626467442760911347e-02,-2.520428349256774794e-02
-4.852421400938524559e-02,2.907872436865430177e-02,2.137858581741693131e-02
5.683352209196208121e-02,1.133193891581131020e-02,-1.740382529350427768e-02
-7.325909469934809189e-03,6.009454517146079616e-02,6.864925113168414330e-04
1.445433421098904145e-02,-3.651978844514210815e-02,-4.611953981644831974e-02
-3.358412717051982577e-02,-3.682517980651553446e-02,3.449330416382142411e-02
-4.175510571693816925e-02,4.384939076699317928e-02,-3.414386425028882038e-03
-2.795015093939462805e-02,-1.892903259298959681e-02,5.042358498115981358e-02
-4.174523276309333175e-02,3.170139217155386324e-02,3.063585742041109033e-02
-4.132079508238115095e-02,2.885834297796503745e-02,-3.391353618936494840e-02
-1.520869766967110348e-02,-5.309827254811761571e-03,5.860873208426611858e-02
-5.354494877192128577e-02,7.750108772200297973e-03,-2.777586882339852514e-02
1.026652598623585891e-02,-1.074709574979534725e-02,5.900733460505507705e-02
-2.698171532434047795e-02,4.377184678156869485e-02,3.260248961812423768e-02
-2.039875293552112848e-02,3.202834025626390829e-02,4.763538134223900544e-02
-9.431198842308407063e-03,6.021734412820245463e-02,-3.467178604699112194e-04
-5.728839467846075922e-02,7.218804964506701609e-03,-1.962827498752293953e-02
-1.702103246132906714e-02,4.660586435826071655e-02,3.551988430130460783e-02
1.610749440239710173e-02,-3.940861643307866369e-02,4.376229433053413498e-02
-6.052247382345270904e-02,3.603264417028146510e-03,-7.471286619508138091e-03
6.316020866184977357e-04,5.662103036088946689e-02,2.301256727818531619e-02
-4.004205481547340462e-02,-3.785633889198351809e-02,-2.652536810275817059e-02
-5.129098174595944637e-02,-1.318117199596864804e-02,-3.065454567141353767e-02
2.042499556159853291e-02,-5.615365355017954557e-02,-1.333950002828288885e-02
-3.248745390019559809e-02,-4.954436831539121844e-02,-1.556991428548286024e-02
-1.752439396404932223e-02,4.100925287432434507e-02,4.204503695952487713e-02
-1.068209003063498759e-02,3.419728633158820863e-02,-4.977181410720910720e-02
-4.941387212169733034e-02,3.626286048988693056e-02,2.866416589112911334e-03
5.676217857418268398e-02,1.012429136329834854e-02,2.108656678767717105e-02
4.840454653711119201e-03,5.840121497065078882e-02,1.841481913934352524e-02
3.036162256170350446e-02,2.519499859176703091e-02,4.712503509501000942e-02
-1.251548972981200714e-02,-5.157587908085134454e-02,3.106163143084835626e-02
-4.330325523934348136e-02,-4.351669533743680873e-02,-4.099672239944560266e-03
-5.888425026312072569e-02,1.734618423491041464e-02,-4.646117778834211488e-03
-4.838681903025349867e-02,-2.477116235077798500e-03,3.803367022534331898e-02
1.132922822142730553e-02,-4.306625788180976078e-02,4.260370950685405528e-02
-2.265254209896761656e-02,2.280589942641903303e-02,-5.262160222950963695e-02
-9.585692125588086629e-03,5.533462326978119683e-02,-2.554650697867321546e-02
4.506095068165418948e-04,4.212290812009879953e-02,4.512247765199024763e-02
9.298752615862299065e-03,-5.290887856022450514e-02,3.047811008015291825e-02
-9.594383617718143728e-03,2.185797645883047827e-02,-5.700051890107707409e-02
6.993345238673758478e-03,-5.683031592564626727e-02,2.333327931867660437e-02
-3.389082942954664557e-02,-4.437418180203997475e-02,2.663698573071842171e-02
-1.723348949219432116e-02,-5.769420284240729668e-02,1.434304432305284066e-02
1.282324409482063325e-02,4.522361469547715035e-02,4.032218484623439902e-02
-1.510228366276794576e-02,3.996394830879460014e-02,4.488257792431563087e-02
-6.068289132447187047e-03,3.606635321850664138e-03,-6.159515412778614196e-02
1.305224487732015376e-03,2.925415759130093468e-02,5.468490361120192933e-02
2.730777767354442692e-02,5.118152146188661294e-02,2.206442442653710340e-02
9.860241883166783253e-03,5.357004265323184189e-02,2.982082386598492244e-02
-6.209837201605288709e-02,-9.908201309600332945e-04,-1.794314690124502445e-03
2.416655977944638656e-02,5.485801763126166297e-02,1.646628941470025878e-02
-6.836120221971843033e-03,5.650785518218972431e-02,2.507684264794915810e-02
-4.589485331114293715e-02,4.141587574430134061e-02,7.159668182859210521e-03
-4.992865193986165129e-02,-3.683475306572490948e-02,5.230614106593332868e-03
1.799933556902582124e-02,1.421545082944818128e-02,5.792347540309095155e-02
-4.486385562163724972e-02,-2.650005891952983764e-02,-3.420995406886073037e-02
3.381287140570816974e-02,5.173473740651805819e-02,8.348826570606850128e-03
-2.894939655628139819e-02,1.501003460038725229e-02,-5.320040972349443509e-02
-3.443249944104240755e-03,3.319410358842957913e-04,6.233653272147397784e-02
-3.844951077991189126e-02,1.231544315896352867e-02,4.766477802036835076e-02
-3.847329108140085802e-02,-3.016494719330838070e-02,3.893591707714792738e-02
-6.244327958213850144e-02,1.190072678201832502e-03,-3.114816229679317084e-03
-5.248416377800051158e-02,-3.919530767610926274e-03,3.383029783547428226e-02
-5.527204579798164485e-02,-1.810605534044029338e-02,-2.314668826355504444e-02
-5.262455249005371788e-02,-2.995358513679086468e-02,1.600610693545269358e-02
-1.292359793105311676e-02,1.682810955726996363e-02,5.896363585686386494e-02
1.502588600461388438e-02,9.918548494100598231e-03,-6.005762975050140534e-02
-4.825379475432133719e-02,4.870759115519095921e-04,4.008201116055767205e-02
4.128169020139677362e-03,-5.232348494083820245e-02,3.441808402627317964e-02
-4.353905328337795422e-02,4.524326382978446914e-02,-9.752135713660203082e-04
2.144054488399625702e-02,5.435586738501198278e-02,-2.309666905756488711e-02
-6.981700091001817599e-03,6.137780350334904461e-02,1.165741421713135592e-02
-1.181563642917993900e-02,4.579019837590428410e-02,4.146906594528715351e-02
9.565830916958832641e-03,-5.125727591714241554e-02,3.523326234313969851e-02
5.338318329333692491e-02,-1.450807464594238566e-02,3.006840471313915186e-02
-2.128232882250879338e-02,-2.102552273831471974e-02,-5.543924250476383458e-02
