-0.000000000000000000e+00,-0.000000000000000000e+00,0.000000000000000000e+00
-1.147787647556270177e-02,3.909059443696367292e-03,9.019198314408945899e-03
-1.829203797619200281e-02,9.045323309627708100e-03,8.549426537231648651e-03
5.047255341920771051e-04,-1.358932446954669304e-02,-2.429427480447267709e-02
-1.073989123353125304e-02,-2.708197551986559187e-03,3.098183673968500987e-02
-3.676446627172264697e-02,7.446175767862428345e-03,1.811977476440997320e-03
6.941903528901724636e-03,3.981892016685339292e-02,1.113387433659798059e-02
1.972301505903785793e-02,4.108397739363517376e-02,-6.868015380920894537e-03
-2.609070034714956049e-02,-1.432733640729444251e-02,4.028775351665837834e-02
9.204714175869250711e-03,5.241869066057544546e-02,8.953620675309895485e-03
-5.529482525853156999e-02,6.647481810983569585e-03,-1.525704848618399806e-02
-5.338568937723121161e-02,-2.771920523269225459e-02,-1.250121240983848199e-02
-1.873229478949970869e-02,4.190830886722905074e-02,4.610814706669936341e-02
2.899705429768057244e-02,4.231091088108255432e-02,-4.559594604512894056e-02
-5.372753662241853967e-02,1.408389984126678061e-02,4.604717607717492833e-02
-6.253883502404769534e-02,-1.274118729291749338e-02,4.056819485867793618e-02
-4.464506383345892560e-02,-2.869272573960095912e-02,-5.861176029013798194e-02
2.718360485251534661e-02,-5.378004614109048453e-02,5.632027690734240505e-02
-6.450076105035081053e-02,-3.225173418780218071e-02,-4.661698334862450499e-02
5.639935788056643640e-02,4.651994835690730079e-02,-5.116973847373697259e-02
1.203071673972677322e-02,8.818319411750823178e-02,-2.552284547603402703e-02
-8.624842592530453100e-02,1.792797213959669567e-02,3.796004769359811321e-02
-8.398350657007030984e-02,-4.273143309862509343e-02,-3.115414217402279196e-02
-7.145308306120681796e-02,2.510362510274632974e-02,-6.915769806859785318e-02
-2.878853194335223922e-02,9.222352649634850408e-02,-4.328597473974213350e-02
-7.822172725158506312e-02,4.552917313602028448e-02,-6.103968068084614923e-02
-8.111773012636330771e-02,-3.168969633093248611e-02,7.115989380781100049e-02
-7.684913557609981960e-02,7.906697087126463019e-02,3.524971417902077186e-02
6.117172230457876975e-02,-6.347691504743124824e-02,-8.001233612643189608e-02
-5.593519484194579144e-02,1.068710220248735576e-01,2.045132848725837726e-02
-3.826648787704431398e-02,-1.066570499019216661e-01,5.427352458372981803e-02
-2.417215357693194150e-02,-1.015545493056995846e-01,7.568165243410943099e-02
-1.106746362487788377e-01,7.237320165884386647e-02,9.941908888452422478e-04
3.562790865377619270e-02,8.196041022382949404e-02,1.019135729875140783e-01
-1.238866836513024677e-01,4.413276415636488426e-02,-4.457051299938630251e-02
-1.087164265279756542e-01,9.110345356609460266e-02,9.783624899368799366e-03
-1.058291342444395572e-01,-7.643053251501460976e-02,6.426656021206442193e-02
-8.057795813527515727e-02,9.799069000671446761e-02,-7.783272701724021359e-02
-8.450448748865992121e-02,7.377327598903020422e-02,-1.028375675074317125e-01
-5.374573382738540711e-02,7.921815105054712258e-02,1.225819955383189996e-01
1.092208166299584726e-01,-9.454237648753974210e-02,6.618185789639235983e-02
-2.793751533646364818e-02,7.260075246840387575e-02,-1.424048998167992686e-01
-2.755246491089032371e-02,-1.511506868678746396e-01,-6.192193085008559222e-02
1.653299206249433245e-02,-1.525839964998636500e-01,-7.085954494396701220e-02
-1.641593353075583919e-02,-1.049232905164732554e-01,-1.358729445345124021e-01
-1.389605613109827220e-01,-9.461620521547722817e-02,-5.166034740571306960e-02
-9.542429366796348345e-02,-1.301595894390815689e-01,-7.812209896071360682e-02
9.973743422341053988e-02,5.332275686180756175e-02,1.435526741739434065e-01
-1.717697791588824741e-01,-5.777897338495664031e-02,-4.279990688337696747e-02
-5.456977267802854553e-02,5.893574114699238337e-02,-1.718432993467601255e-01
-1.089064683751800044e-01,9.031567231122125672e-02,-1.315297299796758523e-01
-1.686075489539352601e-01,1.752453390197812252e-02,-9.974257386316841278e-02
-1.899380121724506543e-01,5.417439820528946459e-02,3.271582304897466958e-02
4.334365545227139571e-02,-9.084071708922167310e-02,1.771432113931102614e-01
-2.052873448500443787e-01,-2.877695050438379074e-02,-2.031902412533734097e-04
-1.543312360871887945e-01,-4.751373952578303445e-02,-1.356035559411277458e-01
1.001083196567370687e-01,-1.675932895162496883e-01,-8.877295766493487061e-02
4.776722685780150288e-03,2.151445181210417668e-01,-3.519980317574437911e-02
-1.247685503699628162e-01,-1.641760140475803376e-01,-8.137033309865918107e-02
6.399050167356018504e-02,-1.026450212494388614e-01,1.901021099642383194e-01
-1.140630629676102487e-01,6.438631821228865681e-02,-1.878193465074856072e-01
-1.603116970029249688e-01,-3.514478169859942130e-02,1.649094039978483972e-01
-1.150592001427549194e-01,2.064562320780425342e-01,-1.194170160400570037e-03
-8.244097163632101155e-02,-2.055991140728354316e-01,9.256074050617771332e-02
-1.452204016193833769e-01,-1.523094331729618334e-01,1.231092840018696843e-01
2.417308962129589012e-01,2.226922008019576252e-02,-4.857094341087533212e-02
1.673492505387512083e-02,2.485773969215845369e-01,-3.320223616067610045e-02
-1.619985837827412831e-02,-2.371439601744313730e-01,9.271896125562320568e-02
-1.392662694155501757e-01,1.783375047628942001e-01,1.259369985276707904e-01
-1.747102337554108376e-01,-1.923119856518654414e-01,3.943592635507701255e-02
-1.803364132018386579e-01,8.355038917780965857e-02,1.777781241073120577e-01
-1.175225090293468833e-01,-1.327885170341210341e-01,-2.043242125157965772e-01
-1.058279598100476948e-01,2.068038625218597201e-02,-2.523756424521242381e-01
-9.740249143811967325e-02,2.591969659022594907e-01,-2.865772946150831404e-02
-4.166815630228272449e-02,1.084419671109154298e-01,2.573132947408429683e-01
2.670715783744545199e-02,1.021853911866946463e-01,-2.661007389511789722e-01
-2.425833540728587479e-01,-2.203205208120610770e-02,1.579122904910091607e-01
2.353263015062543109e-02,1.772580401237671133e-01,-2.337595186104158285e-01
-5.686004762890178171e-02,-1.772435455786391945e-01,-2.331631878322931450e-01
-1.528803433317803828e-01,8.095374890662163092e-02,2.480530614002460776e-01
-2.468555043407004157e-01,1.472652258176059825e-01,-1.064058903636977416e-01
-2.883522778012348464e-02,-2.772743730566024634e-01,-1.370169011851129215e-01
-7.670742498400892617e-02,1.602904166007267650e-01,2.598033590199242404e-01
6.417096677404682259e-02,-2.540249300089018059e-01,1.818434857214067668e-01
-1.556687038704831771e-01,2.337382304667946775e-02,2.821777591279760466e-01
-2.826603361642488488e-01,-1.283296166469518329e-01,-1.038242900422396420e-01
-2.620462699105388094e-01,-1.299079599372680582e-01,-1.561874864395040308e-01
-2.117734961319334697e-01,2.432188191127646060e-01,9.371680015945260678e-02
1.625230727998723812e-01,2.566386605656947872e-01,-1.530055324141470496e-01
-1.081821992988384884e-01,1.007831034959232180e-01,-3.111010716492345063e-01
1.258936080636759679e-02,3.484758817602005010e-01,-7.946051124185633113e-03
7.529892906650673123e-02,2.985825708114380195e-01,1.729304980942546199e-01
-1.916473764312080219e-01,-1.729326245080173297e-01,-2.474248852666620924e-01
-3.169266092946667057e-01,1.749039826471306125e-01,2.287989115237826047e-03
-6.291808080563113248e-02,1.613795291503542229e-01,3.229275499497466506e-01
1.105650389149295462e-02,1.226142696128623977e-01,3.499046836426785712e-01
2.767762265299589242e-01,2.301026258031609595e-01,1.067914502508558461e-01
-7.566063086584982889e-02,3.720543797844457212e-01,1.539359102082447396e-02
-1.209655927448123891e-01,1.004428799589173749e-01,-3.509373822315507985e-01
3.387786567212128785e-01,1.467865345062897564e-01,-1.229554700346277979e-01
-2.882538097210303740e-01,-2.217919488695171137e-01,1.509154776426389344e-01
-2.458636060992674677e-01,1.263448440973995723e-01,-2.869387896920034819e-01
-1.038445914960613170e-01,-1.880424803680366408e-01,3.411126566861540366e-01
-5.045227808874925418e-02,-4.039110763029328810e-01,-2.521933600534352615e-02
2.099943678840952149e-02,4.092335562445258423e-01,4.802127268255131781e-02
-1.864865225940492699e-01,2.849565124004054505e-03,3.733601487775296546e-01
2.161224679150568206e-01,3.076469039137991190e-01,-1.919979827567363517e-01
3.702812553941972062e-01,1.566319577145094954e-01,-1.438239055954565471e-01
8.346672632435590822e-02,4.178650611299786766e-01,7.022359597880423188e-02
-4.084344125879975085e-01,1.346126841929415688e-02,1.541639288988131684e-01
-1.003549832375530030e-04,-4.274288782466811876e-01,-1.113741700614758606e-01
-1.412598595790947320e-01,2.672578476751852339e-01,3.288299507613669515e-01
-1.519743296564317336e-01,-1.606650630240324673e-01,-3.938145046955435769e-01
-4.020399578052013534e-01,1.684693719017876512e-01,1.361986017233210444e-01
-3.762122995934601977e-01,1.811411815993902164e-01,1.971548403474536193e-01
-1.402456253239995065e-01,2.956037785711214672e-01,3.330155374230784893e-01
-1.347822555763003582e-01,2.663019804454377915e-02,4.515415037672503851e-01
-4.166967803402890635e-01,1.245827952276510643e-02,2.321074233525929342e-01
-1.334506470255547861e-01,-1.398812406118526142e-01,4.418999777524852401e-01
-2.103058307647546199e-01,2.775951349115854394e-01,3.412291680988892018e-01
-3.276345714700963641e-02,-2.477130703064117367e-01,4.247963813753362627e-01
-4.691108708072217470e-01,1.670663914704099973e-01,-1.277805582379252028e-02
-4.536753069313692599e-01,-1.292225882174511675e-01,1.759643241550862824e-01
-4.897188936244413204e-01,1.315993432282163422e-01,4.215225122195215279e-02
4.779889898855975601e-03,5.114978596299447622e-01,-5.289370005498490734e-02
1.086615461721826686e-01,-3.049967130306500684e-01,4.065057178378048142e-01
1.048607998276676195e-01,3.781154371918151180e-01,-3.490471450449710300e-01
-1.231945507544091600e-01,3.758949444874913337e-01,3.537647394542116075e-01
-4.011345471791904482e-01,3.358912212245416251e-01,-1.175336234670732588e-01
8.882088776650913509e-02,-3.096306749157978211e-01,4.356718762446721849e-01
1.046035279702146742e-01,1.219205547984887061e-01,5.233462715724362946e-01
-2.921947921748486166e-01,4.469834173580493064e-01,1.440772299819244595e-01
-3.244786680503632392e-01,3.605828277129746184e-01,-2.774214248037891739e-01
-1.418373564904859829e-01,4.233060497440398473e-01,3.455575825306649862e-01
-9.937961021934457739e-02,2.728737924689949579e-01,-4.908523546165677320e-01
-4.020295058879573280e-01,6.922047694795967210e-02,4.068429328869854200e-01
1.488308912995171540e-01,5.137467355499818478e-01,2.294232060817880114e-01
-3.029131791608000168e-01,-6.064284193196812361e-02,-5.001831256155634398e-01
-5.459633741404219531e-01,2.195866712135084164e-01,7.959321218095254113e-02
1.136015550219333786e-01,5.644672979954398206e-01,1.680217839379380407e-01
2.552176018661909615e-02,-2.396631199839984461e-01,-5.558064850758863695e-01
-1.715865586089602990e-01,3.017820468110446464e-01,-5.038539826111783082e-01
2.958772749293183679e-01,-1.227855067461388477e-01,5.284504380910040044e-01
-1.967909257386566690e-01,-4.108681206631079053e-01,4.265702565431492288e-01
3.385179599101714731e-01,-4.887605442672510181e-01,-2.092120287980074878e-01
-5.193260364718513822e-01,-7.326368216336430310e-03,-3.679357178222868452e-01
8.912111295164802660e-02,-5.247684055771462130e-01,3.602996263677784028e-01
3.014262396712428238e-01,3.748134940559749717e-01,4.358223493222542211e-01
8.651992883068967966e-02,4.676444672432518157e-01,4.509836043157280927e-01
-6.228368354586719668e-01,2.136660037819947122e-01,6.634039362520796623e-02
-1.631238656911286333e-01,2.476639963312943921e-02,6.475441138753991188e-01
5.153026477766224911e-01,7.492069861611899695e-02,4.290502153661006624e-01
-3.287568671115912999e-01,-3.824928043468993621e-01,4.579234105887707851e-01
1.440417045440724741e-01,-5.552930713010081343e-01,-3.794270353640201709e-01
-8.684484598615621609e-02,-1.519714292394546140e-01,6.719834065672857237e-01
-6.465278484597412056e-01,-8.382432079730740837e-02,-2.577991515997654637e-01
-5.457333557454975281e-01,4.227451225006765845e-01,-1.561589935579878463e-01
2.010812462208075302e-01,6.837289875140162287e-01,5.097741446412852595e-02
-6.715000344400893217e-01,-2.592041468860841191e-01,4.657896716266712867e-02
-3.821159712929374508e-01,-3.756329295329713935e-01,-4.930178519641644219e-01
3.113918297776108179e-02,6.359554771569034815e-01,-3.672096922984608436e-01
3.884937438811185695e-01,2.467814169125752688e-01,-5.819455668289301720e-01
4.939489007695846423e-01,-5.171546400954263323e-01,2.223931509550219343e-01
-2.953086571820960904e-01,-1.823803014675099421e-01,-6.715629976663325396e-01
-4.497270453613158026e-01,-4.841924446963606909e-01,-3.814647476777148216e-01
-6.402380983175970375e-01,4.035143417500227092e-01,1.428406654314209878e-01
-6.365236267267586623e-01,-3.280493966421468288e-01,-3.024078981997187499e-01
6.413369880180475047e-02,7.708297998684678909e-01,1.312042167051082897e-01
7.552577878185294802e-01,-1.671704105771919247e-01,-1.691315240884647408e-01
-1.966748022124954198e-01,-3.037815182377347489e-01,-7.124930075573900901e-01
-3.112001847815797362e-01,-7.419859828471971896e-01,5.526703861597021677e-02
-1.745611502610449339e-01,-7.431431445057764540e-01,2.823710579783327845e-01
3.920243761483738210e-01,-7.172631218102788475e-01,8.083596899400061209e-02
-3.276897462818659235e-01,-5.474995052088195147e-01,5.291138160717124839e-01
-5.904787830000947091e-01,5.701109168231051072e-01,-1.613049888942580667e-01
-6.564850715062028330e-01,-5.198949867724617091e-01,1.061282459079089802e-01
5.038374251209570831e-01,5.947504367202818276e-01,-3.434641160595338638e-01
-5.065448453987774213e-01,6.267167274659060094e-01,2.990251105023218336e-01
1.820773927222613942e-01,-5.241947789961105553e-01,6.665482584215612905e-01
-7.116692963474969824e-01,5.035515618121358949e-01,-7.640503526297642845e-02
-1.730854481281948742e-01,7.686592805200453959e-01,-3.986898465168328687e-01
-7.545931339065757859e-01,4.260890295622574153e-01,2.070797015371128036e-01
-4.319047440882490818e-01,2.197133328034461819e-01,7.571980767938500945e-01
-5.280389202797050041e-01,6.558935769811745642e-01,3.371808025158245514e-01
-9.052085158344038707e-01,1.325036250824457307e-01,-2.305982253786163783e-02
-4.124729023458359456e-01,1.165197823216834877e-01,-8.177985015635311772e-01
-2.788536993694470389e-01,8.708421265735565298e-01,-1.778528712128181200e-01
-7.429205189879019011e-01,1.016455901263453587e-01,5.665579572889641868e-01
-9.180366908832657824e-01,-2.326406065851830962e-01,4.556873312722477254e-02
-6.139939307883712782e-01,-7.150755420918994965e-01,-1.632659133424573805e-01
3.126299889149517508e-01,-8.996088209268801039e-01,-1.555127680785271804e-01
-6.398943815647867295e-02,6.461803862419781552e-01,-7.253073847363318283e-01
-3.010003150854699272e-01,-7.874523075024946195e-01,-5.037748978228840935e-01
-7.756171240214205787e-01,7.271037368786288126e-03,-6.163259043980180429e-01
-3.738200798915037315e-01,-9.097853937850546302e-01,-1.770037970015828355e-01
-7.797069499244768664e-01,-1.629538170184864909e-01,6.179361738969371132e-01
-6.300275810021508383e-01,-4.256474212713172167e-01,-6.753281634625379892e-01
-6.723685433777166764e-01,7.573104439718808534e-02,7.710256496682277305e-01
-4.481041614216554891e-01,2.642772254755485495e-01,8.944585600523999869e-01
4.610222941501224692e-01,-6.056968307917030003e-01,7.141251423361900663e-01
-1.983958806976942879e-01,4.926621919864204169e-01,9.090046985000760360e-01
-9.038793195645467016e-01,3.977700383088020319e-01,3.904178923658710443e-01
-3.802570480806191089e-01,-1.037336841889248129e-01,9.959259945296407013e-01
-8.946688216662921356e-01,-5.914190216351350449e-01,1.300051909034074249e-01
-2.381107805353238072e-01,1.058861766263325066e+00,-9.706065326524465631e-02
-3.569505364853821361e-02,-1.554538328022363018e-02,-1.098317072733948629e+00
-6.343396130178344805e-01,5.248544876060093900e-01,7.421503001548006573e-01
-7.153310916640099881e-01,5.582989584414267403e-01,-6.529959607353577056e-01
-7.026885009903697243e-01,-8.816702203821884520e-01,1.301561045517882209e-02
-3.051640479794082150e-01,9.698349836302517790e-01,-5.093079157923072753e-01
7.489764340529314612e-01,-6.057390025477127349e-01,6.223900616141871955e-01
-1.057494241391644607e+00,3.621822154169772601e-01,-2.971257545949431145e-01
-8.941950867791740309e-01,-5.173291847632953688e-01,5.416521099945081907e-01
-6.094559078029369026e-01,-3.591351991404151400e-01,-9.398873174287726284e-01
-1.889234789907597856e-01,-1.844342043689058963e-01,1.156570419723080612e+00
-7.514778917322496588e-01,-8.577513612232764428e-01,-3.617063557073795232e-01
3.852808233735515175e-01,8.356151165205315534e-01,7.803129674173232555e-01
5.857267650491532196e-01,-1.334529399557324025e-01,-1.058001012062435686e+00
-1.215167500015391422e+00,3.505073136701025022e-02,1.656533782891392026e-01
-1.742951182623110051e-01,1.220305875870496770e+00,1.058893711943779542e-01
2.226579088500641457e-01,-3.537052967891004540e-01,-1.175534659303132390e+00
-4.753266253051242063e-01,-1.721109974573019896e-01,-1.152056257323280875e+00
-5.300717562149389606e-01,-3.178925048016271182e-01,1.107875620608204104e+00
-1.187783799031616683e+00,4.271666734088001016e-01,-2.077415557206733487e-01
-6.515179361766390009e-01,-1.111637917805014864e+00,-6.080510111520089772e-02
2.779295165457450461e-03,1.180433776353372988e+00,-5.462187799442147496e-01
1.438972664240094901e-01,1.051033325928178552e+00,-7.711753879108722565e-01
-6.940440103406426697e-01,6.216804453152474652e-01,9.384249860438985680e-01
-6.938434152488210938e-01,3.641704117413703257e-01,-1.078871016553164752e+00
-7.239526934266737879e-01,-1.094290630578810930e+00,2.933340215318764876e-01
-8.837229073696930767e-03,-1.355582648539439772e+00,-4.234987190285768865e-03
-4.827249767554979698e-01,1.275786706780121404e+00,8.706875330489895204e-02
1.328822520259269169e+00,-2.949179244976128933e-01,-2.156209795598447998e-01
3.720178433334499490e-01,-7.195202310680250957e-01,1.128984990463279825e+00
-1.358625091102313220e+00,-2.783861039617505084e-01,-1.982635180365762972e-01
-6.372890307372112151e-01,-9.740904702402888304e-01,8.000766668296754869e-01
5.005422292130013995e-01,-1.297250706847663748e+00,3.076482264000302003e-01
-1.237618264506918697e+00,-3.165868298928448121e-01,6.554096526842105863e-01
8.311086187017919791e-01,-1.081586427108326198e+00,-4.846284714174424746e-01
-1.272587335786686813e+00,-4.669228339003151929e-01,5.407437095879389366e-01
-3.855602095344873859e-01,-1.944084884219606513e-01,1.406568662716002116e+00
-9.006034602939129163e-01,1.383031498794670992e-03,1.178692994564999763e+00
-3.345131072683145690e-01,-1.455008772013644647e+00,8.668466725171861120e-02
-9.710839761618528243e-01,5.434561184512833876e-01,-1.017211994075176928e+00
-6.435330527190413763e-01,1.261287724958509493e+00,5.524920485470569131e-01
-7.168567684555787745e-01,3.023199354875064082e-03,1.354274481289914567e+00
-6.909292082403947211e-01,1.196106032680437220e-01,-1.376428962832906500e+00
-1.023751765848838868e+00,8.530742259482824164e-01,-8.058022364831143314e-01
-1.162139059290022924e+00,3.409370427041656937e-01,-9.988880398670919591e-01
1.020405009925238415e+00,1.119183362011710203e+00,4.591768323975874422e-01
-4.562076583286037712e-01,1.161443626080021163e+00,-9.940966938204810477e-01
7.960581588736903580e-02,2.083562151380091709e-01,-1.592743989630353241e+00
5.936564645937254525e-01,-1.246948454159442887e+00,-8.492203455972098247e-01
-1.264338004640054747e+00,7.621096333927384059e-01,7.011809944528257788e-01
-1.632832721590401492e+00,4.810674403459094112e-02,-2.138540798602862336e-01
-4.143522587113424027e-01,3.142481617843938535e-01,-1.577204924982783751e+00
-2.980469687607963936e-01,-4.814064589284995366e-01,1.575409601386472902e+00
-8.541134166295607510e-01,1.455303692232311930e+00,1.533268055569672605e-02
-4.461720569811192250e-01,1.246456271450897102e+00,1.068065654168959266e+00
2.353081988896757459e-01,1.649371034376759582e+00,4.052340966899011243e-01
-4.007188353596997238e-02,3.487930350496356580e-01,1.692326402532144058e+00
-7.929523485782696834e-01,6.609450418274851469e-01,-1.403403023946506512e+00
-2.554812523840429561e-01,-1.605341792401257850e+00,-6.643938967955543839e-01
-8.390157647153808629e-01,1.544322021031802050e+00,2.105102667289190932e-01
-3.391285029670059181e-01,-7.896511776493233548e-01,1.563571649588005652e+00
-1.697668546785701338e+00,-5.812317325326372686e-01,-1.194855429084097642e-01
-8.058429782158813559e-01,-5.659730367317256094e-01,1.521877656712129490e+00
1.707379648148121820e-01,8.461453466087643926e-01,1.610314930736716388e+00
-1.543605030132955358e+00,-8.099134004565300415e-01,5.939220184082448784e-01
-1.571050697745594471e+00,-8.679335880774455836e-01,4.731789596369846418e-01
-1.565057285327221548e-01,-1.543590520024947788e-01,-1.857924011471555614e+00
-1.561578844392459420e+00,2.687211377661438694e-01,-1.022290017086018965e+00
8.098229882373366717e-01,-1.374219671826548250e+00,1.033425519617770183e+00
-5.340751408005804945e-01,1.128538478794360422e+00,1.452829520326746726e+00
1.480419523398333270e+00,7.061207757010000696e-01,-1.018549559348389977e+00
-1.555480511511153185e+00,-1.168454071635915303e+00,4.355813868401911537e-02
-1.762810502675239199e+00,-8.524880466638941057e-01,-1.111538578793670323e-01
-4.344726496960752415e-01,1.917891811811775149e+00,2.007465332700247573e-01
-5.679386129547798756e-01,-1.570906197825787443e+00,-1.085708251435431926e+00
-1.938874492874648747e-01,1.429154371362866494e+00,1.396995110368184800e+00
6.720808954478889596e-01,-1.193127773122788060e+00,-1.489953737787675925e+00
-1.508416584680837502e+00,-1.043026470528333860e+00,8.924506558536304812e-01
4.781284570723493554e-01,-1.222227854854611273e+00,-1.581988776364334104e+00
-1.692869692525777126e+00,1.185938237889305746e+00,1.389067182209579032e-01
4.357554484186292876e-01,-1.322276576812753124e+00,1.555846159521752980e+00
-9.028390910272110492e-02,-1.993901117741288864e+00,-6.660080872785474337e-01
-1.229162523983002409e+00,5.306382504022653102e-01,-1.644494445660989790e+00
-1.551064100832169612e-02,2.024165606196998701e-01,-2.127443643536419682e+00
-1.716503368122232365e+00,-1.143911001094809698e+00,-6.195228048600077697e-01
-1.336550704760605335e+00,1.259508875940866579e+00,-1.156957076560315434e+00
-1.953583721207392543e+00,-9.248812851678368530e-01,3.361787657169695853e-01
1.609654946328712199e+00,1.461805660393323159e+00,3.629985005387497132e-01
-5.461016311915518617e-01,1.737703121980504140e+00,-1.271857752195409974e+00
-1.321892351070485194e+00,-8.585778840123846622e-01,1.589923604903215493e+00
-2.195355813793944844e+00,-4.077756127626200322e-01,3.234723423299604161e-01
-1.533451266497080079e+00,-9.775506156087567788e-01,1.364796578725657294e+00
-1.108629875258831110e-01,-2.147195784749863723e+00,-7.921012909974931571e-01
1.128757273735279565e+00,8.418075638437724217e-01,1.830037620402821252e+00
-9.782582545074607339e-01,-1.561940960299557091e+00,1.420539891861339221e+00
1.742115278017712043e+00,1.336423510524536340e+00,-8.231791089718951682e-01
-1.325735252119788710e+00,-8.786425718022766729e-01,-1.747657374915097206e+00
-1.927417707812816294e+00,-1.062024196130038955e+00,-9.097214149485051138e-01
5.652521155774696826e-01,-4.753973541842089756e-01,2.283139520433179914e+00
-1.718378629500119104e+00,7.262526128197706043e-01,1.538530819425923069e+00
-9.883579689832706627e-01,6.084241855630680984e-01,2.142599763842709226e+00
1.367843085765465538e+00,1.484507129789891522e+00,-1.398127999648104636e+00
-7.140632185730282078e-02,-1.556060073014312595e+00,-1.922550618243660470e+00
-1.479982524088969242e+00,-1.263382363812184606e+00,1.559043093389918866e+00
-2.107763538356421051e+00,-6.096118918145552179e-01,-1.224202500024728080e+00
-2.268110863624185125e+00,3.187526469511407501e-01,-1.079033510744365598e+00
1.630477174538744189e-01,2.251330397135492323e+00,-1.189066638747092952e+00
-1.140781890107975372e+00,1.303559668031079255e+00,1.899595324807681562e+00
1.539018538314167239e+00,-1.729205476416453502e+00,-1.162762874879650132e+00
-2.326981941473664495e-01,1.839203738874125804e+00,1.837676712722191352e+00
-1.810758165600159897e+00,1.752453387335315638e+00,7.540419244029422652e-01
-1.652140051300527324e+00,1.561199396695104991e+00,-1.363006462533651098e+00
9.870244257613060013e-01,1.261675517490815857e+00,2.136912108191157955e+00
-2.357669326842839475e+00,-2.656231868558344145e-01,1.269880149323860730e+00
-1.091083757910092711e+00,-4.121041444609045701e-02,-2.482039132585703634e+00
-3.026873194136907586e-01,7.226436216011520308e-01,2.617517615549676879e+00
1.220200065295314662e+00,-1.526678331079315054e+00,-1.939020124423738167e+00
4.121571202613161788e-01,-1.939285091280143480e-01,-2.736389680217272691e+00
2.878261013634841881e-01,2.761131900697934682e+00,-3.258703356997815215e-01
2.982185713923158343e-01,5.511932875891099037e-01,2.745802869026493731e+00
-2.712703565205357048e+00,-6.191725313155431731e-01,5.577551168530305858e-01
1.181851995443613385e-01,1.739200888384263011e-01,2.851635794247242117e+00
-2.649830496364087740e+00,-7.875675851464968291e-01,-8.116603849412415972e-01
-1.964628286100928101e+00,-1.013886067609977237e+00,1.881320135614435785e+00
2.325753573300093802e+00,9.896188758184069068e-01,1.472041742906109452e+00
-1.009629926343518891e+00,3.212618436756103368e-01,2.750087970561280848e+00
-1.550340203520853777e+00,8.566276793980001081e-01,2.383326743321667607e+00
-2.983087316160121460e+00,1.298994103937171074e-01,1.895389893792450431e-01
-1.347858273091148140e-01,-2.169497781722163676e+00,2.088701888247949778e+00
-1.438230055489953862e+00,1.493424411242434968e-01,-2.671085003723914664e+00
-1.686748759694872479e+00,1.608579341326908496e+00,-1.983131356932406053e+00
-2.721358038344760644e+00,-6.974022651797056049e-01,-1.270943538170246967e+00
-1.382350152503006857e+00,-2.497252242077424356e+00,-1.226526315425040092e+00
8.963391397538931216e-01,-1.740420533252476920e+00,-2.442378490768951860e+00
-2.322769020450603517e+00,4.656631064144428067e-01,2.081803775304035486e+00
1.341904874443447415e+00,-1.720730196023476655e+00,2.309729740327225223e+00
-3.171863575821595393e+00,4.222624781733068100e-01,1.005467469858236096e-01
-2.364561992410648017e+00,4.674431908336260655e-01,-2.143446630011334619e+00
-2.399607872215922200e+00,3.475211239503604443e-01,2.163856331527883370e+00
-2.306197169701755811e+00,8.007624504976256219e-01,2.181932494608706197e+00
-3.035228351201509689e+00,1.852243376851262502e-01,-1.278839377509690456e+00
-3.114574805052840123e+00,1.081787182116260571e+00,-4.190689272293517953e-01
-4.030209454282675519e-01,-1.265789367508901586e+00,3.073809968315866392e+00
-2.571002551003329195e+00,1.543056302398794877e+00,-1.546221268442542041e+00
7.313426626997215907e-01,2.509819365793340751e+00,-2.172371967695624129e+00
-1.447506443492724282e+00,4.155804557552297274e-01,3.075572165893201149e+00
-2.741034124139988482e+00,-1.878742658367173357e+00,-9.276762501569796315e-01
1.927551033360436872e+00,8.055538765492531450e-01,2.778150234727336354e+00
3.389644902785950431e-01,-2.186957371793974148e-01,-3.478696376332397033e+00
-6.078479387348679763e-01,-4.164564915418716984e-01,-3.450411679498559980e+00
-2.050932687271359800e+00,1.454425789798197144e+00,2.512658969535335629e+00
-1.325992048405132406e+00,-2.699313422282227926e+00,1.944268244386963440e+00
-1.366803012652682225e+00,-3.108865964635405987e+00,-1.218143719143333970e+00
3.378439761156824428e+00,-5.805456617246043116e-01,-1.208851164187058957e+00
-2.717293430267942345e+00,1.366315754744492184e+00,2.039528551110370902e+00
-1.611492182546417462e+00,3.312018316052780520e+00,2.113018224399563216e-01
-1.300709993836289602e+00,-3.480183688657913610e+00,-1.060709414425335118e-01
-2.078807371785031388e-01,2.608454956584648876e+00,-2.678476164533916126e+00
1.196017559481555192e+00,3.403310759998146917e+00,1.103726147215191800e+00
-2.879133535038055136e+00,-2.019697447789248645e+00,-1.440608571684686146e+00
-3.607242492580330584e+00,-8.389482266915929687e-01,-9.714621439334717445e-01
-3.722829408986960686e-01,-2.621639315533960790e+00,-2.804842542021999119e+00
1.614231930015089800e+00,-3.202421474095160647e+00,1.496532850499831646e+00
6.059288475179476219e-01,-8.586707694090218723e-01,-3.771172237480589384e+00
9.697409371051166627e-01,-3.038450602025499325e+00,-2.319964534708646386e+00
-3.656346388412845538e+00,1.550935621393897179e+00,-1.116421288997149347e-01
-1.488345755979326057e+00,3.577515833845799964e+00,1.004100322997784511e+00
-3.197144011246336515e+00,1.820273904694069411e-01,2.450678829272757930e+00
-3.632029712384716724e-01,-4.136932385288067948e-01,-4.024893236573560351e+00
-1.122500263365086015e+00,-1.025896802001461383e+00,-3.799472172684831950e+00
2.605167561742320892e+00,2.960298785986990922e+00,-1.203071486084973385e+00
9.658576276876345013e-01,3.094269170966897686e+00,2.596739521345546198e+00
5.739942404305325985e-01,-3.347243175339608801e+00,2.444049422300007990e+00
-3.313291764635311942e+00,2.066030536959566177e+00,-1.587655706946751843e+00
-2.147177414414712437e+00,9.893556066949779071e-01,3.527286508388939090e+00
8.208325248130660112e-01,3.643827533390774587e+00,2.085047537820429842e+00
-1.803337553004096261e+00,-3.804125219293632121e+00,-9.202516960567025395e-01
2.160099539281813641e+00,-2.124991697747027786e+00,3.108721637463675247e+00
-2.459072603407959079e+00,2.787547335924772440e+00,2.303866604726116485e+00
-2.172255683674669147e+00,3.580385355577919260e+00,1.367819256218240964e+00
-3.685317659524806277e+00,-2.472817605616953074e+00,2.521476425541812651e-03
-7.890408740448837666e-01,1.377327253091104264e+00,4.179539421994626025e+00
-1.209048076429908747e+00,-1.258344584901818219e+00,4.151976954153880683e+00
-5.322885198467300905e-01,8.902852479369802730e-01,4.416836717780003418e+00
-8.583845463124307740e-01,-1.936124092869300650e+00,-4.050130787661055720e+00
-4.319168766566512829e+00,-1.206447038753825529e+00,1.042685272319664902e+00
-1.557104621339730155e+00,2.301875624832454115e+00,3.713238434441710645e+00
-3.711340261986693090e+00,-1.129735324206580627e+00,2.603638773232028303e+00
4.289300645305666571e+00,1.936963550259560130e+00,-4.329643176570641822e-02
3.063848317252809483e+00,-1.993895277235367303e+00,-3.019301821885936210e+00
-3.619662843573816957e+00,-1.267169973499375324e+00,2.846606483096262963e+00
-1.554277177665936538e+00,1.482436882523166188e+00,-4.305125974345020090e+00
-8.887028642769546627e-01,-2.823745129935226750e+00,-3.837405886154240164e+00
-4.101279010337226083e+00,-2.646892737335241996e+00,-9.437415566381381071e-02
-2.540099046363833324e+00,8.410824112456073420e-01,-4.126417960357255943e+00
-4.576810851859153040e+00,-6.006129035241405401e-01,1.798717064496895501e+00
-2.838948177104992920e-01,2.443989501374927098e+00,4.341800760096892198e+00
1.440159704908862581e+00,4.752481604560334638e+00,7.820321522052476881e-01
-1.261381601049097689e+00,-3.300091332223805907e+00,-3.627961793093293252e+00
-1.013341239394134563e+00,-3.939336362046838236e+00,3.078309722096665091e+00
1.872301003964138566e+00,2.891803350516095605e+00,3.812616060005328489e+00
-4.792116522397840583e+00,6.972016765936380756e-01,1.828105419494999273e+00
3.265512454988860558e+00,3.627901744926653294e+00,1.833341823466277720e+00
-9.885030170328024113e-01,4.255191789554675807e+00,-2.915852607743020464e+00
-1.643344803735022674e+00,-2.310909080822250328e+00,-4.466593622103453676e+00
-4.401136372569762756e+00,-1.707004273610015721e+00,-2.473590649877873915e+00
-1.058487395343034709e+00,5.095426392837485885e+00,-1.317509491388977771e+00
-4.002460268544675515e+00,3.091088526029884598e+00,1.915242239487293885e+00
2.152042438004294844e+00,4.402723996027114950e+00,-2.378350812903943901e+00
2.075904664299546454e+00,-4.682279210257512148e+00,1.968250517708272751e+00
-2.873221042418384830e+00,-4.416328795445846112e+00,-1.670128954032505275e+00
-2.635357283281879237e+00,4.903822348860638947e+00,6.330931188784465202e-02
6.222764199157476694e-01,3.441853577082752302e+00,4.383758012744859656e+00
-1.503725914723379464e+00,6.505652658636094099e-01,5.406231608248454279e+00
2.220940956846686465e+00,5.130042578428962052e+00,1.062691240303557993e+00
-4.777408989363192582e+00,-3.116754216250429366e+00,-5.617851871260954866e-01
-3.241901252666664401e+00,3.242295745169196497e+00,3.508840293181809233e+00
-3.427835182525633684e+00,-3.733566738340969415e+00,2.851781696750776529e+00
-5.572119632642399401e-01,-3.379341126685367236e+00,-4.752543095902840520e+00
2.236986624552868896e+00,1.168678813061468258e+00,-5.333773307810702136e+00
-4.563846497028046123e+00,-3.406553271861971766e+00,1.701444315560052045e+00
-2.668088725255838511e+00,3.507405863504517551e+00,4.052662519090510784e+00
-3.479642187210471249e+00,-2.093090298680891692e+00,4.458652942019067034e+00
-5.299613357311907080e+00,-1.168940824617734631e+00,2.729022044778098177e+00
-2.274024086260233446e+00,2.461744875574976843e-01,-5.675127717709471220e+00
-3.247575128252116805e+00,-9.404819720536834737e-02,5.237362932703284457e+00
-4.598763173358280554e+00,4.163130446340147728e+00,2.445622844477049751e-01
-5.692681834038081368e-01,6.099300781697006180e+00,-1.255795782404316219e+00
-3.081953756334637529e+00,1.697981205994070875e+00,-5.224127273699658680e+00
-4.948524949120883143e+00,3.722850058143853502e+00,1.379952082007645853e+00
-2.260053960034987597e+00,-3.818503419867030235e+00,4.598907108918290909e+00
-5.409848650616877030e+00,-1.746940049709608367e+00,-3.019251329188769706e+00
-8.684965537135321823e-01,5.551511776618512251e+00,3.234883996415271579e+00
-3.180572018821639535e+00,-4.235704066765751286e+00,3.820125906576644859e+00
-4.752158781003403831e+00,-3.912813680582348241e-01,-4.531642691995453553e+00
-4.398746589132172424e+00,4.744962288115800675e+00,-1.427746638893456543e+00
-3.256167764682699861e+00,-6.018568016978693702e-01,-5.794519280308969122e+00
-1.760040610156834440e+00,-5.562797100238831227e+00,-3.338744812623728020e+00
-2.699829531903616076e+00,2.020397433950072319e+00,5.871645118179893430e+00
-5.612472315382225574e+00,3.369860472010785646e+00,-1.912728621420085817e+00
-2.745140762593384132e+00,5.685275691837782475e+00,-2.707905067227352802e+00
-6.961574739745894913e-01,5.286805640876686141e+00,-4.409331271180001899e+00
8.915436202328372861e-01,-2.174557860087767303e+00,-6.561223432871574168e+00
-6.258386702294493453e+00,7.379307926762886938e-01,3.093098929165884581e+00
-4.778344819460163428e+00,-8.865161346762633343e-01,-5.135835717320335725e+00
-2.752748148353376223e+00,-3.761612618885787906e+00,-5.384632846771201464e+00
-6.156774784175949478e+00,2.553590605769814115e+00,-2.651720886495334550e+00
-6.815172590557249777e+00,9.388085416018431273e-01,2.208531543601656821e+00
-2.021597736479018970e+00,-6.695877253459254774e+00,2.010427979030247059e+00
1.958714789647904242e+00,-1.417708216545958688e+00,-6.919950482126735913e+00
-7.257856204293275937e+00,-7.809149699374563491e-01,1.107055910743746319e+00
3.640742477055623372e+00,6.484394573136147422e+00,1.831347074060790323e-02
-6.656865619546968205e+00,-1.683468087611297292e+00,-2.992810935507859593e+00
1.392529521435744044e+00,7.255704220144338024e+00,-1.527756150612267216e+00
-7.225989207908216194e+00,-1.102484051065280024e+00,-2.076829931575816524e+00
-4.543720137749468257e+00,-6.101439265587798033e+00,8.412077165361794284e-01
-7.273556608083649344e+00,2.007009656733533376e+00,-1.580122148756443412e+00
-4.698893188164576351e+00,5.604531435750720547e+00,2.607711419198448954e+00
-2.156162940368542724e+00,7.183187583723593228e+00,2.217345422800262700e+00
-7.083304352275237470e+00,7.248774343089774419e-01,-3.369119952362297887e+00
4.434280330369784195e+00,6.486651936971054688e+00,1.099332250306964687e+00
-1.326295197099789602e+00,7.668094775665065477e+00,-1.816731853076901659e+00
-6.221613843475046757e+00,-1.269048287704334532e+00,-4.946161034790327982e+00
-3.915209543748375154e+00,-9.554886483415751808e-02,-7.098089623410955618e+00
6.835917708209738208e+00,4.440747691346021320e+00,-4.707733582835433306e-01
2.105628408974526966e+00,-7.048717555522792111e+00,3.676665745998939805e+00
2.207596049399820348e+00,-1.019326587992205768e+00,7.918429419551526571e+00
-2.568037609813075939e+00,-5.411633833873512600e+00,5.807361366043971351e+00
3.277088695349159031e-01,-8.309408444030992769e+00,1.207697882736085804e+00
-7.544492950481419768e+00,-2.869961318999272759e+00,2.544923519216743646e+00
1.519899985981469914e+00,-5.352456363306326459e+00,-6.458237889532001397e+00
-2.739318548523864028e+00,8.132898832690273139e+00,2.638078948726053641e-01
-7.974837268921445954e+00,2.905089844925738407e-01,3.331639022618842372e+00
2.375239642732662304e+00,7.082123188540717429e+00,-4.479276658110701526e+00
-1.869231466415317566e-01,-3.178395743709618415e+00,8.174368665028278969e+00
-4.372031285576793103e+00,-6.859454996126202353e+00,3.449862963643046232e+00
-2.489604390040450088e+00,1.217055260030679709e-01,8.542956528882996281e+00
-4.228951516743513217e+00,6.555090046557116246e+00,-4.414133104430163712e+00
1.021520213855650061e+00,6.234610054427788484e+00,6.448486081678925785e+00
-4.444972914352916860e+00,4.768648509273691438e+00,6.338342042573230195e+00
-5.371821914178590340e+00,6.851338871024267974e+00,-2.840304092668527236e+00
3.184225545322199036e+00,7.369553128752139415e+00,-4.541396158276509887e+00
-7.813131651986300774e+00,-5.687866295140697748e-01,4.993174867408406215e+00
5.050793340080685923e+00,-7.094363800884662119e+00,3.421072886020033010e+00
1.661948232854413066e+00,4.927503592760694495e+00,-7.858975839016846265e+00
-5.357850143551316613e+00,-4.830989062743061169e+00,-6.167691519206973005e+00
-2.439444808682540433e+00,8.853873112072934148e+00,-2.653534712983292465e+00
-5.970378611568071925e+00,2.970568213289308535e+00,6.944764169637863027e+00
-8.587069468774595649e+00,2.306437215939523888e+00,-3.870012354438042923e+00
-6.644259272062566168e+00,-3.627413059287089236e+00,-6.171228293918954222e+00
-1.276860938169202875e+00,-9.564860633702362946e+00,1.909095761783661249e+00
-6.650925766170523445e+00,-7.324594444897471190e-02,7.342625289036200265e+00
-2.853517605021175019e+00,-9.545800194023735585e+00,5.495571210234170278e-01
1.986633970238522062e+00,-9.669883483380253608e+00,-1.883123934261335286e+00
-9.959429001717470697e+00,-1.777170581757677725e+00,3.224383324235469139e-01
-1.453400818365437885e+00,9.340448513272455955e+00,3.817046708733011329e+00
-6.627504010443042937e+00,2.102084400139128118e+00,-7.555014955083975359e+00
-2.399199686630283601e+00,-9.730221651461864241e+00,-2.550159854049132591e+00
-8.438660509588336467e+00,2.229919586920062091e+00,5.682479346890493055e+00
-8.346927584165937830e+00,-5.162622991397860517e+00,-3.702633676793979589e+00
-1.003611155498449925e+01,-2.593718657734903843e+00,2.040561203418813641e+00
-1.331766118859973869e+00,-2.247878435721010870e+00,1.031465687815969368e+01
-8.114180547477147343e+00,-3.068809953847289940e+00,-6.291889981107217089e+00
-1.015769530193930592e+01,-2.229150880395063261e+00,-2.889173127636450289e+00
9.718867666419628293e+00,4.293605461911139010e+00,-2.297176831662412155e+00
-3.477207098143128561e-01,8.265681314916715650e+00,7.170988865476123131e+00
8.406114109155014447e+00,4.534758682457266765e+00,-5.509974228189274292e+00
-8.171180428440415255e+00,-7.516374813798850418e+00,2.609651886585920844e-01
-8.736592757093932349e+00,5.122160401523525586e+00,-4.747417411540229892e+00
-7.388563458858881106e+00,5.941953448148821204e-01,8.482577874901886972e+00
-5.861289126483779643e-01,-1.048907168956097591e+00,-1.128163658933707403e+01
5.987549671600704393e+00,5.344983150974045749e+00,-8.133040801330947644e+00
-3.803950931564739513e+00,-9.603098854369733317e+00,5.074395904501489696e+00
-5.590605005836687402e-01,-1.153709761143399604e+01,9.599814138123902163e-01
6.593788429806525242e-01,1.158042116565603408e+01,-1.313186987030318331e+00
3.062746610193658459e+00,-1.099089567365063758e+01,-2.835348734899281631e+00
-1.163812963811850665e+01,-2.123189260996616312e+00,4.971543891016123040e-01
-8.905356893210035096e+00,-7.260211441643730446e+00,-3.192958522545188416e+00
-8.860684958298950420e+00,8.081718216043286773e+00,6.507950093576195805e-01
1.671378034104091526e-01,1.090692470284877835e+01,-5.227603196060803370e+00
7.706144498652998998e+00,9.275993763559524652e+00,-1.727636178985386017e+00
2.339875350221276920e-02,-4.539923970789656593e+00,1.139861476479712010e+01
6.434565303906583100e-01,1.227408864146338274e+01,1.276395574598148341e+00
-1.173714941494568542e+01,3.154363493806335850e+00,-2.678242945846456280e+00
-3.448899864114269409e+00,1.035346261017757996e+01,-6.165452107281856442e+00
-4.350396281125985531e+00,1.060292768730882251e+01,5.291840009046394400e+00
-7.461740564952928922e-02,-1.205833136825693508e+01,4.027937433835400149e+00
-6.546220694766546444e+00,1.086397189276890174e+01,-1.751652107432389416e+00
-8.481402879202660117e+00,-2.182200640533146885e+00,9.465610094720297241e+00
6.586134912362600957e+00,5.679306137193638193e+00,9.645846490982469490e+00
-1.191308300993012104e+01,-3.959661243341412451e+00,-3.672521274942651903e+00
-8.214293538917182502e+00,1.028876869955821327e+01,4.500640725583290314e-01
-1.171590067630124743e+01,-2.983995467890807607e+00,-5.463712487390962380e+00
-8.758409260159282228e-01,-1.663175572888180964e+00,1.322888653828547412e+01
-1.290919319142381738e+01,3.538559013198130376e+00,-1.386253486507120325e+00
4.263111901073538684e-02,1.053302223778185542e+01,-8.528415725193616126e+00
-8.335421905344338356e+00,-7.692086595282122907e+00,7.593378206573863309e+00
-3.562090033401482447e+00,2.701168873284405247e+00,-1.299945688930191068e+01
8.385752120679372368e+00,-7.734622469212205864e+00,7.843917675305267068e+00
-2.048130846853577491e+00,1.346932872408832971e+01,-2.965551106914079860e+00
9.638383715473155533e+00,-1.019145545011087783e+01,-6.531911300104596974e-01
-1.316767162369205302e+01,-4.336352693935861424e+00,2.795966182694157087e+00
-8.985391453051615462e-01,-5.084133314111037194e+00,1.327445680733842792e+01
-1.420352192518382139e+01,1.593700633066155392e+00,-1.218852168966203964e+00
1.246631004800789988e+01,-7.300186139921349238e+00,-5.927997151897708428e-02
-3.450137536870022448e+00,1.413002106777974376e+01,3.541537156123096275e-01
-4.617953162939280709e+00,1.173450757280699541e+01,7.462285134114414298e+00
1.368102048493397005e+00,1.450525240224832935e+01,2.345662418653706727e+00
-8.856031207252053505e+00,2.733021826885592809e+00,1.161840126441961729e+01
1.289494975590021220e+01,9.005328191130398396e-01,7.546460786687000599e+00
-1.006853744310247478e+01,8.419054173440313704e+00,7.415006837318726340e+00
-7.326822309671291222e+00,1.008413494858404569e+01,-8.666598710180323906e+00
-9.928828064176567381e+00,8.901102668948738028e+00,7.480675986713858805e+00
-8.839364479364226312e+00,-1.142277127754457133e+01,5.337979369247414674e+00
-7.482678525706772277e+00,-4.372925972884607049e+00,1.285996513264552377e+01
-2.998708233403819534e+00,1.370629428139567274e+01,6.860640929269709254e+00
-5.119736273964723416e+00,-1.267937726088103823e+01,7.773346531223208622e+00
-9.358113957443201514e+00,6.508556494308631812e+00,-1.099986228090132379e+01
-4.016992117752301361e+00,-1.327631461391794687e+01,7.881315950032943718e+00
5.535285317497789848e+00,1.506365275940184922e+01,-7.673825453710462208e-01
-1.178182019040102269e+01,-1.085831528109846644e+01,-2.260306170768774603e+00
-1.537385805168421049e+00,-3.832896483642842966e+00,-1.576395045984317100e+01
2.344586492585666593e-01,2.880280640190830965e+00,1.615525147934829420e+01
-5.880791034191769739e+00,3.309488025055424276e-01,-1.544311679331309151e+01
8.543838517731986437e-01,-1.187956567016886211e+01,1.162855686146030187e+01
-1.040141418459358214e+01,1.277422851660860204e+01,3.107486771392906633e+00
-6.904308760651635346e+00,-8.317725788785597985e+00,1.296834904960480728e+01
-1.203546749768115021e+01,6.658130829964944652e+00,-9.995545615865939482e+00
-1.080866540491292760e+01,1.327880867320289937e+01,2.441081005929851833e-01
7.926433220088796361e+00,-8.790576802674996415e+00,1.254148261230765193e+01
-5.426177323694752808e+00,1.475531598274187317e+01,7.380075173449373693e+00
-2.140750583658626027e+00,1.731933341359848910e+01,-1.175999708505402142e+00
3.982003248588040112e+00,1.413599411713960308e+01,9.726255800853300215e+00
-1.189567895421163257e+01,1.471332310338615779e+00,1.307784462074682175e+01
-1.680566460671281348e+01,5.479280860877969950e+00,-2.594405697843914282e+00
8.530163197406768205e+00,-1.430296695566937792e+01,-6.811055949373504781e+00
7.154341457251879532e+00,-1.302490421446594837e+01,1.036850060578963628e+01
-1.149845347054165501e+01,2.356484111708489149e+00,1.397303813868615840e+01
1.216367044679444120e+01,-1.266356547789573384e+01,5.425247055542943286e+00
1.126874394713300020e+01,-1.457810112385902990e+01,-1.748238443166007849e+00
-4.189649217520450719e+00,-9.606538858738824516e+00,-1.541424976490428200e+01
2.515460972367722370e+00,-1.287140510004576477e+01,1.343063943378068892e+01
8.051755455296041308e-01,-6.152329650634310809e+00,-1.785771529156870230e+01
-9.630988988542695139e+00,9.915985685235344960e+00,1.309199881924954667e+01
2.184860572538381618e+00,3.175663096181336797e+00,-1.878250008180071262e+01
-1.165813343051103956e+01,1.538344877524742671e+01,-5.556321351359694294e-01
1.212947105724083130e+01,7.681117270625323457e+00,-1.311686559275133490e+01
-8.764274769236603646e+00,1.704594711279919750e+01,4.022246155082455310e+00
7.006050890699698996e+00,1.220889582293103004e+01,-1.381553316772954254e+01
-1.963902442600191023e+01,2.457416596639116602e+00,1.677304293532143831e+00
-1.274943329092981692e+01,1.426679353894888713e+01,5.836521202903777628e+00
-1.134116394491061186e+01,2.909350973456135581e+00,-1.639385019107820796e+01
4.318989409107726551e+00,2.663945939241255889e+00,-1.964344742455013915e+01
-1.740856784601925611e+01,6.994467713584827884e+00,8.092386521935109656e+00
-1.177970116758118913e+01,-8.879955494635037860e-01,-1.684792527916015459e+01
-1.383876179125285510e+01,-1.413766969819731756e+01,-6.167356420960362406e+00
-5.817721249242709725e+00,1.880311080650566424e+01,-6.937028612107956071e+00
7.145326430079674829e+00,5.464123359578247907e+00,1.899481668661382727e+01
2.776742517169985103e+00,1.423962955558696208e+01,-1.541154444004027901e+01
7.891268387269166240e+00,5.737613488527079753e+00,-1.895170435580285684e+01
-2.026657568484253957e+01,5.910004587339744653e+00,-3.892752003897885338e+00
3.130370410547612670e-01,-1.065303282684747721e+01,1.880899346269642081e+01
-1.452685966232271575e+01,5.784304639755069921e+00,-1.514977218967534789e+01
-1.743234466426515539e+01,-7.326148058733478408e+00,-1.109857020978260600e+01
-1.674488758347564055e+00,9.111939979153872216e+00,-2.004332923842670411e+01
-2.433859851584199152e+00,7.128649718471029573e+00,2.092249121792209010e+01
4.777554494613159619e+00,-1.652753597091940208e+01,-1.433634831705666812e+01
-1.557223934035417123e+01,1.630485187732959318e+01,-5.432708195657774963e-01
-1.071675520780877022e+01,1.948038903316529513e+01,4.639700490139022193e+00
1.548592419470554837e+01,-1.401360648468986625e+01,9.326922815150462398e+00
-1.900473732035872843e+01,-2.136478962718616703e+00,1.284019796907340627e+01
-9.062026758137452731e+00,2.105571289363599519e+01,-3.561683839818853503e+00
-2.750883688814786954e+00,-1.155819772279974345e+01,-2.011541161312960924e+01
-1.790453835843949548e+01,2.946483485350984477e+00,-1.497607590405308819e+01
-1.651470345833715925e+01,1.543591581212291786e+01,-7.098707161226764484e+00
-9.769531137493975947e+00,5.033099917124436162e-01,-2.176386798638041498e+01
-1.858803853929665095e+01,-5.140177936867700303e+00,-1.433552865331960824e+01
-7.373804363939856721e+00,-2.303449332889914203e+01,8.235396789435526221e-01
-1.976549761265697924e+00,-6.151270365952494323e+00,2.349904363104684890e+01
-1.109575671941603758e+01,-9.389035829983283676e+00,-1.977645863410715066e+01
-3.930316557775320963e+00,-1.043488358580120234e+01,-2.205881137995260843e+01
-1.048029279499748512e+01,-2.204895834667276588e+01,-4.857998681206345815e+00
-1.375805093702627069e+01,1.179509546687386612e+00,2.092148050418284910e+01
-1.599731600581330149e+01,1.754899421140709181e+00,-1.945004327413051470e+01
-1.280025605790562970e+01,-2.140096931015298853e+00,2.186119141997131265e+01
1.198218714758468195e+01,-2.262303343567690561e+01,-3.629515775909716302e-01
1.440196406521553563e+01,2.110858923369705664e+01,-3.437213566393129138e+00
-2.023296674311090726e+01,-1.168793756454934218e+01,1.132481073814674133e+01
-1.731269472746603455e+01,1.721693924145877475e+01,9.361703875554487908e+00
1.444021698983736357e+01,2.044729091415718614e+01,8.177960324865360064e+00
2.584817768509903857e+01,-4.445431330818097493e+00,-3.928620011986096561e+00
-9.944835227985817649e-01,2.500930227984378007e+01,-9.318927856653255404e+00
-9.167806470440810429e+00,9.511538711435486348e+00,2.342843886716386592e+01
-1.395668779498474166e+01,2.171908561937303261e+01,-8.194992689129694696e+00
-1.520496258587789207e+01,-1.956707408696755834e+01,-1.140197933360194504e+01
-1.302452921484558779e+01,-3.783169606757930126e+00,2.388855715213234276e+01
-1.745725629846925386e+01,9.832172651186883883e+00,1.907571322016099558e+01
1.806817406368714796e-01,-2.586712366556382747e+01,-1.034489427275719819e+01
-2.406410029151870944e+01,8.116471061116961039e+00,-1.192476218391986009e+01
-8.104834014506185014e+00,-2.667112881266444546e+01,-4.612611630826045861e+00
-1.217122126742601829e+01,9.398815394344477436e-01,2.570223169036760424e+01
-1.855008430887139426e+01,-5.970903648656092244e+00,-2.100814448850804084e+01
2.433516925586650004e+01,-1.380334758077799151e+01,-7.071153911970443851e+00
2.003581192691441615e+01,1.311118776230729033e+01,1.646802627572817812e+01
1.115993760757937103e+01,-5.578739771461203922e+00,-2.647322508724513668e+01
1.821339014228227526e+01,-1.310721935786245851e+01,1.910773514659677730e+01
-1.192087841976560192e+01,8.029520372760529767e+00,2.596838701804903593e+01
1.690737696213460239e+01,-2.171078201638038507e+01,1.167044026782089006e+01
2.499600939477914352e+01,1.573316500919653649e+01,-5.808501568898797984e+00
-1.316792703924237706e+01,2.081710940010317401e+01,-1.766801874529841498e+01
-1.554894003700202099e+01,-1.668848239378519693e+01,2.028903366286030518e+01
-2.000496509815636870e+00,-3.037724619742732202e+01,-4.282410436831844969e+00
-1.412398680463193168e+00,-1.416697213996029703e+01,-2.749190027528822355e+01
-1.008761710445944537e+01,2.693159832733680403e+01,-1.204179378916706611e+01
9.448653833734189433e+00,-1.448775436346277523e+01,2.620435933633726933e+01
-2.998368569932243588e+01,-1.003828633785041369e+01,1.040791982225229978e-01
-2.564693400164942183e+00,-2.914220213530899883e+00,-3.160514049049769270e+01
-9.158727741768720065e+00,7.378689641828671597e+00,-2.983258893649320243e+01
-1.444409963457276014e+00,-9.079729690031559386e+00,3.095708116305065971e+01
-1.262682932073082220e+01,-2.593161256021127414e+01,-1.502486750675482874e+01
-2.742388230991047138e+01,-8.558783444867621881e+00,1.572518469520952777e+01
-5.044295714770004935e+00,-3.220022292315590562e+01,5.048460226885032931e+00
-2.246274230781076753e+01,-1.616812428395865808e+01,-1.836300692393437473e+01
-3.317878652580940013e+01,-3.202468393611471509e+00,-2.776573310620609192e+00
1.018714636709442090e+01,-2.194158763996758310e+01,2.343971001028752710e+01
-2.960576865240612321e+01,1.644503605096864618e+01,1.935967054546567034e+00
1.275164821452846375e+01,2.991228036371571619e+01,-1.047012937590140780e+01
-2.091105892995480176e+01,-2.115841027410735720e+01,-1.727818062902740692e+01
1.365583305298044969e+01,3.179664278113508757e+01,-1.650580875125558178e+00
1.890394666773504184e+01,-1.193822589612641316e+01,2.678310746649976437e+01
-2.049337762617550496e+01,2.618450637376913193e+01,1.135035029395149309e+01
1.030066211445433089e+00,2.711754079453019628e+01,2.270418927007219878e+01
-2.426114491202755374e+01,1.918171247810409952e+01,-1.769384623562323711e+01
1.543317386805562030e+01,2.515798879458429127e+01,2.040752529191082232e+01
-2.544712174416704187e+01,2.504370025760586316e+01,-5.571854646698642277e+00
-1.859150293969485901e+01,5.550176028958973440e+00,3.078653946780524464e+01
-9.850659948573518676e+00,-8.886284366649849886e+00,3.416122474954686794e+01
-1.699794381705704893e+01,2.702149863201868740e+01,-1.851741921094934540e+01
-8.927111900756109719e+00,2.703832005254856696e+01,2.388483815305304958e+01
-1.402926217528031039e+01,3.469656547168244032e+01,-3.355149719999924729e-01
-1.896135273566464363e+01,1.143625770064124803e+00,3.255386145086517047e+01
-3.330799289550329778e+00,2.281484845740041933e+01,-3.015083188543069426e+01
-3.789234640350687755e+01,-4.842986561426375403e+00,1.331350186608545094e+00
-5.022317600355294509e+00,3.816119695799962130e+01,-4.649978741988982645e-01
-6.772459860204326887e+00,2.842905330139884157e+01,-2.546744436941824219e+01
3.594641618271676720e+01,1.319778888489075896e+01,7.588677648888405791e+00
-2.461893296742264070e+01,-1.534688136997421459e+01,2.653001785510203803e+01
-4.345111880972310381e+00,2.124645964914584439e+01,-3.312126379212007521e+01
3.092025529675898099e+01,2.216630967252981321e+01,1.191890731319765528e+01
-3.286842421794082725e+01,-1.445745750533913210e+01,-1.796069078400209662e+01
-1.577079380314036428e+01,-3.527416571184330962e+01,1.190545189073612242e+01
3.642028595473498220e-01,-1.761236210260677382e+01,3.670836961999024339e+01
-3.411001842411611307e+01,6.875165738170515795e+00,-2.169111851473654795e+01
-1.744046718296803533e+01,1.547315745272588750e+01,-3.407992366503730608e+01
-2.252079444413858056e+01,-2.082669836246672901e+01,-2.807473734082737948e+01
-2.616956621820732565e+01,1.101852940023017879e+01,3.077844373580494519e+01
1.211607658075855465e+00,-2.535135194739737230e+01,3.367774515673898605e+01
2.338481722208485181e+01,-3.064240831543189358e+01,1.782343190506058050e+01
2.462742103253690829e+01,3.290932511393742033e+01,1.180822793782312097e+01
-4.694265805450547058e-01,2.765094973939304879e+01,-3.301541719421506826e+01
-1.451882725815192998e+01,4.013822483056458879e+01,7.690857700144103859e+00
1.712087084152893368e+01,-3.200007735348308557e+01,-2.429963933279841015e+01
-9.073551049665166346e+00,2.250698600173365804e+01,-3.668325693346761085e+01
-5.291852137619159180e+00,-4.393046080813142140e+01,-1.999813025158989621e+00
-8.508845918386537477e+00,4.115459326385695249e+01,1.495010814496952811e+01
-1.174564010003173564e+01,-1.340430247889141313e+01,4.123203031471950908e+01
-4.151063637376524440e+01,-1.279971346349180372e+01,-1.261963350218836233e+01
7.358216839224282602e+00,4.244121763907864420e+01,-1.482319507548841386e+01
-3.143066301989184907e+01,-3.020720905395688760e+01,1.428563373873779518e+01
-1.202891236011967813e+01,-5.817225791560322712e+00,-4.422254546400208142e+01
-4.093537902623963021e+01,9.494449903995962003e+00,1.996157214621496578e+01
2.575282120517613649e+01,-3.376074868807877749e+01,1.979618129034641427e+01
-2.703906227963404518e+01,-2.512686267025378939e+01,-2.938393916655324389e+01
-3.514728201119592654e+01,-1.717808150617018370e+01,2.696119612059186466e+01
-3.160083972659992568e+01,-3.310684014871216618e+01,-1.394736542678786861e+01
-7.243937669895301745e+00,-3.812964825361149224e+01,2.855153754010517986e+01
1.397798606753540440e+01,4.480887204733617324e+01,-1.229233189475019117e+01
2.373535968816004527e+01,2.505131787602519822e+01,3.459237057903925461e+01
4.541644992750652143e+00,-3.887121154526929701e+01,-2.982760581055682536e+01
-1.887444822648292941e+01,-2.113531619539721973e+01,4.065129802985106267e+01
-1.453589278662410678e+01,1.574457661962967159e-01,4.773709054767928706e+01
4.536383806982503764e+00,1.304838158780986923e+01,-4.831633806578842183e+01
3.392169604989836529e+01,-1.743774487207792845e+01,3.325969372637716504e+01
-9.964124911589584244e+00,7.389530267635367800e+00,-4.942907062328315959e+01
-4.146314934051051893e+01,2.877459900787016167e+01,9.306950022839371783e+00
-3.710005557578217861e+01,2.424393955283556679e+01,-2.658554186823522869e+01
-3.565246705564987906e+01,2.612016922200587032e+01,-2.748308607047502861e+01
-1.812765253012392108e+01,-4.434743270600147014e+01,2.125121459989737005e+01
4.786977455352938193e+01,1.483573899853269573e+01,-1.655547811511999612e+01
2.541858706438633675e+01,2.452525109287557470e+01,3.971686816928060182e+01
-2.065237629018258758e+01,4.141888448766899700e+01,-2.688596570292379795e+01
-2.867468081382878609e+01,-4.036411579376215997e+01,-2.130351949909477938e+01
1.064184243836951893e+01,2.132687265121023401e+01,4.876744477062420913e+01
-8.911162649337319053e+00,5.310059365445739843e+01,-9.426162986268067812e+00
1.780730695049404133e+01,3.615903105626687619e+01,3.749040993848429082e+01
-3.684543745350186583e+01,4.141533500090247344e+01,-2.374298248569606251e-01
-1.581938277999874742e+01,-5.295962284537367282e+01,-7.827287785250190311e+00
-3.783847089460381508e+00,6.519399027421354020e+00,-5.570816822167324034e+01
-5.151335477857894318e+01,-2.343530182734847855e+01,1.406926119642563533e+00
-1.076666212029489866e+00,4.669462269415799227e+00,-5.680741127787010925e+01
3.388995184783664172e+01,2.611376031668696029e+01,-3.828121187536357439e+01
-3.723625291942288129e+01,1.008452612790775582e+01,4.306020891882718615e+01
-2.952734941612058961e+01,7.062181620315250541e+00,-4.967739183562832039e+01
-4.951761791721195749e+01,-2.989572633628196741e+01,-9.574001086059375609e+00
-1.521134992131939434e+01,1.975083529471595434e-01,-5.704812148131823335e+01
-4.180025922221756929e+01,4.085268512431328247e+01,1.090383748570258327e+01
-3.156605476409957944e+01,-5.029873759390203247e+01,7.654794477661027940e+00
-2.711814533083073542e+01,-5.384924974800475184e+01,-6.472940377877245410e-01
-4.843353752701412551e-01,5.148892036907779968e+00,6.049876719095475863e+01
2.526719929411483712e+00,-3.391025019616105141e+01,5.081900583235484703e+01
-6.005336291919841329e+01,8.758209540754927858e+00,1.041608007773029065e+01
-4.860293454478791242e-01,3.070860055584245529e+01,-5.386875061891976912e+01
2.121108166918045157e+01,2.875863118222455483e+01,5.120908374496436011e+01
-3.252088594108496267e+01,5.369609699472853492e+01,-3.669663677267370527e+00
-6.079555973393437540e+01,-2.166742419850312018e+00,-1.758781050137081081e+01
-5.379451162097468853e+01,3.109557567004045353e+01,1.434948230295495897e+01
-1.234975330676831540e+01,4.618994823771850333e-01,-6.301844666853083510e+01
-6.228337580447859523e+01,1.481324325178309387e+01,-9.141845955914392974e+00
-3.631638495424292756e+01,2.102015109439352258e+01,4.980448653304571849e+01
-5.667544061732999694e+01,1.141628073938749566e+01,3.096120041566933523e+01
-1.401330178306592877e+01,3.181557165736344572e+01,5.615239475880279940e+01
9.603114255243886177e+00,6.149289346364523823e+01,2.344386135988201048e+01
4.448549515407204780e+00,-3.374436760649717115e+01,-5.768119455950117924e+01
6.360627206862680127e-01,2.923540915654344730e+01,-6.077613343754351405e+01
-6.209410960259236845e+01,1.314507965311010551e+01,2.417707800795547257e+01
-7.962180166402934134e+00,1.831887878832898053e+01,6.541466715033010360e+01
-3.264938822936517226e+01,5.427465087236988950e+01,2.706114328521438495e+01
-5.649818777380547630e+01,4.023091906885235147e+01,5.931342988207572997e-01
3.478814263801086160e+00,-3.411332040265665455e+01,-6.085181154837398765e+01
-3.461072642876186478e+01,3.304608362932837196e+01,-5.155203753382193810e+01
-1.243954818437146415e+01,3.655553960823858972e+01,-5.938242199542653310e+01
-5.486775009728130925e+01,3.803333430573228213e+01,-2.512096085676182255e+01
2.130573221415125218e+01,-6.842383189410911370e+01,4.904423274475941064e+00
-7.025280517501872168e+01,1.491241111945828912e+01,-8.644232437906788746e+00
-2.694927047328850733e+01,7.186599127771869711e+00,-6.729356657634664884e+01
7.013291220430293293e+00,-7.071914880682220428e+01,1.818691252797769309e+01
-5.052488329284503976e+01,4.911809961359400489e+01,2.217347831522841517e+01
-4.929970341990734539e+01,-4.285664294600903190e+01,3.559208614739194587e+01
3.124035573500449914e+00,7.231739476172734271e+01,1.929770539093605208e+01
-5.477315552859020897e+01,6.486868188260692669e+00,5.146750568875480525e+01
-4.784134941687325693e+01,1.111154120814751423e+01,-5.795731389129151978e+01
-6.449851394924473347e+00,1.628620399572048782e+01,-7.447032052580557604e+01
1.819717272395723029e+01,-3.894785461164167373e+01,-6.393043622646084145e+01
-5.675335752132782829e+01,-4.724700472465951151e+01,-2.378265791746235536e+01
-1.369083789498172621e+01,-6.382250322503080753e+01,-4.292935094540578689e+01
-7.451242327821815081e+01,2.471023819912478459e+01,-5.198021338168167915e+00
-6.802124519674818259e+01,-2.667288432156429323e+01,3.063708966861574368e+01
4.586625871246192254e+00,-6.909652889670297782e+00,7.935148783354229352e+01
-5.979480836330500892e+01,3.348748115718536411e+01,4.193243389411749433e+01
-2.150312559828709169e+01,6.519186072330509774e+01,-4.282265258655367290e+01
4.152502279215541137e+01,5.031121651648188475e+01,4.881455031081738127e+01
-7.753796929893772472e+01,2.335270927287969300e+01,1.320919305712567926e+01
-3.948090970594526539e+01,-7.247534609623239987e+01,-3.928023645775856831e+00
-6.128478522223350211e+01,5.035783245431053246e+01,-2.512618892173522056e+01
-4.690664884814830771e+01,-1.254819253841908200e+01,6.828571542250877258e+01
-5.044659322424212178e+01,-1.695523026119182575e+01,-6.547696140202836546e+01
-6.700158193136148554e+01,3.292570416400671007e+01,-4.057820598896653763e+01
1.692696638564644829e+01,5.727121246335698146e+01,6.127916849630753404e+01
-1.244921256260502496e+01,-7.428010123023980782e+01,4.186062167492258368e+01
-7.259059256523278236e+01,3.864646783686939102e+01,-2.768598681355201307e+01
-2.822702595056251695e+01,2.465244091979231911e+01,-7.893700980845872550e+01
-6.582062293991904767e+01,-5.731780925998869236e+01,1.120127998922609081e+01
3.788885667087765086e+01,-2.640314161647951963e+01,-7.562785244222746428e+01
-9.972139373568634113e+00,2.618993650878622503e+01,-8.472043163380413944e+01
1.145222445270239575e+01,-8.383181685318129439e+01,3.026850430868807607e+01
-5.126074069217894191e+01,-1.192728881541020947e+01,7.361362559917883175e+01
-5.735814775068892146e+01,3.033906442726972941e+01,6.398324057804870790e+01
8.793977181654102360e-01,-8.239173585999321858e+01,-4.039931337531083244e+01
1.148668537919297883e+01,8.095016152974436352e+01,-4.307034722025692730e+01
-4.920805001448707472e+00,-7.810958860183478691e+01,-5.034805087413196389e+01
-6.042857554405337339e+01,-7.139610010812189955e+01,-5.765982811046048262e+00
-7.715463630984727317e+00,4.560053015965721102e+01,-8.226212112295380052e+01
9.617898605652719368e+00,-7.549967349448988330e+01,-5.691010915881022214e+01
-7.455368290524157260e+01,-5.896593804407534556e+00,-5.971332448995001840e+01
-8.709288796266883992e+01,3.925833474795052069e+01,-1.270205826508759195e+01
-9.152342827781158974e+01,2.670896845163036915e+01,1.812916219875138779e+01
3.738043352605185277e+01,1.426331965036210292e+01,8.916568025713621637e+01
2.129896271868022950e+01,7.628509746230467670e+01,5.841871978764564233e+01
-8.006868365595984471e+01,-5.757821051342004637e+01,-9.798395335063718292e+00
3.734937602203079621e+01,8.520422515594373181e+01,-3.613697734793143468e+01
-7.627980524790810080e+01,-1.653268790956026990e+01,6.331658033164733013e+01
-7.255301254977965186e+01,-8.515121993693485214e-01,-7.055882682502254966e+01
-9.898676169935032476e+01,-1.343905431483797308e+01,-2.021169021722056769e+01
-5.152092582601373039e+01,-5.596705059044904118e+01,6.889920134770602544e+01
-2.837915132158044074e+01,7.470751585222923552e+01,6.554084867139533799e+01
-8.571058536207776513e+01,3.192945812093935132e+01,-4.966749750688908449e+01
-5.179773394785272700e+01,-9.049079979303263599e+01,1.066043649318691777e+01
1.525589090192756991e+01,7.874049832141628258e+01,-6.860869716508112504e+01
1.777957248325538586e+01,7.481618877813004076e+01,-7.337090549904115733e+01
-9.846316397441654544e+01,2.715388805857836374e+01,3.199449488372967920e+01
7.435313015691887983e+01,-7.594489744538627463e+01,1.792512229790875367e+01
-7.288299642325108607e+01,-6.052110343590083374e+01,-5.297366977853894809e+01
-5.893792562127311641e+01,8.069394772280665507e+01,-4.429078720582830897e+01
-1.069636533761923118e+02,1.053338328307946270e+01,2.372649038049776138e+01
-6.696970551767071811e+01,-7.876925586849709759e+01,-3.995256127226819842e+01
-4.606910154781706268e+01,-8.933132694098996351e-01,-1.016641880996939449e+02
4.397983224159022342e+01,-2.297323826947986092e+01,1.008574689868680849e+02
-2.245251194316347210e+01,-3.045531144305385141e+01,1.066794662723839053e+02
4.720893204618840144e+01,-6.338300284114731653e+01,-8.213701956802394477e+01
-2.427143713251511770e+01,-6.037146508638256392e+01,-9.456071364940322610e+01
-5.993151300193253661e+01,9.413372624516553344e+01,-3.013537801096889623e+01
1.080824318660241374e+02,-4.293529174523531111e+01,-4.897457700435372985e+00
-1.029560352731844119e+01,-9.825146920478789525e+01,6.309265712625445133e+01
5.183970449612979792e+01,9.883917493469127180e+01,3.843147400461371888e+01
-5.574590343992371544e+01,6.100825866583900847e+01,-8.544065586772100573e+01
2.341628525036340847e+01,-1.064534848489974053e+02,4.947742548618481351e+01
-6.840443359166850712e+01,-4.612611475888465407e+01,8.788435449748487827e+01
5.702738047188540271e+00,1.137501717157946075e+02,-4.199312390314771193e+01
-4.950144864181613968e+01,9.560851925055979450e+01,-5.788904431912418858e+01
1.343985614399385131e+00,6.442723461362916737e+01,-1.048820581344888154e+02
-1.701429747067308895e+01,-1.164977053017930899e+02,-3.879530995660241643e+01
6.013851521688853552e+01,1.012823376006779625e+02,-4.132653851955193147e+01
-1.139267942047953142e+02,-5.269725234722616136e+01,-6.761823249503894573e+00
-8.958139144544301757e+01,-7.114986752208042731e+01,-5.419774301620120127e+01
5.869698555967210041e+01,1.076287728909588424e+02,-3.494070705449338021e+01
-1.186049795844003718e+01,1.114974420704451461e+02,6.250265323377593774e+01
-1.038256387628753714e+02,-4.162141318260339062e+01,-6.479842870671839705e+01
2.405946751000471551e+01,-1.117238376324541775e+02,6.233089326510861383e+01
-8.886626594074161289e+01,-5.481466063942289857e+00,9.621609140932794446e+01
-8.090592246168635882e+01,-8.423370343068492616e+01,6.152762421493151379e+01
-3.329139914517080001e+01,8.906236033609586045e+00,1.283917289800280912e+02
-9.645475814330907838e+01,-3.307370271408561280e+01,-8.673797226295253893e+01
-8.180253620755422617e+00,-1.286673114438813172e+02,-3.938227384585841406e+01
2.289802092669060229e+01,9.462715702013430530e+01,9.460644032746010623e+01
1.349246031783620481e+02,2.114413860332221162e+01,-6.059027456416631097e+00
4.420951323975594427e+00,1.302041639195230402e+02,4.448430216338239518e+01
-1.122712198935513612e+02,-7.123042951788194443e+01,-3.923912653228514813e+01
-6.749671055377774564e+01,-3.261535464973707832e+01,-1.177679192223335178e+02
-6.763359428653514271e+01,2.753918226237924216e+01,-1.201269569290660115e+02
-1.167358817167744860e+02,1.372959128658039774e+01,7.890267213627330989e+01
-1.039135101231706955e+02,-3.933488072865172569e+01,8.932113940826860699e+01
-3.791467248838240778e+01,-1.293550835743575362e+02,-4.938968748983976553e+01
6.081025334037830987e+01,-7.408854113501838867e+01,-1.082252791830511711e+02
-5.756230513545627758e+01,8.210382684185779567e+01,1.055435524662472062e+02
-1.189555426612680975e+02,3.030576673585417424e+01,-8.014589690018951273e+01
-6.636699311681691427e+01,5.914389125188098006e+00,-1.317390985148734615e+02
-7.170704796176664786e+01,-1.027396895649312497e-01,1.302290821263579801e+02
-3.357588109491022266e+00,-1.397063551167371145e+02,5.369802569365865708e+01
-1.331121674431517192e+02,-1.073271786913608672e+01,-6.995744332878734895e+01
-2.498185493847735827e+01,1.415185778580066369e+02,4.895290901146926643e+01
-1.026585859214895322e+02,-1.128444015761740928e+02,9.987354101417857066e+00
-1.777235615004088842e+01,-8.963561596465041248e+01,-1.238989783616731017e+02
-6.999578685220249952e+01,1.270412768745018042e+02,-5.473621442893291089e+01
-8.759687323828376293e+01,9.396457558971141566e+01,8.871685061286393648e+01
-1.457160364852826433e+02,-4.874834638611977056e+01,3.326725331139255815e+01
-1.088970733741327450e+02,-1.131173072240958106e+02,2.024951491377472124e+01
-7.255451976683642101e+01,1.039573504995761510e+02,-9.667269417991565206e+01
2.138484783386364896e+01,6.554271960296721034e+01,1.449877868983116684e+02
-1.355519506647029289e+02,-6.723856917838338632e+01,-5.693866665568030783e+01
-1.265939297778232060e+02,3.593736067690430502e+01,-9.585250640100102260e+01
-2.569131498960546622e+01,1.303956240629423746e+02,-9.599574164298530832e+01
-9.610111449543815354e+01,1.180472496280227830e+02,6.392134551346106264e+01
2.212593217561387249e+01,1.407082509292582984e+01,-1.641723527881713380e+02
9.129711532080212066e+01,4.913078149989459575e+01,-1.314537737416501670e+02
-6.829525431911898181e+01,-1.504093544102081239e+02,-3.370951597602810068e+01
-4.380132020830139084e+01,-1.294449881614473554e+02,1.007421923238619428e+02
1.150385583068664488e+02,1.232332304769810634e+02,-2.844079795421001933e+01
-9.843642875155354943e+01,-1.001446575864393367e+02,-9.960837019428129224e+01
-1.421701707933379737e+02,-9.509109314465577256e+01,2.833643955347049470e+01
-1.259189903571929534e+02,1.079719303694887600e+02,-5.447091085443878455e+01
1.267423126694307172e+02,9.370013365036865594e+01,-7.788589210846173216e+01
9.659538085218709114e+01,1.480443364843508220e+02,-9.834167989237222685e+00
-3.298412103060660883e+01,-1.412864751185723264e+02,-1.036135291605258573e+02
-9.452403561936729659e+01,-6.380298075091327803e+01,1.386623685551323604e+02
-3.815286553898815924e+01,1.442364689463578031e+02,-1.021109117356145930e+02
-3.382038480255822321e+01,-2.714825224704060602e+01,-1.768206521331277941e+02
-1.025637564762237908e+01,1.006876730692673760e+02,-1.528712102429892354e+02
-1.031754181230051870e+02,-1.327772199840681822e+02,-7.622878825918726875e+01
-9.581098101649138243e+01,-1.110872746628954388e+02,-1.142159673474948534e+02
-1.799102161857630122e+01,-3.711347647499108504e+00,-1.863178364886029783e+02
2.878484393860841095e+01,-1.566361748099362501e+02,1.009036241673703529e+02
-1.146574100208565170e+02,-6.239238724769348465e+01,-1.378623099589900676e+02
-1.864511917778666117e+01,-1.854310342003527694e+02,4.266169976562273547e+01
-6.508830269145137493e+01,1.682561253997459403e+02,-6.723118308359720174e+01
-5.643150278748480986e+01,-1.530616743201579766e+02,-1.047654415003025861e+02
-1.725239086326734537e+02,-8.238203923100238057e+01,3.956979077449263826e+01
-9.756533688391817805e+01,-1.127449281473335247e+02,-1.281521375391843378e+02
-8.559052406728112317e+01,-1.760025540185069701e+02,2.990995118806371167e+01
-7.537292276410036607e+01,3.109657725849717735e+01,-1.819359030145330394e+02
-2.565540026104213922e+01,2.336665094149790178e+01,-1.977468277754901180e+02
1.878832449720060254e+02,1.943198946840964325e+01,7.209310888508696280e+01
-1.503118149220218243e+02,9.294690326034614714e+01,-1.010814663327761593e+02
-1.480914255158239143e+02,-1.236173748427980286e+02,6.943407988702499267e+01
-3.037929719426539066e+01,-1.371729126557847245e+01,2.037492023855176342e+02
-8.041450707709257983e+01,-1.790472174841835908e+02,6.855731895887856808e+01
-9.301988597835791950e+01,-8.661358908524010758e+01,-1.663671431777509042e+02
1.152509523531870599e+02,-4.606818123018431521e+01,1.704237817294841193e+02
-8.051489833201878810e+01,-1.964437476786753791e+02,-1.373511104684122186e+00
1.150274393789053278e+02,8.755802351263520222e+01,-1.575154339784896536e+02
-2.069260862107381627e+02,-5.128359670143865401e+01,3.005803409522199132e+01
-1.094226294996180116e+02,1.189773146533539148e+02,-1.444821558575654308e+02
-4.674128533491570892e+01,1.228559915371222075e+02,1.743185078499953704e+02
-5.721959596487136679e+01,-1.765829779940541755e+02,1.178143896765577523e+02
-1.147661619689344974e+02,7.697646848055869384e+01,-1.729717231006125644e+02
-9.245716878898448954e+01,1.906076477496452242e+02,-6.946818323777013404e+01
-1.855883086347368760e+02,-9.028044710459225541e+01,8.838051007547890947e+01
-7.390260917154475351e+01,-2.090218466076122468e+02,-4.429514786804872983e+01
-1.693263165309746796e+02,1.512004999253962580e+02,-1.731646276718337418e+01
9.170532055857307796e+01,-1.214556087017755317e+02,1.714663134718445292e+02
-1.773252554821161198e+02,6.891727876344465642e+01,1.307960901044049535e+02
1.408634225271468381e+02,1.817679105941855937e+02,-3.419359055907322897e+01
-7.024909745840648156e+01,8.719166364491829313e+01,-2.056072073074471405e+02
-7.753229766060967165e+01,1.894200531436915469e+02,1.170106393825926148e+02
1.950153081028382758e+02,1.249571085462596756e+02,5.214741790925945963e+01
2.030582875590355840e+01,-1.565734370563233426e+02,-1.795269547809602386e+02
-2.055147207489252992e+01,1.107340234430450465e+02,2.127842790885650857e+02
-1.164776816567275262e+02,1.937129868131461023e+02,-8.766476330397540551e+01
1.879468842738732519e+02,1.532341780121218164e+02,2.826565843808283418e+01
-1.193146378678386270e+02,1.456281703296900218e+02,1.581093924801236028e+02
2.205185751525061448e+02,1.113560115411435447e+02,-1.624027723607242990e+01
1.004724705573998307e+02,2.061402673089361883e+02,9.780592997129242860e+01
9.599551301976933360e+01,7.270103977665802120e+01,-2.202912769004852578e+02
-5.587623696234609838e+01,-4.299876472829661367e+01,-2.427846176512881300e+02
-1.723661918747940192e+01,2.509396269366726813e+02,3.932782597436677463e+01
-1.966403618917462950e+02,1.444791056498195019e+02,-7.864177665954454710e+01
-1.993775713773115967e+02,1.189870984581594229e+02,-1.128775583869935843e+02
-1.257125194066820484e+02,4.432871934850594897e+01,2.232028899033626033e+02
-2.253752735277469696e+02,-1.315788554753144624e+01,1.325584941552899636e+02
-1.245383524965541078e+01,-2.389435214669437926e+02,1.106971338034647090e+02
-1.445702375064165501e+01,7.846078432647382783e+01,2.532103386226800126e+02
-1.289948317717553437e+02,-7.943988012009531019e+01,2.202761341907304597e+02
-6.771255083987358425e+00,-1.753151395435472182e+01,2.685591764162637105e+02
-1.499963703387527687e+02,-2.243409674520148087e+02,2.586284700262680047e+01
9.486237340520732531e+00,1.829534407954977269e+02,-2.024067255336949813e+02
-1.765090734595036110e+02,-1.380275502302908706e+02,1.592848838188295986e+02
-2.139487513748824767e+02,1.536747281216086378e+02,8.515737782603538619e+01
3.315636437444831586e+01,4.472144344803538729e+01,2.731673483011607573e+02
-6.474323191904211683e+01,2.430484940757337426e+02,-1.246941622110498145e+02
1.105713513110201660e+02,-1.582665933028160907e+02,-2.065116447011589571e+02
3.310838765937689487e+01,2.393911892658375393e+02,1.504698724154145282e+02
1.571215681038651155e+02,2.348580957803040121e+02,-4.837222694572130877e+01
-1.951634948475119984e+02,-1.685837224639334977e+02,1.297383697291540443e+02
6.022377829313934505e+00,2.801374091422445076e+02,7.746122214356698521e+01
9.028097120815937160e+01,2.250445514399285116e+02,1.640317827642373629e+02
3.605374598017034060e+01,1.452731774841385572e+02,-2.539750455587174542e+02
-7.275805821122311556e+01,2.874828920369686784e+02,-1.377145746466667120e+01
-1.158274735381033196e+02,-2.754278890871507883e+02,-9.631646825940844536e+00
2.870380702234949410e+01,2.783516285997545197e+02,-1.110075468143877515e+02
-1.989653676497914958e+01,-2.999536275451388860e+02,-3.915037376868163932e+01
-2.723622066654130549e+02,6.092947167525261420e+01,1.236921138972640648e+02
-1.692142096078927409e+02,-2.498384764448856004e+02,-5.874757550377687210e+01
-2.601242069493748659e+02,4.280600999341996271e+01,-1.622841304093998076e+02
-3.359081558999708506e+01,2.783684099607968960e+02,-1.362482042136626603e+02
-3.651474238721512222e+01,5.558887571191256427e+01,3.067966384519800727e+02
-9.843177254355737205e+01,-1.989088691197989434e+01,2.997484264240819130e+02
-7.746541604674530568e+00,1.880869511210645726e+02,-2.567144486804154440e+02
1.587865551201864776e+02,-2.684135706083728792e+02,-7.419703103843539793e+01
8.409990990654565124e+00,-1.890760080111304262e+02,2.615128710885671808e+02
2.347428168777275062e+02,1.418272361647039190e+02,1.745160199394586300e+02
-1.460918801822903390e+02,-3.258228555802211446e+01,-2.911300505085293366e+02
-2.622300102278645113e+02,4.126239943735382099e+01,1.954508400673036022e+02
-1.557514476680927373e+02,-1.418520204662873709e+02,2.565461316816857220e+02
6.237673373548432210e+01,3.170899200311095569e+02,8.549426214354011222e+01
-8.933245942294853137e+00,2.297289452820578504e+02,-2.458911435659363747e+02
1.649545849363278194e+02,-2.134487402670354186e+02,-2.052823927838160216e+02
-2.867498047749029411e+01,-1.533656866269026864e+02,3.036180991533909150e+02
