-0.000000000000000000e+00,0.000000000000000000e+00,0.000000000000000000e+00
-1.636690905020995969e-03,3.581026635712335595e-04,-1.910546167891763372e-03
1.319030363151271973e-03,9.192886050278911616e-04,3.218288008189475278e-03
2.702355892319631414e-03,-3.430709818184045357e-03,6.109050887727899204e-04
-4.903269460121130463e-03,1.078531254328721472e-03,8.709813990215628087e-04
-2.758698258325482933e-03,1.769362077065818372e-03,4.664100421911640190e-03
-2.540501776589297774e-03,7.579315614225780144e-04,-5.657635342513691289e-03
-6.269227747559702121e-03,-1.044589994638102847e-03,-2.279481231330246927e-03
-2.528724966123973347e-03,6.216346291802948322e-03,2.667535716847113311e-03
-1.521476750702623884e-03,6.069716169194563915e-03,4.423646327982612252e-03
4.897111082297398929e-03,-3.743645328634041727e-03,-5.225787954466446818e-03
-7.131869371212093064e-03,-1.931556584647673444e-03,-4.159270317892429895e-03
-4.771847827959196063e-03,6.873086469302062095e-03,2.912135524000270415e-03
-7.883127644293377520e-03,1.120185209773337091e-05,4.790668357113592700e-03
-4.857007886258609027e-03,-5.907020394844768665e-03,5.763850607755781515e-03
-9.082241545516256745e-03,1.268512990231122212e-03,3.771883233500080996e-03
8.614796509210375123e-04,-5.134072305926723565e-04,1.019521131421786270e-02
-4.337814244319503597e-04,-2.533622389542817405e-03,1.024558144800150929e-02
-3.912222961850909606e-03,1.011311159981139254e-02,7.977200098213888457e-04
-8.608984928192483024e-03,3.043241179675808868e-03,-6.440858545358717213e-03
-3.038958256640511817e-03,-1.100672000578334364e-02,-1.061664952357075503e-03
1.844601733176172952e-03,8.900406652636669996e-03,-7.452919777015506314e-03
-5.531355757374950034e-03,7.631617279197944539e-03,-7.482618205577413507e-03
5.424400275304054088e-04,-8.878829903748714295e-03,-8.506822576821134949e-03
-2.700422163458317260e-03,-4.800829466206331733e-03,-1.130601285436543674e-02
7.869659656405644452e-03,-1.008746880716084211e-02,-1.074800488278679312e-03
-1.995114540315207161e-03,9.742710176020625071e-03,-8.522076575229910536e-03
4.002128291400215351e-03,6.089334085788699995e-03,1.118560425962942043e-02
-4.138406451705550423e-03,8.541070114505618094e-03,9.738153097595075511e-03
-1.263627239856526113e-02,-4.449333372157721067e-03,-3.483383188880208835e-03
-4.622951924746183418e-03,1.309335502363244939e-02,-2.345495200675930259e-03
-8.390193842929034515e-03,2.544336958774825498e-03,-1.132023675927658520e-02
-8.163538785331669184e-03,2.285234650805425746e-03,-1.182639247419786134e-02
-1.403513527698215836e-02,4.285165517595780106e-03,-1.760344975441161712e-03
-1.282880994328273495e-02,-1.929871614602425263e-03,-7.540921592209805409e-03
1.060732597203915828e-02,7.774248635819277532e-03,7.677261767904536294e-03
-6.375423485915347743e-03,-1.340317522562024626e-02,-4.281864538548209309e-03
1.209331178374883735e-02,4.699858101217388104e-03,-8.776328311157424386e-03
4.559946016363074575e-03,1.465065902833297996e-02,4.082322276393489033e-03
6.147159489041384775e-03,9.621809944334131989e-03,-1.133479238665506192e-02
-8.499020930703102619e-03,7.084958723458733600e-03,1.196504937695964943e-02
6.351569671282791558e-04,5.993718621199266815e-03,-1.536283535784648165e-02
-8.435612625166203846e-03,-1.416416160072754386e-02,-2.705216015125903005e-03
-1.579324904772864621e-02,1.703162026436012052e-03,5.790891362298367789e-03
8.071897520931528569e-03,-1.376478133193774836e-02,-6.164564590663081795e-03
-7.641764228452698274e-03,1.070729285790626359e-02,-1.124067205933987519e-02
-1.458372350040570802e-02,4.328629747490864849e-03,8.645579191807526917e-03
-5.366816933279086555e-04,1.290022375087496176e-02,1.209300968865748352e-02
5.664589838063458296e-03,-1.695833101102795989e-02,-2.292387944885538470e-04
-6.524163559607345196e-03,-1.617048751767022688e-02,4.739214496595188855e-03
-1.754209734354925457e-02,4.075352056990103576e-03,2.994000382366461110e-03
-1.080572748994363189e-02,1.433439777039020695e-02,4.225046092784285126e-03
9.051494338405548581e-03,-1.599042703040455538e-02,-3.043366968871071519e-03
-1.224423801068316893e-02,1.275535289279614883e-02,6.408152196272217521e-03
-4.408638327590774265e-03,1.774480913735531837e-02,-5.116018542584391433e-03
-1.174627733557902579e-02,-1.512170108586224915e-02,-8.086987662255554991e-04
1.492883688057952858e-02,1.193374724810698263e-02,2.969952734627359908e-03
1.824495209070668960e-03,-1.744739589486845460e-02,-8.554457461412189392e-03
-1.824643928652238886e-02,-7.388132199154243823e-03,-4.687711172491647381e-04
-1.657855493933986513e-02,-6.353990834573055094e-03,8.907078991520274436e-03
2.461411809242042888e-03,1.564751232074454435e-02,-1.226699942839474221e-02
7.186171120688566658e-03,-1.292043883972888649e-02,1.377068051559291600e-02
6.692713022084323393e-03,1.423577014126492860e-02,1.294575273107387466e-02
6.497042370113314852e-05,-1.047842880676714758e-02,-1.766565187808326332e-02
7.737779835095485569e-04,-1.440446893189129864e-02,1.485354404964190668e-02
-1.848899048160814601e-02,-4.505647647674200507e-03,8.568157549088862776e-03
5.465195855215358549e-04,1.800677727009238061e-02,-1.085630294664104850e-02
-1.741305967100901381e-02,1.194667827298537960e-02,-1.820060296644311409e-03
1.522160279273812762e-02,-1.169063657928757528e-02,-9.366635314293322162e-03
-3.925117200459081294e-03,-1.963181430304399705e-02,-7.883051519711579622e-03
1.479496608365354557e-02,1.492860722504730023e-02,5.297262815012778250e-03
6.944716100419674396e-03,9.790491936907851772e-03,-1.823715892965178942e-02
-1.389007387375563486e-02,-1.579702935011632892e-02,-6.407901410255451707e-03
-1.193502576166978815e-02,1.854254264902123125e-02,2.034383911430887211e-03
-1.319112315822728622e-02,1.797347426877539053e-02,-4.785068212338145291e-04
-7.247960140847943891e-03,1.556187924083153769e-02,-1.447237446530701827e-02
-1.889287806725722940e-02,5.489371969086980635e-03,1.113364095702705329e-02
-2.642730871903738697e-03,5.804368126685810134e-03,-2.184577297564777032e-02
8.250751872264233677e-03,-1.772756646567852021e-02,-1.193542513055165927e-02
9.871194136572154429e-03,-6.756794921395666356e-03,1.971263495395968526e-02
1.599053457647334978e-03,1.850899321771304687e-02,-1.390800510597903390e-02
-8.945779763873390814e-03,1.557847835190546287e-02,1.492478462429673580e-02
3.150473806624298594e-03,-2.212116648717300099e-02,-7.286242651039319743e-03
-1.451908594069361604e-02,4.367296902969180876e-03,1.814889925855602687e-02
-1.379498716606980535e-02,1.446645291359234010e-02,1.290664496028036574e-02
-2.235445114936806393e-02,8.552134092821005520e-03,4.534904989267602815e-04
-2.672954310307474983e-03,1.854565504204404996e-02,1.512903742157175810e-02
1.643169601693224291e-02,-3.994729105798687334e-03,1.734721903625162029e-02
-2.189444680050352948e-02,-1.056254347941118499e-02,1.692317364308161152e-03
-2.462550062339343739e-03,1.359943377295983087e-02,-2.024119345769086545e-02
2.190224721683067116e-02,9.316305298960254541e-03,6.413432557804513677e-03
-2.415595587432297492e-02,-4.755563467682803053e-03,-2.903582198187286065e-03
-2.293404467024682744e-02,5.787784337946106673e-03,7.874814404408706989e-03
-1.289581872642919617e-02,-2.124331239042841213e-02,3.290744530412620470e-03
-1.982734578229581777e-04,-1.900131194927835721e-02,-1.656053224583589265e-02
-2.343669773931075437e-02,-4.918672878255777800e-03,-8.294688663191827557e-03
1.773759259565653446e-02,-8.126098426074809117e-03,1.638764621308096137e-02
-3.733706334118476640e-03,2.114240097985021008e-02,1.397169349891895680e-02
-2.051885101835284123e-02,-1.407302667904115380e-02,6.634656867048866792e-03
1.541173433516643612e-02,1.439169562116600527e-02,-1.501313999029398397e-02
1.149253445564425193e-02,2.074636034305455540e-02,1.070021103116809182e-02
1.403151504771747195e-02,-1.818568020039245878e-02,-1.250329171365043880e-02
-2.224814963593029979e-02,-1.351737799919575968e-02,3.631552745701581777e-03
-1.998976699339457402e-02,-1.367098825847832926e-02,-1.055257581415057835e-02
-1.945712565940994204e-02,1.768525640375743710e-02,3.668003473178262173e-03
4.861769188812638427e-03,-2.351265184350284296e-02,1.163107655433231503e-02
-3.583080507923417941e-03,1.910333193127259147e-02,-1.846487413447275155e-02
-1.235598022656937689e-02,-2.354045324107934684e-02,4.344046388129931685e-03
-8.365077180872965536e-04,2.085653489812823794e-02,-1.723277550519345530e-02
1.236330781400216301e-02,-1.472399678756982667e-02,-1.923506409224826075e-02
-3.571048693158559040e-03,-2.612997699228674850e-02,-7.147152829142046186e-03
6.575753984459431663e-03,-8.037133072733454800e-03,-2.541163231664298611e-02
8.898891219885669487e-03,-2.506306244446732806e-02,-7.295171947781438869e-03
-2.691254719943036739e-03,2.125580226892720762e-02,1.756409276337219522e-02
-1.842658050367534592e-02,-1.506417065777318660e-02,1.442449856295105817e-02
-2.582307873580236973e-02,-2.933030616195023057e-03,1.029990127427109388e-02
-2.771477110228678237e-03,-2.780633222116101963e-02,2.763882580095703735e-03
-3.315917807267362589e-03,2.793729619139193737e-02,2.004293494187773042e-03
6.935788180816588287e-03,-9.159365006380187219e-03,-2.589403624815075911e-02
-7.199372042479563159e-03,-2.208968978551767090e-02,1.642293902095992228e-02
7.968979153792051309e-03,1.460011081687405572e-02,2.323426171394445475e-02
1.997378750477420833e-03,-7.906841602875832112e-03,-2.751352353278580659e-02
1.000717114213872834e-02,1.307703054479314800e-02,2.365068863432006480e-02
2.120251092680747532e-02,-1.285180271267757912e-02,-1.492647894983971553e-02
-1.332116474871362574e-02,-8.599539582074081437e-03,-2.435405967414122630e-02
-1.852166734931986677e-02,-2.101775581737641563e-02,8.169481965125725137e-03
-2.520835984593228912e-02,1.039973683272368658e-02,1.072093089230372054e-02
-2.348124865289988664e-02,-1.188340073116648903e-02,1.315249271513395726e-02
-2.696826660673380324e-02,-8.644429929108490146e-03,8.401136696020968311e-03
1.901482121021891986e-02,1.746128107225519352e-02,-1.459985624023953099e-02
-1.685674793077497277e-02,-1.435218096223406410e-02,-1.991245600198036231e-02
-1.628280190880427442e-02,2.107448183642371062e-02,-1.357959401358908857e-02
-2.320542658231013189e-02,-1.306753008192336821e-02,1.383643356100577870e-02
-2.696221046152826040e-02,7.426984834620779796e-03,1.120762308778324584e-02
-6.623804890724383637e-03,-2.796400859902584829e-02,9.429006458371943025e-03
-1.398014878090761415e-02,-2.588242297728459915e-02,-7.513968172294466230e-03
-8.662016433347005662e-03,-1.673306880099028129e-02,2.395449740861050822e-02
-2.088910326879682769e-02,-2.148900865932557719e-02,6.144447360648318431e-03
-2.231826107985183938e-02,-1.758978788953892772e-02,-1.163724899683452919e-02
-1.753239205599738115e-02,-4.857583043709198106e-03,-2.487965106462255646e-02
-1.098905699129781692e-03,9.975676061109330431e-03,2.926270255349001231e-02
-2.450273421793252790e-02,-1.631008713374428043e-02,-9.883138664163211920e-03
-2.138230587463089277e-02,1.848221239204420399e-02,-1.312776249535112065e-02
3.845740627142248992e-03,-2.544963418842890318e-02,-1.776840885657757566e-02
-6.982805403886376515e-03,2.560662142181287584e-02,-1.675679195870609026e-02
-2.552607189871978349e-02,6.029583725344642674e-03,1.744630822958785632e-02
1.227609841323103537e-02,-7.921408929789803752e-03,-2.803429976763845838e-02
-1.256862218483077026e-02,1.193870066636743867e-02,-2.656946224442613413e-02
-4.246250958146196956e-03,2.146813158110074185e-02,-2.312133207340594243e-02
-2.414914186018664657e-02,1.990278860359093877e-02,-6.424620175667580119e-03
-1.124782168473851575e-02,-1.016397450910925052e-02,2.824589311782109771e-02
-1.417454644218575296e-02,2.461575903323462780e-02,-1.509542873662604763e-02
-1.963843583008026764e-02,2.292764636062181657e-02,1.142180642299281922e-02
-5.509920748558749456e-03,3.640297456817893646e-03,3.170601260776577390e-02
-1.645364252882692288e-03,-1.423141037093541726e-03,3.242270384225106467e-02
1.814245649220888948e-02,2.058339151803190159e-02,-1.761316028144762139e-02
1.910243601064819802e-02,-2.542261272236256281e-02,-7.676098124347793469e-03
6.865039717979987827e-03,-2.333164391313286706e-02,2.203926057713753370e-02
-8.029824658555541339e-03,-2.594099237355172033e-02,-1.862527499206652684e-02
-2.196181314968391474e-02,1.449292371132385356e-02,1.997601904418597543e-02
-3.232730258099840437e-02,-3.426537950625173964e-03,-6.458100450339975852e-03
-2.882834418469028270e-02,-1.638706560943522031e-02,2.447649641595695501e-03
-1.048918749003531492e-02,2.997647641378444264e-02,1.020234685305853109e-02
1.279685435066107643e-02,-1.769812577959786748e-02,-2.535387324595044303e-02
-1.185964092210121251e-02,-2.837331864417279303e-02,-1.346142645943505453e-02
2.503049213114261207e-02,-1.771139269620717119e-02,1.392098144042129212e-02
-3.297405094277114368e-02,2.562630285728850505e-03,-6.875042721142009434e-03
-2.480381202363441187e-02,2.936047907852607115e-03,-2.289940021238574125e-02
-2.426827776093583387e-03,-7.801959203146172431e-03,-3.299371268219637027e-02
-1.933558659210376715e-02,1.258344107689876069e-02,2.510482733625274757e-02
-1.454670223055340439e-02,-4.596109125432410250e-03,3.060795660340294086e-02
2.026226359121799728e-02,-1.146227312696884368e-02,2.519432831301882114e-02
-3.405160063425047984e-02,-2.095544773653011845e-03,4.462721080532144544e-03
-1.475753677628452790e-02,8.674803523518808193e-03,-2.996507215632641941e-02
-1.150217076193757459e-02,-2.409714933959150596e-02,-2.202489695400109901e-02
1.527538763304921512e-02,2.901035742676194920e-02,1.141308128783945393e-02
-3.195908714081457241e-02,-8.213898722063333463e-03,-1.111196337164292898e-02
-2.835478448653650646e-02,1.929407260648420552e-02,6.573018051616624953e-03
1.394869773770252182e-02,3.001586404316446480e-02,1.144883328470569159e-02
-9.211286316075224107e-03,-2.096361916521436147e-03,3.383028760723396505e-02
4.003794235598357419e-03,-3.799978583825527716e-03,3.479079555222795717e-02
5.981968218522173281e-03,1.866775674088741802e-02,2.938947820339811792e-02
-2.746877272371867421e-02,-2.075031249562665769e-02,8.369268910650191559e-03
-5.743554813320403754e-03,6.353033827445441059e-04,3.505576172664381929e-02
-1.079111414318026894e-02,2.062680703267917581e-02,-2.697281155589769178e-02
1.806573500595415327e-02,-2.972023045537967520e-02,-8.181209086008856338e-03
8.099822989481456417e-03,1.455762739554010941e-02,3.172088985775166348e-02
3.068114042291091460e-03,-2.760768560261108590e-02,2.278820785529752854e-02
2.841088361099176549e-02,5.462562973072037677e-03,2.147178715527241558e-02
-1.515093191845394427e-02,4.718958313355397713e-03,-3.245602976888781188e-02
-1.756165723308400484e-02,-3.014412651472666432e-02,-9.761810236954271414e-03
-2.406050167125520223e-02,2.342830825117099905e-02,1.384707594055692784e-02
-3.531062894562109894e-03,1.590821335245793658e-03,-3.621739298062297274e-02
-3.112306971717165166e-02,1.910948489851321125e-02,-2.162945484620282753e-04
-1.016167724840467620e-02,-6.320487694084736367e-03,-3.460959615816414092e-02
1.520919497547996817e-02,-1.823388544446245818e-02,-2.800728805484317685e-02
-2.744662050478304319e-02,2.203974335709582219e-02,1.078458168408470176e-02
1.205213548455362667e-02,-1.774130895163525401e-02,3.004231221954797165e-02
1.496303106434655923e-02,1.431249644176438122e-02,3.067547759153439399e-02
-3.514321199750301827e-02,-5.988889327719135527e-03,-1.029518894985900247e-02
-1.804058524826189849e-02,-3.142079047654294799e-02,8.447137380807748577e-03
-1.969635945046098457e-02,-3.071996907531586787e-02,-7.720242374133438196e-03
-6.567132993542302080e-03,2.821077909797620187e-02,2.365320702211437531e-02
3.950919351662912117e-03,-1.490962852392724823e-02,-3.417204761794292306e-02
1.287631111067040826e-02,2.820296058645516135e-02,2.125129262629983987e-02
-1.906234510544452948e-02,-1.043903812259956189e-02,3.078421265275171556e-02
-1.126616386645046958e-02,1.423461721182357753e-03,-3.603128506852976143e-02
-1.171213499349077480e-02,-3.599428294072581219e-02,1.279831943611083739e-03
-3.305519465691892506e-02,9.570701851864314366e-03,-1.604220800665039776e-02
5.471658434214828060e-03,-3.757427830971046823e-02,2.651326245866436442e-03
-1.067012893588676833e-02,-1.724734472837301594e-02,-3.232139718190869121e-02
3.038316838560086927e-03,-3.272986010235930110e-02,1.956329051918807155e-02
-8.233630448136684474e-03,-3.734244125696641742e-02,-2.854960581714555135e-03
1.029533731823104948e-03,-2.662943165348303359e-02,-2.770236611104921753e-02
-2.643631132165324624e-02,-2.509889735501517199e-02,1.248928548472008973e-02
-9.803940723496171530e-03,-3.655834067527762715e-02,7.706891101492097280e-03
1.478786704275471958e-02,3.176690468364691544e-02,-1.647483951796721233e-02
-3.597075204676416366e-02,-1.211858435474886392e-02,8.105343729539620651e-03
-1.343219665216203833e-02,-2.960007326248235635e-02,-2.137941327664064778e-02
-3.065822607005226283e-02,-2.006036039753432768e-02,1.336190632602900046e-02
1.064353578957627673e-02,-1.757387588901230743e-02,-3.325626585890834735e-02
7.774921911712915842e-03,3.769514990634145052e-02,-7.345270153303126368e-03
-1.009375887601032980e-02,9.136799497058459632e-03,-3.683999491457171788e-02
-8.373131841073796350e-03,3.142389182678843179e-02,2.218571206622651365e-02
-9.728082434557288466e-03,1.788615476821461478e-02,-3.380019694878426406e-02
-8.048108844941044213e-03,3.029757352761196232e-02,2.411467966460036777e-02
-3.123091733309283843e-02,-4.284337398391485641e-03,-2.403618863882744580e-02
5.730711472411614479e-03,3.339446085873269687e-02,2.075250736361977655e-02
-1.978172369721190125e-03,2.574214253753864118e-02,-3.032097437888174596e-02
1.572171074449858416e-02,-2.470860141822708161e-02,-2.711978367248785854e-02
-2.822289082023932139e-02,1.443205789559509275e-02,-2.440477031128232555e-02
-2.960730968836184501e-02,6.061611765198085186e-03,-2.634983397608650635e-02
-3.791409032649805527e-02,-1.139882223921181818e-02,6.890645147747979579e-03
2.183073884614059740e-03,-3.665386038614968506e-02,-1.654889030360644220e-02
-4.599455333025752497e-03,3.747898986762812634e-02,-1.426723323923135764e-02
-1.161162409455276760e-02,1.301568037792948974e-02,-3.650198014171955607e-02
-3.931798993819195925e-02,-4.455945660462663077e-03,-8.838715518166329749e-03
3.134629656303487139e-02,-2.487768305487281922e-02,-7.045936040155658352e-03
1.949083424976245579e-02,-2.790330489145633613e-02,-2.235848318463430975e-02
-1.275651243226728730e-02,-2.592101838914844317e-02,2.882736461345387913e-02
-3.162527648355607096e-02,4.931601253208389886e-03,-2.546416944368407390e-02
-3.512138713384215655e-02,2.466179224285914694e-03,2.098972153020983028e-02
1.313632439092045530e-02,-3.708577525874945380e-02,1.181127901614331677e-02
-1.426653453602938666e-02,-1.596176464885418200e-02,3.516213384687091187e-02
-2.304539114161590751e-03,-2.726286871179004617e-02,3.087681812826502739e-02
-2.497955559261390984e-02,2.156382391546988672e-02,-2.490468382382776333e-02
2.078651681920412608e-02,3.553708996827337901e-02,4.639500505116222681e-03
-4.631611844142546550e-03,-2.694636514473375613e-02,-3.124422188629116803e-02
3.504270127754408742e-02,-1.322972641917907061e-02,1.811120532115182563e-02
9.336935944654551397e-04,-4.093148636776529348e-02,-7.877107870018979982e-03
-1.645726315189935396e-02,-1.343934979992550058e-02,3.597396191332186827e-02
-2.883422795434188030e-02,2.949546128769015008e-02,-7.174038072923251408e-03
-8.211728805502914105e-03,3.311618432741456064e-02,-2.441367494966511023e-02
-4.638153765539120704e-03,-3.689565701683268639e-02,1.961177292732822416e-02
-9.827361737726362373e-03,-2.103392037943267821e-03,-4.091094982031934918e-02
-2.524527107234170176e-02,-2.542741184621625725e-02,2.231850922029366205e-02
-2.657572264952724750e-02,2.841468242583420831e-02,-1.660170932964537965e-02
-1.054598365257363238e-02,3.063074259919358958e-02,-2.733329464873908779e-02
-1.483691192274768159e-02,2.111974851720964125e-03,3.973997928357462378e-02
-2.832021629964016560e-02,2.986362382995663006e-02,1.082969942970852736e-02
-8.026319792893411159e-03,3.696311323215074190e-02,-1.969147219270215438e-02
-2.002996701338064650e-02,1.144835669238975081e-03,3.772576988063119224e-02
-1.384827089226001173e-02,-3.250463553902309313e-03,-4.038195381715566079e-02
1.975107051163920227e-02,2.927036979309834142e-02,-2.436150564722850201e-02
-1.056748172485576578e-02,2.054918195253389521e-02,-3.624504444305919754e-02
1.940867873126417634e-02,3.533778730301130599e-02,1.514897662066448311e-02
3.933092125770551450e-02,-1.729244041557341169e-02,4.037713371931280978e-03
-4.068111460313697525e-02,1.413330026720002221e-02,3.854463903835696637e-03
-3.412280733703947772e-02,-2.525235191123425399e-02,8.649951921585885203e-03
6.943607327406533386e-03,3.106247872584965916e-02,-2.951420593506084988e-02
-3.892273691059702084e-02,1.240527294031067672e-02,1.492051999341787415e-02
-1.354042729888826034e-02,-3.634839958707006269e-02,-1.985590992347438175e-02
-5.334622665433961424e-04,-2.277615984660721904e-02,3.724358294100803268e-02
-4.332776553147205806e-02,6.005819380955229950e-03,2.746399880894392865e-04
2.306429379023443652e-02,-3.471857071846341791e-02,-1.354324087168825956e-02
-2.051913072459612790e-03,-5.368583382737036197e-03,-4.353216336559451172e-02
1.173233807662555327e-02,1.647595636334961075e-02,3.906788577597495454e-02
-1.509724363732191724e-02,3.803052013671698317e-02,1.638542133965842362e-02
2.844625246296961056e-03,-1.736196669565840886e-02,-4.050340989513784296e-02
-2.755487806236100665e-02,-2.463254829100447463e-02,-2.431770127279302834e-02
7.772624171430387793e-03,2.104386234688746665e-02,-3.822900446281628922e-02
-2.394890890381003515e-02,1.143079421211663955e-02,3.560664356401796460e-02
-4.309071523311652080e-02,-1.104650097900319872e-02,-7.382312228688765656e-04
-3.832377857736993937e-02,-2.273247879300856547e-02,1.112650208626373306e-03
-3.108494608000733628e-02,-2.828708864146710356e-02,1.508705676682531131e-02
-3.879185580022830038e-02,-1.698575303532988412e-02,-1.442454876711116163e-02
-2.597243568491531054e-02,-3.585507054035308450e-02,6.969826423416994321e-03
-2.216255556065396121e-02,-6.536565182171840370e-03,-3.849894526994269983e-02
-1.639602543962470280e-02,-3.736509379378578216e-02,1.893247540972100088e-02
-3.083084754866996166e-02,3.178785234666531290e-02,8.351964225014918072e-03
-9.823217212034144122e-03,4.064759579244276583e-02,1.701143672842032190e-02
-1.198196175518138028e-02,-4.332572959733717310e-02,4.977407163334172241e-03
1.811464118220674178e-03,-3.765918727384059278e-02,2.512600684833240713e-02
5.422449446358566620e-03,4.506316923442565264e-02,2.692543809410121000e-04
1.033189446993692910e-02,4.113444828030329153e-02,1.639292225195800382e-02
-1.555750473847779605e-02,1.143061775597802206e-02,-4.125748517425541217e-02
-2.452259766191541845e-02,-1.984024315781201739e-02,3.297331655686664559e-02
-3.046370766701816252e-02,-3.408015549479624651e-02,-3.127563102933622651e-04
2.641993909110857894e-02,-3.725462885518325551e-02,-3.321594931914726139e-03
-1.339784531872471700e-02,2.486925869845391969e-03,4.380216053007364441e-02
-1.214336302080672864e-02,3.465961265706365285e-02,-2.762120518717820286e-02
-2.053253519412477981e-02,3.721236751067419357e-02,-1.768338722949143113e-02
1.612694638302831357e-02,-4.237725455616386805e-02,-8.396739042152897778e-03
-3.845187167858103716e-02,-2.403093222840316928e-02,8.817775159612397870e-03
-3.239593392239956127e-02,-1.706946617770555008e-02,-2.828945560148969293e-02
-4.175028858559515221e-02,-4.957235564165636023e-03,-1.951586389605501626e-02
-7.461463275687537679e-03,-2.662974447113520757e-02,-3.729728884613306428e-02
-6.958413145223637034e-03,-3.339956792747601766e-02,-3.161218876272346018e-02
-3.433058795146230052e-02,5.159779098540524887e-04,3.149291511633745683e-02
3.502201992587526680e-02,-1.848600485221522233e-02,-2.469341629106730496e-02
-2.500660830008863064e-02,-2.876440093424437530e-02,2.706842127224730332e-02
-4.487160551544157154e-03,-1.577477911721545528e-02,4.386143686996704649e-02
-1.733694886707870877e-02,3.301566210105279231e-02,2.845320075179132505e-02
-3.888186755153492935e-02,-1.255331871328341058e-02,2.319891804148508860e-02
-3.871134028661112059e-02,-1.428050863616343695e-02,2.263763223420665535e-02
2.483924440115964014e-02,-1.693456113144904338e-02,-3.631233387486555025e-02
-2.734320239746424255e-02,3.795398580113091419e-02,6.448946320456871648e-03
9.181207260319257726e-03,-2.223241231286440106e-02,-4.072546328169789759e-02
-7.038558755536741124e-03,4.675000548454327776e-02,-3.070582601125167524e-03
-4.383118343928544408e-02,5.767096408965013965e-03,-1.724810532616461237e-02
-4.352256780109660383e-02,1.327049004754748442e-02,-1.374801006259529848e-02
-4.388684230643343648e-02,1.714222431121722665e-02,-6.842248640535232920e-03
1.670410688847271535e-02,4.180658348377190581e-02,1.572612554449801664e-02
-4.362476316158549541e-03,-4.741787492405107746e-02,-3.747791406463137336e-03
-3.027835335913992704e-02,-2.633797413003291857e-02,2.604744162140939026e-02
9.935347337002169849e-03,-2.352168162550774891e-02,-4.055073707888787182e-02
1.443914483627206646e-02,-7.457981866091125712e-03,-4.516238261572872587e-02
-4.736215524276068088e-03,4.705597202919879762e-02,-8.629281861462827219e-03
-2.443454503978583631e-02,-3.854018087117751928e-02,1.536814301177836899e-02
-2.268455402040977717e-02,7.436201691750176160e-03,4.190583524910115876e-02
-2.750162084444733243e-02,-1.410813598514976119e-02,-3.712170779595942022e-02
-3.723652179525208800e-02,2.134739298859087732e-03,3.081720921431828700e-02
3.861773347370231479e-02,2.247032128041873827e-02,-1.876137048312532044e-02
-4.436197162416753020e-02,-1.932716766720448884e-02,-3.758886906510948683e-03
-1.102352995236353418e-02,-3.910571149862306084e-02,2.668894008454356787e-02
-4.028997627062620018e-02,6.675279939909048270e-03,-2.650765592636982609e-02
1.572133951773270130e-02,-1.833110954648318677e-02,4.236427139390078894e-02
-1.567451882184561426e-02,-4.583165337123770722e-02,6.254313326525554051e-03
-4.484045832385882141e-02,5.597845908059793756e-03,-1.872892696762900114e-02
-3.114509171232765494e-02,-7.481540805257492696e-03,-3.707039331713996022e-02
1.481132029958278848e-02,3.239122873111741768e-02,3.375008496039035716e-02
-1.000749936250319889e-03,4.829473254587696163e-02,9.037987839221777939e-03
-3.276850186096885720e-02,2.466040692342707542e-03,-3.664212852576570478e-02
-1.962883878402679749e-02,5.953740956018672981e-03,4.482409259378803551e-02
-3.997345029244643577e-02,8.171462579331888881e-03,-2.779793818606796085e-02
-3.610930903902272865e-02,-5.209258633090465933e-03,-3.337357188512840578e-02
3.694557467314196764e-02,3.281373613506381043e-02,-3.246121620745555467e-03
-1.234480098256752860e-02,-4.801657377851414193e-02,1.307996572428340261e-03
-2.155837952099508466e-03,2.346888598688987027e-02,4.372303624608249450e-02
-4.559927242876907899e-02,-1.747619789549682487e-02,9.480185262908325666e-03
-2.863321888600432394e-02,2.612330281910818161e-02,3.130086500460275978e-02
-1.490254801928508031e-02,4.756425519924586953e-02,-2.244166489393959081e-03
-4.021883703297571971e-02,3.703389492067270684e-03,2.942211337554457087e-02
-2.386703898060505216e-02,-1.474304814832208543e-02,4.144139408588806694e-02
-2.801672130154561624e-02,-1.524688688424431435e-02,-3.865787299813767952e-02
-1.284966640613051901e-02,4.851813517566513911e-02,4.085783828568509217e-04
-3.462090502408214643e-02,9.347748123779147864e-03,3.522441542687676508e-02
2.944068037531844158e-03,-4.333553666456231579e-02,-2.544736542813256716e-02
-1.016708215158669375e-02,-1.446614877096462533e-02,-4.721255634209137186e-02
-4.376097911512454725e-02,-1.797820802835194262e-03,2.511712474605879916e-02
2.742422557816237561e-02,3.038749462303388590e-02,-2.968333362598205710e-02
-1.128511332495896885e-02,4.858457489561405357e-02,-8.731431795511770608e-03
-1.460422981104926229e-02,-4.847805153852976362e-02,-2.848393115926975330e-03
-5.036168729632263530e-02,-6.255125804615879401e-03,-1.886740490544186683e-03
1.544231541199221971e-02,4.751709924951765668e-02,9.492893864421170572e-03
-1.575968011529516044e-02,2.812120627150018533e-03,-4.834925022705852116e-02
-2.121762644583616297e-02,-4.480264793468761303e-02,-1.199718886744096519e-02
7.361686805406386647e-03,-4.931939411891591435e-02,-1.105777870585521877e-02
2.448618307494767991e-03,-3.036388794642319588e-02,4.108996667180241091e-02
-1.475285694456674943e-02,3.376617870368892743e-02,3.558120306940171923e-02
-4.442524880520808128e-02,-2.612798410477000857e-03,2.551220440431336417e-02
-3.540784734347404011e-02,-9.508200076296123571e-03,-3.598138980023172367e-02
-4.754579488606475168e-02,-1.558117006859858350e-02,-1.195357077118374377e-02
-4.835718610848778465e-02,1.102166117474002874e-03,-1.772327275243102199e-02
3.829854956622694411e-04,-4.497898905386284174e-02,-2.525816134811256081e-02
-3.752206144333476712e-02,-2.422009613007734471e-02,2.596534634156727819e-02
-2.186981849445721743e-02,3.005672709036921741e-02,3.597928484222714246e-02
3.145637206169828864e-02,-2.048555845109219925e-02,3.570060055947744254e-02
-9.985542455252412186e-03,3.145559667142850541e-02,-4.002523635680465403e-02
-1.550682261468831064e-02,-1.089813257903135893e-02,4.836782373512980848e-02
-5.167203642904887040e-02,-5.133783965348319780e-03,3.133093327498685712e-03
-2.429478540410108522e-02,1.419957154501588943e-02,4.383836463762524199e-02
-2.554754987741813047e-03,1.245139825227154114e-02,-5.059248361820106038e-02
3.738093621656912724e-02,-3.553248645294345559e-02,8.292788455222827038e-03
9.378870585843746433e-04,4.006484339703699632e-02,-3.361682436414012431e-02
-2.694169642029555639e-02,4.482381968661989374e-02,2.938392892165918573e-03
-8.603970930366428710e-03,-1.714225919087014821e-04,-5.174078664207089340e-02
-3.616403178492193921e-02,4.270165564809530120e-03,3.784969981431846042e-02
1.064751944476177671e-03,-5.013144437526764752e-02,1.587079920101336708e-02
3.515860617181645192e-02,2.212542175433918068e-02,-3.237319120304832376e-02
-2.467517908907343113e-02,-4.370284113196230141e-02,-1.619850544338112194e-02
-4.771110845686688667e-02,5.556953939633530598e-03,2.194255943689578034e-02
-5.119840934884479361e-02,-4.173887195400057502e-03,-1.255065578821870295e-02
-3.442593487137034225e-02,4.022891808540056402e-02,-4.696536141227697250e-04
-2.243634470482661070e-02,4.702582619341801745e-02,-9.819809579615137660e-03
2.532340511663273494e-02,-5.370863463796050202e-03,4.635345413688927996e-02
1.147920746968951293e-03,3.834335187063501321e-02,3.680695071103115557e-02
1.110062466755224429e-02,-4.933944153781090469e-02,-1.661918657630994528e-02
4.044777568394513495e-02,-3.358380996476481584e-02,8.799323107672282068e-03
1.025158252911554692e-02,4.957638821981464466e-02,-1.690954899282582150e-02
-2.805069626421905979e-02,-1.491183938861282733e-02,4.297866995892060671e-02
1.218216719495710323e-02,-5.032002455916403244e-02,-1.354202390138045838e-02
-3.948017048601766554e-02,8.959263159651625549e-03,3.510657276702039420e-02
-2.805980836046821983e-02,-4.008093904598197810e-02,2.202539887768003787e-02
9.713682563495003655e-03,3.914466476866906852e-02,3.549397951464308698e-02
-1.886732303019855381e-02,3.733762854101849854e-02,-3.382219086153364501e-02
-1.577881465810674136e-02,-5.149736096718790512e-02,-7.739440893666395651e-04
-5.074559614031412536e-02,7.586990385605050981e-04,-1.825903429014623380e-02
-4.978989765377975912e-02,-1.869245018781602249e-02,9.390306594280984839e-03
-1.139968137386538835e-02,-1.962716753289567295e-02,4.908135143360085884e-02
-3.005540023888677789e-02,2.942353630276597388e-03,-4.494121230062379097e-02
-1.834842728286322985e-02,-4.464813713933488137e-02,-2.468029152649282854e-02
-5.471910501174029329e-03,2.172081328123632617e-03,-5.396406753434153380e-02
-2.651347283214633421e-02,5.514402008371869883e-03,-4.712697228942683281e-02
-5.267083621311748065e-02,-1.285501137345533389e-02,4.732978853596117065e-03
2.049306300691818017e-02,-4.977994105076589265e-02,8.450332239492082051e-03
-1.920670700390272184e-02,2.815676348555487540e-02,4.260591040565357007e-02
-7.100832098209132297e-03,8.517638479286172501e-03,5.349338846839205019e-02
-3.209126917667899648e-02,-1.943767805111330099e-02,3.980443537090035816e-02
-6.772090690682879520e-03,3.409624277401986786e-02,-4.232261354769422529e-02
-1.496313437302286206e-02,5.201176117718839254e-02,-8.834833219600060628e-03
1.869007454580705677e-02,-4.560095252693063123e-02,2.420666828262575329e-02
1.437413982348403202e-02,-4.802206853137564596e-02,-2.257323262475923256e-02
-4.692576452207321280e-02,-2.140829221417942657e-02,-1.922244326259404251e-02
3.623659251422015060e-02,-1.701808186181879429e-02,-3.787741981894692661e-02
-3.387949378651345517e-02,3.824775775703415006e-03,-4.338799075583691517e-02
-2.287208153640518757e-04,2.377346862979628356e-02,-4.987283095137351463e-02
-1.725755839423783258e-02,-4.912696248464865079e-02,1.867651671235396119e-02
2.440614017262305972e-03,-1.331397205620585625e-02,-5.370699892394871500e-02
-4.193397097190396799e-02,-3.542152188523562534e-02,7.879444805969167478e-03
-5.391310022023958204e-02,1.044274391320302794e-02,8.192895930985565067e-03
-1.777338961520687211e-02,-2.346813172899469072e-02,4.715634286705612521e-02
-1.681529615129927560e-02,-1.229189983229202719e-02,5.161486301817417438e-02
-7.372450751223861773e-03,3.093864903902282873e-03,-5.515059105172850223e-02
3.868489130601907022e-02,-4.020183241710365701e-02,-6.160754186466513077e-04
-3.255349063447132707e-02,4.239938585583721137e-02,-1.622424973965579456e-02
-2.253806455168246015e-02,-4.511622526075682177e-02,-2.418270738117176896e-02
-1.620688951287706930e-02,3.387959395955372766e-02,-4.153709864836355875e-02
-3.911441892271942666e-02,2.427113825366315758e-02,-3.200587050553987262e-02
-3.829219259780657081e-02,-8.216175292539257616e-03,4.021425418455733258e-02
1.621672602683696396e-02,3.315687680073289151e-02,-4.238167502406298831e-02
-4.720728851974230478e-02,-1.402623540737819516e-02,2.721927769824991628e-02
-4.430096116071412238e-02,3.119982401453248733e-02,-1.541864936264922097e-02
-7.520727286011376529e-03,4.922798506037191768e-02,-2.648340265548288636e-02
-3.635543125688550647e-02,2.267551806593083585e-02,-3.678341400373427023e-02
2.708152751568473275e-04,-3.331133482150717279e-02,4.568137766637852398e-02
-8.491236897649081031e-03,-3.722530166895045289e-02,4.178845554810865087e-02
1.296378003068415254e-02,-5.428280849594362828e-02,9.849357291538258369e-03
-3.054766999937841288e-03,-1.846726332488763528e-02,-5.356227002785299285e-02
-1.532139429092730862e-02,-3.974696424819895713e-02,-3.758082292397370988e-02
3.425806673238101369e-02,1.346419456093736824e-02,-4.335415902865111248e-02
7.521498107620775081e-04,4.402470384155899447e-02,-3.610182935813704974e-02
-2.010268935337993987e-02,5.073958253666484980e-02,1.646389723710573599e-02
-5.659062095885436516e-02,-6.973555758622614585e-03,-2.481251654682843817e-03
1.897258411552172480e-02,5.380615944284094371e-02,-3.134836556556862882e-03
1.607236486352027136e-02,3.404355984099277643e-02,-4.307214048694479186e-02
2.905689843866169145e-02,-4.838915020829639979e-02,-9.710196143229968616e-03
-5.539954717102851811e-02,-4.556364567504973817e-03,1.406552415687560391e-02
-4.916611733202390713e-03,2.730217789148997598e-02,5.025670673862175919e-02
-3.761691811928595530e-02,-2.727342537545638865e-02,-3.382391544048930776e-02
-4.721319408722417232e-02,8.822079240346673151e-03,-3.168007762410928602e-02
-1.188979077901986155e-02,5.991162519702699675e-03,-5.604368485021594265e-02
1.609256736489468251e-02,5.527882417857481190e-02,3.324436825610110717e-03
-4.111225195205950311e-02,3.952074453784040070e-02,9.015613660901986362e-03
-8.169813645205407926e-03,-8.139957416766745862e-03,5.663921645541946520e-02
-4.188146093614331100e-02,3.139926888799058485e-02,-2.467092543764363641e-02
-5.256330813778126859e-02,-2.141938426446996988e-02,-1.159977636020086307e-02
-1.241528689534080084e-02,3.379798187774544355e-02,-4.546895090012854218e-02
-2.866390700735217331e-02,1.198442355948105276e-02,4.905350245887050292e-02
-4.269623718539707069e-02,-1.428556376718532160e-02,3.677051982534289970e-02
-9.420498693715976396e-03,5.219507395630623714e-02,2.395146208954823663e-02
2.313282762980827315e-02,-4.311960601192649928e-02,3.162188677270579701e-02
3.137371103607992928e-02,2.917297699084850371e-02,3.958066645980513193e-02
-2.950535299901668046e-02,-4.207766796011620791e-02,2.772248014573962596e-02
-3.516372258717103544e-02,-3.751150747313541228e-02,-2.781480783210228333e-02
4.742123395680137438e-02,-3.428654830977629492e-02,7.465092118156491314e-04
3.975865642602506231e-03,-2.743439118199264212e-02,-5.161472147546241479e-02
-5.350687845836416684e-02,4.379971628815369430e-03,2.362200315898880382e-02
5.642901477391507265e-04,-5.096434132716806675e-02,-2.915690053798945108e-02
-4.629736446024257379e-02,2.485918779699571729e-02,2.634428739169993039e-02
-4.363679269314898329e-02,-3.755966883725932182e-02,-1.217327735307974397e-02
-4.361391298328098215e-02,3.237325655624627430e-02,-2.281508273026547351e-02
-2.536500894410098628e-03,3.594854115632484248e-02,4.668662951140911677e-02
-4.655087103505460566e-02,-1.203952894306742002e-02,-3.426490501032223440e-02
-2.510345646202033487e-02,1.647510153018943990e-02,5.091219284423478819e-02
1.204984207119285007e-02,-4.167991173291241830e-02,4.023552497701676778e-02
-1.123192316531181935e-02,-5.623350561809397491e-02,1.485251932514309627e-02
-5.540407236346075320e-02,2.018595269628731259e-02,-6.287051046291481163e-03
7.567218179340843079e-03,-5.875655637581311819e-02,3.829758319425097864e-03
4.233098393339569492e-03,-5.660444134158588297e-02,1.760494630650715625e-02
-2.420180359307214264e-03,3.384396384462269331e-03,-5.934862538302374674e-02
-4.367361007674575024e-02,2.334499740683812496e-02,-3.308856625077938318e-02
-4.098405663494062573e-02,-4.040187470954418464e-02,1.558459064333873184e-02
2.712618194586231823e-02,-4.803587633718177374e-02,2.278744286417540982e-02
-1.041808534257427504e-02,5.606540375933423415e-02,1.784199896804688004e-02
1.013131499116608041e-02,5.424997044638297378e-02,2.306862858450251311e-02
-5.082859887867463566e-02,1.153012570206951234e-02,-2.947943402754434061e-02
-1.970916484091053689e-02,-5.361942378364732004e-02,-1.815759200735894696e-02
1.071249816566938011e-03,5.998135865700832126e-02,-1.395110152904775183e-03
-2.280788834286467601e-02,-1.589779609812692895e-02,5.325020873421403012e-02
-7.009746044554201333e-03,-4.465797847180147384e-02,3.965754881841486446e-02
-2.132382595370295453e-02,3.394270334043732879e-02,4.491158153839999029e-02
-6.982252349478250582e-03,5.179745030181135725e-03,5.963180729515855233e-02
1.372044336302767620e-02,5.689009139601599457e-02,-1.464492717581582747e-02
1.222221416434942677e-02,4.383059078592235758e-02,-3.970361755512161195e-02
5.276396189192764097e-02,1.093197282651638645e-02,2.740460587432519413e-02
2.109515377959307603e-02,7.837171737820589762e-03,-5.617656191184383641e-02
-3.851784878013551905e-02,-2.720248531449781515e-02,-3.803039329738717306e-02
-5.556145573488403822e-02,1.414482009199013839e-02,1.975952398325925286e-02
4.745579862712069955e-03,-4.185141153321828011e-02,-4.371738622067368463e-02
-3.516368559996380788e-02,-1.915086676202660751e-02,4.571337915024123455e-02
-5.402614699090083766e-02,2.736812796692779381e-02,-5.726952662347508001e-03
-6.064382481585729040e-02,1.087648545440429455e-03,5.428209501872171237e-03
2.937654808857675243e-02,-4.518378918580924497e-02,2.848599602511045145e-02
1.340884335994783037e-02,3.499638747743709366e-02,4.815756922702730397e-02
-3.806639616869723908e-02,6.216012591817817769e-03,4.736766485947220551e-02
-3.416995088611978620e-02,3.799476251013732264e-02,-3.358403886267695426e-02
1.286987743265730066e-02,2.289110065503546093e-02,5.529132910224476838e-02
5.740574276203899012e-02,-2.129357795935815298e-02,-2.371601402392493115e-03
1.327679276409282107e-02,-3.976432769398438594e-02,-4.477364823353603696e-02
-5.716388513105844643e-02,-2.211609797006430442e-02,-3.608210862305350104e-03
2.909266572732222000e-02,4.549838566747616692e-02,2.934384752117274661e-02
-5.912436538576029341e-03,5.654078086446793355e-02,-2.352508582911042034e-02
1.788396201721218631e-02,-4.975491789388251929e-02,3.158415070940624736e-02
3.206156439193057900e-02,-3.426718280398380334e-02,3.998079677744138111e-02
-5.394455471993981482e-02,-2.225603405383571806e-02,-2.007496820585377359e-02
-5.126136248555916014e-02,2.779047890756826747e-02,-2.039647372313832183e-02
-4.549402365089579015e-02,1.164325966939018693e-02,4.023043572844213489e-02
-5.197208538704722360e-03,-1.109789653000275468e-02,-6.067365188884120408e-02
-4.130992309102247961e-02,1.746305602995780124e-02,-4.275167921063446896e-02
3.559259533513352801e-03,4.017632877277657610e-02,4.711770304240641555e-02
3.381984122659500297e-02,4.913771665069130434e-02,1.721329238682863666e-02
-3.886537528589036755e-02,4.663564706261755927e-02,1.330058641307283254e-02
-1.731937981232824220e-02,-1.767640514820458192e-03,5.972381818142864784e-02
1.447701882105546269e-02,5.994317485966504933e-02,-8.658325982635644430e-03
-5.017546619117436990e-02,-1.445953082255641356e-02,3.404108490384775282e-02
-4.137862679290783136e-02,5.297353425951657931e-03,4.639952338753897121e-02
3.420161372325630778e-02,-3.043284263101920378e-02,-4.248504167569674278e-02
2.885053107009141402e-02,-5.060557234653099284e-02,-2.270088273989499458e-02
4.297507998433164811e-04,6.257734813875065472e-02,-4.686354645294578294e-04
1.009792813232924039e-02,-1.247442394247679290e-02,6.055139944928668305e-02
-6.184287400928904777e-02,-5.333219058835459228e-03,-8.876469010329960524e-03
-6.013959700664447960e-02,-1.228035998447642684e-02,-1.311192530446132244e-02
-3.693764980272432052e-02,9.421471457617461992e-03,4.994070303674081474e-02
-3.301124055951380754e-02,-3.420660569302105825e-02,4.117186453924247258e-02
3.267063480240482709e-02,4.783405195507563212e-02,2.464180673214079464e-02
5.010755982269177178e-02,3.820119622932482972e-02,5.637249497658508579e-04
3.281266785236702788e-02,-5.330038886419483091e-02,7.781137746809583394e-03
1.331086834359728431e-02,3.996918103469844497e-02,4.702305214016881674e-02
-5.422846460804923996e-02,-3.233101540295428566e-02,2.756156548011704215e-03
-4.905950015271149517e-02,-3.211419140516448057e-04,-3.993013457586533366e-02
-4.885167017239547271e-02,-4.379880700265567813e-03,-4.004274722506980660e-02
-5.051241060974835662e-02,3.823306901265543373e-02,1.886424082594103909e-03
-5.973434193243930268e-02,1.143767041684728286e-02,-1.804321830164512530e-02
-4.998899976191881200e-02,3.823368732720593133e-02,-8.461462813271824340e-03
1.135299792558724756e-02,6.017482075323765667e-02,-1.703392410625658923e-02
3.312112133389617102e-02,5.131919716780460744e-02,1.780813319605126926e-02
-2.779987287583375946e-02,-5.332387401181488268e-02,2.095889083746810266e-02
-1.147013974705940291e-02,-4.110809300812443695e-02,4.734818505270869254e-02
-4.016619292670582653e-02,-7.335262210218457604e-03,-4.902967581296285154e-02
-4.490717793746584752e-02,-4.116118179371248270e-02,1.918046015911178959e-02
-4.177864362270461429e-02,-1.044573641124284594e-02,4.724373101411145220e-02
5.762936050056818860e-02,-1.354422238733970531e-02,-2.428377174431487276e-02
1.588245505664150070e-02,6.140764876907605502e-02,-8.882130042890417146e-03
1.374235526850073243e-03,6.077631360741236194e-02,-2.035067515807112773e-02
2.336968900736847293e-02,-5.947321522440518482e-02,5.860803473481478350e-03
-5.208184376247312897e-02,-2.122530105553973798e-02,-3.102063514772538874e-02
3.452197834169792867e-02,2.428467834077670598e-02,-4.849286140532121925e-02
-6.255228758522070331e-02,7.534539527473249794e-03,-1.308710594492550928e-02
-4.653656403237662470e-02,-1.613320716881230105e-02,4.150493033398576503e-02
-1.156467343599568327e-02,-6.097299378231734596e-02,-1.746156931405856358e-02
3.489809145556331538e-02,-5.280620317421786530e-02,-1.255971045166094993e-02
-1.443365114622116932e-02,8.340065143374864737e-03,6.240189365984415149e-02
-2.960014955316111682e-02,1.659737895080402523e-02,5.502733912090892326e-02
-1.972071028596872680e-02,3.650236031382093210e-02,-4.965972873573630542e-02
1.126597550045488859e-02,4.689401890268662942e-02,4.323442713601787640e-02
-2.268918033480743501e-02,5.718536472737133225e-02,2.044486362282192313e-02
-6.145343380573201064e-02,-3.404710794610338060e-03,-2.055752778792794416e-02
3.177740493489959739e-02,-5.010343196383902631e-02,-2.642620663185732410e-02
-5.186664880989663023e-02,-2.546368193519070108e-02,2.979475526519841100e-02
3.327029362557418907e-02,1.060590094169695449e-02,-5.490586691887006099e-02
-3.888446532583043468e-03,-5.722982193272935225e-02,-3.084568107370284917e-02
-6.526353668153885013e-03,-3.222233406325218392e-03,6.478140645137864251e-02
-9.647347904525073459e-03,1.284415579573737996e-02,-6.324035498238855801e-02
5.516894726160407464e-02,3.482388609706080912e-02,-2.975086988759242500e-03
2.412424897636446589e-02,-5.678446881903485149e-02,2.159847882298757474e-02
6.450734764353939499e-02,-7.843861420325120778e-03,7.616354952977782283e-03
-2.600256928732146491e-02,3.967263338538115636e-02,-4.514937531167863977e-02
1.222307918067305418e-02,5.796031569396957461e-02,2.806245794671620442e-02
-2.543930086799753992e-02,-5.752808488869375070e-02,1.864006240400996328e-02
-3.050337390434344764e-02,5.669625476462460123e-02,-1.292123383824145266e-02
-5.110269119908381757e-02,-2.443012947593736078e-02,-3.333695630272085625e-02
-6.272262951130315456e-02,3.525400413569599722e-03,1.951674976918623544e-02
-6.026492993000915482e-02,-2.418247107736470891e-02,1.089031682903801070e-02
-3.285107130227984257e-02,-6.117922006917151344e-03,-5.680162884026003500e-02
-4.722436424943363825e-02,3.050555027304818756e-02,-3.449800690878430248e-02
-6.588402771625823107e-02,-2.359049767989121298e-03,-3.516803496402274957e-03
5.431759200294234303e-04,6.604302700721839670e-02,2.111695630501724853e-03
3.960055468147380409e-02,-5.288058530963220955e-02,-3.110331093491599478e-03
2.706185700433641483e-02,4.046886874384750254e-02,-4.485489155625474456e-02
-1.856914158396859998e-02,6.139353822962074353e-02,-1.660893109705811888e-02
-1.724343784724994763e-02,-6.378365107942150780e-02,-5.652335846271069365e-03
-3.246091217163745574e-02,1.514752959076723186e-02,-5.587740869966779933e-02
-5.303093815074475664e-02,3.507976636450328006e-02,-1.924520625564069345e-02
-6.421188393426194296e-02,-3.490048303186328409e-03,-1.690291658377743311e-02
-8.693282752857677334e-03,3.404504194626125496e-02,-5.651747249900596071e-02
-4.065008574485844822e-02,-2.920769025559081036e-02,-4.394488987014204956e-02
-2.409646962139528822e-02,-4.352962400327348852e-02,4.437358184177814246e-02
-5.299553315024836675e-02,-1.542381305067516521e-02,-3.749498596324111338e-02
-2.852039231964012544e-02,-3.544926615233107148e-02,-4.888807553611528023e-02
-6.289650103350209742e-02,1.192575868268042592e-02,-1.922830685886958366e-02
-6.450030251719802987e-02,-1.701329003892916580e-02,5.098621817128088513e-03
3.880007152553513472e-02,5.213495842529702190e-02,1.612621171817789356e-02
-1.951497160673621237e-02,-5.524686345352292083e-02,3.253186303166295812e-02
-4.442459140924683025e-02,6.600005003937853450e-03,4.982055014622188693e-02
9.740034471535707894e-03,6.640880993618282491e-02,1.419219795035118028e-03
-9.697524317746368180e-03,-4.674234264651401689e-03,-6.632453363551613079e-02
2.266523918088680922e-02,6.216204063593696455e-02,1.203432426400990150e-02
-3.439042150659140512e-02,9.104203715756304868e-03,5.713925285018808115e-02
-6.278891932204386239e-02,2.067561101966962356e-02,-1.297607179448244732e-02
-3.790987314600788999e-02,-2.657321772725809370e-02,-4.901877180471440193e-02
-1.566394083409857960e-02,6.195199522819859472e-02,2.169226166394410543e-02
-2.521665867594480304e-02,3.477841758743450279e-02,-5.211884594162984052e-02
-2.394144187183852579e-02,-1.868624247769261684e-02,6.039251002417548447e-02
-5.525313791590904383e-02,3.879158945518632745e-02,4.445094580265980359e-03
-4.900388319488818700e-02,4.212850896408635443e-02,2.022614518852892604e-02
-6.189067354807625126e-02,-2.618656656418355891e-02,8.771064958702293191e-03
-5.266409168718527017e-02,1.258365766580024810e-02,4.085467083791418513e-02
3.392126056989874794e-02,-1.437340637555648525e-02,5.702235917905651430e-02
-3.275749959401508954e-02,-5.014894837056698557e-02,-3.207279638087625478e-02
1.945989727031746663e-02,4.715172130311350018e-02,4.497223767394258748e-02
-6.137322775985054601e-02,2.795303835016813357e-02,9.179862271156934150e-03
3.166176927324358681e-02,2.670023500117518767e-02,-5.408130595206524921e-02
2.055342976715719694e-02,-6.399712228279706705e-02,1.139850009398082550e-02
-1.136694269046212638e-02,6.020458784603352487e-02,3.003408122036457101e-02
2.661038368277261409e-02,2.096245951586672013e-02,5.929717214320710111e-02
-2.948443264172258618e-02,-3.805663612844573801e-02,4.851700431327665014e-02
-6.511041100665038162e-02,1.215313604967464128e-02,-1.709745584398664892e-02
-5.979653833583719116e-03,6.015470287441213038e-02,3.213864998351403240e-02
-3.486947700138123829e-02,-5.805865137003394377e-02,-1.041155394348756633e-02
-6.189174440423182927e-04,-8.917646819719605988e-03,6.799289096991216474e-02
-5.964377129693248202e-03,6.793854345738234435e-02,-7.718452909548560378e-03
-3.717207999855977330e-02,5.210331479290558621e-02,-2.494253424749020426e-02
-5.932733045035391145e-02,-3.265593079841053875e-02,-1.184748974212282771e-02
-1.958387199997739525e-02,6.584626284599504054e-02,3.886339926215251137e-03
1.703911632502576323e-02,6.263464205892999015e-02,2.299545206813475781e-02
-5.842437667207151658e-02,9.676904560379584810e-03,3.525663198084048183e-02
4.183609123892096521e-02,-4.994964724810974782e-02,2.264321657644888935e-02
-5.534562897042929336e-02,-3.758618958592489095e-02,-1.702771342155891265e-02
-2.555292304478819915e-02,-4.499050885673026856e-02,4.578831081132494346e-02
-4.368392488501650350e-02,1.138799665180972691e-02,5.237899963044630181e-02
-4.420911667310947757e-02,-3.367292570293248244e-02,4.124422146023563190e-02
1.973492425276430692e-02,6.158565591838092296e-02,2.479928966362358184e-02
-4.242271204556407466e-02,-8.282180582564602558e-03,5.419273209924686807e-02
-1.916707669325436528e-02,-5.216474689216048927e-02,4.152668181135769215e-02
-6.058554381071033085e-03,-5.088031733344177548e-02,4.685468393600817488e-02
-5.978713256296662448e-02,2.433748926902971899e-02,2.572803301044343169e-02
-4.408610213375185188e-02,2.724236634323246725e-02,4.637767726504269522e-02
-4.246518502225721942e-02,5.463288696790999377e-02,-7.513323755247785889e-03
2.471697128072181809e-02,-4.205395800238743292e-02,-4.972832342957414498e-02
1.812045794717589671e-03,-6.721740190325536934e-02,-1.840611071323913425e-02
-1.846124617815977226e-02,4.543108020034693217e-03,6.713172310384681041e-02
-6.626929529873668012e-02,2.149370357622825203e-02,4.733546330967261344e-03
-4.822900067198353929e-02,-4.958603297156438661e-02,9.953645263889476791e-03
1.439048959685354859e-02,6.016992700135346400e-02,-3.262303305510063506e-02
5.508332214287095345e-03,4.950200030771325505e-02,4.918192717115679735e-02
-1.049815918359344466e-03,6.607078043447074667e-02,2.326125692170464415e-02
-1.733122839662626022e-02,-7.252456741866974109e-03,-6.754592852718957485e-02
2.133655796627870541e-02,4.414191269720788707e-02,5.019514023004725128e-02
3.931587937887429801e-02,4.728577228545626648e-02,-3.390450064981149342e-02
-2.857240292151315766e-03,-5.699083789921631504e-02,-4.102398807839401085e-02
-6.119089007789032392e-02,-2.815976844415964131e-02,-2.024056812602844160e-02
-3.823923817595767383e-02,-2.147642345047733395e-02,-5.505809584408181273e-02
-2.016702023519834509e-03,4.779722019989995213e-02,5.171191148986334363e-02
-7.003959152939193133e-02,-7.875749630749483490e-03,1.756619384352852776e-03
-5.623561094647187841e-02,-2.863657592478809771e-02,-3.156035101802179277e-02
-2.625261728161890767e-02,3.509420472126073554e-02,-5.536828473959352209e-02
1.077441648581125080e-02,1.376802325301761283e-02,-6.847409506051156669e-02
6.557947718208492196e-04,6.948617601578158109e-02,-1.317151642430855647e-02
-1.562689445197150981e-03,4.165961769094981421e-02,5.720299290239133638e-02
-4.037416326833546953e-02,1.653936564645357848e-02,-5.580704470869672640e-02
-2.174972089058704872e-02,-3.887712605031675567e-02,-5.514953842213127233e-02
-5.253668948520731630e-02,-3.156885462215841542e-02,-3.573738507426534039e-02
-3.988587021293766265e-03,2.928989135497366697e-02,6.455971181171737960e-02
-3.827198158051482030e-02,3.097189652090487355e-02,5.124125741249202504e-02
-5.307636669631157766e-02,3.171167919655892148e-02,3.514038049776331551e-02
3.555782006109471649e-02,-6.158614480840899491e-02,2.876555318144939904e-03
-6.097561135187071213e-02,-1.302321062739445270e-02,3.443497721235134340e-02
3.960481296604626694e-02,1.734956892519419133e-02,5.667238909148052811e-02
-1.448210448647664454e-02,-4.443893552832499372e-02,5.389499770847271803e-02
-8.318669189591702470e-03,-6.939781897180405390e-02,1.455602910737945066e-02
-4.685298452313059470e-02,5.356467077694317125e-02,6.377636033172991159e-03
-7.930561007771102372e-03,-4.682826490221050214e-02,-5.345265845208264921e-02
-1.571491815023916272e-02,-5.791550412567152140e-02,3.898358881772977236e-02
6.313221362551342530e-02,-3.357691531315275951e-02,3.964603637994038379e-03
-6.415098768584173716e-02,6.618241534806428711e-03,3.126617435478729751e-02
-3.355231842361757616e-02,3.373542195934010196e-02,-5.367316395107048221e-02
-6.045611307742632806e-02,8.683988830223953945e-03,3.771225690783305828e-02
9.100904369015198545e-03,-4.906020411870105902e-02,5.167941010211676151e-02
-1.256827154573316070e-02,3.740093007139598524e-02,-6.009680026997825386e-02
-7.821455220744635839e-03,6.443938002978936985e-02,3.102794604836829617e-02
-2.187720805164477395e-02,2.577165371299219854e-02,-6.357263089587082694e-02
-2.242593247271550821e-02,6.822701158582816783e-02,-5.860940601172528672e-03
2.000153668410376354e-02,-4.499045582498845813e-02,5.268705331560421395e-02
4.767636531457284874e-03,-6.967338191806637937e-02,-1.819199218536509191e-02
-8.830174561113192030e-03,-2.813926190299234978e-02,-6.592572721644084088e-02
-3.564181263821156881e-02,-1.612310187736734624e-02,6.077525563406036002e-02
-7.110574878386365094e-02,-9.605882999099644645e-03,9.141078731800601417e-03
-4.620390213310825167e-02,-1.815914279548522595e-02,-5.268055197834690256e-02
-2.461201144067785840e-02,1.322571226249143715e-02,-6.683608058766969673e-02
4.500235107529044348e-02,-4.501580469496535564e-02,3.469922346157092857e-02
-7.038495868414780532e-02,-6.185234202660057530e-03,1.647150522117777141e-02
-3.790674332291894127e-02,-5.589727885428699000e-02,2.664815477882503253e-02
6.883273125865994792e-04,-4.652662017912550380e-02,-5.580584408499639909e-02
-6.585347813846407009e-03,-5.443850492260908502e-02,4.775477127834883151e-02
-9.395986601095210333e-03,7.050906827383569830e-02,-1.534818300460764028e-02
-1.871001901884940602e-02,-1.566571552545256360e-02,-6.861374619204413383e-02
-1.071607451430805309e-03,4.762028257450327817e-02,-5.515824844004201671e-02
5.532201778593585917e-03,7.271178594190944033e-02,-1.269162696887522193e-03
-2.216192552643406893e-02,-3.532459163063729479e-02,5.990151377135203431e-02
1.797655486517561393e-02,-5.977062531756913155e-02,3.793989339965529728e-02
-6.753196946280490276e-02,1.679214686372172347e-02,2.237248183946046950e-02
-6.680650570762902696e-02,2.365435139684833599e-02,1.812142985868081882e-02
4.264051755865951032e-02,2.712016431178113779e-02,5.296470667435288632e-02
-3.927526784663975395e-02,-5.293091618900535450e-02,3.197974500265835657e-02
1.053039005536005220e-02,4.720812551571450938e-02,5.509439668213928637e-02
-7.110059936074479559e-02,6.766054223449699360e-03,1.678605132553264573e-02
1.686049900960204240e-02,-3.514018230289737976e-02,-6.222295543911506022e-02
2.359298109832147299e-04,-6.895945730891903103e-02,2.536339982049659256e-02
2.574848615450440678e-02,9.782680120966311815e-03,6.817653916273037906e-02
-1.795248429283710992e-02,-6.676563387531411764e-02,-2.519417266503172839e-02
-6.171531991998448208e-02,3.439677035161072677e-02,-2.075410044572361529e-02
-5.127004453004646578e-02,3.230925366568188073e-02,4.192982772977524308e-02
1.186202673382521881e-02,-6.707317808388493785e-02,2.826769779185926007e-02
-1.695396659596478187e-02,-7.182693439382559220e-02,-5.691941561168921719e-05
-1.807921509349966552e-02,2.381400636203185803e-02,-6.753186020210107110e-02
-4.213487402264797649e-02,2.900446042137989552e-02,-5.334679267050186635e-02
-2.805746884404225136e-02,-6.825449567188182631e-02,-4.955704627127091588e-03
-1.400925644630464720e-02,7.232690515204399928e-02,-7.140606468441785225e-03
-4.737778270094027133e-02,-5.649838054003027826e-02,-7.048448617659711264e-03
-3.997746892370978439e-02,-3.459855054313158707e-02,5.195303575705644689e-02
-3.075916779717748073e-02,6.715689269481703305e-02,-6.795333924318005571e-03
-5.104505940257617752e-02,-5.295371850916948120e-02,1.003162681510853804e-02
-3.136924622465359774e-02,1.412100422001058564e-02,-6.583975081394675966e-02
-4.654533838149546576e-02,-2.674448937310040103e-02,-5.142516848749344172e-02
-4.068165509585307260e-02,-4.637619942514147747e-02,4.157541858220004105e-02
4.376713180963872490e-02,2.990935224647006674e-02,5.226963257165603838e-02
-6.263677664391933964e-02,4.026508567803420424e-02,2.363297923581520604e-03
-1.060457379919013503e-02,7.217213650154885585e-02,-1.539276936902064449e-02
-1.112239679673067416e-02,-4.568679277251898319e-02,5.792413579664523055e-02
-2.337753450100235868e-03,1.282885625874878414e-02,-7.351284235408019063e-02
-2.671132249511409817e-02,-6.273878241082322949e-02,3.053718825916126520e-02
1.562013516632293139e-02,7.067602431094890947e-02,-1.873683357561009566e-02
-6.851572693028257222e-02,-1.786366608193075758e-02,-2.417916784898997348e-02
-4.364655261644843215e-02,4.169700409701841692e-02,4.429984760620111345e-02
-7.112013157773440508e-03,7.113688716584928851e-02,2.242972226248144546e-02
-2.471190774572619778e-02,6.647658330417947903e-02,2.433739417747298947e-02
-6.592370688772414278e-02,-2.764597641270452946e-02,-2.280091798343188841e-02
-6.791039833947772053e-02,-1.706775972169355220e-03,-3.199026614458692214e-02
-1.915448672702699251e-02,5.228942909638797931e-02,5.044829768240617629e-02
-1.328880302393124595e-02,3.746273879409155183e-02,6.382834650965187040e-02
-6.522014611175579180e-02,-2.619580135037598637e-02,2.687412306529997699e-02
1.526824986174724758e-02,-6.859452351660560998e-02,2.705139323498775145e-02
-6.966523179027483970e-02,1.582224345381766026e-02,-2.396912741903106311e-02
1.082506819439384843e-02,-5.581710892024485671e-02,4.953158428491370030e-02
-5.037812385219768430e-02,4.566861041958041045e-02,3.271904351662568988e-02
-8.644475162436873403e-03,5.999796325674268405e-02,4.502927676329741141e-02
-5.822206569729078927e-03,-7.453546972426336459e-02,-1.098590291082354731e-02
3.241682372130585965e-02,5.030327490530370031e-03,6.813205374095013256e-02
-3.961512736826490466e-02,-2.501701942878918009e-03,6.442454874311473456e-02
-6.767581257676004436e-02,1.029446632870599336e-02,3.237525506934890718e-02
-6.969796541100642395e-02,2.933206391388362005e-02,4.897291631358724646e-03
7.684572234553372141e-03,3.390424891403265306e-02,-6.739154983677382582e-02
4.304135168121388938e-02,-5.449412505432613824e-02,-3.059439319606401322e-02
-6.573406959308829289e-02,3.447439015162823139e-02,-1.602333755772081605e-02
-4.083816107074460244e-02,-1.509271575681600530e-02,-6.227895729335667513e-02
2.002093855165933134e-02,6.765891410440132148e-02,-2.834896873502977879e-02
-4.461453493753353081e-03,7.522806658187179696e-02,-1.053952581564599270e-02
-5.286262927232184168e-03,4.587870039451797527e-02,6.054309849047768977e-02
-6.097919625243467673e-02,-3.466262971876861877e-03,-4.556105395081325865e-02
4.207045878515264410e-03,3.424099385152120506e-02,-6.800120139070600644e-02
3.785769566337848779e-02,-4.088925250330006228e-02,-5.212671369819415340e-02
-2.161886664196242813e-02,3.734636209461301287e-02,6.299387084021078331e-02
1.087112580315983262e-02,7.544266926957750308e-02,-5.347945326733829878e-03
-1.231633599027929030e-03,6.760318542185411728e-02,3.570289073519225531e-02
5.937786767255722733e-04,-5.221826927724534939e-02,-5.592254454476760367e-02
-1.512907998784024551e-02,-2.383976991306566845e-02,7.117046763967255218e-02
-6.515772975916981312e-03,-4.755735510872110758e-03,7.619328186594229169e-02
-2.767758132646775185e-02,1.175532069532810378e-02,-7.052859376782127931e-02
-9.016704814135840726e-03,3.322931652427854599e-02,6.856429349668631545e-02
-1.558042259777874666e-02,6.729928489309272566e-02,-3.350581548779791446e-02
-2.604093810671465753e-02,-7.184000657840128312e-02,7.968704444647041474e-03
-6.952150229419565286e-02,2.231622010667761932e-02,2.407071353443037895e-02
-7.336746374373491475e-02,3.973267240729540413e-03,2.280607256030485822e-02
-2.821677319128502136e-03,-7.586386284313313688e-02,-1.278428654213154339e-02
-4.863767879902150537e-02,-2.565967450438936051e-02,-5.395110623887318380e-02
-1.088263912771757561e-02,3.882829050415487725e-03,-7.621873816195889884e-02
3.168121428221551406e-02,4.345575984252093155e-02,5.530590253931784439e-02
-3.777933653898821187e-02,3.341113655619999678e-02,5.844060740644028973e-02
3.303128011286336763e-02,-6.916424392463316195e-02,9.600613048547932196e-03
-4.999139927626276847e-02,-2.211428436153214591e-02,-5.465155597256857872e-02
3.486610933491837705e-02,-5.478714083832215281e-02,4.202074880519928585e-02
-9.236803076542470306e-03,4.972684771140847143e-02,5.859171146550450765e-02
-5.235533327047868501e-02,4.910770083735794406e-02,2.909410268279068873e-02
-2.045374923491325575e-02,5.538851708958562881e-02,-5.020876156488833508e-02
-4.517293984826622338e-02,-3.400929265957789577e-02,5.308471456673482386e-02
1.568181502069091468e-03,-7.138857960848186968e-02,-3.040519932893187213e-02
-4.192205451118909826e-02,-4.530473580184714993e-02,-4.713108718266097175e-02
-2.800688399492898620e-02,-1.780409040510639793e-02,7.027089697928863565e-02
3.101153249185300761e-02,-7.131404763507166733e-02,-1.286821558724192459e-04
-6.380020648682965811e-02,9.645951960024480533e-04,4.454305538618159171e-02
-1.182488781983546434e-02,-6.771033796298853158e-02,-3.659262381131575537e-02
1.492014122993997856e-03,7.789292509209945481e-02,-1.435954372411030753e-03
-7.303942544188966879e-02,-9.824287629729299212e-03,2.546331957247715064e-02
2.289292698025427453e-02,6.410458537861231376e-02,-3.813438401533356809e-02
-1.839610378412722194e-02,-4.023187665122411605e-02,6.433317054240367261e-02
-1.510086809166466711e-02,5.668434382652615122e-02,-5.160124939973808472e-02
4.452459130097172202e-02,-5.189043075985953768e-02,-3.790577456760637481e-02
-2.959471351098435718e-02,-1.819470912984989114e-02,-7.009332504060185320e-02
-7.637076133390560684e-02,-1.714208392024993768e-02,-1.300224666317124087e-03
-1.006994347585573983e-02,4.521487896296808723e-02,6.316892429868779801e-02
-6.125733209204806823e-02,4.330539519288534311e-02,-2.272338896542553180e-02
-6.871181157398080497e-02,3.325658131768773063e-02,1.802572106627595150e-02
-2.836232285044513676e-02,2.102454903248098667e-02,7.009891183781248591e-02
-8.920794659414839692e-03,3.054306588708019868e-02,-7.180475404554718943e-02
-5.405690711421903133e-02,5.369130107840119383e-03,-5.679329959280807194e-02
-3.567871926142540673e-02,-2.291448296833546727e-02,-6.623054420114060648e-02
-2.213741666466161745e-02,7.406385171151937119e-02,-1.473380927130235780e-02
-6.394762500909148550e-02,4.482971184275524879e-02,-1.008362063671193465e-02
-1.684593739599172732e-02,4.129417293311508919e-02,6.495971585296268780e-02
-7.523341797256087593e-02,4.443930243689915051e-03,2.317372357225761306e-02
8.545280959774297948e-04,-6.183833236266492173e-02,-4.899191251378259143e-02
-7.130797446722114685e-02,-2.266765480718051923e-02,2.518627010264307825e-02
-3.821071998397704284e-02,2.594192606762714404e-02,-6.409397257220370014e-02
-4.613796769282803995e-02,2.815561352364817291e-02,5.768633313881103841e-02
-4.274867333344822135e-02,3.328789194856238837e-02,5.763432011545433636e-02
2.361590233409305295e-02,7.393112722780116608e-02,1.555027272988771837e-02
1.992485342621172495e-02,-2.152678647463984046e-02,-7.357321386954275566e-02
-2.541816434467077113e-02,-6.102780780159044322e-02,-4.371534545278060735e-02
1.007520133423996447e-02,5.595724877038585343e-02,-5.528899670161658425e-02
-4.898626076920095662e-02,-1.820660240332329372e-02,5.972062281701170927e-02
-5.576625591431086382e-02,4.184443307050665639e-02,-3.801244094871536472e-02
-4.222652799076830749e-02,-5.507501764831451013e-02,-3.869796653720476015e-02
-6.011013415069205862e-02,4.610094196531437649e-02,-2.415446186866700498e-02
-7.816133887091800125e-02,9.352677591663614148e-03,1.154948227253956711e-02
-3.480079960586563576e-02,4.796649521730285762e-03,-7.144263682759276202e-02
2.005851962025809523e-02,4.770130386597230127e-02,-6.056807764041462205e-02
-6.364313553193184925e-02,-4.792367116261130044e-02,-2.687259466297717021e-03
-6.679928967707994547e-02,-2.548361273341739897e-02,3.536789526391898031e-02
1.681812391303345519e-02,-6.116866148020367461e-02,4.843648845358577287e-02
-1.648479625709767943e-02,3.078604715338865636e-02,7.182701275364217208e-02
-7.552360696349519342e-02,-1.702738306388649342e-03,2.607752203115426201e-02
-5.472838382012042840e-02,-5.793887406584097288e-02,6.538054260961588884e-03
-4.737075910659499511e-03,7.663987810234608455e-02,2.251330589103698113e-02
6.881706301793691360e-02,3.489805799076066417e-02,2.138698616516947898e-02
3.788499167897972641e-02,-5.058461991796446566e-02,-4.924526706079442734e-02
-3.579727356257093179e-02,6.447278100853040539e-02,-3.144989924833808265e-02
-5.873181650993001407e-02,-4.470301796913741382e-02,3.142616219309342374e-02
-4.817447614890734559e-02,9.536055145947743353e-03,6.349632587176778920e-02
-7.946155562635170977e-02,-5.276163413105215347e-03,-1.047066661155244757e-02
-7.805825265134420932e-02,1.401453093697297954e-03,-1.909631396492017866e-02
-2.253200516598102832e-02,1.186419809939490318e-02,-7.628491108887536232e-02
3.042410421189112313e-02,-8.515068926718912315e-03,7.401229918028337518e-02
-6.709555896846133849e-02,1.931612117241411630e-02,-4.011411228467183510e-02
-9.216509977597249145e-03,-3.442448811386079194e-02,-7.226476506254282672e-02
1.961597667506344636e-02,-2.684937248611172708e-02,7.344813324804329302e-02
5.587046637079377126e-02,3.935411209992414200e-02,4.287386002121002654e-02
-1.771076041551648134e-02,1.111220106263177861e-02,7.797045507106423190e-02
7.760565270274659942e-03,7.060326343429937368e-02,-3.846579854188528214e-02
-2.030946062546925765e-02,7.814422265226178554e-02,-3.714057947938723819e-03
-4.864057808626247315e-02,-4.351044266224198681e-02,4.776868587731352561e-02
-2.549792564979969870e-03,-7.908287311538796105e-02,-1.698334882302518500e-02
7.255110602316951901e-03,7.767395916644723175e-02,2.170902751488704846e-02
3.489679515890950056e-04,7.795824079453886335e-02,-2.208349678316913478e-02
1.790084199263311526e-02,3.562547714710988245e-02,7.059605755461052790e-02
-1.453436121872163887e-02,1.624523783116483752e-02,7.814340405221587016e-02
6.133551815605679802e-02,4.975864157592431447e-02,-1.875392871156045249e-02
-3.110086754835170858e-02,6.643426116272047044e-02,-3.488601479148349671e-02
6.834835327883674594e-02,2.414931884435018994e-02,3.675942302600859052e-02
-6.880336728925573464e-02,-2.195308537467931601e-02,3.739297630607198858e-02
-5.302160943322824227e-02,1.463618984789808071e-02,5.997251088886278170e-02
-3.718976231987097814e-02,6.666064227664642017e-02,2.834832253695626983e-02
-6.693097429787452091e-02,8.656489719882542316e-03,4.564859407228128579e-02
3.615536351656045699e-02,-6.085594193228548165e-02,4.044707871216773193e-02
4.192559818211025885e-02,-6.236466840744440271e-02,-3.174357374926933817e-02
-6.531515502874439549e-02,-1.969034915554680396e-02,4.482323805860929933e-02
-5.930018171987642278e-02,-9.275852275934158564e-03,5.539396136595452907e-02
-7.670201455392003376e-03,8.542727057012599462e-03,8.091585957407604335e-02
-5.847822621297473628e-02,1.491179882851233207e-02,-5.518392627594690542e-02
-7.702003836787787994e-02,-2.258402626139281374e-02,1.591700594531306537e-02
-1.536407958344458702e-02,-2.436618986405211101e-02,-7.664108102720514071e-02
-5.043255047439467592e-02,-4.163832184148300031e-02,4.934142876014911000e-02
-7.798035105279556810e-03,-1.280233588905788089e-02,-8.059285248130983181e-02
-3.689808763166062960e-02,5.672408519454492232e-02,-4.635704184365888048e-02
-6.669044777584101635e-02,-3.089257508975750549e-02,3.652738775482711892e-02
2.542805334659617444e-02,6.427856549335272951e-02,-4.434014875315997473e-02
1.331443445283872658e-02,-7.590784103312310516e-02,-2.851747392827187408e-02
1.890834489861838033e-03,3.398569607241221091e-02,-7.484699171335640333e-02
-7.562980241907196755e-02,1.097425798511490226e-02,-3.047176220109277731e-02
-2.335138740154692888e-02,5.419497748002124332e-02,5.739862984688842013e-02
-4.829271189080253796e-02,1.338562750595141508e-02,-6.537416718484966027e-02
-7.241122937835405005e-02,1.670938587104901785e-02,-3.564704062128506989e-02
3.288332757695468928e-02,7.335378977192107131e-02,1.842197587290565070e-02
1.370958383716299259e-02,6.987123014819998645e-02,4.170946643375442880e-02
-7.349508704314484941e-02,3.439968961618809079e-02,-1.526158648116076981e-02
-4.666404578414388299e-02,-8.934501637338903082e-03,6.759132061837580530e-02
2.166448040057987121e-02,7.971425044881648436e-02,3.224517369021315770e-03
-2.513373682158782929e-02,-6.885310113124878950e-02,3.833822802451732764e-02
-3.105576881832478042e-02,2.627338418037400598e-03,-7.667513164063274878e-02
-7.833740821027526668e-02,-1.717790337898961531e-02,2.065858271621406547e-02
1.761007658345821805e-02,-5.091358884906459215e-02,-6.296400944883358275e-02
1.216630550016028350e-02,6.112732530372688017e-02,-5.468432794169506006e-02
-6.204581487253464644e-02,-2.186316158681696209e-02,-5.055129936010753500e-02
-6.155862830889026471e-02,3.101734452320919350e-02,-4.625738712448983214e-02
-7.579818855122243126e-02,2.261505451105886785e-02,2.535059612903403647e-02
2.296649135376753123e-02,4.436758236984735676e-02,-6.642055722606270141e-02
-1.327035489596390533e-02,-6.919273777361848593e-03,8.180359833200141761e-02
5.489843627971106865e-03,3.312729135481299464e-02,-7.613426829822313169e-02
-2.485398667580529172e-02,7.285677598259638829e-03,-7.912874320034614384e-02
6.204267798285074964e-02,5.546098548138200107e-02,3.888856354100025340e-03
-3.406369229150957301e-02,-1.383459748957870843e-03,-7.606752450988109315e-02
-5.324725828675043460e-02,-5.496400060524649078e-02,3.317205519580149198e-02
-6.359216164163754292e-02,-1.065977350917209695e-04,-5.404539138532078041e-02
-3.036895153361406779e-02,3.078971247789756907e-02,7.143375809319761627e-02
3.829771073340532128e-02,4.467018580589357524e-02,-5.932203892868447709e-02
2.052061025077490594e-02,5.628694977577009678e-02,5.831048929104750561e-02
-6.533732844098860681e-02,-5.131512145804132535e-02,-9.767655563912873082e-03
7.586249652367181573e-02,5.969453736775557663e-03,-3.485755009641140073e-02
-3.116034163420312170e-02,7.679768337184794680e-02,-1.204734766745943139e-02
-6.799086572099158343e-02,-3.781478714962008963e-02,3.113619842534048193e-02
-4.347346946799934136e-02,-7.124136739640538063e-02,-8.068087281139335598e-03
-4.047353690654174191e-02,-2.229551821173671178e-02,-7.002401689122490780e-02
-3.271524654349465544e-02,-2.851553510046225121e-02,-7.185630602800205380e-02
-4.099189454001192501e-02,-6.376670688076709059e-02,3.617205505320404690e-02
-7.911198572186921296e-02,9.581777452197163050e-03,-2.669500901911326871e-02
-3.533721327942341423e-02,4.134635135013951801e-02,6.413342513309804038e-02
7.389008097168703326e-02,-3.880227959512431990e-02,-1.068508587625540372e-02
-6.752337538200378630e-02,3.927747636500809880e-02,3.139432764388868508e-02
6.038950747974049238e-02,-5.767108898969555697e-02,1.109420883482209463e-02
-6.752383766048829228e-02,-1.907362221129054944e-02,-4.669964693742030548e-02
-1.447927024032937861e-02,-6.510406518635980522e-02,-5.161532052190861974e-02
-2.553352858928562702e-02,7.972161591145862647e-02,-1.063175121205120824e-02
-7.228770798618527893e-02,3.504339740818113863e-02,-2.598427763978568630e-02
-1.109742142870853319e-03,-1.702792631202331222e-02,8.273909223628157783e-02
-4.221795528239782186e-02,4.357163196856060627e-02,-5.885831601185953499e-02
1.919360131077569318e-03,8.089223815339000034e-02,-2.461935894330668714e-02
1.193607606715837294e-02,-7.352644732004116890e-02,-4.016154319619383295e-02
-7.050955346305289029e-02,3.521337144889605947e-02,-3.095461040916737058e-02
-1.265500399374865602e-02,-1.330554999957086169e-02,-8.270906456358975700e-02
7.192988902829677844e-02,4.167143399620849148e-02,-1.660632622160090194e-02
-8.224566150750446669e-02,2.665202061424442551e-03,-2.056566853213254165e-02
-3.058844906788557236e-02,7.752807851825382901e-02,-1.601111498579163919e-02
-4.458774427158700843e-02,3.875934007404632092e-02,6.099567712141661796e-02
-4.027582387030755745e-02,1.734550302421150256e-02,-7.277384478974963100e-02
-1.963359114072915634e-02,6.179057485707369762e-02,-5.498822149058697067e-02
5.317089585826519776e-02,-6.375451021228074888e-02,-1.853894663631370371e-02
-2.791043454902529530e-02,7.853513354820595982e-02,-1.723174697196124330e-02
-2.923739539408804280e-02,5.405855516577676850e-02,-5.894708855814140974e-02
-2.096968972147659691e-02,-2.078763201468598887e-02,-7.992671199746025079e-02
3.119532673037034298e-02,-2.715776321776443292e-02,-7.454972889070465847e-02
5.941676437483728312e-02,-5.936425660337130150e-02,-1.490336781235046711e-02
-2.122891909418794950e-04,4.102196116942565668e-02,7.484620463820393366e-02
2.788008769766700881e-02,-6.763784594031613251e-02,-4.405506010651993876e-02
-5.405073341966997597e-02,-6.583207644792048174e-02,-6.775521292909185249e-03
-7.144549061068698748e-02,3.509858068665971248e-02,3.119471194483697946e-02
-5.795062533203986649e-02,3.664966110307421587e-02,5.114913032312791430e-02
-4.221016929593402606e-02,4.757260609689479419e-02,-5.728074835792385661e-02
-2.317559197471431853e-03,-8.335286348008540125e-02,1.952166062193731386e-02
5.038670268523191831e-03,8.135194104028009576e-02,2.643615893364777494e-02
-3.367127013987325328e-03,-4.298503204645106462e-02,-7.410518806261007230e-02
-3.666956184835454269e-02,3.158815396070017989e-02,-7.082650917745235419e-02
-7.053181817447455593e-02,4.771553112821380616e-02,1.075119198345236664e-02
-8.497616229683972733e-02,1.182720455364752801e-02,-3.808156453925048632e-03
-7.812420276765205673e-02,3.416638520919569599e-02,-1.062244779164982396e-02
-4.259833679661514244e-02,6.215611550238255706e-02,4.139814289020425642e-02
-7.819506131502329538e-02,-2.526430986300187351e-02,-2.544195209290501039e-02
5.673477179606448845e-02,4.023562111000966723e-02,5.070055772344799622e-02
-7.632277682055302326e-02,-1.152541952821609199e-05,-3.989186200041498764e-02
7.118708663754590160e-02,4.799374113641964590e-02,7.332684946541593272e-03
4.529300110008933899e-02,6.473132842638071316e-02,-3.451682428213465742e-02
-1.749419744323983325e-02,3.549117064685830547e-02,7.665237494026791443e-02
-4.321164057274519410e-02,-7.425825415008188712e-02,-8.244224471972946486e-03
1.421422376074416537e-02,-8.272774876003792521e-02,-2.029342400600898585e-02
-2.344668363039613054e-02,3.285569037974689355e-02,-7.639863847250080719e-02
-2.323378733021013234e-02,-7.772434611652739855e-02,-2.988914324721140409e-02
-4.503060024146376267e-02,-2.906225621438242659e-02,-6.789789346015545624e-02
3.830224874363034882e-02,9.211573351302388898e-03,-7.706379752476592848e-02
-8.337654596366213255e-02,1.369272580982115045e-02,-1.896988075064705292e-02
2.805612966699890312e-02,4.802040090562074287e-02,6.643901702068566451e-02
8.416630066405138277e-02,2.071808265468616170e-02,-1.515465332972210913e-03
-2.805328159696305473e-02,6.463662043070032837e-02,-5.058534717797534552e-02
1.314049360741413770e-02,-8.482581095333707744e-02,-1.280321195731110549e-02
-2.105299414236733863e-02,6.748566867586927587e-02,-5.042544991747978378e-02
3.242176558829035216e-02,-8.059870684643689887e-02,-1.097861594472489353e-03
7.710876095867463462e-03,5.980415714056720039e-02,6.261622816441636541e-02
-7.205294269110869287e-02,2.054221549544974629e-02,4.417508608486687971e-02
-6.910789536413662615e-02,-4.182382257575804202e-02,3.237553485744982390e-02
1.040150538809615950e-02,-1.770875038027291265e-02,-8.461548350957452669e-02
-8.230840234330455418e-02,-1.894413096165082147e-02,-2.136074099417098471e-02
4.020688077872106719e-02,-7.732497909431977623e-02,1.534094545956505434e-03
