0.000000000000000000e+00,-0.000000000000000000e+00,0.000000000000000000e+00
1.026640507813735611e-03,-1.275901551645685587e-03,-3.608324805492630380e-04
-3.953386449959828543e-04,1.931819537604198122e-03,1.319597485400765850e-03
1.976408985469560800e-03,1.914714246222479124e-03,-9.370704882267451904e-04
-3.234498944051494677e-03,5.678064544139787943e-04,6.998228743608335281e-04
-3.193744380856441533e-03,-1.417320377445491653e-03,1.375298959805979762e-03
-1.643368230753705942e-03,2.959489703806018283e-03,2.338646533901460583e-03
-3.988934808997848282e-03,1.426576760689420454e-03,1.346117578483348219e-03
4.705073332495948897e-03,2.803506930705234549e-04,6.119890638967673919e-04
-6.048848732192244450e-04,5.003923956462276099e-03,1.396100785491933812e-04
-1.868286278113676655e-03,4.175510257008496415e-03,2.708264996162570125e-03
5.366038642993699141e-03,1.231574695699316768e-03,-8.864959867623405142e-04
-3.350625148659300886e-03,4.721468346777203673e-03,6.453203033269418057e-04
-5.221131154952397650e-03,2.841966835065366705e-03,-1.199265973712463663e-03
-4.085075963495467082e-03,3.958229965951892866e-04,-4.771986399438798640e-03
-5.891302900440870474e-03,-2.766449515430432528e-03,3.132522733787377537e-04
-2.842496416712975236e-03,7.783574010351703787e-04,6.051190919317948717e-03
4.635169897676449415e-03,-3.470529506681365242e-03,-3.823362813507596644e-03
5.272321572671629687e-03,-4.395502399711729777e-03,-1.968695967967935313e-03
2.387875292280591463e-03,6.908973716168775002e-03,6.363608876383444312e-04
-1.099583539591760710e-03,-1.693037661448065908e-03,7.253533774544401215e-03
3.418190408196435191e-03,-2.004558725099178651e-03,6.620902196897835400e-03
-3.793208405327124465e-03,6.880097149317082952e-03,-8.155004734495168231e-04
-5.621382989877327097e-03,-5.543452443771752780e-03,1.706157030493169217e-03
7.732824414616520925e-04,6.932338103475687782e-03,4.408860335412776235e-03
-2.104571347467760686e-03,1.347607350481976355e-03,-8.043732139590926977e-03
4.827738566379914144e-03,-6.574635766421609885e-03,2.696032663320417806e-03
-5.256307564408780990e-03,3.821435548759092183e-03,-5.867270768924563729e-03
-6.766700384118845514e-04,8.881355041263387304e-03,-4.207879389602206597e-04
-5.111555597971836375e-03,7.273244038252049855e-03,1.828308799807645954e-03
-1.532696413440149796e-03,-8.092394978049288409e-03,4.170499255506956125e-03
-2.361998173291347553e-03,-4.588484396860777192e-03,-7.839326167893647529e-03
-6.096999190636954655e-03,-3.018946374662738550e-03,6.682882623394343323e-03
-7.181005613881618135e-03,-1.799330673880640335e-03,-6.245382600113830868e-03
-3.785425929190867293e-03,-8.908483743937463742e-03,-1.726406572400449079e-03
5.525915844753430568e-03,-6.311579578023728161e-03,-5.400168436345728108e-03
-5.101936094603050711e-03,-2.020901339917779982e-03,8.501956657644240897e-03
-3.937163451948174665e-03,-6.193479626978564551e-03,7.169439062322797637e-03
-5.739695873855634942e-03,-8.231570584683942440e-03,2.724624889686859050e-03
-9.029952176850044102e-03,2.150475390714835539e-05,5.426946825363457468e-03
-3.282212808795147672e-03,-3.160934425986139927e-04,1.014820767790207932e-02
-5.874898286382448931e-03,3.411458532237262534e-03,-8.400823712812265781e-03
-9.947480234697050720e-04,-3.832130706311447695e-03,-1.019410683968239618e-02
-8.218380199277918125e-04,-4.852824502132036845e-03,-9.911518072717529285e-03
3.778670889129721270e-03,-7.968500270388888251e-03,6.896216812663707313e-03
-5.248256031752345299e-03,-4.686354121523394860e-03,-8.871163514174336406e-03
-3.953304892973854082e-03,1.029809434744585230e-02,-3.065198870296729963e-03
6.035578347958418799e-03,7.228550235836418356e-03,6.728044189401492618e-03
-4.920755979250400133e-03,-9.976496249557991955e-03,-3.615936880142433911e-03
-2.415845306761988873e-03,2.192367145156013698e-03,-1.136000833412526001e-02
-6.992191553740044301e-03,9.556384071423054336e-03,-1.533429338272953267e-03
2.719419841453729007e-03,5.029111438683934836e-03,1.061857506472124214e-02
-6.276386002471989745e-03,1.010363450152941198e-02,2.615394172008426651e-03
-8.268763392529939263e-03,2.461862961121250720e-03,-8.761258418845858237e-03
-6.924099811858824491e-03,2.909808708533688591e-03,9.882280001815386614e-03
-5.315028068879851762e-03,9.262774795203477379e-03,-6.549699053047136968e-03
-5.243283215163499489e-03,-3.940863006814216037e-03,1.080753516745221535e-02
-6.392908292102985127e-03,-1.103458670876902858e-02,2.693714174998166396e-04
7.084012024268847123e-03,7.324549589499923345e-03,-7.858191321126924145e-03
-9.125643879401233380e-03,-9.228925815150220563e-03,1.142144502498437304e-04
-3.612358966151384566e-03,-6.788157029621598969e-03,1.059320523588784535e-02
5.884934258030949774e-04,-1.191682411451045094e-02,-5.645221745864023068e-03
5.010495942138260862e-03,8.364466665472563428e-03,9.057490712007731926e-03
-1.328313462645627774e-02,1.880187764931360184e-03,-1.155049454332454423e-04
4.631795782311560767e-04,-1.323031423463527818e-02,-2.759988034974764949e-03
-5.341500018465439141e-03,-1.241848059265351044e-02,1.734049630653147636e-03
1.466492597590123232e-03,-1.521066680651504948e-03,1.357119651857886106e-02
-1.240400031091920194e-02,-6.048225315836366564e-03,1.042346187519078158e-03
1.756539978840119089e-03,-1.192946810215203719e-02,-7.001048990859899505e-03
6.038772741898476223e-03,1.194627204595663690e-02,-4.256579307666915300e-03
-2.239723520408556413e-03,1.009996290674021469e-02,9.651938184939787974e-03
1.144498448848245984e-03,1.331202493839074574e-02,-4.955107539279197948e-03
4.443676682118318996e-03,2.939434691721291674e-04,-1.364288451593802937e-02
4.966293875236688776e-03,4.901205211166069498e-03,1.265558435821087339e-02
-1.434645262290252209e-02,2.331132111022563187e-03,-6.957262766401018034e-04
9.571720668310714636e-03,-1.109078789424332821e-02,-7.192624843726819640e-05
8.791205032022341662e-04,8.369595283239034730e-04,-1.469849055065059959e-02
-3.307539328570796512e-04,1.391326076838475707e-02,-5.169308998731242735e-03
-2.334424003324611294e-03,-3.355886058978241760e-03,-1.437323357681640282e-02
-9.967294013142146900e-03,-1.989991460272717057e-03,1.108541291691520804e-02
5.388002958796630874e-03,1.362161550790699262e-02,-3.808812073932425681e-03
8.858966494877600073e-03,6.358424194828684109e-03,-1.063336020994076064e-02
-2.742055003677337701e-03,-8.272502749581611345e-03,-1.260633900833680633e-02
7.724884287133989766e-03,-1.246893227434974979e-02,4.755958399868925532e-03
-2.902440720956466456e-03,9.300210472062515540e-04,-1.521094828678789743e-02
3.729259319610624818e-03,-1.427708377302504446e-02,5.080828509656415068e-03
-1.265694200096586890e-02,-7.666617923138885349e-03,5.241954546090348346e-03
3.427225777219918522e-03,-1.520437544186167486e-02,2.535902044153044536e-03
-1.531797011380722252e-02,3.099390382135387180e-03,2.828470566067939947e-03
-1.658493137197616799e-03,-5.746921505899612453e-03,-1.481102128045777740e-02
-9.401608353062539808e-03,5.263602476781750403e-03,-1.191412598130162613e-02
-9.457119904835048843e-03,-1.298175419984176279e-02,1.725578470110015333e-03
-1.353140507954993937e-02,3.810619940150357203e-03,-8.137562708758563218e-03
1.039332296572531046e-02,1.012688896354390321e-02,-7.494282160711704041e-03
3.324539557335098698e-03,1.032415382447126120e-02,-1.232877762035083057e-02
8.301568558843994139e-03,1.417440376316283189e-02,-1.646301236859624116e-03
-1.289661803369584331e-02,-9.434659209574333552e-04,1.040328146923076569e-02
-2.757446363845757979e-03,-1.582085387748490652e-03,-1.637792006191043925e-02
-2.707616050202330503e-03,-1.618331709125167897e-02,-3.466108887662430402e-03
-8.760590362379165261e-03,6.133579776853912910e-03,1.302991590103597455e-02
-2.662245782740516650e-03,-3.187885112417645182e-03,-1.642560499708958441e-02
-3.091817494273513788e-03,-2.250023884758453217e-04,-1.674348533644990852e-02
-1.070090054357260984e-02,-1.296755275344404698e-02,-3.192434932198777008e-03
9.164289699270562403e-03,-6.468129545585720244e-03,-1.303618340098620237e-02
6.452744013634138798e-03,9.254710947515077876e-03,1.309124010427513418e-02
8.634989973147001383e-03,7.846135810274240674e-03,1.286269348969420676e-02
-8.532759696678878653e-03,-9.479743668496848699e-03,1.190824576223769270e-02
-1.153360792487845461e-02,-5.453308018331014251e-03,-1.202596234371797711e-02
-1.417155742114660326e-02,5.276782234797901434e-03,9.034153946012575195e-03
-5.889435069055398708e-03,7.784498879133194132e-03,-1.476201652346631477e-02
1.023982422602308503e-03,1.591218016498132173e-02,-7.865305262194054181e-03
1.823516719307509458e-03,-1.160638520885714196e-02,1.345303414595932189e-02
-1.274195398724449306e-02,-1.241424402853205482e-02,2.335713428931248271e-03
-9.690405401233540342e-03,3.798070447412403312e-03,-1.471416147443108287e-02
-1.087535246608996396e-03,-1.552348347200347214e-02,9.251192265835457909e-03
-1.075841639961671800e-02,3.886634819822239097e-03,-1.413530126568979250e-02
1.360508966811616906e-02,-1.082102883470731185e-02,5.601232450168473070e-03
1.527606652213275721e-03,-1.697432744615412492e-02,6.783571042741372466e-03
-1.602709714133485411e-02,-2.635763196357825133e-03,-8.693384637165069151e-03
1.349798405574019304e-02,7.667319502992154569e-03,1.006572730000680760e-02
1.956496002874823052e-03,1.657144545787547774e-02,-8.171554763073161226e-03
-4.424090942891593242e-04,-1.691017688641112621e-03,1.857613321015965865e-02
6.931830508649881699e-03,1.297548859455779566e-02,-1.160293093878794583e-02
-1.765578952875325805e-02,-4.399398071303710876e-03,-4.782678676185730081e-03
-4.261066033228489390e-03,-1.437654534517979026e-02,-1.149036066334171470e-02
1.699893089702251420e-02,-6.538067541218754546e-03,5.298598732149167531e-03
4.707672889373210046e-03,-1.369929239955389871e-02,-1.236396719893340448e-02
9.282305164252028021e-03,1.345493402929204795e-02,-9.920683005401328275e-03
-5.874581508332986195e-03,1.185458402793895458e-02,-1.391009270758252099e-02
-1.758825242337322750e-02,5.746714016160416744e-03,5.392401275406129985e-03
-6.465432036918961935e-03,-8.411548795417935973e-03,-1.618055890201451977e-02
-1.437273670766590211e-02,-6.423295981288454012e-03,-1.137760143466137394e-02
-4.526240996791215492e-03,6.963275402593603093e-03,1.764165848707270612e-02
-4.441569497392714068e-03,-5.179626846171779889e-03,-1.834569799343442262e-02
-4.796132533766600189e-03,1.807121520288439143e-02,-6.038863679602506432e-03
9.248762258916022952e-03,1.738843831060600878e-02,-1.030268938250531504e-03
-2.778280829634227904e-04,-1.973805379995686657e-02,1.486867269507882597e-03
-1.755598378132606965e-03,1.864832471701607930e-02,6.629992941678538448e-03
-9.457288695411158672e-03,1.348837062958228514e-02,-1.124024469866509793e-02
-1.462597361008909948e-02,-2.588028762913400452e-03,1.341728785476629417e-02
1.026088368002622646e-02,-9.660323768135942180e-03,1.431622917388409959e-02
-8.584657959437712316e-03,-5.256724070466279892e-04,1.823489249713956123e-02
-9.744630586231300268e-03,-8.168157681034460271e-03,-1.573942948928633290e-02
-1.243529730811918088e-03,-1.995528005023809726e-02,3.545352271379318635e-03
2.215621215906212697e-03,-1.910310860404350330e-02,6.739023724075839453e-03
1.750995395191098924e-02,9.958076704553946168e-03,-3.523350647846749083e-03
1.385984425025976914e-02,1.458440058562514817e-02,-4.037297587652209467e-03
5.744817610099553495e-03,1.448962362277052968e-02,1.345630642966166857e-02
-1.309766582781078485e-02,-1.121943013270425629e-02,1.138088581935277344e-02
3.541948326808933706e-03,-1.767874012780611820e-02,-1.023675507198888203e-02
7.322387721224479090e-03,6.567072525270476607e-03,1.833183505052747922e-02
3.244800868864791254e-03,-2.025764800436664556e-02,-3.850322780345321987e-03
-1.818041727532826099e-02,5.745455745516034329e-03,-8.666878595728655030e-03
-1.601660539292141042e-02,-3.673995424747253640e-03,-1.309769455001701978e-02
9.760491159515589585e-03,-1.259053490519002928e-02,1.381006807519759814e-02
-1.239064918834200182e-02,2.187030459749624619e-03,1.700362184957620454e-02
-9.554782647797892964e-03,1.208920429909742834e-02,1.459177151580733078e-02
-2.012246124597363850e-02,6.849253429363966715e-03,-1.210522297603503590e-03
-1.337820559157784465e-02,-3.682520047521787177e-03,-1.623830917270745883e-02
-2.129236954720840208e-02,1.367967429502210805e-03,-1.978111437464763478e-03
-1.181954004245155433e-02,-1.716214084890773858e-02,5.276218698079273260e-03
-1.259282403146080170e-02,1.682340865651119760e-02,-4.837658280791292016e-03
-2.509400466615466490e-03,-3.165379067925617237e-03,-2.125142097669655006e-02
-1.923572047547943489e-02,-1.003533602149779720e-02,-3.867871195555671422e-04
-1.733875183499931916e-02,8.798910909795431765e-03,9.785127699052131520e-03
-1.713637540211087121e-02,1.345302740323918445e-02,1.447166392375247041e-03
5.505971292224341208e-03,-1.455506340112526151e-02,-1.541103576688961085e-02
-1.310157254365738530e-02,1.719333072537038848e-02,3.916147077160671112e-03
-2.023257315171933871e-02,3.738993057360161677e-03,7.886310067777502902e-03
1.626807757799115855e-03,-1.608792178164349454e-02,1.506640065768375530e-02
-1.850010039592103056e-02,-6.430942363750385103e-03,1.038206033511147180e-02
-2.189371474668200951e-02,3.067353896161005740e-03,-2.364011388249416621e-03
-9.255848698263190871e-03,-2.488032756782336281e-03,-2.013467590416942801e-02
-1.080529077759660901e-02,1.319244191984788456e-02,1.447087359078645663e-02
2.924427804134511425e-03,-2.192516271378093171e-02,3.724411758901713561e-03
8.731905063656595495e-03,1.636792914186492934e-02,-1.272464033701718733e-02
-1.682971629226762481e-02,1.409448942624353524e-02,-5.207085903677441223e-03
-1.982810965915845006e-02,1.074498915598955801e-02,-1.826318506635845641e-03
-2.174875565141849015e-02,2.197821257881738943e-03,6.086213401995339833e-03
-1.245998810005487754e-02,1.903737084283198266e-02,3.809575394764356019e-04
4.024577758726977940e-05,-1.873276963622259525e-02,-1.303215352489094613e-02
1.527278502781224956e-02,-1.216179543019895240e-02,-1.193842702072395352e-02
-2.480736894954953340e-03,-5.031745525961965615e-04,2.280842187387717088e-02
-7.086453083607119861e-03,1.339591235971699518e-02,1.731766708742003141e-02
-7.760375779411821454e-04,2.301409118243320784e-02,1.502788553756847145e-03
-7.957809861725409495e-03,1.276248998403262634e-02,-1.758523109221766731e-02
-7.355940965563297768e-03,-5.006542629587484687e-03,-2.142924657617174475e-02
1.117340135432639609e-04,-1.730700605681461529e-02,1.554937646371094481e-02
-6.872183095763035980e-03,1.192414050244697959e-02,1.883763439945281351e-02
9.085217454937299236e-03,-2.100280850354365250e-02,-4.852842288911497597e-03
3.963221713083799752e-03,-6.499759992902140633e-03,2.218550354229883309e-02
-1.508528901255328826e-02,-1.311235260589925164e-02,-1.239323798983451089e-02
-2.054548831807347185e-03,-1.558186439813695999e-02,-1.757891427141621693e-02
-2.256143061845061054e-02,-6.958170242556461528e-03,1.241723445642956914e-03
-1.827519482426012351e-02,5.471405243870407307e-04,1.508763447389232029e-02
-1.031304321777242686e-03,1.917793773604660468e-02,1.400017628989765929e-02
7.473451138634474439e-03,2.247127626223370186e-02,2.644726945011391210e-03
9.694268776980910843e-03,2.020306608357639797e-02,8.282891681578622226e-03
-3.350936069400968585e-03,3.830094793417501003e-03,-2.340501466888520593e-02
-1.522724249312684512e-02,-1.184754989526731576e-02,-1.429699861545386495e-02
-2.089559953944017390e-02,5.562354698239475176e-03,1.058377673912191605e-02
-1.293427064986775801e-02,1.407781396980908872e-02,1.473252573164112074e-02
-2.337956593884216866e-02,1.873076363121662724e-03,5.946467443683658809e-03
1.991964498073460282e-04,2.225664452428477436e-02,9.644733422339115889e-03
9.658815761758367605e-03,-1.478142132678417729e-02,-1.672070344421820037e-02
-2.114434573625071159e-02,-4.913081799568630621e-03,-1.109459490539317986e-02
-1.668303556356156431e-02,1.268034766519614796e-02,1.257552132994750778e-02
-1.607101885514983577e-02,1.020131573736946830e-02,-1.542276063378240740e-02
-1.846262562302022209e-02,-1.547425354672664517e-02,-4.778329224765148764e-03
-2.371406074011029111e-02,-3.044712056405939581e-03,5.871513576053590325e-03
9.543128554621848128e-03,-2.268660143910295954e-02,1.815689344222704265e-03
-1.681836544796812619e-02,-1.115176144925427229e-02,1.431011365288621488e-02
-8.250342593160894453e-03,-2.233804139311446058e-02,6.920365346218444909e-03
-2.263421979229704797e-02,-9.911464949597166563e-03,-2.711467205580760272e-03
-1.975526363642988135e-03,2.436251728574211420e-02,-4.838590301164392288e-03
6.520521404240279748e-03,-2.387696229045759011e-02,3.342205942970476878e-03
7.811092239541424405e-03,-2.200980321616950383e-02,-9.016804933275095885e-03
-8.689021278863022849e-03,1.187362887633529838e-02,2.032771494653352537e-02
-1.527486702588318375e-02,-8.944656252539600824e-03,-1.786955341559746252e-02
-4.290414482857602199e-03,-8.865604306772124216e-03,-2.320763219884126871e-02
1.643530033844328719e-02,3.114660218542059447e-03,-1.894023108657721596e-02
-1.746131218954398781e-02,1.513403219528194725e-02,-1.037151340754814514e-02
-1.650896610579393603e-02,-1.201269006066767566e-03,1.924755088574861550e-02
3.801099487605022389e-03,-1.974976182221319099e-02,-1.558552470258221280e-02
-8.445764191405771143e-03,9.371312429168745378e-03,-2.216327621579401719e-02
1.125199789631093489e-02,2.250901078597335528e-02,4.478146384975354236e-03
-2.748377421207267180e-03,1.459869553489425396e-02,-2.087091817245425446e-02
-1.997084699785848724e-02,-1.606850466719682985e-02,1.480985320304845998e-03
-1.936398802676428735e-02,1.022793820524261522e-02,1.351312496741190541e-02
-1.643848597649156737e-02,9.974440614448042142e-04,-1.984730240104670695e-02
-2.403342806137340193e-02,-4.306775049561622701e-03,8.481471695197258243e-03
-2.360342376220053717e-02,-7.685046963478342312e-03,7.406978157730630466e-03
7.217059303273366117e-03,-2.018022348098958210e-02,1.465174380136472290e-02
-1.971280780601249172e-02,1.375937534613293385e-02,9.951977764539316276e-03
1.172864724851370964e-02,-1.179080699022540084e-02,-2.008306042214943327e-02
-1.642282086050620565e-02,-1.533665389818531649e-02,1.333973651348884307e-02
-6.964711359578689039e-03,2.216298114644409470e-02,-1.208812320480546001e-02
-1.466809267855698901e-03,-3.090597512918705821e-03,2.602079920625524970e-02
-4.282829480359845800e-03,2.270265151107883628e-02,-1.256940769609125527e-02
1.967581363874579964e-02,6.051798454027414349e-03,1.646023424151464576e-02
2.077096430851940387e-02,1.415914183281217001e-02,-8.108366271556510449e-03
-1.443888169861711618e-02,-2.214060395066841727e-02,1.389613944947499418e-03
-2.266207679471993891e-02,4.467455434699884979e-03,1.304032127760329507e-02
-2.477330953801703400e-02,-9.379739070718850699e-03,2.200230005252608746e-03
-1.676561744476472854e-02,8.403335326754580699e-04,-2.068103265264210205e-02
7.329825210858658541e-03,2.414328975793282595e-02,8.708199415372725599e-03
-1.443167262224817268e-02,1.633285751232081348e-02,-1.550427059918967586e-02
-1.255018400577123834e-02,2.366817472600131131e-02,8.301600158145006764e-04
3.195258376665516785e-03,6.513960114537807253e-03,2.585920611359780394e-02
1.499385835768952437e-02,2.223852618577937257e-02,2.221154096664280236e-03
-3.185578819623734875e-03,1.178057382669100116e-02,2.404856159006462518e-02
-2.268389215072174128e-02,1.004029990083706719e-02,-1.071721186851745319e-02
-2.567169284777677182e-02,4.890691159477457244e-03,7.087531232258255376e-03
-1.649492421763569527e-02,2.149239936788823607e-02,-1.464509552527096898e-03
-4.501208659845134727e-03,1.360350054956555900e-02,-2.310405564418485658e-02
-1.780178728498935103e-03,-2.262700288560101289e-02,1.506408092034374445e-02
1.014409583462842594e-02,2.433545579508608961e-02,-7.065651385580266550e-03
-1.557537942833532238e-02,8.927509393759646555e-03,-2.063278704371930908e-02
-1.553307210932370654e-02,-9.321068373622553097e-03,-2.056235442090972518e-02
-1.145227850505532545e-02,-8.409741578652287636e-03,2.349585442701202648e-02
1.558414907732092770e-02,-1.854940997277150505e-02,-1.303657587350472158e-02
-2.704752879894821438e-02,5.278839683530476591e-03,6.550610529247812789e-04
6.346587144608029866e-04,3.072804818598724990e-03,2.744056752790088524e-02
-1.390160687698604840e-02,8.319664201740734413e-03,-2.243488140821844543e-02
6.351227660509773700e-03,1.081462199996304809e-02,2.472786996848809829e-02
-1.891453160045630452e-02,-1.695044647651389527e-02,-1.125393994234909038e-02
1.320589409581617892e-02,-2.439413231855733569e-02,2.286014046455040177e-03
-2.435685763201001289e-02,6.806355741082803675e-03,1.175071600325467910e-02
-2.530956605029128711e-02,1.155965721457364974e-02,-2.535763853618254546e-03
-2.117683564598882989e-02,1.823637734424760765e-02,-1.604322302318103967e-03
-2.316968108486407857e-02,-9.347400911474993204e-03,1.274197083315307781e-02
-1.857354124298488118e-02,-2.084868163507706471e-02,3.144904654463170739e-03
6.835894048517676333e-03,-7.800182068690042492e-03,2.617118124147039399e-02
5.585563308538300797e-03,2.739994406426621981e-02,-3.676513754462768045e-03
-5.212568030777763907e-03,-2.456291088873513093e-02,1.295893396400104626e-02
3.054843640747422363e-03,4.989973815191605169e-03,-2.769800067016636030e-02
-1.794577255083477235e-02,2.011757604762298007e-02,-8.809851121223609763e-03
2.140696443617649478e-02,-1.080327674793608514e-02,1.524409957402146805e-02
-2.041365522663115325e-03,-2.418172497956817130e-02,-1.487948409275144379e-02
2.749592870311235240e-02,7.204614565423045000e-03,-2.315258546359482555e-03
-1.645864788773572203e-03,-2.617622645558865396e-02,1.132962218680192736e-02
-2.650627925217761971e-02,-9.481087679639926824e-03,5.173182529272413351e-03
-1.367283660201337389e-02,2.506494529350065600e-02,-2.647532489532644206e-03
-2.378910177617213698e-02,1.292454438947989587e-02,-9.602832066851070200e-03
1.547969124989930119e-02,1.628465295344077440e-02,-1.798169361749856268e-02
4.252231494175221990e-03,2.822521260271588020e-02,4.047303532961905002e-03
-6.867572523481683087e-03,2.627837328832784147e-02,9.817405904506779774e-03
-2.236516080845207290e-03,-2.800193906139461508e-02,6.925361798523897716e-03
-2.590887249163158906e-02,-8.966291861721804521e-03,9.401097123611984116e-03
-6.891393594114717490e-03,-6.737494255822452753e-03,-2.738856778592180588e-02
-9.466998133281124758e-03,1.213697751812013812e-03,-2.747536791237490880e-02
-5.323627710557684786e-03,2.835454096627739243e-02,4.080006196051623457e-03
-1.515455105152355847e-02,-2.390056219010092933e-04,-2.494443758592379545e-02
2.183827482780382676e-03,-2.845892782372770602e-02,6.343334605284669560e-03
1.441199267010071991e-02,-1.597278121230705748e-03,-2.544869433664075434e-02
-1.683075591023795031e-02,2.290655766931978116e-02,-7.272133573698114258e-03
-1.153581765110924320e-02,-2.663910708862489082e-02,4.596495983918176022e-03
5.509909940671852378e-03,1.604843299228349979e-02,2.406054286218611490e-02
8.836324908122377211e-03,2.221719952761394556e-02,1.726595624963074560e-02
-7.070957136773465927e-03,2.867991788604334555e-02,4.885042741855576782e-04
-2.420895510743892309e-02,1.529228309888460216e-02,-7.471586793068234027e-03
-1.753623547779569261e-02,-1.358248340213968029e-02,-1.966534957031261174e-02
-2.475895201492099920e-02,-1.639125536621605789e-02,-1.683461017383424318e-04
5.498958781599265315e-03,-2.426799675332054831e-02,1.629451686288508477e-02
-2.452803357381162785e-02,1.681980483570781268e-02,1.770221022292483605e-03
-1.663498667535340605e-02,2.091985835798628596e-02,1.327702456165090125e-02
9.832741540372081160e-03,7.429707064569169260e-03,-2.723487069913055683e-02
-7.679720677137687190e-03,-2.823147047890516362e-02,-6.372350513424559527e-03
-1.289076228173595233e-02,-2.546856355881979214e-02,-9.206569304945634233e-03
-8.503052515414579599e-03,-1.313011261763689930e-02,2.564875360217728356e-02
2.416618327050832835e-02,1.359341595521778440e-02,-1.169424019917494027e-02
-1.698048701837903685e-02,2.470369279154466594e-02,-3.148276671808074214e-03
-6.238842567981794929e-03,-1.095049516946606898e-02,2.743474544852154279e-02
6.828090960213786288e-03,2.932582130127383765e-02,2.802889462421772563e-03
2.091691922342891335e-02,-2.152576972795719815e-02,-4.072822518767022643e-03
-1.925632675273152364e-02,-1.894149739717665426e-02,1.381518468107636143e-02
-1.603125064410856546e-02,-2.013621713485900383e-02,-1.615423778560029500e-02
3.826813798092292430e-03,-2.130430547248190337e-02,2.139841260935717790e-02
5.064975305155922439e-03,-2.269487300442978722e-02,1.971499576810857926e-02
1.972523215169438588e-03,2.829768411509495096e-02,-1.130157245857241546e-02
-6.432571565403925710e-03,1.293621171823369775e-02,-2.695616208116018153e-02
-2.792442255550588170e-02,-1.015766302614554313e-02,-7.442449386293190430e-03
1.734667885146441669e-03,1.512029101275017343e-02,-2.664006352281240650e-02
2.574523139111730904e-02,1.625080409483912677e-02,4.171749288478479589e-03
-3.251084673594840501e-03,-2.906508088750966307e-02,-9.588796353724456101e-03
-1.365251086557892242e-02,-2.692913370201814940e-02,6.221630180939111479e-03
-1.664837868960657857e-02,6.981578054560597362e-04,2.599243791873749251e-02
1.452568711432141585e-02,2.673361524407269485e-02,5.528659073222097660e-03
-9.600516930552308731e-03,-2.118671251754510043e-02,2.044960803692941892e-02
1.029302992967177574e-02,-2.920704706328275391e-02,-1.794631714282275345e-03
-2.836830209298704664e-02,1.206901980200538946e-02,-3.844873006506098565e-03
-1.020460690629621317e-02,2.546861994538210036e-02,-1.467672510624979353e-02
-6.438603428431704384e-03,-2.802077633052291877e-02,-1.202321988074426737e-02
-2.712934523235920395e-02,-1.073060070104632849e-02,1.109130676863752038e-02
-2.944576757536046183e-02,3.158254281831792808e-03,-1.000617354932882563e-02
-2.984472109201962570e-02,-5.572666401681258992e-03,-7.640451577082999803e-03
-3.012371088956353540e-02,-1.523341030660753338e-03,8.565500777708292060e-03
-1.119079896088069799e-02,-1.610267240354378016e-02,2.452721376154880228e-02
-1.839400447137614497e-02,-4.632969219533707855e-03,2.508582150134035932e-02
-4.066428078145750691e-03,-2.802597608006776944e-02,-1.378766352501238635e-02
-1.491404778027050591e-02,-1.033114280739526845e-02,-2.580538943571257168e-02
-2.123741359987304372e-02,-2.049615413449519877e-02,-1.126714565996224209e-02
-1.503883208554175795e-02,-2.597079429702739764e-02,1.002043846661930179e-02
1.993667990145307073e-02,-1.502110612474478156e-02,1.951775296124690431e-02
3.943759813808568084e-03,-2.251427506304480575e-02,2.201343548340566753e-02
3.014299013588388459e-03,5.879940997973036841e-03,-3.108645367773165899e-02
-2.617963586482347296e-02,-1.729536707366528467e-02,5.339931441174595138e-03
-2.080093030045231106e-02,-1.861188098348492623e-02,-1.539245325662588759e-02
4.950091134707446799e-03,1.064853619824245728e-02,-2.968340704143472217e-02
4.054473033006697480e-03,-1.724727827302096478e-02,-2.660983628325401529e-02
8.261694638305380756e-03,-3.005711115315037874e-02,-7.300459140665879580e-03
-2.662737326009583655e-02,-2.485809420741559930e-03,1.768552654283909661e-02
7.262513085038892549e-03,3.047173081201405564e-02,7.049509433330189249e-03
-2.838467410633726748e-02,1.296869471598118169e-02,-7.751231827217176622e-03
-8.693197513237183385e-03,-5.817061028190256659e-03,3.045555967307141815e-02
-2.398463979111109881e-02,2.154464046987589892e-02,7.137704412601653071e-04
-1.930171928215730637e-02,-1.789025229656345320e-02,1.871682932948532524e-02
3.751572022559867495e-03,-1.316833617293161444e-02,2.929934047063008015e-02
-3.056845536352628331e-02,-1.034361111555823394e-02,-2.739246380798191459e-03
2.921941475257180260e-02,-1.407255169571220918e-02,3.276442931244217985e-04
-3.003587879018233819e-02,1.119275285146375393e-02,-5.242212630484046482e-03
1.929913517485465401e-03,-1.250179653421137731e-02,-2.996477125836638153e-02
-3.217752851054413166e-02,-3.649661725714017316e-03,3.491215515980446507e-03
2.652868394249650527e-02,1.889221726006763691e-02,-1.791688758601407000e-03
4.854676846371534966e-03,1.231663803107291115e-02,-2.986008924802384737e-02
-1.065697314381702267e-02,-1.296380949760122039e-02,2.807590935984489999e-02
-1.597588778810581783e-02,6.120343018094621598e-03,-2.793199576695277325e-02
5.669854771309652645e-03,2.426377688058601115e-02,2.133077172272862185e-02
-1.235942368634326697e-03,2.543399863683224599e-02,-2.074754798167983277e-02
-1.333323561252554301e-02,-2.257583388644955266e-02,-1.986025832995080842e-02
-6.406024813128083709e-03,-2.344182908060877049e-02,2.223316409157173601e-02
-2.410191992577090728e-03,-3.261694918270931914e-02,-4.265337226081122694e-03
-3.263441643994739044e-02,-2.379677047031660811e-04,5.079682596233315618e-03
-2.548087118219382469e-02,1.943617740158733176e-02,-8.174527283228866584e-03
-2.078321617354860276e-02,1.225202547509615658e-02,2.268934805686822348e-02
-1.688349856145757860e-02,2.316163272217466873e-02,-1.668368277973004271e-02
-2.623409208869861495e-02,1.206704260250012969e-02,1.640172202243536659e-02
-1.216439057577208167e-02,-2.998562204684601662e-02,-7.664624578596652450e-03
-1.038838505061803058e-02,3.162193029308521530e-02,-9.951945275126154299e-04
-1.083193462164183662e-02,-2.419002852641625317e-02,-2.023281208944803164e-02
-2.220491581115487459e-02,-1.796767921815998342e-02,-1.729042021115143740e-02
1.760634622244158830e-03,-2.559501457611577588e-02,-2.143944323242286815e-02
-1.601871772242004915e-02,2.144300187041284916e-02,2.011101850107328143e-02
9.932584605575301220e-03,-2.955470992164272934e-02,1.231737915661928334e-02
-2.320658857066186867e-02,1.737217345734800092e-02,1.692682623150143159e-02
-2.968880318502306603e-02,-1.048079702010530287e-02,-1.177219403563335536e-02
-1.516058941491722767e-02,-2.796556006718612167e-02,-1.099735694393169649e-02
6.496096216383176816e-03,-2.655511489464370753e-02,-1.971004983264675048e-02
-2.332869178667542828e-02,3.911509070308621418e-03,2.406934450634078473e-02
-9.722616359435434438e-03,1.889181017792477754e-02,-2.627609861538481376e-02
-6.465791710776687753e-03,3.231944568161607134e-02,7.649342658093428657e-03
-3.324921711275122954e-02,-6.339199521902505810e-03,1.473862971702486098e-03
3.381549130023865559e-03,3.025270583090923504e-02,1.497363611884435300e-02
4.545136054596263242e-03,3.181840633293228637e-02,-1.099111567126605238e-02
-1.601251876369656681e-03,-2.048205536216019668e-02,-2.710716803819347015e-02
-1.576907618338793324e-02,-2.904022134868496606e-03,-3.004635777004274408e-02
1.937692103973237198e-02,-1.618388490551084594e-02,-2.292381618106139815e-02
-1.025714248576672580e-02,-2.017041353793321262e-03,3.250556095760287478e-02
1.623072973847574166e-02,-1.057253308126768557e-02,2.817229452497350614e-02
6.175918932628054504e-03,7.941022257135955595e-03,3.272149036785536313e-02
1.855458704262824554e-02,-2.154645125145615916e-02,-1.914106855543108721e-02
2.257102830999085583e-02,2.584750044182592896e-02,-6.025616857835449074e-04
-1.850555071146114602e-02,1.240130659311233785e-02,2.616610895794753422e-02
-2.706056044638504091e-02,-1.418493207074079075e-02,1.582506556262626082e-02
-2.045206660841311988e-02,2.371472762124881076e-02,1.436139278911185979e-02
-1.455127497238738014e-02,-1.889866502735176867e-02,-2.492051237719708837e-02
2.497721922934844057e-03,-2.373020184476906311e-02,2.497150875382691745e-02
-1.817225802259088072e-02,-2.885919226844932406e-02,-5.732371361939331798e-03
-3.184364019854755284e-02,-4.396511108679053252e-03,-1.286873612135584939e-02
-3.092823662662996451e-02,3.225427697496346274e-04,-1.566200514901680552e-02
1.201644321414778623e-02,-1.913275589871220664e-02,-2.635352991190236319e-02
-1.739937515188527337e-02,2.150373087902593752e-02,2.104340004757950314e-02
-2.845062794522474139e-02,-9.343245252609537477e-03,1.772700927642516244e-02
-1.395775358710870002e-02,2.285723817244948285e-03,3.184252149483309674e-02
-4.979595441339700751e-03,3.394008443651808787e-02,-6.346060863451036087e-03
-3.111180998555341387e-02,-1.296842405516050213e-02,9.158714185945264485e-03
2.563235481600986340e-02,2.365915282727644800e-02,-2.498573315750380296e-03
-2.509568983790348706e-02,2.322800215707489929e-02,7.529371986933758656e-03
-2.757713950163996966e-02,-2.015077034427893363e-02,-7.904584717760338233e-03
-3.489719902999197099e-02,3.642864890504578061e-03,-9.794774409633761388e-04
2.938099737478872334e-02,1.537399785157000758e-02,1.163837600820890120e-02
-2.478995923655301012e-02,1.205000498775620800e-02,-2.187053059377640565e-02
1.213541596453951953e-02,-1.491363794923247429e-02,-2.951932090971131836e-02
-2.514010978394925697e-02,-2.471115940982142323e-02,-1.191488493348093593e-03
-2.892357329894431825e-02,1.676473355085032063e-02,-1.137838321242690132e-02
-1.791162808050249591e-02,8.277433369080275730e-03,-2.933881365331458824e-02
-8.566450474823857075e-04,3.305234316810313350e-02,-1.264628703250861470e-02
-1.973560660556170077e-02,-1.878063764513773423e-02,2.266991965304866394e-02
-1.410889989159474535e-02,-3.082488973226777881e-02,1.048374986022475482e-02
-2.396517951617699316e-02,-2.544848981677337585e-02,-6.340401091573502970e-03
-1.472336053251875956e-02,-2.130338713188286229e-02,2.438353705182946113e-02
-1.875612140874527781e-02,-2.920076683959065347e-02,7.981507357989926429e-03
-1.850936185759672746e-04,-2.646910614748628279e-02,-2.388611974860403719e-02
3.378243893705007092e-03,-3.472074779859112004e-02,-7.567343688952535459e-03
-2.893200267826956384e-02,-2.071472664539138892e-02,-3.325744158955149226e-03
6.433405137767389190e-03,1.312879603159379516e-02,-3.265702119684523591e-02
-1.604404770913475447e-03,3.159658906378920440e-02,-1.680269627826118037e-02
-1.963819289546525279e-02,-2.967102321195221395e-02,4.498343669676230401e-03
-1.358385024523279215e-02,1.195782928931571343e-02,3.101237155280767849e-02
-2.349593598344595913e-02,-7.860987025855449561e-03,2.604685379352850855e-02
-2.615347269454391249e-02,1.281497620306124539e-02,-2.114426239023585799e-02
-3.112924405680692064e-02,1.873171820156043421e-03,-1.804950052153420428e-02
-3.053524126048208845e-02,1.035290020661613908e-02,-1.617884586492802229e-02
-3.076627698693758586e-02,1.080270492065922745e-02,1.552714042020842365e-02
-7.908140319617694425e-03,3.209749300111585518e-02,1.464863916413359883e-02
2.119195797007856347e-02,-2.140247538294050636e-02,-2.008037970492706700e-02
1.869025760609760792e-02,3.064482449882510728e-02,-4.997224986802820644e-03
-3.047654718658472650e-02,2.508456320937439045e-05,-1.968754720067239505e-02
-1.841636728325541511e-02,-2.423788606988050778e-02,1.981915982599717976e-02
4.966053077178989549e-03,3.393975356506600399e-02,-1.207830785233533072e-02
2.386975750648176594e-04,-2.323947308801168482e-02,2.802394470450948402e-02
-1.002412140637806530e-02,-3.502101615394848794e-02,1.238948078597055212e-03
-6.864515423615808083e-03,3.278907753295286914e-02,1.446590046573614091e-02
-1.902069800341785188e-02,2.324293077517797929e-02,2.079675582694352418e-02
-1.213315581357016573e-02,-3.852337081691867195e-03,3.428542098929968085e-02
-2.954993287856333417e-02,9.541562558753852175e-03,1.939904182173236499e-02
-2.694545213790871738e-02,2.484670205181562994e-02,4.073831060162193349e-04
-2.458270107668866430e-02,2.724077471559218505e-02,-4.816100592879905785e-04
-3.671863068624917070e-02,1.164315810611048522e-03,8.513093406118022897e-05
-3.653739228164133712e-02,3.361349893373014042e-03,-2.522016971584558655e-03
-3.142040969877914203e-02,-1.900761389403489432e-02,2.669969324138385738e-03
-1.659962014653299303e-02,-2.716733122815263857e-02,-1.857603501096918505e-02
2.400434979982662281e-02,2.147183673699141343e-02,1.801255851274157632e-02
-2.149985658357924864e-02,-2.787974687135912413e-02,-1.118915969882978458e-02
1.030919813187197547e-02,3.415757611654230558e-02,9.732563820824673487e-03
2.463488346282561095e-02,2.091814625923246740e-02,1.806425703818481665e-02
-2.846758100538648514e-02,1.129755360052732936e-02,2.087455872353032732e-02
-1.218115076755221446e-02,-2.176888229076192477e-02,-2.746893074890807002e-02
1.060267870479289672e-02,3.495673580388750090e-02,-6.740802062396116651e-03
1.054021692091928510e-02,2.710187235575623257e-02,-2.317850356785708041e-02
-3.658013710365311949e-02,6.814305024686898027e-03,-1.154093368772424622e-03
-5.755661008067947809e-03,-1.045009502347399831e-02,3.530670494547393651e-02
-2.712458623104455763e-02,-4.671486916960634027e-03,2.518635792497094308e-02
3.241142808728530306e-02,-1.855824471318697627e-02,1.802925688843923669e-04
-3.872621507630984910e-04,1.140485368931946518e-03,3.736996472651913509e-02
-2.404153756893954996e-02,6.189708081002508883e-03,2.801214965092304471e-02
-3.066309463380988143e-02,2.146195166956640227e-02,1.780918949677271325e-03
-2.720822295495398113e-02,1.404390011549145646e-02,-2.166836450391206731e-02
-2.940081536000588650e-02,-5.683412719747575875e-04,-2.335229415817728985e-02
-1.742210812029356889e-02,-3.283248971655847170e-02,-5.619874726040407012e-03
2.120359407967029736e-02,1.042235406734143624e-02,-2.928979714279552476e-02
-3.045405984177138037e-02,-9.604992465617131353e-03,-1.998573298860566866e-02
-2.259879495293584672e-02,-6.580229770383325648e-03,2.946447295561700069e-02
-3.424533867955424637e-02,-1.533144889245336741e-02,-4.170020968216709908e-03
-3.107972947982986026e-02,-1.947770973279638884e-02,9.103875646326883495e-03
-2.331946979035395395e-03,-1.282693863991003769e-02,-3.551435192879103669e-02
8.519254728637432918e-04,3.472498751696353331e-02,1.509016369063859858e-02
-1.739540494565381540e-02,-3.326839756354364047e-02,5.282398904561736927e-03
-1.383781744126862286e-02,3.533534421268545028e-02,4.950701910355240036e-04
1.557643413194187594e-02,-1.829070709191212354e-02,2.943073947308324362e-02
-3.130229227151360566e-02,-2.256568285451397791e-03,-2.148127283941416235e-02
2.186666346704457982e-03,-3.795951104126897568e-02,1.921498040844325968e-03
-2.124843546837457825e-02,-1.508838336025222424e-02,-2.780773988671452618e-02
-3.609756490508081450e-02,6.514340127635602148e-03,1.048727445541404284e-02
-8.545851938193524747e-03,-1.512864284560555377e-02,3.400844176589136458e-02
-2.686131699014427179e-02,-2.708731073690770486e-02,2.501466181134104176e-03
-2.203659548172653623e-02,1.108245460416085876e-02,2.925929567595244793e-02
-1.117631111653094242e-02,7.813656224945172285e-03,-3.579950111654805339e-02
-3.146030852084449880e-02,-1.227768537392044234e-03,2.189379181137409563e-02
-3.331906196808506054e-02,1.393239614517450577e-02,1.301361452225355611e-02
-2.774658394006296325e-02,2.574795173607135126e-02,6.620070311881403984e-03
1.067977499109465465e-03,2.718773727751048336e-02,-2.719138146399576600e-02
-1.106307626771327497e-02,-1.339715727943796043e-02,3.436334295933770461e-02
-5.433600216990634897e-03,3.802354172699230761e-02,-3.229768004920822045e-03
2.146680106261944759e-03,-1.179996911130579314e-02,-3.667325946701292805e-02
4.893473097427138152e-03,-2.560332091660806955e-02,2.850140376559346170e-02
-8.986307837940523194e-03,2.723662501300001121e-02,2.592777800680823308e-02
3.779635279633313666e-02,6.961835859717595276e-03,-4.564722073155919047e-03
-1.535743141641678251e-02,-2.319969790020274397e-02,-2.695965046716856592e-02
1.571506678649172220e-02,1.146419272325504245e-02,-3.354906869479958725e-02
-3.044318996799628366e-03,3.362076294822340106e-02,1.916609985505146954e-02
-3.237909620258782456e-02,-1.202582739936840922e-02,-1.780361686118032277e-02
8.708883476394058479e-03,1.271257119665236343e-02,-3.571516757754138877e-02
2.251062181141387855e-02,2.830199151635341345e-02,-1.443360362247279004e-02
7.253198500631798801e-03,-3.139131275515202879e-02,-2.193328547628952893e-02
-3.651924528423913102e-02,-1.355499122599555101e-02,-2.175463904784538400e-03
-2.956007595021669168e-02,2.496588418447103636e-02,5.297682181048614207e-03
5.239109492043898288e-03,-1.072357373907457771e-02,3.722565019718807044e-02
1.395776908696754175e-03,-1.603894034335712898e-02,-3.566553241084628734e-02
-4.771227323826761693e-03,3.881146559921504896e-02,2.272756817347941841e-03
-2.451048786390386605e-02,-1.962205772884586738e-02,-2.348414019225543090e-02
-5.749737879170985352e-04,-3.600817699976471831e-02,-1.560156780214887358e-02
-1.936949596480947236e-02,-1.729661163616887445e-02,-2.947902125159475653e-02
-2.187507373233537125e-02,1.275983410200494383e-02,3.008430960647656000e-02
-2.872736221206526053e-02,-2.651417207721048705e-02,4.601101547036682247e-03
2.691463098949129981e-03,-1.239977855650544261e-02,-3.730240922657581532e-02
-2.831190988564545943e-02,1.703749858036878589e-02,-2.153283200922076132e-02
-1.710079185620138817e-02,1.954868717316328788e-02,-2.973131259527323281e-02
-2.512876678737682029e-02,-4.265145843267434747e-03,3.019816321469654188e-02
3.496943745887114152e-02,1.485907947129334362e-02,1.099807685957571862e-02
-1.154214461945399575e-02,2.917373414095822751e-02,-2.415202179800778753e-02
-3.690178681598184351e-02,1.152718210516074683e-02,8.721633036923154975e-03
2.559629151497039984e-02,-1.651016826376289215e-02,-2.541585453424077129e-02
-2.448925531835996136e-02,2.594649837007318577e-02,1.743026948331301978e-02
-3.303430618703772498e-02,-2.176642928861841422e-02,3.840991212914228545e-03
-2.705243624905368308e-02,-2.609681706305399390e-02,1.303669112201900730e-02
-2.117886666122370184e-02,1.837907701846413708e-02,2.827607645977581532e-02
-1.413662847696174098e-02,-3.704507477696101364e-02,4.089926296945457611e-03
-2.017832780797160761e-04,2.809082564443595668e-03,-3.979969917069836605e-02
-3.024872987489831203e-02,1.628808462233046275e-02,-2.036415499555458211e-02
-3.550916700718164797e-03,2.816577154740800351e-02,-2.814435967573751876e-02
7.070501191216817423e-03,-2.867503789780082024e-02,-2.699655173346361334e-02
6.533960408336638055e-03,-1.783224185941896175e-02,3.526218105213068527e-02
2.979932971620087925e-02,-6.132651613239099506e-03,-2.610618273432797898e-02
-1.622655685279858224e-03,-6.329943915371725668e-03,-3.959142291077220877e-02
-2.622296406735062993e-02,2.723165289134062139e-02,-1.356521098816955255e-02
-2.164819422977388649e-02,2.253493725059602104e-02,-2.529415175193465079e-02
-1.817188901932814682e-02,3.071612663992556724e-02,-1.859042629307149780e-02
-2.570028141935992369e-02,-2.297426689798847885e-02,-2.083317058636489222e-02
-2.930285077651097886e-02,-9.622986746127167035e-03,2.596390329008040412e-02
-2.958442534388100106e-02,-2.046341939640605387e-02,1.828754345019101279e-02
-1.465554207636557069e-02,-2.090727697210433347e-02,-3.129802449381697410e-02
9.746341205358225596e-03,-2.087863175439144334e-02,3.322044755396822563e-02
-2.035401925014605415e-02,-2.039918301731146605e-02,-2.841013128531226159e-02
-1.947097504354381673e-03,1.557328470299104185e-02,3.733994713639485208e-02
-2.095664941889100255e-02,-3.409247452335537054e-02,6.492644711337100874e-03
-2.632119351787446868e-02,-3.067961707467345422e-02,-3.553953340581621819e-03
3.563355645917257175e-02,1.838355816297045434e-02,6.481619690344064995e-03
-3.313793693860314638e-02,-1.824964624785130329e-02,1.488581113025899683e-02
5.785383606287070957e-04,-4.060689174996098827e-02,-2.558954693075251707e-03
-6.657772338023477433e-03,2.137700406881335238e-02,-3.402269526947099970e-02
-2.775774339091337944e-02,2.973966447931027102e-02,-2.636167793600041609e-03
-2.713385897907300698e-02,1.957602871460954741e-02,2.335520721981167516e-02
-1.983364150335911735e-02,2.819854852610132606e-02,-2.189623812608678527e-02
-1.888892660213562077e-03,-3.250797973772048821e-02,-2.471202349557435896e-02
-6.331394874618462352e-05,-2.487930491152933604e-03,-4.083957934326947620e-02
2.017439455237654902e-02,2.987445734271080774e-02,-1.943245109119959985e-02
-2.807118382432827186e-02,-2.948503668683824866e-02,4.774504064513141084e-03
7.843799505786865772e-03,-3.773507557841231791e-02,-1.406195051521930139e-02
5.775716154234613112e-03,3.462579610403058311e-02,2.130586904283440428e-02
2.069371408089065723e-02,-3.290550571969157873e-02,-1.335245044477947028e-02
-2.214312784653279728e-02,3.465341952884296028e-02,-1.076089833165155916e-03
-3.363207279739171413e-02,-6.452037863245111554e-03,2.286124501706149337e-02
-6.166349709309060061e-03,-1.843917637441099336e-02,3.633731450211018926e-02
1.094026577648129529e-02,1.241034796271590045e-02,3.778581460435852940e-02
-3.964566688601293964e-02,-8.013593984206248896e-03,8.277895849868625519e-03
-2.932849289158114946e-03,-2.789739248381670547e-02,3.034305151109068649e-02
8.307837025238561449e-03,1.303384813048201127e-02,-3.836290899976305124e-02
-2.117065538250618995e-02,-2.261981271558192313e-02,-2.745557486776330214e-02
-2.238297740387898069e-02,2.696622070274573221e-02,2.210279608328059517e-02
4.119613057394739403e-03,1.327188636326316271e-02,3.907226397061931700e-02
1.966148283668539901e-02,-3.059625475422192431e-02,2.000247637524004904e-02
7.693829999446103254e-03,-1.331640314683787962e-02,3.859184405192421508e-02
-3.785557239450750705e-02,-2.153554125838980093e-04,-1.719910775311310827e-02
-2.372109226160006024e-02,1.028537645904120147e-02,-3.261087759884748194e-02
-2.349516401944945487e-02,7.677223220224635783e-03,-3.352663090098720322e-02
8.347737297158526124e-03,3.749844948935045913e-02,1.619344616632033967e-02
-1.116878347114500306e-02,-9.709091001694321321e-03,-3.901393435191605891e-02
-1.274831732327190263e-02,-3.066935430455413475e-02,-2.531829219439383355e-02
-1.675096992469725030e-02,3.476720404797237901e-02,1.605742719944788441e-02
1.678997831892142453e-02,-3.823726860957128715e-02,-2.500410048853948883e-03
-1.271675871825184330e-02,-3.233485267039744315e-02,2.336740476639411965e-02
-1.234684073566395812e-02,3.790469071731426137e-02,1.292804595694175412e-02
-2.968307548701995535e-02,2.043467595965008446e-02,-2.146470800246015956e-02
-3.122385188342624227e-02,1.104843337485041620e-02,2.579628769783079423e-02
-1.833806800122982951e-03,-4.090948466770696207e-02,-9.409968623552054934e-03
2.759606938773549734e-02,2.972916994010244701e-02,1.109868248198521076e-02
-2.378390315749597667e-02,1.422567846129238478e-02,-3.167893320382478978e-02
-8.664848889802276299e-03,3.843695441555079750e-02,-1.490540735058818768e-02
-1.176827001048504594e-02,3.803656939950687127e-02,-1.387187464654926483e-02
-2.385172778208676653e-02,1.856975144788519660e-02,2.944508982335308084e-02
-3.658802300890699050e-02,2.109118021375369981e-02,-5.336554466808387598e-04
-2.362292665397640670e-02,-3.500234114262906066e-02,-1.910950487211612652e-03
-2.825252749364108237e-02,-3.145108258832036291e-02,1.592140651714468334e-03
-2.571881379436366868e-02,-1.135910478710275588e-03,3.361868568694562076e-02
-1.531752376709116965e-02,7.130080300358543387e-04,-3.950799939620593115e-02
-3.342572805489531229e-02,-2.006414483911827043e-02,-1.670990471317243542e-02
2.304961281771041037e-02,2.616193556104070769e-02,2.421552680645466457e-02
-2.474940212497066597e-02,5.763756721560816393e-03,-3.405030555901362305e-02
-3.348111978196782745e-02,-2.582387646626756877e-02,4.513636401468393809e-03
3.517983150156361438e-03,-3.550484699955969853e-02,2.320160820922687744e-02
-2.281945897693264669e-02,-3.572242552521447817e-02,4.185690064913849193e-03
1.122784186951596673e-02,1.437662360651491104e-02,-3.853105219674878706e-02
-1.421067324876644326e-02,-3.147400785751888752e-02,2.505777962901763536e-02
8.828672935512444503e-03,3.653603300357006339e-02,2.026515393208324842e-02
-7.147288377277983065e-03,-1.668591447293397935e-03,-4.210333603053059703e-02
-2.867703795517796347e-02,-8.457934092396481376e-03,3.058929179497541645e-02
-1.101836577693078231e-02,1.922920461475012902e-02,-3.662653380746739434e-02
-4.256995918014146174e-02,4.194341888394137637e-03,2.435441723627523782e-03
-2.312277544722560890e-02,-7.246532675290135415e-03,3.537805247885604520e-02
-3.512264251681879168e-02,-1.196682489786315105e-02,2.156461936235151700e-02
-1.050690712668092899e-03,-4.229519853517082345e-02,-7.409881824966022684e-03
-1.600714819546786294e-02,2.855367565191865159e-02,-2.786412694084550168e-02
4.679772556885681244e-03,-3.726465747662900674e-02,2.098696414490928627e-02
-2.891736590010390850e-02,3.096306019188064390e-02,-7.690227038992339739e-03
1.077149053733055493e-02,2.564942393989468050e-02,-3.291206640353147583e-02
-2.900763139366897489e-02,1.781698282581120965e-02,-2.648191965861940861e-02
-1.552448294784739176e-02,3.995358155014136145e-03,-4.007823517814912417e-02
-7.435839788383497018e-03,-2.951178887278304089e-02,-3.066035860300846475e-02
-4.152796103931807870e-03,1.871894691583450218e-02,-3.875188351476679255e-02
-3.997307087185016095e-02,1.043001004673991573e-02,1.287555970567558911e-02
1.798778201510891836e-02,3.391026734411117100e-02,2.005002688764493182e-02
-2.507110100171871039e-02,2.516886683650003051e-02,2.482935568106768229e-02
2.759610450418180025e-02,-2.855950437995518482e-02,-1.744699196657052351e-02
-1.119314336164159950e-02,3.427930636151994837e-02,2.417208330095684671e-02
-4.293093639560607855e-02,3.899826591243510648e-03,5.425185086496865129e-03
-3.075710939265551697e-02,3.040353657228496084e-02,4.515662827562222890e-03
-4.009514420476729957e-02,-1.689349471858307694e-02,-9.029184397415175633e-04
-2.189137481383282915e-02,-3.741125196211174397e-02,4.248729840784710651e-03
-3.179904569700225687e-03,7.047519877495881865e-03,-4.289716459123506243e-02
2.301653246792496540e-02,3.690610835569468201e-02,3.344381878372817193e-03
-1.168421986754271218e-02,-2.159628391809215175e-02,-3.609912167574779590e-02
-3.896266661909014023e-02,-1.977452280861818554e-02,8.368342464305114181e-05
-1.892114623988229091e-02,1.808602852648400622e-02,-3.502962697877055886e-02
-3.703175208054940853e-02,2.242041445965629182e-02,6.420642843245600792e-03
-3.315284044888919257e-02,-2.446885825352783372e-02,-1.484843068232595716e-02
-2.954020497637716708e-02,-1.531105384026630600e-02,-2.853632094117227944e-02
-2.341753587668909259e-02,2.685214822551784675e-02,2.559329015362984960e-02
-4.932704055013168928e-03,-1.485133061545877188e-02,-4.101955519320973215e-02
-3.527504916674619601e-02,-6.799670777702358088e-03,-2.529813258098555229e-02
-2.900119806510651280e-02,1.843417727798525932e-02,2.743599960892353917e-02
-1.219979075144281971e-02,3.648537435593333933e-02,-2.136978753064917511e-02
-1.657309430123123442e-02,-3.794804740704783852e-02,-1.500087914328082292e-02
1.090098153007076041e-02,-2.719675851794760638e-02,-3.292895987803572816e-02
-9.554768314056728482e-03,3.964205504301601679e-02,-1.682522982769931591e-02
-3.042509964227431071e-02,-2.908918557171016883e-02,1.330680038824792223e-02
4.158254446451071368e-02,1.359455484379570867e-02,6.171056435247116410e-03
-3.377936768859458871e-02,-8.909382733486905306e-03,2.710429936835744014e-02
-3.209081706266041917e-02,-2.743051560514078030e-02,1.326184381013134628e-02
-2.393126885897333550e-02,-3.714556030109751605e-02,-2.948964015432754132e-03
-1.635441134984047876e-02,2.520886629234617062e-03,-4.111493041367766943e-02
3.628294153160083191e-02,-2.531193385602471119e-02,-3.190328928600241060e-03
3.315293292833425016e-03,-2.846980497075048133e-02,3.389495533131572230e-02
-1.498234196493227269e-02,1.812662810178149175e-02,3.768831488007089170e-02
-1.811599598902414315e-02,3.455370384628721203e-02,2.131600062697317291e-02
1.929723935066739258e-03,-8.531131891864879649e-03,4.362432059481290841e-02
1.415799958201912311e-02,-1.545600053238180630e-02,3.928503839559613353e-02
-2.459615023770038433e-02,1.185470818957813643e-02,3.521665202649629234e-02
-3.634144200016094228e-02,1.832489873334116042e-03,-2.578226145660426211e-02
-4.206481691826266522e-02,1.060905070766865986e-02,1.048089569624253807e-02
4.190017684311199420e-02,1.534242825767092103e-02,-1.975230102070994146e-03
-1.296647761774140373e-02,-3.252640080829723862e-02,2.778285523429820103e-02
2.340710370695624210e-02,2.991014021031869821e-02,-2.363348455228668835e-02
-3.555456001077968858e-02,-2.649983444367410082e-02,-6.144089381109907669e-03
2.441475335548667566e-02,-5.675771521447990284e-03,-3.713341900457032413e-02
-2.195617709472282020e-02,-3.762775634177419060e-02,1.059863862324710720e-02
-3.437204749205512166e-02,-2.845337144843584215e-02,4.721099921271909756e-03
1.043627274666968086e-02,3.248592990743928710e-02,-2.919139554281444809e-02
-3.624551986796913788e-02,-2.461602219138003117e-02,9.988538999354951153e-03
1.516643699338384582e-02,3.423767052610367928e-02,2.490555715905411541e-02
-7.449639138678664126e-03,-3.002512352135177157e-02,-3.268928475366823100e-02
1.387963845027026088e-03,2.084112090026953024e-02,3.990469267642202111e-02
3.282271156008846049e-04,-4.483064288572644052e-02,4.673121682264427812e-03
-9.183699425497460211e-03,3.799246150620135681e-02,-2.251742148180465794e-02
2.029857472800519150e-03,6.703385444738817027e-03,-4.459614049050417833e-02
-3.717561806888347586e-02,-2.458491161215919929e-02,7.382181296033115368e-03
-4.126660894054239026e-02,1.763904970693467786e-02,5.471918022808220684e-03
-4.452659099132132495e-03,-3.040357371828186078e-02,3.320960284606671448e-02
-2.067816749665226262e-03,5.712093986928087549e-03,-4.486922565237663058e-02
-1.725890936137210174e-02,-1.290825207307627967e-02,3.985886559558685788e-02
2.441744072959352654e-02,-3.574395356507070048e-02,1.350744756751194077e-02
2.390573380525400776e-02,-3.149775223607068075e-02,2.226592059723545708e-02
2.786511961883304800e-02,-2.076378508506582579e-02,2.923755958176904590e-02
-3.781267335104264438e-02,-1.403313942299936126e-02,2.094704718819428296e-02
-4.001063662454293346e-02,1.227824653524768085e-02,-1.780368039809233915e-02
-4.445182631572550114e-02,3.290187712658051468e-03,-9.211907863474843791e-03
-1.378447071158801426e-02,-2.801367515909628306e-02,3.316539907062673181e-02
5.782855155036280628e-03,3.567684023626586931e-02,-2.777616086774831183e-02
-1.541109967909890313e-02,4.238967127967787490e-02,6.817595572156098620e-03
-1.595535340814708842e-03,2.804027952111791053e-02,-3.598799030497725621e-02
2.055738375374576918e-02,-1.788821477021977635e-02,-3.666628769914743319e-02
8.883246085567907818e-03,-4.260288283417793670e-02,-1.400593851270640414e-02
-4.300040391062472100e-02,-1.405336612298285076e-02,6.828285729247646554e-03
-2.968017066134749291e-02,-4.677558785690585572e-03,3.454617742417910586e-02
2.624302929848968194e-02,-2.531554280525463371e-02,2.774402517624385139e-02
-2.778604570679389651e-02,1.848415784162949632e-02,-3.144279527255990775e-02
-2.469340309680733911e-02,-3.480270146184798880e-02,1.686593634355176494e-02
-1.961789412049265782e-02,-3.556091509140199558e-02,2.142628138433240806e-02
-3.226767878607103568e-02,3.131188432141691902e-02,9.484881921746743730e-03
-2.094365392786352170e-02,4.079654313510576447e-02,3.417660951734689204e-03
-4.198671091949449097e-02,-6.365439555607294193e-03,-1.772982930074547617e-02
1.411498569159514620e-03,4.098634076513367475e-02,-2.095118815385063268e-02
-2.202666573043115389e-02,-1.969559810274556719e-02,-3.536677976442724469e-02
-6.408509849513102825e-03,1.187185948197605999e-02,-4.410175957826389243e-02
-4.185867625086069771e-02,1.249947491468393276e-02,1.488841510162200975e-02
-3.468428158924948684e-02,2.650862488194890079e-02,1.508044641408431627e-02
-4.511804991150550337e-02,9.291922424152918719e-03,-3.771505640862626504e-03
-8.368873215324283341e-03,3.590865434574685988e-02,2.792506454486586367e-02
-2.141379525372387113e-02,-2.422323435013938250e-02,-3.312158502633077289e-02
-1.606718158592368786e-02,-2.127128454769403043e-02,-3.787888284737572775e-02
-3.379481608370674128e-02,-2.764293438277613119e-02,1.556556782616863588e-02
3.892660948771966417e-02,2.513355334283600903e-02,2.146791300630718560e-03
-3.861196307744381440e-02,1.323909402055830319e-02,2.210215413831006365e-02
-2.627761407742727068e-02,1.333012409062385439e-02,-3.591008789482391661e-02
2.899213636765914179e-03,-4.500338714025532705e-02,1.127417290215019727e-02
-7.801891778823473412e-04,4.285584763925900237e-02,1.807381171342259743e-02
-1.259105476334695592e-02,-3.259827074148766157e-02,3.075371559730359292e-02
1.374182420129211289e-02,-4.035431763564759078e-02,-1.878143416894700185e-02
-3.392141997747189636e-02,1.701819999108850068e-02,-2.707115869320857529e-02
-2.976108474872240020e-02,-1.240604250846308668e-02,-3.371314424825088557e-02
-3.567986962341906237e-02,-2.753980627338559195e-02,1.215700972392350435e-02
3.833565617219159699e-02,2.569828753343378347e-02,7.234725760110035687e-03
-2.449306576604294572e-02,-3.691832454402963620e-02,-1.491883958076212907e-02
-4.358704796631280437e-02,4.233647965866224779e-03,-1.645508049653987559e-02
-1.602097950389352529e-02,-4.259706546298012292e-02,1.097369518023572597e-02
8.931091704007977292e-03,4.577054936836200127e-02,4.469430500911992371e-03
3.708109023851595409e-02,1.639648126693922167e-02,2.353531958370712676e-02
-4.403129740279146387e-02,-4.768609270032194564e-03,-1.547089357526098413e-02
3.073826365353528236e-03,4.423267836103071671e-02,1.542547815297539045e-02
-3.080383058384020267e-02,-2.212951354947907678e-02,-2.772026411556438585e-02
-2.949845678722615161e-02,1.647459982589746796e-02,-3.268812348339757146e-02
-2.534639327015403461e-03,3.509303120147716504e-02,-3.122852011366579819e-02
-4.616743408855604469e-02,7.586203799026696067e-03,5.221552806738784247e-03
2.917060627325849392e-02,3.575681600298003665e-02,9.479130359313740761e-03
-1.733858651633525538e-02,3.917838357247032527e-02,1.966817780553846082e-02
-1.091078166776822053e-03,-4.446462134170726943e-02,1.572254640998728761e-02
-5.586247652752664335e-03,2.077745427567499401e-02,-4.201980779654347631e-02
-1.251365112688179564e-02,-4.552834493761751672e-02,-1.494583640008303365e-03
-2.826456451510190454e-02,3.671458760917312159e-02,-9.375015695305631211e-03
4.707178518275696028e-03,-3.523414628478604288e-02,-3.121245511354615865e-02
-1.150725154639428011e-02,2.827108812879474548e-02,3.618330564161859053e-02
-1.886967937970452855e-02,4.307948749807382488e-02,5.663774806971209365e-03
-3.281740090298216478e-02,7.581812770026889747e-03,3.335570529136153151e-02
1.454680972808051337e-02,2.090701816126550039e-02,4.001797901070120594e-02
-2.493247995436975381e-02,2.798944667944917863e-02,2.912382931684292034e-02
-3.932395417851736880e-02,2.471161039615695290e-02,9.964028781500372869e-03
-2.430063473282527767e-02,-1.535811789230923097e-02,3.785511997710662435e-02
-2.904269091159086824e-02,2.181431835817517623e-02,-3.071065233465319552e-02
-2.617559013913118692e-03,2.193716566110159860e-02,4.216016974347897711e-02
1.886279741135789625e-02,4.367344119714668821e-02,-2.341110685416742006e-03
-2.714138227123980701e-02,3.789321654706713505e-02,9.959392930883066014e-03
-2.831106847741237525e-02,2.650663719306002933e-02,-2.776159525884626736e-02
-6.666158624617861926e-03,9.705270581151316306e-04,4.724965580779671298e-02
-1.019801219881563692e-02,-2.628390880282408665e-02,-3.855063720645169473e-02
-3.333298041458030748e-03,4.643285740398584577e-02,1.081476598142551947e-02
-2.264160864013850180e-02,3.867692861266951859e-02,1.669187722255411482e-02
-4.274895779911611071e-02,-1.992887525761436254e-02,-8.100508494022060427e-03
-1.812707714088675551e-02,4.426492055937523290e-02,2.315954796216152748e-03
-1.011924019201582321e-02,2.569295927048310252e-02,-3.916499202824799686e-02
-1.768408586092802548e-02,-1.420814223691340035e-02,4.224821849195968537e-02
-6.589730602122743398e-03,-4.283179154587220955e-02,-2.060605675853320259e-02
-3.451756378564208722e-02,-2.679274791789241356e-02,1.990904464068077306e-02
-2.505050342266615382e-02,4.084514552767754686e-02,3.593967081724473104e-03
-2.774152706963411638e-02,-3.394372779020925213e-02,-1.975066232907098790e-02
-2.434619154244865857e-02,-2.767095759229800528e-02,-3.092774828062118744e-02
-4.398624072250629374e-02,-1.900313128387335140e-02,-4.703601076715678043e-03
8.462330671807178142e-03,3.045050084913721380e-02,3.636311035470882191e-02
-2.926819539769279287e-04,-4.796446421961173684e-02,-4.851009284794510767e-03
-2.764810215833371065e-03,4.668677642533292094e-02,1.183202419699682338e-02
-4.137291390173836354e-03,4.737070580414726867e-02,8.323659455664716642e-03
-3.302398073590972344e-02,3.083115028955030895e-02,-1.709765027077783661e-02
-6.755775003654582167e-03,-4.282602114262733933e-02,-2.137411083280278332e-02
-2.821291649997884413e-02,-2.272906035485098425e-02,3.204794999310532633e-02
-5.121885947012316288e-03,-1.556227300461131106e-02,-4.554471373057901451e-02
-8.434084469080256954e-03,3.317257181349459599e-02,3.426769741157061760e-02
-3.781343202044477186e-02,2.223730486031643902e-02,2.060495775513250180e-02
-3.989075184315242495e-02,-1.456833039872157051e-02,2.342005325762436946e-02
-1.459866315394601349e-02,1.064934669249094877e-02,-4.503962209538068390e-02
1.072994933868896134e-03,4.785493988322532533e-02,8.181729926732911329e-03
-4.211544870104053095e-02,5.448731741064838678e-04,2.423364274193184204e-02
-1.913940392953628403e-02,-4.469822547791304362e-02,-3.457619405758935774e-04
-4.550235578399464825e-02,-9.514656932382513019e-03,1.436889895622983117e-02
-2.104886672886807295e-02,-4.371946662846969145e-02,4.012818511439822378e-03
-1.695495294794941224e-02,1.886342612260890131e-02,4.159736497821650558e-02
-1.584945063743382551e-02,1.360986961901055996e-02,-4.404880787436286221e-02
-4.153924959352855301e-02,1.793775851845171368e-02,1.823595395070300162e-02
-3.450691371660181972e-02,-7.284364001192392309e-03,3.375092617825033170e-02
-4.208777139160514019e-02,-2.445985323306308287e-02,4.042351400349977579e-03
-1.518200633126538975e-02,1.472667688612898373e-02,-4.406505819518816147e-02
9.106408165820190775e-03,2.860272015750638802e-02,-3.861537774866322797e-02
1.568796365989119646e-02,4.121166105868994539e-02,-2.123131425995798335e-02
-3.664556452082207844e-02,2.906220364120946226e-02,1.452120317165867501e-02
2.976350146101503728e-03,-3.378547109652667996e-02,3.537160531556741982e-02
-4.475530026408952589e-02,-8.248422557411471193e-03,1.826160939431633809e-02
7.980945504144795061e-03,-2.278153301403771508e-02,-4.271954205194532922e-02
1.327528283612820596e-02,-4.640764265241138775e-02,-8.991309378042504699e-03
1.170384597981084275e-02,-4.746259650507606009e-02,-4.915414744974326046e-03
-1.904820502223612474e-02,3.467445217437702121e-02,-2.918529783277141673e-02
-7.900388003396621034e-03,-1.086998997184164192e-02,4.732287311687016079e-02
-1.683384159624877474e-02,-4.601733878080888074e-02,4.706107322683454781e-03
-1.211778496449402408e-02,-4.586461480041689742e-02,1.325938642084997961e-02
-4.509784750185497071e-02,-1.303993522244037591e-02,1.501511325580962702e-02
2.839580899898233590e-02,-3.578624601078429779e-02,-1.858565813129905986e-02
-3.944577709812715008e-03,-4.329167334488695507e-03,-4.900201148941259882e-02
8.052129781796276906e-03,4.843611268807148512e-02,5.263060969511171826e-03
4.392372977859802102e-03,4.164618265672302699e-02,-2.622959131921872092e-02
-7.374556910993981633e-03,4.328129560118011004e-02,-2.274047875026857096e-02
7.619602990205674893e-03,4.793299579955589973e-02,-9.604649900886635949e-03
-2.034986441236576529e-02,1.538777918317559869e-02,4.242728473027010394e-02
-3.377744173016838936e-02,-1.723123540775253759e-02,3.187851714678853476e-02
-2.079105281211475042e-03,4.802041935115749366e-02,-1.211956509609477678e-02
-3.778406641772961289e-02,1.389543011514989164e-02,-2.897489638152880506e-02
2.657642170767081716e-02,-9.589069712799562842e-03,-4.080567991690176033e-02
-2.221235399769270341e-02,4.430222033960023315e-02,-3.221955305177481247e-03
-1.303446589468720829e-02,-1.356821941302521241e-02,-4.599520762210057567e-02
-3.362497898902699900e-02,-3.638181823213496729e-02,-4.286527905733856017e-03
1.615343376883925791e-02,-4.208212867168494714e-02,2.106912942286243845e-02
4.121071915353750198e-02,1.138764593796736529e-02,-2.551162300764992646e-02
3.547455279052636606e-02,2.521761474709130132e-02,2.423984462678931834e-02
-5.684242462267195817e-03,4.732244560004122275e-02,-1.460532394223422632e-02
-4.897904712526460896e-02,-4.020256605985929668e-03,-8.545671277519784406e-03
1.749363309455616994e-02,-5.264745630117530564e-03,-4.644880027218835361e-02
1.247295501754586838e-02,3.900371348670411686e-02,-2.859143035938955385e-02
-2.001329838259017363e-02,2.030923494197704390e-02,-4.104187553131408844e-02
-1.102177676110337873e-02,-1.550882361637339994e-02,4.624422318135742310e-02
-3.336476021040977319e-02,3.509221770205844110e-02,-1.260790205765551820e-02
3.235151813890323191e-02,-2.041089533816587212e-02,3.230330846967777864e-02
-3.942684265813837380e-02,-1.555309923162708982e-02,2.671055648377102312e-02
-1.769220760122613978e-02,-2.238954248293423960e-02,4.121434270683781848e-02
-3.340995576468044903e-02,7.503312213022151830e-03,-3.665382417126905601e-02
-4.674901475912296087e-03,-2.291410586615919356e-02,-4.440964076225554363e-02
-1.480808292965443175e-02,3.914755599055530499e-02,2.775638184473125034e-02
3.127328997427569431e-04,1.041835021674540791e-02,-4.915981631536327223e-02
-1.581427435991806379e-02,3.623117450270658957e-02,-3.107472239026991614e-02
-4.647848589270148906e-02,-1.417045905137253974e-02,1.305666467875982867e-02
-3.113662073802142202e-02,9.743808994456931369e-03,-3.834316169566531068e-02
-2.651639399801006963e-02,-3.203051033561785110e-02,2.843689314656866474e-02
-4.209241664507248210e-02,1.647064904040849292e-02,2.231091637684301868e-02
-4.792790014265444626e-02,1.444801033122551474e-02,6.172800754953489469e-03
-4.472551328012677740e-03,-4.974823865071324042e-02,7.220975933998161934e-03
-1.833103951620388902e-02,2.629253065128447225e-02,3.902321357270275431e-02
4.496733765718571169e-02,-1.770856289210319401e-02,-1.475067052882005764e-02
-4.946991675520800297e-02,-6.066766428655223642e-03,8.500630401710077000e-03
-1.770730301357022196e-02,-3.124082809114456238e-02,-3.563570261974822323e-02
-3.737490520646846032e-02,-1.778183929265544222e-02,-2.914560243108642312e-02
-2.320029798103106361e-02,1.687297760703448252e-02,4.174559421611480359e-02
-8.841513668268538226e-03,-9.280591175957393982e-03,-4.903516058201060068e-02
-6.335956228552483156e-04,-4.171834152605817525e-02,-2.882759431202806463e-02
-2.563433927018018976e-02,-3.759775360512298409e-02,2.245538350233132474e-02
1.828294016844322217e-02,1.121726122730101749e-02,4.602135763707738969e-02
-4.248684588807577489e-02,-2.641617705511603575e-02,-8.843917336784985067e-03
1.918765212665546685e-02,6.050959241761905485e-03,4.668495384833338396e-02
-4.358247023983329027e-02,2.445146347116752134e-02,9.490174351553479562e-03
3.730120836731385531e-02,8.854572818053079927e-03,-3.347669867859553311e-02
1.297391431806140492e-02,-4.456705625559629486e-02,-2.095309714432048651e-02
-4.836991983592961453e-02,8.844571423511809680e-03,1.337183502569115785e-02
-3.767004324238248936e-02,4.099007045510710649e-03,3.411674613183431765e-02
-1.427325956949045994e-02,-4.719445183340863215e-02,-1.310910266941995792e-02
3.628408018457939671e-02,2.474987736431134844e-02,2.601739409121061122e-02
-4.709074564079784170e-02,3.225487268700569145e-03,-1.952329379469288154e-02
-3.536048865067668856e-02,-2.172296002607588747e-02,-2.983211218237832862e-02
-7.716350452703139807e-04,-2.061693379059633541e-02,-4.679378803930406283e-02
-3.990145767068405819e-02,-1.456550540736622351e-02,-2.853308940553802783e-02
8.956826736192935803e-03,-4.824752734215079913e-02,-1.461077636675539929e-02
-8.213586513076008913e-03,3.584080204122946922e-02,3.567356605743929321e-02
-2.177298790792295616e-02,-6.076766012188322338e-03,-4.600810062921376759e-02
-1.179870675195976437e-02,-3.603767679200490376e-02,3.453864868634624191e-02
-4.628979028351086489e-02,2.216093351757178476e-02,-3.109777398941139005e-04
-5.050561015096823730e-02,3.475335754001978878e-03,8.611660625170212621e-03
-6.554025385515556759e-03,-2.318355770809323729e-02,4.538424474650851886e-02
-3.964582728861992117e-02,-3.237394760134949812e-02,4.837883820869850679e-03
-2.351320113423757685e-02,1.994602498825923109e-02,4.117841785555185347e-02
-1.279021744663050644e-02,-2.670544401465541409e-02,4.210360607890804158e-02
-3.828082978179510321e-02,3.130151770713961862e-02,1.440086692996260000e-02
1.510018200791011763e-03,-4.871429995297795607e-02,1.674325489753890686e-02
5.406210424684501810e-03,1.266527205068905711e-02,-4.969075740383123441e-02
1.282363902870897960e-03,1.758921014404220273e-02,4.848598879935896860e-02
-2.403773473524168855e-02,-4.098611124728743921e-02,-2.018291697915539085e-02
-3.813111443795053762e-02,3.086511217652376793e-02,-1.617083198809135189e-02
-4.896838231947967662e-02,1.558458145722321254e-02,-5.519046638917834112e-03
-4.430985437018419848e-02,-8.201173231899616667e-03,-2.537179918992475344e-02
-4.830148789429953432e-02,1.207512145177364569e-02,1.409316922402563399e-02
-4.990225815636787493e-02,5.884139557425770509e-03,-1.247839283929084130e-02
-2.277778297324257063e-03,-3.894910993648927067e-02,-3.408015237369382139e-02
-5.387294713274495828e-03,4.523329063957665791e-02,2.473286455047940882e-02
-4.807400780982010874e-02,-5.400959708689261453e-04,1.945497452188268278e-02
-4.099905865279521167e-02,1.128600303594618978e-02,2.974409341783314578e-02
-2.175494560108575184e-02,-4.689425272415412294e-02,4.875385991916469410e-03
-3.109102363002020850e-02,-2.705377770473911536e-02,3.163336805453911826e-02
-4.332713608371037417e-02,1.647529201603237931e-02,-2.353004927659330114e-02
2.575693272076464910e-02,4.363750156913006467e-02,1.173876392260173214e-02
4.317429323505932171e-02,-2.102704814096913524e-02,2.006001682395618449e-02
-3.937976959681976398e-03,-4.646342628102885508e-02,2.318004099666395521e-02
-8.191378848192234358e-03,-4.272117822532095488e-02,2.868075039910400817e-02
-2.239087998745998426e-02,-3.632290847023807168e-02,-2.995311670126788936e-02
-4.455318484281817204e-02,-2.137061932456802912e-02,1.671275904637516130e-02
-3.038874162605768176e-02,1.610991632515644187e-02,3.925701098052376131e-02
-1.925304501262282844e-03,-4.819025967478314521e-02,2.003052417814272027e-02
-4.556484689968114815e-02,-9.071145584347154942e-03,-2.391445470362607920e-02
-4.489473136044157264e-02,-8.047614254699200775e-03,-2.555686390030861149e-02
-3.576928993170203075e-02,-2.629211009150526218e-02,2.767398973139326146e-02
-1.450435794645910971e-02,4.836500414960083483e-02,-1.378875574372118856e-02
-1.188040996189849985e-02,5.077510797163804768e-02,-4.851488140314242151e-03
3.994021995505069381e-03,-2.059756501274264892e-02,-4.801764258446963862e-02
-4.654671509273580060e-02,1.661525994651309734e-02,-1.750301338577767499e-02
-2.805168301612790197e-02,-3.379076688473161422e-02,-2.869529015138768541e-02
-4.274921117670139881e-02,-9.151022289969766924e-03,2.905184422155418847e-02
4.519402718286274351e-02,2.173625720786848473e-02,1.560111221539658283e-02
-2.214183607271962353e-02,-1.482292286488760130e-02,-4.529341937865320050e-02
-4.014465871793520407e-02,1.222113965406228589e-02,3.168024479034835944e-02
-4.500876334803211726e-02,-2.677458779654357662e-02,-5.003480114799033381e-03
-3.144838203362967932e-02,3.339708034150428578e-02,-2.581571499809773643e-02
-1.322125022869851362e-02,3.259668631300790143e-03,5.087734798209524872e-02
-8.152761618311904837e-03,-9.508145061535204848e-03,-5.118763543958589762e-02
5.236277385049667617e-03,-4.790434817455714589e-02,2.139897188537772874e-02
3.385099895242730389e-02,-3.941724799845642419e-02,9.146952996889895146e-03
-1.429681535207257687e-02,4.698111914357804009e-02,-1.935890797244434539e-02
-4.784108190109375575e-02,6.296864942103956586e-04,-2.236831533526826427e-02
-4.185154235450942034e-02,-3.222047128353443951e-02,-1.706733308726196508e-03
-1.675796099723957100e-02,1.123078279047522859e-02,4.887513796017312062e-02
4.797509392037220544e-02,3.519094410656413343e-03,-2.201957148198789224e-02
2.380558563710240879e-03,-1.036472530823824741e-02,-5.185438069051717669e-02
-2.280918703074668458e-02,-2.474530327845553962e-02,4.089619613133541054e-02
2.751299767521676442e-03,4.268839026689993932e-02,-3.127836248421459603e-02
-3.187528644591893640e-02,-3.113968771771477920e-02,-2.873338464433328188e-02
-3.410255418813067790e-02,2.555967272756048264e-02,3.159362845768370898e-02
-4.461399561547271797e-02,-1.447836930279925230e-02,2.485001993761249903e-02
-4.886331915317682073e-02,-5.600017798697986757e-03,2.004217400767962023e-02
2.401012517645866040e-02,4.664928789623559724e-02,-8.434938313430073026e-03
-4.232571061419794500e-02,1.502668422866463432e-02,2.845419307150092239e-02
-5.301560449532863317e-02,-1.421507959987083555e-03,-4.165418503357960940e-03
-5.055371948359826256e-02,-5.885907515420952564e-03,-1.558273476826112051e-02
1.334163859181892141e-02,-4.483709002305584501e-02,2.545384674914764889e-02
4.803527404828460828e-03,-4.218458553993047200e-02,3.219886889648262973e-02
-3.336451583557213229e-03,2.923585665796886099e-02,-4.445932801596368805e-02
5.068802477584360804e-03,-3.680342769892046978e-02,-3.828096941709919349e-02
-9.063192531435811453e-03,5.227180862680870510e-02,-5.852616276045354698e-03
1.655383471566829537e-02,2.197436916154351175e-02,4.577066068490655976e-02
-2.720128333306088067e-02,-2.746496371785638047e-02,3.688822480813986476e-02
-4.642679999182650757e-02,5.662277897290210298e-03,-2.589566154692899552e-02
-4.877381442468300271e-02,-5.572272017863340657e-03,-2.124333444344376348e-02
6.691244659457695754e-03,-4.982660569050426091e-02,1.835404233387760362e-02
-4.725830076494935000e-02,2.517080482734672733e-02,-7.331186024026140622e-04
2.084844067240274740e-02,-3.504942716618675291e-02,-3.474844460913019406e-02
-1.491135753769295622e-02,-3.760930515140596675e-02,-3.516938948638055618e-02
1.434596606220103938e-02,-4.297167945174746456e-02,-2.871311218665482598e-02
6.308453764227537480e-03,-3.423714249680810673e-02,4.084062867843242517e-02
-2.825958461887996542e-02,2.476712723521192275e-02,3.835416131597521594e-02
-4.161881125769511386e-02,1.747954403897926043e-02,2.912932699870955308e-02
-2.515173953007445937e-02,4.569851606711122782e-02,-1.297436725466605267e-02
-1.070746806819177117e-02,-1.408802041932040970e-02,5.078679053916017316e-02
-3.780590671735086644e-02,2.701156998430047362e-02,-2.714093348282983417e-02
-4.172016260861273473e-02,-3.078053970437615028e-02,-1.451378322025623051e-02
-2.890078577020981435e-02,1.764050175051324471e-02,-4.189681076453275616e-02
-3.896020027905414671e-04,-4.361512658359525257e-02,-3.166190388665433841e-02
2.111536725649591426e-02,-3.246616253520931417e-02,3.752491482389997551e-02
-4.621354493414182862e-02,2.324851650052382410e-02,-1.532862174293246442e-02
-3.134092467342977639e-02,3.054884691834995961e-02,3.160362686349924011e-02
1.162579828476750093e-02,-4.279935379894337505e-02,-3.082942849280036202e-02
-4.700913147459523378e-02,2.400457556014719968e-02,1.159492859371344040e-02
2.497118919817602201e-02,-1.157539277364976263e-02,-4.654131076011940732e-02
-3.951464467840313383e-02,-2.846280150345732729e-02,-2.356329317696177067e-02
-2.805487901234463358e-02,-3.213963335147211609e-02,-3.331453645798881230e-02
-2.109320080199724237e-02,4.963105691278149600e-02,-4.984879965389533291e-03
3.897308542175211693e-02,-1.753314014303717847e-02,3.331404539034383411e-02
-3.315303350495747703e-02,-1.880063962139678913e-02,-3.855741328298185194e-02
-2.584747987706766462e-02,9.296972090883055123e-03,4.677456465063514063e-02
3.116934038558645190e-02,-4.358702073662858167e-02,8.611291845447148138e-03
-5.230274572898527957e-02,1.165802900233011731e-02,8.783398078954453639e-03
-4.200435982102899285e-02,8.455671452197364296e-03,-3.340501379335200638e-02
-3.608661348106345645e-02,3.529086449649616181e-02,2.017908879142139150e-02
-5.366243463171976175e-02,-2.429618655887719712e-03,-8.511728622432570418e-03
3.301922590107397859e-02,4.139458054720344081e-03,4.305496857297994723e-02
-4.212033512676899988e-02,-3.090367819874141608e-02,1.533297760576933337e-02
-3.898183093386065751e-02,3.270101692303823554e-02,-1.945369257370194865e-02
2.659346292568812511e-02,4.494105313647098199e-02,-1.560771074461771504e-02
1.270564854139074815e-02,4.714335417895348934e-02,2.428390098177651488e-02
-4.628546618510513688e-02,1.503478150410806572e-03,2.884715915997649108e-02
-1.271319065007803749e-02,5.208103738950595196e-02,-1.028737853437556443e-02
5.094256243786106884e-03,2.114712444522135262e-02,5.009853911848155539e-02
1.439341030693272981e-02,4.542456675641735886e-02,2.675034944276147991e-02
-1.081769746674375587e-02,4.562676377153889601e-02,2.811485452731490864e-02
7.648195962455741834e-03,-3.831897698022720955e-02,-3.828259966265037950e-02
-2.493136397864379253e-02,-4.807432635959444506e-02,7.925268849319525369e-03
-7.107321399237199501e-03,-4.020902247757028591e-02,3.648795895556242869e-02
-4.169757367096114248e-02,-3.363402627092781233e-02,-1.148228824464229622e-02
-4.854582198929466991e-02,1.283348490842065037e-02,-2.198887203986175931e-02
3.070907078230071183e-03,-5.351043874970500686e-02,-1.162910719414168501e-02
-4.244607828040794506e-02,-1.669926426174329903e-02,-3.050617699612162212e-02
7.715904471531274088e-03,3.625596181866220374e-02,4.050011991013423990e-02
