0.000000000000000000e+00,0.000000000000000000e+00,0.000000000000000000e+00
7.718390470313452566e-03,7.567997016114414409e-03,-2.908568620844506711e-03
5.521413323575149069e-04,1.184387376753672644e-02,-1.096252762861093556e-02
1.386111652782701271e-02,1.120907570450855283e-02,9.251440872456847750e-03
1.254092401681367215e-02,1.948781656716994451e-02,3.876627890046739112e-03
-2.503162328212058668e-02,-8.897124984339659440e-03,7.579467575948872250e-04
-2.554133997204373341e-02,-1.301498165096058460e-03,-1.454767740536832242e-02
-4.509773206358252441e-03,2.155880112019616796e-02,2.334097620716616556e-02
-2.545004995293724190e-02,1.826771973658162726e-02,-1.474412311706519048e-02
8.653097686855119874e-03,-3.558125372372376860e-02,5.592203480192832130e-03
1.468067103913705922e-02,-1.959996642985879431e-02,3.082567556331031536e-02
-3.739712604740429852e-02,1.738698309921224081e-02,-5.570503861118950538e-03
-2.371009443089014054e-02,-3.200523041219331677e-02,-1.820775892476668434e-02
-4.306377154403498442e-02,6.649335945878622964e-03,1.447607581631574908e-02
-3.501594164281331134e-02,1.970608164088984843e-02,2.623115567440189450e-02
-2.808384729035280289e-02,4.265188897210475671e-03,4.115653043040572168e-02
1.327737737489101573e-02,-4.633616959700469912e-02,1.948305167518107200e-02
5.494385616398538182e-03,-4.653319507563833529e-02,-2.671044264121111636e-02
-4.763405873320972900e-02,-2.716838184401429088e-02,1.057177513446138674e-02
-9.911528424042715182e-03,2.356393118550826477e-02,5.176033395295624034e-02
-5.364152182003147085e-02,-7.924287271736833033e-03,2.469755834270991740e-02
-1.045908984236158280e-02,-2.173635055491976789e-02,-5.647695719176217682e-02
6.324687279982871800e-03,4.754108524503636302e-02,4.118798703576509457e-02
2.614425095911473637e-02,1.543967045135371044e-02,-5.747652756201836188e-02
-1.960969494518399400e-02,-6.305740764290998501e-02,-9.862524337554457593e-03
-5.931603028485678969e-02,-1.969775377024331892e-02,2.807083817577654683e-02
-4.543667398350558634e-02,-1.260173817632616149e-02,5.206831682050473697e-02
-4.562505692656618900e-02,3.422284376004344764e-02,-4.387836554298544384e-02
-4.922808491091492517e-02,-4.988319201540468428e-02,2.266909139010780255e-02
1.104510999667230979e-02,4.265641434861018599e-02,6.111654833693028199e-02
1.552956388505419283e-02,-7.468027072160922375e-02,-1.064722602312723719e-02
-7.845471900385872499e-02,-2.922228021507625780e-03,5.154923248498095856e-03
-2.294178370809668924e-02,-4.918259569386033286e-02,5.922236683096487181e-02
-5.012959036039082300e-02,1.421220420089382847e-02,6.327379089543248847e-02
-6.494960543243863405e-02,1.720551656450743788e-02,4.973687310391249061e-02
9.875919287397635568e-03,-3.542935990138473129e-02,-7.686923935055499368e-02
-2.472604727476602343e-02,4.991661673810805083e-02,-6.660135277245204932e-02
9.541795189983230370e-04,-5.281835102162461132e-02,-7.091511109733687757e-02
-1.922951365813911628e-02,-8.715638909951647917e-02,1.175648572043202188e-02
-2.011225256579319762e-02,8.892574824471741191e-02,8.958414035267597483e-03
-1.391534295413323144e-02,-3.154203009346755876e-02,8.657984637534749117e-02
-4.787378407056529922e-02,-4.244848753784426915e-02,6.990454829624205557e-02
4.664666706034095722e-02,-1.670073060719398303e-02,8.261455544779201798e-02
-2.514194332230237569e-02,5.829916524760774682e-02,7.451456486777363608e-02
2.423507932553027600e-02,5.104248219015793120e-02,-8.183993217020438249e-02
-1.541665019463867026e-02,4.624862929517372517e-02,-8.845759362223251654e-02
-1.818402031799622176e-02,-1.008248600478704043e-01,4.444009246544772078e-03
-4.582092675619908045e-02,2.746114059661786469e-02,8.933591176754618335e-02
-9.943867848614675042e-02,2.818662378025999990e-02,-2.178019870642557143e-02
-9.033504645103804243e-02,-2.231224637539754377e-02,5.314911543342795003e-02
-9.464379556170297858e-02,4.956383153844313993e-02,1.997705616674101334e-02
6.757395507255564704e-02,7.396786760814101636e-02,4.592925113455983976e-02
-5.500356060035726385e-02,4.726062932157857471e-02,-8.500454448203012547e-02
7.139801002580375977e-02,-4.935961429997172412e-02,7.274833645103535862e-02
6.417079465663454206e-04,-1.135570821283152926e-01,-1.662171848052898526e-02
1.490735466718140674e-02,1.103575670570877409e-01,3.347138940509223476e-02
-9.874346420959252690e-02,-5.991427570373800138e-02,-2.312454522909039925e-02
-2.713799173045639695e-02,3.842727297530120628e-02,-1.096309068138370535e-01
-4.034058401485623307e-02,-5.644720610771337271e-02,-9.889234513378351854e-02
-5.586163295642616877e-02,-4.757682607091359706e-02,-9.784952126720894428e-02
-8.775012896122098838e-02,8.445132085186897453e-02,2.226533928013128480e-02
4.039348777288704478e-02,-1.031106203606572125e-01,-5.863173983765909009e-02
-9.121574828449667549e-02,1.881073928265084710e-02,-8.604789213720512309e-02
-4.515748807805554203e-03,-1.867905896441906036e-02,-1.268480162440405457e-01
-2.912982565880237792e-03,-1.280740107739950229e-01,2.082453832529627610e-02
-8.597076092938175929e-02,3.234541205956936033e-02,-9.379422719306315659e-02
1.352082898489895615e-02,4.302346539665421327e-02,-1.248770223929959733e-01
6.039802159174841034e-02,8.267451531542029108e-02,8.684909016537940840e-02
-2.767407847182268982e-02,-1.125655930519454256e-01,7.064473894000673770e-02
-5.117868521850287011e-02,5.959783928188099912e-03,-1.271955322776112673e-01
7.691794361731653373e-02,8.678099869499078522e-02,7.613322052882441626e-02
-3.310127321044694509e-02,3.503635196269563878e-02,-1.316610058271143469e-01
-4.122833705273479254e-02,-9.309190304757943013e-02,-9.854170964884512163e-02
7.556034603255822046e-02,-1.104210252581487584e-01,5.095965127091390406e-02
-2.296035142892696376e-02,-8.530910001919272956e-02,1.145477331787626007e-01
5.779486821823762166e-02,-7.671530978898874475e-02,-1.101441305402960508e-01
-1.107957280882442830e-01,7.328655778618156647e-02,6.439016529598756700e-02
-9.609158603152083422e-02,-1.117349049035009367e-01,2.267638185462448122e-02
5.331525990158868245e-02,-3.795351965446720766e-02,-1.356231176383441150e-01
-7.226340791544846875e-02,1.130168902958936239e-01,-7.162580696007765646e-02
1.238139827543868199e-01,-9.081571993752486638e-02,-7.053598656668537588e-04
-1.204342251191425905e-01,-8.197102885184727461e-02,5.302308333713678934e-02
-1.028799256838454773e-01,1.062348557220214457e-01,-5.125023140959506646e-02
1.236818832749194200e-02,-1.470603922627410354e-01,-5.641821526551534655e-02
-1.443454319121276475e-01,-2.936875722111688750e-02,-6.111548615056056760e-02
-9.576530399274596483e-02,-1.133642323071847313e-01,6.233572720947390400e-02
7.053326195117561037e-02,1.378821894589620511e-01,4.900195978891742216e-02
1.139684948797872466e-01,-2.276853673410660084e-02,1.156043596719275868e-01
7.095166124391134865e-02,1.366483992247269075e-01,6.044142205290572306e-02
1.603945998223018088e-01,4.597732983382091243e-02,3.577958089056769344e-03
-6.520425090938578028e-02,8.476565911845708456e-02,-1.300537181033387946e-01
-1.497606976604961837e-01,8.009377504392742320e-02,-3.121457751636092133e-03
1.920569451410355372e-02,-6.648698287725536560e-02,-1.567498471081831268e-01
-1.427208492756717739e-01,9.745205734481174331e-02,-2.295337698093357151e-03
-1.376450432949382907e-01,9.853043791059924728e-02,4.163173645068989764e-02
2.059151942715582023e-02,1.289034523143915978e-01,1.177641267184916518e-01
-1.393559325195215803e-01,-1.030953728237228723e-01,3.722073506776766433e-02
-1.699013097182240917e-01,2.912954212491541614e-02,4.742877590182215802e-02
1.138723352460900701e-01,1.179763871194178942e-01,-7.492841873072655923e-02
-3.502528881673706851e-02,-1.394041435940581997e-01,-1.112620549968181966e-01
-1.030968023474549411e-01,1.044680889587414618e-01,1.097348746928944602e-01
-1.845991768061795435e-01,-1.551409212150714001e-03,7.389229376081643888e-03
-1.699935628409457444e-01,2.636389446263546696e-02,-7.138245596677447735e-02
-1.378844254093462007e-01,1.262081774659669642e-01,-1.752295925992247705e-02
6.960159855436723331e-02,-1.351260328119446852e-01,-1.127320559588562282e-01
-1.872499429612587418e-01,3.357885352323177613e-02,-1.382313115819504105e-02
1.706478150533525737e-02,-8.076289375533851622e-02,-1.736130557554753651e-01
-9.419266931428749157e-02,-4.137197488001284618e-02,-1.641664677683603579e-01
9.856722574919102309e-02,1.038536620231586410e-01,1.327314994632164957e-01
-1.389680130609727282e-01,-2.514771873962432652e-02,-1.369798182899830963e-01
5.065299791339761964e-02,-1.902161848574943359e-01,-2.354551590910725425e-02
-8.516427621552569854e-03,-1.367478650804548890e-01,-1.453589923216039859e-01
-1.175443076211306476e-01,1.454286340422468460e-01,7.443220647235414267e-02
-6.110229706790281518e-02,-1.719429194246069048e-01,-8.842035884123823630e-02
-1.004878653692935914e-01,-1.745969535279911777e-01,-3.389701892403580719e-02
7.213787377546454320e-03,-1.312508318171145584e-02,-2.052479348869905573e-01
1.630177665538417031e-01,4.557487835791908248e-02,1.196850189719231988e-01
-1.386533077223309485e-01,-1.607288641970351650e-02,1.553186918553459694e-01
2.928416911589843546e-02,9.051741579752904665e-02,1.875950686593072791e-01
-7.558490308269610533e-03,1.921712012106496781e-01,-8.886617378102891485e-02
-1.112437074068158560e-01,1.212839778053831225e-01,-1.358149569721696093e-01
8.039281712366923294e-02,1.830691850983789948e-01,-7.877362783681168823e-02
1.281028125895559144e-01,1.645836571699725581e-01,5.780882448459644107e-02
-1.873786793292858410e-01,-2.487654469531353982e-02,-1.085041345487565978e-01
-7.046830551272556531e-02,1.681321033791275399e-01,-1.222163098713344026e-01
-1.858449555173410928e-01,1.154087955423617612e-01,-3.142003633309313482e-02
-1.922083141671168394e-01,1.120029931441785392e-01,5.942754036119389342e-03
2.364574367687756820e-02,2.194526393945919474e-01,-3.860388080562300595e-02
1.215242410968460779e-01,1.701646730201472613e-01,-8.470586512854777483e-02
-6.386262551563101630e-02,-1.874310293215785683e-01,1.112943127424473738e-01
-1.099920929551497367e-01,-1.992205386874954243e-01,-2.257914309344575404e-02
-2.258387176670776653e-01,2.294158730579093017e-02,3.840287925970214955e-02
-2.036501892729228325e-01,-9.743987432273579219e-02,-5.243394122136840058e-02
-1.981488139908034185e-01,-5.991292172647841308e-02,-1.076266266107384767e-01
-7.332765459659626450e-02,-9.586497197319342189e-02,2.014782408813321490e-01
1.476960731643188994e-03,-1.223766749206060961e-01,-2.022686298167894192e-01
-1.749867363220119210e-01,-1.338029577475967902e-01,9.001875424724060937e-02
-1.901103906225346668e-02,-1.814362606895451036e-01,1.552044543685978939e-01
-3.927469956025489428e-02,1.639433834847170424e-02,2.372879290805273156e-01
4.555212895992666322e-02,5.166711450398603356e-02,-2.326502738510465851e-01
-9.789021324719858475e-02,1.317712623039828945e-01,1.807877964246435987e-01
-9.737354820485820406e-02,-2.147216882287529827e-01,-6.934772672876578226e-02
-3.954148136842608463e-02,-1.530536028155111694e-01,1.902076039226157922e-01
4.520440504655701824e-02,1.318044877222590006e-01,2.062275452300347256e-01
-1.950064621238184193e-01,-7.960636967641929185e-02,-1.355169510458343052e-01
-2.340429642157831336e-01,5.163103169428666026e-03,9.336359629270257754e-02
1.489888584072404931e-01,3.491632194944569584e-02,-2.022346013215112204e-01
-1.118130759560662241e-01,2.271916850609585758e-01,3.161883803216933297e-02
-6.584359538642045595e-02,1.872499380028138927e-01,-1.628759816001578153e-01
-2.070336987080368396e-01,1.146522934167710228e-01,-1.036010423432353611e-01
-1.164056866113859501e-01,1.707293555487238712e-01,1.576817480944219252e-01
-1.014386339786104846e-01,-2.286922614960243128e-01,7.615609199520655126e-02
2.162889693247746214e-01,-2.667500748963396937e-02,1.474141648852981545e-01
7.983859711062510356e-02,-3.605170582530415474e-02,-2.497790674780692999e-01
1.159527568163200989e-01,-2.234219870651598105e-01,8.687689944545522180e-02
2.017926813728120328e-01,-5.480763914398516234e-02,1.674479739363198549e-01
-6.477531759185894966e-02,9.870868278800210005e-02,-2.422461458527299105e-01
-1.323067056917816842e-01,1.133730522781536548e-01,-2.076773958922858987e-01
2.269706970846791239e-01,-1.339017290424932560e-01,-7.011115098392968481e-02
-1.714621351419575168e-01,5.350935988185903658e-02,-2.073102800013471858e-01
9.274267371902973622e-02,2.312796330498525510e-01,1.184666442456671631e-01
4.742179786990345647e-02,2.727515208134455027e-01,-1.939107995314118607e-02
-2.612667835985902354e-01,1.054643222097373031e-02,-9.770255319827989005e-02
2.754699565891717827e-01,-5.412677665579062464e-02,3.129713057886475674e-03
-2.103761714967914143e-01,1.849554612320188918e-01,-3.562538687792551895e-02
8.895825264038816071e-02,-1.120909635667801385e-01,2.453106256478940206e-01
-1.004495869677304448e-01,-1.674852530033156539e-02,2.668537190012825744e-01
-1.693436550896878882e-03,-2.430153196815230399e-01,-1.531515324588232918e-01
5.349731340109300680e-04,1.042959170828758504e-02,-2.886966027824116598e-01
-2.618474600563456267e-01,5.335854653255528435e-02,1.139763495486888767e-01
1.163365055859240105e-01,1.321101274457602559e-01,-2.331707678908202519e-01
4.481284989399841878e-02,2.285997660699254086e-01,1.790276664909863646e-01
-2.860344258991044941e-01,5.350400317461248556e-02,-5.105610952729849189e-02
-1.396875139608283467e-01,2.497378911271773694e-01,7.986702013482585572e-02
-1.536929713976807887e-01,-2.559508543018317317e-01,-1.050689457308894535e-02
8.193153688755052885e-03,3.002660306875344354e-01,2.354142238875865743e-03
-8.953236955284678278e-02,-2.806808228049519904e-01,6.656886668132859508e-02
-2.323045431100903557e-01,1.603045882418401014e-01,1.121173963755934394e-01
2.990468278581321152e-02,-3.643052735836318362e-02,3.017005053036548312e-01
-1.635380985899203554e-01,-1.921319171957693028e-01,1.749400633880072997e-01
-2.688348027624096748e-01,-9.471680174118173035e-02,1.185162930758135308e-01
-2.529973330400184239e-01,6.625245768173025629e-02,-1.671108821198154792e-01
-1.510842809428432632e-01,1.409169463212072565e-02,2.726519168829760753e-01
-2.867543234716338207e-01,-1.864787415884947355e-02,1.258445079054357763e-01
3.161579720823019801e-02,-1.936349087185118278e-01,-2.469304743317744244e-01
-1.535085349788494480e-01,-2.225464962885355669e-01,-1.656518733520534747e-01
-1.707815223409956951e-01,-6.844057867012447172e-02,-2.602944497592822315e-01
2.290903890777351570e-02,-3.169476381089776917e-01,4.125494448658591912e-02
-2.658982505935890694e-01,-6.909060770484001801e-02,1.682078446411756911e-01
3.615413061051211963e-02,-3.059323416511319227e-01,9.980969927031570210e-02
-4.506125256926445111e-02,8.369338596103095829e-02,3.113371427004427705e-01
-9.519264608781570491e-02,2.307670032469477661e-01,2.115677776852558645e-01
-3.101706779332900621e-01,9.385248907643818639e-02,5.638946895172432250e-02
-3.162290542167568441e-01,9.424433588794395300e-02,2.090370481642221667e-02
2.318147618384254205e-01,-2.256531852339859201e-01,-7.613252497781992922e-02
-1.272209937680407743e-01,-2.999217436685664984e-01,7.387292408215380413e-02
-2.733502407056145542e-02,3.342283129872204439e-01,-1.701663231221088937e-02
2.270242557285206686e-01,-2.497062213011296550e-01,3.180263885136952462e-03
1.024946198960105942e-01,1.192969685886373921e-01,-3.005537206722438404e-01
-3.317696832679154495e-01,5.204136569498842881e-03,7.839363538047980362e-02
-2.121490047729311379e-01,2.370955469753913414e-01,1.272981280127766235e-01
-2.035841001560775576e-01,-2.773598869675347744e-01,1.556072428166147513e-02
-2.752374590061505422e-01,2.068361719313169256e-01,3.576876285353738222e-02
1.792206694002035361e-01,-1.811776159704261979e-01,2.368087590294902789e-01
2.201842342515768491e-01,2.714403749008090228e-01,8.871418031008937444e-03
-3.286931357897396322e-01,1.210716106218026333e-01,-2.768622875700159705e-02
-2.758044196970605433e-01,-2.025304209260413851e-02,-2.195874312966391573e-01
8.714121014858917935e-02,-3.211111058673944973e-01,1.234195425949739383e-01
-3.467996503194993307e-01,-1.941538120789692776e-02,8.087870869552631070e-02
-5.128271876590784900e-02,-3.312903605501907323e-01,1.267428109126236269e-01
-3.118381410745267937e-02,1.319778320177733902e-02,3.585633527056499292e-01
-3.296086132759102338e-01,1.135688721149555186e-01,9.721433782212918207e-02
1.445014021344953048e-01,-2.928254744607304283e-01,-1.601492535005837048e-01
9.763152375460430743e-03,-6.091255300223263891e-02,-3.602266051133836688e-01
-2.927755798075385996e-01,-2.105583353501165877e-01,6.941944593873401737e-02
-3.121012365035292779e-01,-1.896103116985234649e-01,5.313783733533949255e-02
-2.624493806257205408e-01,2.888158161057802209e-02,-2.603641720434856643e-01
-7.327003298890366612e-02,2.061394478056589041e-01,3.016136940324325999e-01
1.241161067864745143e-01,-1.400884593852541882e-01,-3.242556659579498013e-01
7.523360470010076635e-03,2.757448618280670116e-01,2.557872960387909678e-01
-2.729907593740398264e-01,-2.100036352802505391e-01,-1.557251052795402824e-01
-1.369237193896725158e-01,3.431960908643897357e-01,8.780753555212765515e-02
-5.611994446313004620e-02,3.346138289601154059e-02,3.759627855109688443e-01
1.624770327932091238e-02,-3.822696213821368816e-01,2.465146939954335897e-02
-1.035382293474782361e-01,1.471150108533191003e-01,3.406357934421757605e-01
-2.474095567441671473e-01,2.333441548681263744e-01,-1.847651438744086494e-01
8.051469360233293182e-02,-1.659273591879088239e-01,-3.423412217462733498e-01
1.411487167755117178e-01,3.582086569202947435e-01,6.631747785872747769e-02
-3.367607871702884004e-01,-1.684599970327455287e-01,-1.108141609160945701e-01
3.721386770163356145e-02,2.567204034538144719e-01,-2.970146909345070529e-01
-3.670040678378858612e-01,-1.155739613620878903e-01,-9.439229121229811281e-02
3.568324494937823166e-02,-3.763360417278904246e-01,1.245717131956814855e-01
-3.072583364617796908e-01,2.042990460809451791e-01,1.540947993029420648e-01
-2.884182397124445130e-01,-1.577862649922592564e-01,-2.308462966416430784e-01
-1.753031583699663776e-01,-3.626997470660046630e-01,2.407875293686759233e-02
-2.163446314365772838e-01,-3.044864072408122735e-01,1.576247037192444189e-01
-1.225143275379684121e-01,3.537321465268016274e-01,1.604267641820440737e-01
5.841915612880877601e-02,3.205637450235795383e-01,2.474257339181047122e-01
-2.166828287843868550e-01,-3.231689149820811402e-02,-3.477472442865793822e-01
-3.668001649155385735e-01,6.547100465525468316e-02,-1.778648015121795378e-01
3.406200860300228062e-01,-2.277245006225866453e-01,-6.430506887423330376e-02
-3.877641754256305751e-01,5.560146937834043596e-02,1.418599825535631076e-01
-1.035501682119782385e-01,-2.049107503514953077e-01,-3.499104140384320383e-01
-4.821612197120300064e-02,-4.489163143749324431e-02,-4.151989764749386413e-01
1.498659994135128348e-01,-2.607620867504470974e-01,2.964218045557835968e-01
-3.118265717633423861e-01,-2.695373775059333732e-01,-1.001956819947026622e-01
3.209908070463627916e-01,-2.699710056593640495e-01,7.496197517719521697e-02
1.249494768827721786e-01,-2.473569783078510831e-01,-3.261362489287197852e-01
-1.645972554145656574e-01,-1.694161879556650152e-01,3.591701738138861622e-01
-7.971001000972149919e-02,4.243470319117554901e-01,-4.307503365884529124e-03
-1.264941333055692729e-01,2.155240270088162602e-01,3.544677346800736428e-01
-7.212771434554927918e-02,-8.118385450360605937e-02,-4.218678189698157333e-01
-3.817445567221264824e-01,-1.205804817375376731e-01,1.765642890252917818e-01
3.296965775687299427e-02,1.857072659315718577e-01,-3.969358764929147299e-01
-8.663510640478500058e-02,4.188459242120843862e-01,1.090619260219779368e-01
-4.143550124591473538e-01,-1.480801659279402938e-01,-5.408404698027024365e-02
6.648653415107583231e-02,1.448691188339747693e-01,4.157611606346650612e-01
-8.680806688670812676e-02,4.074241429560979816e-02,-4.368093712198565792e-01
-3.018915060875476675e-01,9.014140003126014378e-02,3.201225617968219139e-01
-7.944432227763111032e-02,-4.341452131410026283e-01,-9.329867394305142725e-02
-2.494617247086065026e-01,3.119780369665111075e-01,2.137843009192504917e-01
-3.685661703192730232e-01,-5.414466491044695080e-03,2.667833060306672999e-01
-2.762395880838252604e-01,3.538712899631438757e-01,-8.544266739458264426e-02
4.193703451142272165e-02,-3.463892393823448934e-01,2.981458705628245442e-01
1.188614694766861879e-01,-3.884671073376349537e-01,2.177465925373843758e-01
1.299287386669645272e-01,-3.947312769918544517e-01,-2.039089985762726487e-01
-3.855193975189500910e-01,-8.784755815292390191e-02,-2.444734950228694970e-01
-3.282882025955158323e-01,-1.141058488080471528e-01,-3.117126058443918102e-01
2.490503636166396251e-01,-2.649512585895217320e-01,-2.959611404482769270e-01
-2.471145699532117102e-01,-2.921965929157629982e-01,-2.743099158729138676e-01
-3.544483869202063597e-01,1.725547254470521097e-01,2.610856642181790810e-01
-3.035568073995262295e-01,-1.734389203677540736e-01,3.213143379769060615e-01
-5.628950861732114064e-02,4.610854478528254585e-01,-1.077529605067435586e-01
-3.447471547896827082e-01,-4.617611972994749639e-03,-3.323064275155305225e-01
4.086242348906312660e-01,-1.308510546176503420e-01,-2.171093067976964386e-01
4.424908524285396938e-01,-1.353342111964250249e-01,1.380715770138990495e-01
-1.920128362395366606e-01,4.439679393403002661e-01,-3.403274027661009477e-02
-2.986899595085923953e-01,-3.410188378125660891e-01,-1.777498757069833901e-01
-2.653326577726307367e-02,9.583448979559311409e-02,4.787469905104916323e-01
-4.126197242750787586e-01,-2.171168561774151351e-01,-1.539062683833272160e-01
-2.373419329188048987e-01,2.582813250900540744e-02,4.313829285594194540e-01
-2.120361351432452912e-01,2.503858170905041147e-01,-3.707525598778410592e-01
-5.853323800504748459e-02,4.458658689643673623e-01,2.119444084686720464e-01
-1.416929352403691611e-01,-1.619072958427489051e-01,4.504420525191601410e-01
2.153145474487755950e-01,-3.949112341802818449e-01,2.212070079756950081e-01
-1.009384198121165976e-01,1.242012395581801737e-01,4.771845819072614292e-01
-2.409370513773400335e-01,4.057429717094777621e-01,-1.809047801476151851e-01
-4.170198307851951669e-01,9.518075784926369187e-02,2.730159122284380180e-01
-3.705523111344456999e-01,1.859347875810543338e-01,2.961977198792676291e-01
-6.359270311129194830e-02,-3.930686039875399412e-02,5.061119418794054470e-01
-1.286422702138542706e-01,-4.800762016750148020e-01,-1.298237956452029385e-01
-2.917883723332513335e-01,-2.730043167127164105e-01,3.261221499196358953e-01
-4.786986054536334079e-01,-1.918765306835457929e-01,-4.715132127261946471e-02
3.004885085310132209e-01,1.924582580200352722e-01,-3.782022859021995642e-01
-1.317150188647267794e-01,4.291620056008340484e-02,5.033604717736797074e-01
-3.325036952716120542e-01,-2.137246570832207204e-01,-3.442834337981315329e-01
-2.927913122763942666e-01,-3.123711987419103275e-01,3.060798696367520999e-01
-4.102243223155288554e-01,7.092310242258033359e-02,3.254328595027461413e-01
-1.857731748220849965e-01,3.975511756678060671e-01,2.981763883099451951e-01
1.308241824353219840e-01,-3.259834376081533480e-01,4.004356799904171815e-01
3.905177065700576877e-01,2.783411538725857892e-01,-2.366985861695868887e-01
-4.708239847191605376e-01,1.406204460773617382e-01,-2.164349894834447230e-01
-3.663622640964252497e-01,3.656252978100623663e-01,1.506446957159521538e-01
-4.555465163729127132e-01,1.369461694637702232e-01,2.581432784958702653e-01
-2.202959204596450227e-01,3.729697758132551333e-01,3.280400915274831464e-01
-2.638154742380632301e-01,2.582111012779800263e-02,4.767896438892282873e-01
-2.489597272670188433e-01,1.464274475478380966e-01,4.653309940763767361e-01
-3.112476470195115197e-01,4.027088944625812905e-01,-2.080410874422486123e-01
-1.322784286768637074e-01,-1.257662507106863982e-03,5.359309010000952167e-01
1.350454865017653994e-01,3.353646781373338936e-01,4.200232643712087932e-01
-1.161985990497092502e-01,6.597997049121472057e-02,-5.400841112189910254e-01
2.952649075193311545e-01,3.255640984360909651e-01,-3.446852323312549204e-01
2.139477673433734517e-01,-4.597112298908231365e-01,2.394224761021936099e-01
-5.196228633797765895e-01,6.295018907802392427e-02,-2.071847875808233153e-01
-3.500630342181128563e-01,-4.223019385619229960e-01,1.359899696107745026e-01
-5.261727793885034865e-01,-1.647123739572833312e-01,-1.337300901283310084e-01
-4.528235468641965134e-01,3.420072676699347780e-01,-4.862346578434497552e-02
-5.672239432778420909e-01,3.277063720113031209e-02,6.396508191460897885e-02
-3.279038087564805637e-01,-3.499820061572069818e-01,-3.153437463190973400e-01
-2.418390293520535639e-01,-1.119979134104855806e-01,5.108595083848870289e-01
-2.214559465186788922e-01,3.773032906607741710e-01,-3.783904217113912560e-01
1.075877295395967666e-02,-3.852332401772418091e-01,-4.343361265824237094e-01
1.419218076190403022e-01,-1.197426212792094130e-01,-5.525327372723207731e-01
-1.609428984639218740e-01,5.353214861788125889e-01,-1.729767359429662255e-01
-8.506233263837163772e-02,-2.105034307210631173e-01,5.417393069998608368e-01
-3.758189203589051841e-01,-4.403560420644358486e-01,-1.119268727754255399e-01
5.285856138640953467e-02,3.338078404429167118e-02,-5.885923297928443709e-01
-4.359486173235512796e-01,-4.560877999538150845e-02,4.011264188353600435e-01
-5.679575201736998535e-02,-5.608478881416961714e-01,-1.948293695957709626e-01
-5.712484159482728030e-01,1.155467326359675001e-01,1.370256494520322998e-01
5.110824781779135101e-02,-4.326845436863880345e-01,-4.139535938226180933e-01
-1.956287519629998917e-01,-3.416542947530256669e-01,-4.570968867235647437e-01
-2.670561449960033307e-01,-4.430701245135142963e-01,3.147580878221087897e-01
1.316502969994537073e-02,4.235771320584842403e-01,-4.357700763921773524e-01
-4.613568473488088156e-02,-4.731175229476897726e-01,-3.825157470465530007e-01
-4.152044500342574329e-01,-1.299117580829895202e-01,4.310830943203034504e-01
-3.281182468398478602e-01,-4.064387551903529960e-01,3.241679255852664143e-01
-4.615858037795393387e-01,3.843615927547948674e-01,1.414042622592622256e-01
-5.709350868292595305e-01,2.208097306804210902e-01,-9.452721250125371844e-02
-3.038193466838356449e-01,3.043861941822115780e-01,4.489856253209600356e-01
-5.356385847178125603e-01,-2.302958089059931046e-01,-2.224944912657308427e-01
9.454233891620814068e-02,-2.555039046557817106e-01,5.640470095132231743e-01
6.273175298401928446e-02,-6.027157913625142971e-01,-1.676495112827141309e-01
-7.531651036404211907e-02,-5.414662036096138387e-01,-3.152868743140624375e-01
-5.410342980435174365e-01,-2.607899052125592365e-01,-2.012669419446146135e-01
-2.048091843043390592e-01,-5.295546799527428572e-01,2.861023734808267882e-01
-6.116585766569976323e-01,-1.819608833555755034e-01,-1.774371177125902335e-03
-5.807419145408191374e-01,1.861532412929515767e-01,1.958380581159909206e-01
-5.829201105901794522e-01,2.014142770145019579e-01,1.815183602975621313e-01
-5.382524156479545629e-01,1.292332229824736112e-01,3.316014923848740192e-01
-4.473644931700371807e-01,4.665923805503923161e-01,-4.019030309853924982e-02
-4.918579078410644234e-01,-1.129827800488023976e-01,-4.097194975731367483e-01
-2.325591863290639438e-01,8.656353786709458653e-02,6.034082630157682203e-01
-2.307281083399724542e-01,2.012394426234002942e-01,5.788640226941027533e-01
-5.019630509576341604e-01,2.345431769505797459e-01,3.535468892226309445e-01
-5.479549656514494105e-01,-4.495786648452769485e-02,3.645164293476829687e-01
-1.242788080469874740e-01,2.722039729187540891e-01,-5.905946410211341258e-01
3.076026393247826562e-01,-5.736977055067810083e-01,1.334427985834397701e-01
3.303651347251208570e-01,-5.641242301604876275e-01,1.319485327806004804e-01
-1.522213806134300740e-01,6.211730736252158991e-01,-1.975140662806246783e-01
-5.613797180178070612e-01,5.883204524395262841e-02,-3.642821742759419501e-01
-6.782116502439418382e-02,-6.548162958176896309e-01,1.456569880522173566e-01
6.311932393111896467e-01,1.529200333844709103e-01,1.900533140345223582e-01
-4.111712289402881249e-01,5.355687146990999459e-01,-7.309807876199601873e-02
3.203377224046394800e-01,-4.084030231339600969e-01,4.417902610570705879e-01
1.222175030733314849e-01,-6.038128346059595808e-01,-2.973712038987527118e-01
2.970496343477548873e-01,3.107770207422367315e-01,-5.352798572835252289e-01
-6.323750132103569399e-01,2.711612856657985016e-01,-3.643441212385417627e-02
-4.758814751348239280e-01,-4.824700107858519438e-01,-1.376313703596649118e-01
-2.562855580038813641e-01,4.087452420501941908e-01,-4.988757041029216466e-01
1.794722593312292336e-01,-5.381234870603487375e-01,-4.041214227284186666e-01
4.070705942565853476e-03,9.724932689676069053e-02,-6.921828640974613256e-01
-3.253486963844989810e-01,6.214384719998081730e-01,-7.996153496402895119e-03
-6.898271561047215616e-01,1.084772495445160967e-01,8.946332265461486022e-02
-6.443413665357865527e-01,7.259429142854550987e-02,2.806039149558079981e-01
1.188104306263526172e-01,-1.425059545268666794e-01,-6.843486443288627763e-01
-1.646088201340827617e-01,7.087894848765209643e-02,6.886440865767705644e-01
2.696437327009800766e-01,-4.333384610586477059e-01,-4.994750426275332833e-01
-4.251073141232575292e-01,-1.773800223117343589e-01,-5.490184924119909660e-01
6.433700424484125602e-01,3.195648622386101922e-01,3.480984863083331354e-02
-6.740655457380748672e-01,1.605206221902537866e-01,2.020046152524065941e-01
-1.172779907580532854e-01,-7.146235153104730786e-01,1.401386172102835927e-02
-4.595637602667611565e-01,4.032384084096851673e-01,-3.931399904495506692e-01
-4.614900782136546198e-01,4.460831451883762178e-01,-3.466113792179545405e-01
-6.313909658743191988e-01,2.818649208775001469e-01,2.403451692125704031e-01
1.508213646221248927e-01,-6.922873910787885610e-01,1.940276515805905710e-01
-4.310064599740554558e-01,5.942222335915233744e-01,6.781277179092737306e-02
-3.694047039195760829e-01,4.792639035442027851e-01,-4.256092813704064892e-01
1.801257060013843059e-01,7.191750875765156037e-01,3.863960775382416224e-02
-3.557524733157400587e-01,-3.452856138946351905e-01,5.560986289259173265e-01
-4.220501921784412525e-01,5.857393908079542300e-01,-1.941901129645014212e-01
-1.749399665291500594e-01,6.310964375351520994e-01,-3.660080777451507061e-01
-4.425028583990153197e-01,-3.787729164050085973e-01,4.769858919057646807e-01
-2.186105754658395073e-01,-2.054691628131477196e-02,7.228748358478507274e-01
-7.130440699592455189e-01,1.329172181481053649e-01,-2.205732290282908792e-01
-5.217873363906501138e-01,-2.848932404361593784e-01,-4.746988015975478481e-01
-7.183106121649578402e-01,1.843822015889621246e-01,-1.812049640935882167e-01
-1.346829086193712388e-01,-7.518774912405895572e-01,5.833837151130345094e-02
-7.254230875957443092e-02,-7.650898791162278334e-01,1.793518332567017523e-02
-3.585868768316884947e-01,-3.716489672037929792e-01,-5.730154401483744664e-01
-7.102159749119495435e-01,-2.700082643714531161e-02,-3.066754232707440408e-01
-1.558147156274551359e-01,-4.564424624884941828e-01,6.088702098878098212e-01
-7.120622620777493639e-01,5.736608080956456801e-02,-3.117637868465271134e-01
9.663767139439846665e-02,3.824754713208389223e-01,6.753497762131199789e-01
-9.542084779026853425e-02,3.020394356662641222e-01,-7.180657445488932700e-01
-2.283811253053925350e-01,7.173705385320018335e-01,2.311386258655331871e-01
-4.344340564090987122e-01,-6.051712619582663155e-01,-2.636568536133071516e-01
-7.578332458523898696e-01,-2.832172755683783766e-02,2.316637565048506597e-01
-6.401205292838112459e-01,-4.532203165028728109e-01,-1.339573955206755651e-01
-7.847631812882553681e-02,-5.344883275088480046e-02,-7.927441042736615984e-01
-7.555241176652506552e-02,-3.278494326202123221e-01,-7.270771218964904303e-01
-3.063386386043913112e-01,5.140441469884829973e-01,5.367969917225723364e-01
-2.210121728896609627e-01,-1.712943303646059512e-01,-7.566202032495260577e-01
8.265174272808683761e-03,1.522044405864132199e-01,7.949086003220128260e-01
-7.653323512984238075e-01,2.278830455684785761e-01,-1.480790254267392581e-01
2.031725369795784886e-01,6.198350923615643104e-01,4.884877281347173583e-01
-6.690485459382400357e-01,2.779774067622824418e-01,3.791127923076834660e-01
-4.873490925555464814e-01,-1.497654046455969001e-01,-6.428375207279594106e-01
-4.245478021941278546e-01,-7.031113457486115603e-01,5.615668936019597990e-02
-1.096603259017358278e-01,6.798648946865903930e-01,4.562078843311257459e-01
6.597164965251091084e-01,-2.808457075502195921e-01,-4.158134432057176699e-01
2.537133293395815378e-02,6.270730356700706665e-01,5.457076960439464219e-01
-3.463043700282180670e-01,5.353412395714485239e-02,-7.573344086754744131e-01
-1.410959365335480165e-01,-3.678639345563883833e-01,7.388028932927878101e-01
3.669078009482754088e-01,5.507631043489956690e-01,5.175334400510527288e-01
-3.623927727032484891e-01,-6.886196907945463241e-01,3.241052334787938860e-01
-5.144731711761967308e-01,-5.507899100927519109e-01,3.838130363909701970e-01
5.108561595908732711e-01,6.768278039089099529e-01,-3.341969023069363970e-02
-3.453321912363273571e-01,5.217239796302972632e-01,5.775691888495902981e-01
-4.710941071544980652e-01,4.580845809303705218e-01,5.460242842614069225e-01
2.959734514191890153e-01,-6.277336642132347322e-01,-5.031588808632256882e-01
-9.189438352376926022e-02,4.672799631429607192e-01,-7.162098146950729438e-01
3.242048071828002032e-01,-2.968451177396221330e-01,7.426216156168439220e-01
-9.174658656170273097e-03,7.473304783075700453e-01,-4.371668314234496422e-01
-2.408674992560912165e-01,5.318381262487866801e-01,6.433121035599842497e-01
1.133871226071992561e-01,-7.863985330483042047e-01,3.584496724069114459e-01
-2.794828126827727521e-01,4.412235847411231093e-01,7.014636563190748131e-01
-3.502115905480970848e-01,7.304739570524193537e-01,-3.371991736219944191e-01
-1.075385157812676767e-01,3.155084669415278431e-01,8.148410560857872742e-01
-5.850444453551635338e-01,-6.597015384793019077e-01,5.248304498359432357e-02
-4.790739138522848856e-02,7.868593704717160575e-01,4.049513087985661119e-01
4.566511156401253935e-01,-7.482813328008781628e-01,1.489741820046160681e-01
-6.837876103017417329e-01,3.389757700183267941e-01,-4.619828181772345777e-01
-4.367076824959337800e-01,4.746037557802381679e-01,-6.206571199873386346e-01
-7.244870391270930021e-01,4.279017112189039684e-01,-3.138558280291147140e-01
2.380822764320670304e-01,-1.890646219108063908e-01,8.481730204823669794e-01
-3.209576440983943901e-01,8.291195883293287494e-01,1.635309491572715657e-01
1.366911165070783252e-01,7.113414656049166229e-01,5.458058715994345000e-01
-4.468848400043631264e-01,-7.922801837303939942e-01,-2.472712237209147290e-02
-5.619577851415727965e-01,6.545798678822596361e-01,-2.986885481145498122e-01
-6.626957564077123886e-01,-5.627789782727078416e-01,-2.882567640102150497e-01
-3.340608378409853363e-01,-3.390826323301422973e-01,7.860831233061563728e-01
6.295462574996505412e-01,-5.968488949033444735e-01,-3.122449612305723265e-01
-7.305091639190669506e-01,8.124768041148952569e-02,-5.615995971093231676e-01
6.551156458961663320e-01,3.892888332924343553e-01,5.296536357785439630e-01
-2.621412121858108790e-01,-2.764100215636591806e-01,8.495779532570808534e-01
-2.421922727447789470e-01,4.873764157944785458e-01,-7.592035556247332950e-01
-2.676966043959769781e-01,-4.217728704270785611e-01,7.929316980307481444e-01
-1.830278373118881252e-01,3.242288425295039578e-01,-8.633739998355546286e-01
-7.443964207206648087e-01,-1.776587438751990600e-01,5.514757105973610019e-01
-4.572367599676042116e-01,1.591683398464239785e-01,-8.131558554078461842e-01
-8.669474553901201919e-01,3.783511034992655397e-01,-8.195080733521292737e-02
-8.431319404587882538e-01,2.909854876522327549e-01,-3.343546363932430321e-01
4.510283790468206516e-02,7.846054333756158350e-01,5.436944674600460159e-01
-9.303174612893698736e-01,2.262424824246312138e-01,5.007047010525627478e-02
-3.482627442868638235e-01,4.179167926583153836e-01,-7.932306268676727612e-01
3.364168347309421381e-01,8.854247494678850749e-01,-1.844160615536076520e-01
-1.187852681449499403e-01,-9.224633170381401071e-01,2.686149425958118675e-01
-6.610013753071366516e-01,-3.984221481045606694e-01,-5.895873044465648194e-01
-7.794960224190919940e-01,-1.856310451226083624e-01,5.543563285868055024e-01
-2.192857254222469743e-01,9.432874512893786312e-01,-1.328465528773367377e-01
-6.267781918530039853e-01,-6.924631029299571638e-01,2.989074699658474943e-01
-1.739541976759780562e-01,2.431352674655372914e-01,-9.373032861448223896e-01
-9.363570303572612552e-01,1.662799657973864642e-01,2.640907935917924942e-01
-4.846153752948272331e-01,-2.502963446232312483e-01,8.264001227757936663e-01
3.933429562302341864e-01,9.045609300039556544e-01,1.174876581308006429e-01
-5.510229716364928310e-01,3.438622108398489696e-01,7.558010189962658387e-01
-1.673205694895253393e-01,6.670767923119373943e-01,-7.256036648358707986e-01
-9.775591765671179934e-01,-6.583629516464545306e-02,2.143666376751830749e-01
-9.807307832735353559e-01,-3.517360214943881375e-02,-2.220275161646701745e-01
3.466485312747608627e-01,-3.080806652575495685e-01,-8.965378614489510900e-01
-3.097546582744379329e-01,1.909745827176991262e-01,9.449701918604076489e-01
-7.273120466139854079e-01,8.322204486369051690e-02,7.043041502292598510e-01
3.603711342261208261e-01,-9.045182885531745098e-01,3.008886640067945373e-01
7.529395374173767364e-01,6.913195445710690334e-01,1.876948698302915650e-02
-9.981502095415342168e-01,-1.659881382651575976e-01,-1.673683661971024639e-01
2.912165300887940567e-01,-2.833162992687077164e-01,-9.452539541557835046e-01
-7.946887618353107863e-01,6.559129343471905571e-01,-5.981311124593352568e-02
8.655115487414978270e-01,-5.630819223146599217e-01,-7.710329583016883870e-02
1.376147110815453822e-01,2.593238798113180477e-01,9.963704761552981681e-01
-3.211352542562399548e-01,6.091793522961376217e-01,7.820330447505990934e-01
-1.501308421303713669e-01,8.666866524501209978e-01,5.648169486573990650e-01
-8.946016862679402326e-01,5.428934262091554830e-01,6.779492390928285039e-02
-1.305101522286456761e-01,-4.710535342948710680e-01,9.315009587512421696e-01
-8.414466774777809022e-01,-6.364273861629022866e-01,2.369353748546521032e-02
-1.086131089568292546e-01,-5.530432394745026237e-01,-8.961217634422474765e-01
-7.340847463743930268e-01,6.602708611073813127e-01,3.910791770695085656e-01
-6.906576570329824305e-01,1.130022904737518208e-01,-8.032034121946485250e-01
5.954174457555854172e-01,8.856560032162902329e-01,-5.635961224005948261e-02
1.723071092187878350e-01,-2.335875058999976606e-01,1.032009334717960636e+00
-6.656285806204853550e-01,-1.698738240475665962e-01,8.274228855686647233e-01
-1.031126030548209949e+00,2.709816859212917928e-01,1.648823738464275379e-01
-5.797454605045105902e-01,-1.137263422781756156e-01,9.067143327162390243e-01
-6.326573458178346154e-01,7.105270748322543017e-01,-5.229119537981898880e-01
8.758907706615466360e-01,-4.793521103493283975e-01,-4.347298712526187492e-01
-3.585024978468488444e-01,-1.024761305332094974e+00,-1.214346669344333607e-01
-1.072907311321155577e+00,2.221474686637106843e-01,-2.050804647734134553e-02
6.408109085344557698e-01,-7.882169158940102172e-01,-4.201320023725118591e-01
9.644159135402645688e-01,-3.863298018627183694e-01,-3.696800607534215799e-01
4.524930092710042762e-01,-8.337675719360950755e-01,5.689570972235592494e-01
1.552941508864619513e-01,2.262122818228877452e-01,1.075175520535326834e+00
-5.703099176512739232e-01,9.173098617522925657e-01,-2.688534401109089478e-01
-8.826592293431380076e-01,6.617827772146261944e-01,-1.723188254884909232e-01
4.403410610185362062e-01,5.839550133793538489e-01,8.483047345090480862e-01
-2.533236477167941092e-01,-1.675369491056774296e-01,1.081717591742033191e+00
-8.553960150439534615e-01,5.216758400388533667e-01,-5.161193448203955647e-01
-6.737744632926727650e-01,-3.559132199782964467e-01,8.351627864538543333e-01
-1.005612876442100401e+00,5.961939519483586136e-02,5.208557447667545581e-01
2.585910758363907935e-01,9.995935728248924734e-01,4.775444478036935392e-01
5.083373902636428854e-01,-4.797987163457718141e-01,-9.019636293743698019e-01
6.831672751232139573e-01,-8.972224805396610270e-01,-1.962579709748108747e-01
4.723591027687375488e-01,-6.943059599366815382e-01,7.830671026021946979e-01
2.807174862553442618e-01,-1.097511866753139165e+00,-2.079012972812558091e-01
6.149819120125608052e-01,-9.186854461587121712e-01,-3.355535017899909933e-01
-2.246802593440767049e-01,5.927366677554661845e-01,-9.701717112055933123e-01
-6.211988854797787507e-01,-7.873396212370570302e-01,5.878552942608906706e-01
-9.394085175872433913e-02,-1.161182992437320927e+00,5.054334322113300526e-02
-1.021493341551092393e-01,9.676785139229845401e-01,6.490722517597168340e-01
-1.050323861032017803e+00,4.298353985706520469e-02,5.211089961723993635e-01
7.268935831251562840e-01,-8.331775924004297673e-01,-4.031385977409440713e-01
-1.715091618839786336e-01,6.237505090047429368e-01,9.874936396971316643e-01
-1.116553547773987271e-01,2.134473434151952509e-01,-1.159391029911589488e+00
3.097316025051951582e-01,1.067099054350003406e+00,-4.197826546260532976e-01
6.270045360418513569e-01,-9.473356480504925292e-01,3.591049482181814523e-01
-1.078126761709063297e+00,4.936432362031838439e-01,-1.490858250456747192e-01
5.798484600517691545e-01,-2.293063977478627391e-01,1.023836454934616613e+00
-1.279185965409275483e-01,1.078298400748850305e+00,5.165105244709938814e-01
3.373363617449147422e-02,-3.940191806414835574e-01,1.139455867738123462e+00
5.279228914314433307e-01,-1.079610395216003660e+00,-1.393228628219918552e-01
-1.966516270205122263e-01,-1.178927113634961499e+00,2.100068033536415246e-01
-8.598286514870948638e-01,7.068598275042999868e-01,-4.926543544744527714e-01
-1.029600707716614272e+00,-4.709925519690523754e-01,4.569709307681111277e-01
6.871159379457824068e-01,8.895186382947053438e-01,4.862932988581749605e-01
-1.195519509981580075e+00,1.616845178524865118e-02,2.819449446280825611e-01
-8.935100433432967559e-01,5.485688970809902143e-01,-6.472645393073245268e-01
-4.115727438385994308e-01,-4.944229108144030382e-01,1.055301586278798887e+00
9.861135881517528456e-02,1.235653109767206992e+00,1.622401331700407817e-02
-4.993068822420680952e-01,-1.122022683459104941e+00,-1.948145917510699376e-01
1.150203489990079958e-01,-5.025994420106764116e-01,1.135684321377764761e+00
-1.151693736841036264e+00,-2.883170358217256035e-02,-4.877046596784726518e-01
-4.689841655358285566e-01,4.791347048327270208e-01,1.060703286021093650e+00
-3.963297210381582780e-01,-4.701554894946471941e-02,-1.193689090415105403e+00
-1.064468821936278564e+00,6.110812556527353001e-01,2.954533527373685020e-01
1.080262395855379642e+00,3.035645031944388950e-01,-5.868272375847340960e-01
-1.058635284290521783e+00,3.117474696753720353e-01,-6.287441924798877757e-01
-1.000944457276963018e+00,-2.495706082292118710e-01,-7.475437734357269770e-01
3.719161173268865639e-01,1.498769279651645525e-01,-1.213279752518493071e+00
1.898959821926301805e-01,-6.891678490404875568e-01,1.063817778135299763e+00
-8.290554256363362740e-01,5.158680195936378166e-01,-8.361880264766233806e-01
-7.152363979081756140e-01,-6.455290991592927963e-01,-8.569643875934255250e-01
-3.451782218769402499e-01,-3.787520670017532343e-01,1.187479460527093522e+00
-9.553236089390894081e-01,-6.798540823221205232e-01,-5.549484719070338912e-01
9.264621894765463772e-02,-3.891566796620299917e-01,-1.238121492150654923e+00
5.734353621780077792e-02,6.093661322820180803e-01,1.152635674521269138e+00
-1.191792240867661334e+00,5.411937326619494781e-01,-1.390403190294781620e-02
7.557627384947700477e-01,9.988455004851083396e-01,3.935820052484960141e-01
5.096310578390016860e-02,9.361639133534127577e-01,-9.247462874002495559e-01
4.257457272192897157e-01,5.763166102954255798e-01,1.109590387579254767e+00
-1.152396945167966757e+00,-6.013024722548744316e-01,2.559280669512118411e-01
-1.062919169969441580e+00,-6.773303572083640978e-01,-4.207813547371312413e-01
1.264242208634665854e+00,-3.755361801697164048e-01,-1.920923815392330258e-01
5.248617027014333969e-01,7.930267489292436300e-01,9.394284610249806766e-01
-8.260347792837059444e-01,-4.857814527681120903e-02,-1.054951619719549427e+00
1.143486583317878225e+00,1.076952192040890738e-01,6.994520602017029187e-01
-1.138245213630362657e-01,-9.655437319586610001e-03,1.343941395885240420e+00
-3.572545966538214768e-01,-1.194830950362779642e+00,5.242793465785794416e-01
-1.287692393479129782e+00,1.955708565817120825e-01,-3.803583788870815163e-01
-1.847279374360250859e-01,1.335214180090011249e+00,1.875130117026416465e-01
-5.131972008405258912e-01,-3.419601384826192469e-01,1.217720721158521036e+00
-4.537914124282479977e-01,-8.569830981371342471e-01,-9.664026055329429932e-01
-1.653646990940771666e-01,-8.105912563038152330e-01,1.095931358750234175e+00
-1.185251674624676843e+00,4.295165653010549756e-01,5.544472576179916290e-01
-1.117404162964358294e+00,5.040710908882629626e-01,-6.366686184395132786e-01
-1.115319495538458217e+00,2.737779941198310585e-01,-7.749220592177457068e-01
-7.775793053802393384e-01,9.732797246332520746e-01,6.155677145625290114e-01
-1.765256823105763040e-01,-2.896978305285740629e-01,1.351751510376470788e+00
-5.586847313143045168e-01,-1.256230875380347722e+00,-2.522437022314226729e-01
2.764325389300398839e-01,-1.365698373553077216e+00,-1.547243948695761762e-01
-3.978923515094202057e-01,8.284410460311594226e-01,1.064204408942607039e+00
-6.614360420349039149e-01,7.900536621338163368e-01,-9.629232888567975657e-01
-1.096510496940724222e+00,2.381142094117420505e-01,8.612041666150631603e-01
-3.682044228805241848e-01,9.014286767164395586e-01,-1.031709169703905804e+00
8.664704389367343662e-01,1.119616050666975227e+00,-1.420915261487588621e-01
-1.389930922071530128e+00,3.092695983412127592e-01,9.454302723204467684e-02
-5.476728275244608923e-01,-2.618766835336078791e-01,-1.296158216355575599e+00
-2.170076058216123538e-01,1.349928498576410840e+00,4.373479192296421125e-01
-1.288950948486679238e+00,5.753699486352465975e-01,2.835727134318059561e-01
-3.993359569443927226e-01,6.715035861027012221e-01,-1.214381964694068117e+00
-1.927892304200771734e-01,-9.259379924092291381e-01,1.096766876758329179e+00
-1.552656579615773261e-02,1.451897361483747817e+00,3.951887235904522760e-02
-1.277071280406132936e-01,2.927223305649731544e-01,-1.421359095672832362e+00
-7.019566534021394189e-01,2.445805547551980763e-01,-1.257858948843048497e+00
-1.106614080715628390e+00,7.083927320360002833e-01,-6.487976977433179693e-01
-3.268209191289096482e-01,-2.435359731216074630e-01,-1.412048267615762631e+00
-9.089782751913449976e-02,1.471201722554108304e+00,4.586423450325519124e-03
3.755632493832736785e-01,-1.378748720745434975e+00,-3.788216961757216450e-01
-1.016713666205869560e+00,-9.768944893949367270e-01,-4.586108677953935064e-01
8.282532023291795387e-01,1.208536034048699026e+00,2.543834608220698623e-01
-9.823922405600411523e-01,1.052398887996176535e+00,-3.893901699673688044e-01
5.577207733698598124e-01,7.728934218869618622e-01,-1.152781002531390486e+00
-6.639791798076299933e-01,-1.344573561236141357e+00,4.125405320537695736e-02
2.794131339273013895e-02,6.788686207969114594e-01,1.342386819318383662e+00
-8.383712485159354744e-01,4.141886408614441906e-01,1.184269678018964100e+00
-5.401410516084087510e-01,-1.249726108507057232e+00,-6.608204158922665883e-01
3.589741185890787389e-01,1.432115286555516898e+00,-3.519142988346751766e-01
-4.702883874020497013e-01,-8.666338146476011001e-03,1.447720344562232420e+00
-1.077299154097800082e+00,-1.081428897033439585e+00,-2.510649106524753815e-02
-1.010465757221835625e+00,1.129471046803820933e+00,-2.181057344104809781e-01
-1.019582207228012960e+00,-7.098522103912207060e-01,-9.025375515554714401e-01
-1.148227986567318615e+00,-8.263939367050385787e-01,6.086266237273636470e-01
-8.282643265583263803e-01,5.613065526005366346e-01,1.176662984801621237e+00
-2.892384009249614474e-01,1.435170059061346981e+00,-5.061283217361571829e-01
6.214273531280959523e-02,6.057531793756415484e-01,1.429240429680098012e+00
6.557342588822216989e-01,5.633467651179040470e-01,-1.296241876332661525e+00
-4.005972465821919237e-01,-1.535857143589026454e-02,-1.510302508342256544e+00
-8.756952362127589096e-01,2.996149911423717227e-01,-1.264645809705570834e+00
-1.567358601153382658e+00,1.704228972010090465e-02,-1.154329829565524795e-01
-1.015642034661263571e+00,-1.029046684548374557e+00,-6.277945085798118940e-01
3.226287204899853656e-01,9.567525427131352567e-01,-1.216374388982211840e+00
-1.542741638216905242e+00,-1.043959340453668450e-01,3.501387270883578595e-01
-3.328918081253881001e-01,-1.388068636868571737e+00,7.004204117113533856e-01
-7.829874347920000588e-01,-1.255200677272867438e+00,5.951573248135779703e-01
-5.972976341702745939e-01,-1.162574322794255988e+00,9.215283068344981565e-01
-5.799170348361616656e-03,1.121586562252128022e-01,1.599928237748625692e+00
-9.892241196847362250e-01,-1.019621186231376209e+00,-7.543844079922741308e-01
-1.311409354910064051e+00,-4.035264468386512426e-01,8.483172876241038551e-01
-2.376580103981684455e-01,-1.184870838169315155e+00,-1.075607732587748444e+00
-9.004054069247260372e-01,-1.022420143601854292e+00,8.811361188785526988e-01
-1.274845684881000585e+00,-3.918434239875756009e-01,-9.321600570774649652e-01
-1.228987943575807540e+00,-1.067366450710762749e+00,1.153882853717398127e-01
-1.210471630065211995e-01,-1.213163308436584709e+00,1.091770081836314965e+00
-7.059201966283169538e-01,1.481207331085571566e+00,3.930399036462469547e-02
-7.038925847129381408e-01,-1.463944113644986444e+00,-2.660666812803053616e-01
6.225050747718309241e-01,7.743876760239688517e-01,-1.318266698701866524e+00
-1.707346301118959631e-01,-1.564652083128627691e+00,-5.132632905332865647e-01
-2.200241900359383718e-01,-1.440551643768568146e+00,-7.955617661493491477e-01
-4.773412573020004990e-01,-1.559100887610451291e+00,-3.372591381319731685e-01
-6.756533300274676357e-01,1.311486629590365549e+00,7.822076507370001597e-01
-2.072233728146239129e-01,-1.653450684947842309e+00,-1.660006682423870727e-01
-1.196459916982334004e+00,7.108266812071908358e-01,-9.400712787151525029e-01
-1.042777137258849462e+00,4.769306837347359919e-03,-1.322622747775960006e+00
-1.326337420694688296e+00,9.540705630714180208e-02,1.041519388350330200e+00
3.462767499835286422e-01,-1.085898901306591613e+00,-1.253130532819036969e+00
-9.516266833284260374e-01,1.135108817107922663e+00,-8.317601934389379226e-01
-1.512035745073074366e+00,6.082742322004148772e-01,4.961830591854435313e-01
3.794780998569973751e-01,-1.630235277509589853e+00,-3.426668006130441646e-01
9.290800615347627467e-02,-8.698200169697194450e-01,-1.473296963854126895e+00
5.736217727776765640e-01,1.440062816510084387e+00,-7.414979869612158270e-01
-1.427026063808400691e+00,-9.658682241098754950e-01,1.565639155716542011e-02
-8.222756100485082431e-01,7.070184506732807815e-03,-1.519986648253926598e+00
-1.673804645113785794e+00,-4.494363754261245236e-01,-4.179379592091626155e-03
9.528683522405443362e-01,-1.449201928695552644e+00,1.125337335098476887e-01
2.718116130342993486e-01,-1.721598570525754379e+00,-1.705316324197083191e-02
-7.295150763088639190e-01,-1.498353062393996904e+00,-5.274242383970259018e-01
1.181389657929828640e+00,-7.602371382163340963e-01,1.048444562592150575e+00
6.721311311062459770e-02,-1.640666885967858368e+00,-6.277831675682654655e-01
5.581369288172037813e-01,6.778018302914158300e-01,1.528762924552089952e+00
1.695041008719847531e+00,3.559336576362992499e-01,3.548506795786046664e-01
2.414443156984026964e-02,1.771653413051482939e+00,-6.518840467038151953e-02
-5.070574064734119091e-01,-9.308965528941743894e-01,1.427523231486632849e+00
-2.794305988201456481e-01,-8.920894993943448981e-01,1.518419179263368113e+00
-6.364466856545248907e-01,1.512514629464259741e+00,-7.105175042508032890e-01
-1.283623474797622954e+00,-4.666743623477153657e-01,-1.162032147380635427e+00
-8.680346030439041183e-01,-1.823784868432039019e-01,-1.564396073432373635e+00
6.033733529029331466e-01,1.634031208578866412e+00,4.672767953618698900e-01
-8.437350294298572306e-01,-6.875108705915903284e-01,1.444432466777431312e+00
-4.910163635760221301e-01,1.056179633789493311e+00,-1.390291172201230996e+00
1.115561126542606862e+00,7.042351075554170725e-01,1.252107186772809078e+00
-8.544966649293403438e-02,1.010177223142916692e+00,-1.516314025456074965e+00
-1.345643654006576151e+00,7.780364992399255719e-01,9.642303746349206728e-01
-1.499847725648771224e+00,-5.099690774697643869e-01,9.247674439578925654e-01
-1.310513159068814382e+00,1.109604229292271649e+00,-6.597029642369638402e-01
-2.786849833923886743e-01,1.823032679766112940e+00,4.391206308836491379e-02
5.698499055892171095e-01,-1.542462462514509802e+00,-8.475789066598972132e-01
-1.429046958842939086e+00,-6.472744508342977987e-01,9.902213015333615198e-01
-1.701291662256230186e+00,7.399490497367468000e-01,-1.386694022423658468e-01
-1.410536615488435785e+00,1.863969968845776981e-01,1.206797771960580690e+00
-1.296417211242414380e+00,-7.766662822783010345e-01,1.102943090424222783e+00
-1.204757009422459779e+00,-1.436098245729764855e+00,7.968647740419304570e-02
-1.870249131992454128e+00,-9.758802941835147127e-02,-1.808079977893748136e-01
-1.867718114869601764e-01,1.847317138728835406e+00,-3.355076722518607335e-01
-1.392194802623136496e-01,1.886925844812322062e+00,1.567470198734382050e-02
-1.464823680273676654e-01,-1.402730510470798220e-01,-1.886577651695584112e+00
1.129758548912371152e+00,7.936705548004756583e-01,1.309327594748893597e+00
-1.061472769769003843e+00,-1.583586518374239693e+00,8.086059218521068903e-02
-1.772282689914820297e-01,7.824686760000082453e-01,-1.737196433729837564e+00
-3.617514524572270629e-01,-9.187938210203048239e-01,1.645323254529552193e+00
4.929510193850310529e-01,-5.829077369797918129e-01,-1.766373791365873691e+00
-1.105673906616089441e+00,-1.572809619259909253e+00,1.656661187094362053e-01
4.866395662610791817e-01,-1.818118228591505681e-01,-1.864069919799449693e+00
-1.860628761429468980e+00,-4.017700096722905956e-01,-3.772544333527931837e-01
-2.970325706586448011e-01,-8.196805101018059814e-01,1.739751039628500306e+00
-1.587893955175990968e+00,-8.403235345172740400e-01,-7.619423561847191717e-01
-1.614875194610654541e+00,-1.096550548754984700e+00,1.387139076871896082e-01
-7.017875521447909659e-02,1.772263452637691028e+00,8.397228680846258175e-01
-1.476457669839491116e+00,-9.932211850373159345e-01,8.403358106247102999e-01
4.110146582707366880e-01,-7.707135154618455219e-01,1.769565585807575392e+00
1.098981437146628437e+00,-1.001909016905405014e+00,-1.305580575642955710e+00
-2.014013384068213675e-01,1.973266839045187071e+00,6.098555056396622043e-02
4.116376924334250731e-01,3.446821191507896120e-01,-1.916211807923889676e+00
-1.370521856614706380e+00,1.450368145844026735e+00,-1.977424306627677611e-02
-6.912153553138449258e-01,8.951130538654026303e-01,1.650929421201478231e+00
4.244481771777989798e-01,-1.769069861907808017e+00,-8.468827474063208571e-01
-2.778566571415340136e-01,6.949472603091857437e-01,1.867976427474487000e+00
-1.880596240268312958e+00,4.669262152773671626e-01,-5.634391666338126603e-01
-3.036595130440747359e-01,-1.184498345300031508e+00,1.612337473559406931e+00
1.277226287872264443e+00,1.524674995470986838e+00,4.022515929440594329e-01
6.743442476475899339e-01,-1.896726502676642223e+00,-2.973615404156256803e-01
-1.818071360392634839e+00,-3.605845885658967576e-01,-8.534859741793331400e-01
-5.026818846245335592e-01,-1.927894232080566983e+00,-4.664817258645616027e-01
1.687667069734708702e+00,1.083364908137693927e+00,4.341873280103328292e-01
1.077541652645922055e+00,-5.187275961700535953e-01,1.674429124220117915e+00
-8.540433569469354502e-01,-1.777015311921898100e+00,-6.085263735564425680e-01
-1.819507759467684282e+00,7.393325775890158269e-01,6.511294214691348836e-01
-9.236999435488453258e-01,3.442042510199587735e-01,-1.825740462947177400e+00
1.243799987052192746e+00,4.051404523357491905e-01,-1.617964279166061337e+00
-2.055927055643214096e+00,1.957092692491230745e-01,2.965312063443701907e-01
-1.565505717662356799e+00,-1.349665220911778984e+00,-3.238404081049403027e-01
-1.255267158499534741e+00,-1.611326696184231411e+00,-4.791043770614523689e-01
5.131494365732603979e-01,2.955159114403718146e-01,2.018766388841738646e+00
-1.134475821339283597e+00,-5.063264910044568134e-01,1.705067095061728155e+00
-1.034470207034401179e+00,-3.680055556643647696e-01,1.808262205561473213e+00
-8.223538294945333949e-01,-6.505225671457098846e-01,1.844116194187479740e+00
-1.484437711715395292e+00,-9.543012980495926278e-01,-1.187827109014798488e+00
1.743255252881164896e+00,1.203952459210258619e+00,2.486721266056012847e-01
-8.547068070829270114e-01,6.654454579355392196e-01,-1.844495961179243526e+00
-7.678959697360958625e-01,-1.660245664528085197e+00,-1.120172208712404638e+00
-1.100236994980887895e+00,-1.739708532813963426e+00,6.238977860028079858e-01
3.335395676253524733e-01,-1.529196919371292596e-01,2.125404512030791615e+00
-6.868316699955976379e-01,6.214008580887989686e-01,1.954444884189347365e+00
-2.635592071303875517e-01,-1.445715372019509060e+00,-1.595011712821657879e+00
-3.139193108133685878e-02,1.233700146654768348e+00,1.790708848505749406e+00
-1.106293451281671114e+00,-1.021898489304744029e+00,1.577223272026680334e+00
-1.882807163884453239e+00,-2.576848732377959306e-01,1.081998613688710309e+00
-6.979690059664107604e-01,-8.569989410606265734e-01,1.893912214182717602e+00
5.605326287465687285e-01,-8.305659862928072013e-01,1.957303547150688772e+00
1.802308962310247287e+00,-1.263530845560657534e+00,-1.301753487134534315e-01
-1.149770774761989411e+00,1.828028863855207131e+00,4.742872095363063201e-01
9.035229361784544722e-01,9.827430687104855567e-01,-1.770155034102613767e+00
-1.761580795231834751e+00,9.098448212447514116e-01,-1.005841375421954620e+00
1.693787449730312256e+00,1.280588486658264413e+00,6.790679661903399333e-01
-1.391209839095442824e+00,1.313612296566673887e+00,1.155988436606906866e+00
1.389105829919464075e+00,1.543747708364941129e+00,-8.438695507296248843e-01
-2.234519998430950505e+00,-6.431994622047201848e-02,2.352648242493294573e-01
-1.211873002470040372e+00,3.618784190562778225e-01,-1.865688907820854059e+00
4.522136000234144304e-01,-1.666243413091031522e+00,-1.458590886842780820e+00
-5.279203545132745701e-01,1.711079474599638717e+00,-1.389232595553243188e+00
5.803962622725009624e-01,-9.613239685595386108e-01,-1.975780778860550591e+00
-1.907459745115521077e+00,7.885236396738909415e-01,-9.658880753100691496e-01
4.888316251965400538e-01,2.017016034287297810e+00,9.562148635752502068e-01
-4.661808005848721570e-01,2.235872780931557280e+00,-1.841117566909357406e-01
2.510175117726958227e-01,2.249577737856919946e+00,3.944344497753605183e-01
-9.359544949120540691e-01,2.989841981920742797e-01,-2.083932319604784755e+00
-1.092185615218183026e+00,-1.846173776529733912e+00,8.579547409131255131e-01
-1.279847475525847544e+00,1.850973166284316518e+00,-5.499901326446081651e-01
-2.818648310716678207e-01,1.899819678390410438e+00,-1.306627493532418915e+00
-1.709400199780414686e+00,-5.781007954929280324e-01,1.472880658137119658e+00
-1.848238241927377956e+00,-1.391047781372167336e+00,-3.230628792439648733e-01
-1.297537213086674412e-01,-9.503863809681051267e-01,2.136630967167156392e+00
-2.150567843666698842e+00,-8.684071970180217148e-01,3.691026746366009026e-01
-1.414178946209126764e+00,-1.877787391050904864e+00,1.397298120261606935e-01
-2.019566504122801476e+00,3.676721092893978082e-02,-1.223057076169665525e+00
-1.711722888645102358e+00,1.065611663727551228e+00,1.241313452817174312e+00
5.540734153709091503e-01,-2.236224641225264431e+00,5.738941876241830942e-01
-1.309885437078794901e+00,1.004014144736313341e+00,1.715819266276616295e+00
-1.336374358671359452e+00,4.271954418657583075e-01,1.931443356899270825e+00
-2.038899973778634855e+00,-1.080572734779315924e+00,-6.366004414301696945e-01
-1.589656677776322802e+00,1.260737096753829223e-01,1.793993441292363045e+00
-1.242467079855800405e+00,1.624325883521866798e+00,-1.269102744597503385e+00
4.367863303490358319e-03,-2.135645200405552391e+00,-1.124014294435932149e+00
-1.880165676098748184e+00,-1.112619031078472265e+00,-1.040794259217981965e+00
2.136934445580911834e+00,-8.433509765013592618e-01,-7.812933212133602590e-01
-1.595421040204203500e+00,-1.335017534985996512e+00,1.261992432778195727e+00
-2.011070100857963450e+00,-1.331002425718990301e+00,-3.695610372557773249e-01
-1.967012322413916880e-01,-1.230677075586568803e+00,2.105168543087850175e+00
-8.980021309795734874e-01,6.764958683633958136e-01,2.180263775880570520e+00
-2.160401332508132821e+00,-1.170208275270303133e+00,1.168890689568251873e-01
-8.629268384662319713e-01,-1.478140075045718982e+00,1.775891690461580463e+00
-8.383636473638488296e-01,-1.446882391068080365e+00,1.822121401804399632e+00
-1.847918892095973931e+00,-6.618178226558221189e-01,1.515561885030031197e+00
-1.716506811462254811e+00,-4.128926460430854539e-01,-1.751089844619575508e+00
-1.502950294673912612e+00,-1.053902463495682174e+00,-1.687379529259161126e+00
-1.001064826035351185e+00,2.179205403105525019e+00,7.067906115694003732e-01
1.307199553478396226e+00,2.078696104178736626e+00,5.048218431607682799e-01
-1.076816491687948796e+00,-1.260350239502745495e+00,-1.889635942073821795e+00
-2.077142099170497413e+00,-1.395186512822448544e+00,3.033113533483073332e-01
-2.165384527845220397e+00,-9.184027325102814832e-01,-9.247736860119317726e-01
-2.125684063187720074e+00,-2.502783224862176747e-01,1.356857501605565286e+00
4.475327617281664450e-02,-1.364238507217071295e+00,2.143346969845009387e+00
2.310440615707499923e+00,9.256034791203766598e-01,-5.451953413141039650e-01
-5.358595569126299862e-01,2.101733472445938666e+00,1.350146474886624537e+00
-1.897954038652738484e+00,-1.685461219893344298e+00,-3.459833478257350881e-01
-2.099945075541045370e+00,1.458770718367485397e+00,-2.459718199260933214e-01
1.388558091519240811e+00,-1.204011318125678187e+00,-1.804521647303638510e+00
-3.984552079528766999e-01,-2.364065877758051992e-01,-2.540731206954474075e+00
-2.551722129727318489e+00,3.240938884790611069e-02,4.401722631069303060e-01
-1.684672557173340746e+00,1.973448178892203364e+00,-9.884908799187086537e-02
2.444062406314591041e-01,1.313727323481602483e+00,2.234561413092357451e+00
1.838497319320242296e+00,1.762448123711477077e+00,5.738094874528595346e-01
1.893386255279430053e+00,-1.434178105113321333e+00,1.100289317829238556e+00
-1.435417697181932128e+00,2.043809309197953450e+00,8.073936515484544385e-01
1.415199414211307349e+00,1.949934931992806542e+00,1.059088554730145404e+00
3.990964775635934547e-01,2.531851729557749842e+00,-6.281578828876436260e-01
-2.496520149609999795e+00,-2.095014186666968869e-01,-8.516161994481161734e-01
-3.418018442364742504e-01,1.147462470872537610e+00,2.367713579979617400e+00
-8.809962871000234230e-01,9.242749275424064770e-01,-2.333909360271392508e+00
-1.543439520704026346e+00,-2.142521215170210436e+00,3.783754518332765882e-01
3.275097751041058936e-01,1.665195895452871833e+00,2.067371453459057928e+00
1.726861619213150290e-01,-2.577563660294669212e+00,-7.204857327807124845e-01
1.342583917175685482e+00,-2.321699413554386915e+00,1.967779502756068777e-01
-1.160148959246075417e+00,-7.954118323332727281e-01,-2.300413035962501240e+00
4.138039447353256128e-02,-2.006740635871421485e+00,-1.811349937149418388e+00
-9.110973062361794605e-01,-1.964487232645477366e-02,2.553156405835042442e+00
-1.900564426961183440e+00,-8.186930820919806617e-01,1.762461909666122484e+00
5.524728299435981427e-01,2.591288120309606313e+00,6.391091345517068145e-01
-1.362668405269318317e+00,-3.102971593262326411e-01,-2.348467458528734397e+00
-1.390723259852528093e+00,1.514992720385125224e+00,1.810891101354367594e+00
1.391483835447135053e+00,-2.348553178882597514e+00,3.116214360575204068e-01
-1.280782545683748719e+00,-1.742225686885431557e+00,1.707010607258177881e+00
-8.772064176053532281e-01,-1.826385563456127237e+00,1.877571082354802412e+00
-7.425152279316733495e-01,-1.463966695621252034e+00,2.230905186040532229e+00
-1.523859250203833948e+00,2.265025997333694363e+00,5.100991107152352821e-01
-2.171807642703102101e-02,1.294448039503444559e+00,2.465371968793704127e+00
-4.067616262570714625e-01,-3.484350688063054813e-01,-2.740239160871989377e+00
5.940981931492012036e-01,2.588334807053370490e+00,-8.861157880777810192e-01
6.364513727862822767e-01,-2.685975760005948842e+00,-5.100647185854979559e-01
1.737159706124066505e-01,1.788238079723596163e+00,-2.166567501725408906e+00
-2.623246375804100250e+00,1.630792814576019767e-01,1.027847927458001021e+00
5.555414628657706633e-01,-2.484614989645725913e+00,1.235016717802196018e+00
6.969835620839237578e-01,-2.000933237930155428e+00,1.886960003952967480e+00
-2.105531294662864039e-01,2.089904081247384582e-01,-2.829360414066381946e+00
-1.441273457687519910e+00,-2.430075758411214704e+00,3.925862502288123279e-01
-2.633776904477485914e+00,-9.787466844484745687e-01,5.343475571687449355e-01
-1.092440953439862694e+00,-2.082311570224469666e+00,-1.641529115576150222e+00
-1.712197596538151956e+00,2.297015062932688423e+00,2.453645677554084636e-01
-9.949156770333265065e-01,-2.605450350616047572e+00,-7.308444604764883223e-01
-1.310287151102652814e+00,2.291461899851761963e+00,1.178641988241535321e+00
-6.409486244032132074e-01,-2.363624865153235000e+00,1.550490220664960228e+00
-1.758846019735274657e+00,2.260032962325282835e+00,-4.951837380811880962e-01
2.246054988230261173e+00,1.669618710213491841e+00,-8.119553431823526291e-01
-1.327092503378696664e+00,-2.360726179996579521e+00,1.096746882374449061e+00
-2.097083830816886874e+00,7.925959106010918021e-01,-1.885925005063121107e+00
-2.783731434994698439e+00,-1.064637001454828841e-01,-9.316888036541405294e-01
-2.472567598862920768e+00,1.414729450594060856e+00,-7.480503555309491182e-01
2.275401933189067083e-01,2.934875864211006657e+00,2.359710067638906283e-01
-5.538139601881112428e-01,2.876540842408152887e+00,-4.316422526498634449e-01
1.871511366060496506e+00,1.558092903012068930e+00,1.698263542442613572e+00
1.165534799303945102e+00,-1.728038153460693671e+00,-2.125265319076959258e+00
-2.451721100062407288e+00,1.567664494883098225e+00,-6.634023842463518950e-01
-2.608836604766831435e+00,9.741265590232596125e-03,1.466287348112764288e+00
1.863147693368471858e+00,-2.197801550799228121e+00,-8.379872860756930608e-01
-2.397346337360961588e+00,6.726041704582524927e-01,1.688846267940246060e+00
-8.379878921121404201e-01,-2.573908556935128544e+00,1.331493812318133019e+00
-3.887980623490059906e-01,6.034428989499668328e-01,-2.938244233038238118e+00
-2.125058509502175397e-01,-2.049868417621974803e+00,2.224903279387282939e+00
-1.264807188951139416e+00,2.537603378657624642e+00,1.098690161475763150e+00
1.211714217656955528e+00,-2.790316196070192767e+00,-2.034572575890627455e-01
2.682772549158258801e-01,-3.011159212239581606e+00,4.537951456742214118e-01
-3.009163177490254415e-01,-3.042012155131284867e+00,2.243131811302670475e-01
2.231322866130192040e+00,-2.113217681423416483e+00,1.373271029619848975e-02
-1.747837086194377720e+00,2.516712402967621109e+00,-3.257773589902467903e-01
9.453569917649231602e-01,2.524855969448731030e-01,-2.930518655680935947e+00
-2.359737576616746768e+00,-8.659065878655772819e-01,1.810516513714357956e+00
-1.131496068577835246e+00,2.731213899017674418e+00,9.525267212131951489e-01
-2.316592259444505864e+00,-1.076034077655893206e+00,1.781550762769924967e+00
-2.226970985331705455e-01,-2.571498864960457986e+00,1.757180530318970924e+00
-8.196375662403043716e-02,2.130658333426579620e+00,-2.292429531602106607e+00
-1.513483673102136606e+00,1.032674945133805311e+00,2.548850740368448164e+00
-5.742946008782433553e-01,-3.080445184768560996e+00,2.950105102144352509e-01
-1.381040275575672771e+00,2.556280905787087665e+00,1.231546107533634471e+00
-1.095427675124129197e+00,2.020263429532100474e+00,2.174845273445322302e+00
5.688117361042944742e-01,-1.559846049607358731e+00,-2.703295532666853962e+00
-2.989996639582224613e+00,1.076551976372399633e+00,1.370867226942936723e-01
-2.015167565751019740e+00,-5.504468977886879666e-02,2.471343772682460305e+00
-9.750508890728059042e-01,2.942635559719540606e+00,-7.845677587309118906e-01
-2.280851344652499169e+00,-1.360031493158962546e+00,1.796547624737194093e+00
-1.486335368294723791e+00,8.415907813974737861e-01,-2.723331583829665892e+00
-2.923644718259788000e+00,1.338775409269786554e+00,2.207052243365603128e-01
-1.742245588139309298e+00,-2.709451081116563742e+00,2.592036951548264412e-01
-1.761258016758587841e+00,3.216405239746697453e-01,-2.700653526757394118e+00
1.463705910996144555e+00,2.229462477944675669e+00,1.855164059466878790e+00
2.067069771639165499e+00,2.516989506782736363e+00,-4.897359825625931945e-02
-9.623122283167617752e-01,2.710272721539287222e+00,1.547550128115951829e+00
-9.100593651822732610e-01,-2.277830897373011698e+00,2.169382081061311585e+00
1.076442717580314179e+00,2.892038052643715940e+00,1.121168090630628722e+00
-2.574106958875305384e+00,8.148542521740291811e-01,1.883240215677634222e+00
-2.536740796828969025e+00,-1.884402398303266057e+00,-9.528095291182120397e-01
1.908705024045189935e+00,1.063111262208290331e+00,2.485571441500539436e+00
6.150310914595233935e-01,-2.547856068792767825e+00,-2.034560410748941894e+00
-1.490762618460469868e+00,-1.534114355209797775e+00,-2.547847275741898621e+00
5.916702882577197231e-01,2.949327330662893765e+00,-1.441259730603646760e+00
2.488685570435532846e+00,-1.508818137020582650e+00,-1.647565186303976859e+00
-2.111100559420151790e-01,-6.889143224068827731e-01,-3.274814344745138772e+00
-2.841137431496798094e+00,1.118931622067404597e+00,1.406708039989080339e+00
-2.339631796236410377e+00,1.717785960731214479e+00,-1.714015462907989784e+00
1.892966689273911207e+00,2.182996420657790093e+00,-1.753178861531436317e+00
-2.268146566451188839e+00,2.153219821578883586e+00,-1.304533586540302048e+00
1.674488143944237617e+00,2.476888887329304012e+00,1.613780269657272060e+00
2.452249840545872583e-03,1.472920187344841425e+00,-3.071563875069479366e+00
-1.979611420061419214e+00,1.927743029426674415e+00,2.007507222637957334e+00
-2.307394605361527073e+00,2.131909865779314295e+00,-1.362891651444344543e+00
-3.687598754882126517e-01,2.077879971082841060e+00,-2.708277537032106608e+00
-1.008380539611193116e+00,3.259386630876731861e+00,-4.582225677905249484e-01
5.028590530747858445e-01,2.178535366372062576e+00,-2.629428407925449740e+00
-7.297373881493097736e-01,-3.346892019848035638e+00,-4.911879805867383486e-01
2.774759106868583292e+00,1.033226106779418174e+00,1.808765073408093560e+00
-1.818226500315180294e+00,2.366158926568931786e+00,1.788055927470389772e+00
1.347530202741650918e+00,2.590848476504194586e+00,1.907120697799013387e+00
-3.269884974989465398e+00,1.213498804283604127e+00,-2.543213803916891669e-01
-2.419325764964266323e+00,2.130735823943733287e+00,1.378593437831358903e+00
-1.933111023763696590e+00,2.927465307512663983e+00,2.265615557817038384e-01
-3.185228314673325123e+00,4.726141413462653547e-03,1.509150199848015905e+00
1.187825854119385670e-03,-3.406865736412962864e+00,9.390217815557868608e-01
-2.965328173941693013e+00,-1.939284618347377087e+00,9.555555902801209089e-03
-1.539558436768504013e+00,-2.301393138603995858e+00,-2.225613766710298425e+00
-3.483463422443500157e+00,1.767152575831741346e-01,7.214659277744537302e-01
-4.281538896152830009e-01,-2.551277500009719645e+00,-2.461810520081952891e+00
1.406287253757378675e-01,-1.050680072733147563e+00,-3.419950069603902243e+00
-2.278993991322564028e-01,-2.289872336838506772e+00,2.755279753258616182e+00
-2.697137865254707556e+00,1.204865985246254267e-01,2.380240539424653079e+00
-2.201099024917613445e+00,1.136548710470075996e+00,-2.624113077782842751e+00
-1.992413923059183745e+00,-3.016672443103828982e+00,1.442210199437121421e-01
3.513701489634545982e+00,4.759407812446831976e-01,-7.660465465456457457e-01
-8.574183172931346686e-01,-3.525323514424057336e+00,2.556120762476841168e-01
-2.076989148023167531e-01,3.361851031148602065e+00,-1.397333017337971661e+00
-1.637441604081946167e-01,3.642080328759574659e+00,-2.753524967318252692e-01
-3.180920679824693842e+00,1.652796424778747220e+00,7.664186158946429961e-01
-1.681391686415230291e+00,-2.993189276782214581e+00,-1.312056123592370449e+00
8.930652218382123531e-01,-3.024646993984091647e+00,-1.905888599760385160e+00
2.841524238223523291e+00,-2.161026673000316034e+00,-9.514411271000193793e-01
3.490815971512197802e+00,8.503372284059022013e-01,9.011626965589544236e-01
6.016655718570644851e-01,5.837275054364993165e-01,3.618011958921159010e+00
-1.060381715775096989e+00,2.908127906122043083e+00,2.069608440202635347e+00
7.658454557924390116e-01,-3.515003975103418554e+00,9.978141463344112339e-01
1.133545735284440914e+00,-3.400357661321695701e+00,1.078387749090811587e+00
5.170657870362934672e-01,2.046383526007857334e+00,3.102978347201989173e+00
-1.445991983821121041e+00,-2.621687230246371403e+00,-2.278812630946229323e+00
2.458096379744102222e+00,-2.674098397439549135e+00,1.018852200370586880e+00
2.599890775283771660e+00,2.747000510588481603e+00,-1.842582729377689049e-03
-2.937866255778188496e+00,1.647755103876950677e+00,-1.741841772905219132e+00
-3.200145645906447456e+00,-1.456284962532485849e+00,1.446915775671333781e+00
-5.690240524319259974e-01,-2.310103007497062322e+00,-2.978316867571639825e+00
-2.107214041969374951e-01,3.609885782783138986e+00,1.237298572571321920e+00
-1.107992348786013270e-01,3.276228567976431361e+00,1.984154239570840916e+00
-3.337952976046776765e+00,1.227866534148783328e+00,-1.452530823088792999e+00
2.487502596537143063e-02,-2.606785924563963075e+00,2.835573783026789751e+00
-2.466063636681951332e-01,2.390842018634730337e+00,-3.022726322423379131e+00
-1.809852698814656158e+00,-2.856307194666998672e+00,-1.886141447405943694e+00
-3.409400344625026946e+00,-6.534258870595319180e-02,1.855119726871510277e+00
3.076549315757266534e+00,-4.429441843758496478e-01,2.342423670249505818e+00
2.725651698303085003e-03,-2.230700870528673274e+00,3.201752370970218919e+00
-4.751014765154684683e-02,-3.296897405404484616e+00,-2.105897957002700771e+00
2.565026896622288444e+00,-2.834275818205154618e+00,8.796903576235879374e-01
-1.006195872754224618e+00,3.119436937662014131e+00,2.173283646969833338e+00
-2.239498324023961207e+00,-2.405167071783269606e+00,-2.178724448508539524e+00
-3.773298423397355439e+00,-1.022827489751760410e+00,-5.865244961523099487e-01
-2.360017121569758736e+00,-1.515547591614350598e+00,2.800491879189372035e+00
1.020033837266885790e+00,3.211253176066446002e+00,-2.106766161012778138e+00
-2.671887783094241797e+00,-1.876582922205394022e+00,2.283134033356044590e+00
-5.341115075875074725e-01,-5.141478753315172900e-01,3.925074059367757773e+00
2.161518676642975922e+00,-1.714786271242622950e+00,-2.902786402966787360e+00
5.302266056754970647e-01,-3.483572242053680768e+00,1.925050120675124710e+00
-2.433344242283785430e+00,-1.975809126822793971e-01,-3.200915332890154730e+00
-9.682409381229264422e-01,3.221807950468814408e+00,-2.229971248018120633e+00
3.020220902458776724e-01,2.222533128633720878e+00,-3.368101398554603332e+00
-1.530619622255592116e+00,-2.017362545630256410e+00,3.169782767735593865e+00
-3.838841633093602379e+00,-1.303269944342678510e+00,-3.322229971959603789e-01
-3.205215964401324946e+00,-2.012738183431658001e+00,1.518885231922266321e+00
3.294816336050129912e+00,-2.309820649669003245e+00,-7.258289414314281762e-01
-3.471903877659109128e+00,1.677836958104104381e+00,1.391211597487457707e+00
-3.093676718602779374e+00,2.176299133032050470e+00,1.607747868064905106e+00
-2.616244972076454012e+00,7.720803918219000250e-01,-3.088494948022947550e+00
2.521453594837353318e+00,3.140502935326257905e+00,9.204775018358641869e-01
-3.230885137261226614e+00,-7.671092987912028205e-01,-2.475732193823322991e+00
2.018269926529356439e+00,-3.028106091833902447e+00,-2.000621880985278711e+00
-1.900666725353611364e+00,-1.667507153386915464e+00,3.307818236388095023e+00
-1.854618184852201868e+00,-2.149946492177478685e+00,-3.059867983836993766e+00
2.795030293188194737e+00,-2.916582504593513647e+00,1.093785752208358719e+00
-1.745175595687020298e+00,-1.803652177765719289e+00,3.362590120658444093e+00
-2.287816660563107618e+00,2.755817553187250191e+00,2.206451006898119349e+00
-2.436196983630840140e+00,3.284465631902911742e+00,-1.032471591677589950e+00
-1.172330922553185051e+00,-1.998009607219752404e+00,-3.537588210393751265e+00
-2.545886641532771666e+00,-2.682639930365802616e+00,-2.072549668631172626e+00
1.146574481128275647e+00,-4.020205023181608439e+00,7.680915876668987785e-01
-4.922706010486034289e-01,-3.175125241213645921e+00,-2.799365817401454848e+00
-2.174873335631151594e+00,-2.528745654751678451e-01,3.668814655102727862e+00
-4.228976356491301658e+00,-5.673706752267557718e-01,3.775721128579570540e-01
-7.310518518239801367e-01,6.813509764496531451e-01,4.176720959304275560e+00
1.837268463307423216e-01,-4.156920270114414784e+00,-1.106964037558382685e+00
-4.238137969603871902e+00,-7.262007674460435602e-01,3.818951023649259646e-01
