0.000000000000000000e+00,0.000000000000000000e+00,0.000000000000000000e+00
5.583018081874670160e-04,-2.890099627539713043e-03,-2.350093536391946957e-04
-3.854115276218476882e-03,-3.307732020842254648e-04,1.589498240055174042e-03
-4.857822846435311953e-03,1.177722094560380763e-03,-1.143907028848923030e-03
-3.956983940305540751e-03,2.197908933851614680e-03,-3.825750705481830664e-03
-3.843798605615603072e-03,-3.212767211940675566e-03,4.345415043725387068e-03
-3.530610041492211141e-03,3.971741435091535920e-04,6.342845666067946191e-03
1.666152376708461471e-03,-4.311756451027401980e-03,6.354676850225472566e-03
-4.768140350854719982e-03,6.817572020823898203e-03,1.202985864730027766e-03
6.277270584576928256e-03,6.237081932511718239e-03,1.133760253293591329e-03
-1.517339992033122026e-03,-5.784331045474140273e-03,-7.264628735347406635e-03
4.242280524240247749e-03,7.815726392379370585e-03,4.291030918009926254e-03
7.895240402048730663e-03,-6.514173678797434766e-03,1.303997171006960644e-03
-6.262420312352874781e-03,8.642908524723713626e-03,1.240920262557408714e-03
-2.528644197466377481e-03,5.513379403183026571e-03,-9.363086155027672622e-03
-8.330734488914800367e-03,-4.666151898235372693e-03,-6.503732559976960551e-03
-1.559508089290858376e-03,6.908009219015616952e-03,-9.609699074076457834e-03
-1.034713699729604072e-02,-1.409474966703751740e-03,-6.518229967013988366e-03
-5.056328023975278051e-03,-9.659844900887455676e-03,-6.458176456283070722e-03
-6.649252898027379483e-03,7.782718345079332398e-03,-8.053878242910445656e-03
-2.677283068916880152e-04,-1.784770542925540656e-03,1.324625906220336380e-02
-1.920220337788887616e-03,1.070747428193243034e-02,-8.334642379076835639e-03
3.974789595942470992e-03,-1.072839678053948836e-02,8.124012208654792996e-03
-9.615009483779029739e-03,-6.607054947616793419e-03,-8.360571262605313164e-03
-5.868794059207734296e-03,-7.472845331961366043e-03,1.117267058396903719e-02
-8.604151706092945384e-03,1.224103423443330570e-02,6.033905293864920893e-04
-1.091207876360540327e-02,1.057399588008854814e-02,-1.577680990627845737e-03
6.213908796414846156e-03,7.033314989214912820e-03,1.242717903505320340e-02
-6.033263978334734053e-03,1.057758113257512358e-02,-1.016768127367969309e-02
-7.356141970467163296e-03,-5.674846643836039053e-03,1.321030723322574527e-02
-1.601072675199860171e-02,2.610492638140804803e-03,-2.615597467075488416e-03
-1.438280164945115666e-02,-8.499257306386327412e-03,-2.768165710788960190e-04
-2.475909834312204488e-03,5.678932321543674749e-03,-1.581097134297620652e-02
-1.573942555956622108e-02,4.198493979667862648e-03,5.675146633691655410e-03
1.385068722192467523e-02,9.946316372715993670e-03,3.999842858027427735e-03
-1.511216700230035188e-02,7.686427989349774647e-04,9.328180676452741196e-03
5.496050402747266897e-04,1.537589400180219661e-02,-9.406658670405814229e-03
1.515800309970769194e-03,1.794264832475696292e-02,-3.193674812417596383e-03
2.306497943076771424e-03,1.806542467142733047e-02,3.463318274479182824e-03
-8.450279301631214790e-04,-1.172891145239101512e-02,-1.465056639986228766e-02
-4.822294086743636986e-03,1.623204768677578846e-02,8.685671495496413708e-03
4.710227125001610073e-04,-1.409834960507424552e-02,-1.313207316839492926e-02
1.027787822726990543e-03,-1.005743015942989552e-02,1.668826630598774577e-02
-1.871448692032917291e-02,-2.934324170429660709e-03,-5.580467341166005582e-03
-1.997071598905028958e-02,6.577795045499785576e-04,8.037175880076208550e-05
-1.030101721737757339e-02,-1.231327299902016184e-02,1.228142212845059929e-02
-1.993811214449896924e-02,1.466836214699216855e-04,-4.506759804731939878e-03
7.190411109199024674e-03,1.339365457138481236e-02,1.400270746212959987e-02
-1.612800156318563299e-02,-3.437570366105991478e-03,1.282781001005319985e-02
-1.171240853673273345e-02,-1.412416714619326269e-05,-1.756766321087894350e-02
-7.906518740109036089e-03,-1.973284702991762174e-02,-1.798286266949352882e-03
-1.224565790863829835e-02,-1.004852447550853151e-02,1.461295926598903117e-02
-1.096482587593279601e-02,1.078977757225917621e-02,1.540011295889349985e-02
-1.891401834396596454e-02,-3.243803358272161468e-03,1.071901088918565843e-02
-1.662352373035089897e-02,-1.300928431914140544e-02,6.850756152726204459e-03
-7.162523456286618365e-03,9.366281845042889135e-04,2.120612999262222464e-02
-2.061711371100646839e-02,4.619819832085252966e-03,-8.052376139698953772e-03
8.145181674849349615e-03,-2.080327934648690952e-02,-4.637345766202238123e-03
2.599146323235405551e-03,5.026012596622280067e-03,-2.231573489482033962e-02
5.242612970939102349e-03,2.258675054585908282e-02,-1.323611697543609174e-03
-1.339472088398857043e-02,1.206679222782356710e-02,1.495888901289321553e-02
2.233668480569582504e-02,-7.684812497872813356e-03,4.618792110476310862e-04
-2.187389338478601050e-02,2.133309487259861645e-04,9.438932710091108014e-03
6.441336917367802362e-04,-1.187999543629518137e-02,-2.086797797348687727e-02
9.053403865723974944e-03,1.644113333086735795e-02,-1.530257236165245664e-02
-1.623295884100017794e-02,-1.789724027427692932e-02,3.471541919759380500e-03
-1.548059255767959136e-02,-9.378081583942408234e-03,1.666460352559113317e-02
-1.874192084231758940e-02,-1.614564648031146729e-02,-1.674918630241174636e-03
-1.083409568163653733e-03,8.167871824805895617e-03,2.358613275248336652e-02
-2.474543742068505484e-02,-3.907108232593627800e-03,2.458492660016158970e-03
-1.386673104713814081e-02,1.348928966395622139e-02,-1.639689444283167971e-02
-9.179783858845819502e-03,6.797540666964006946e-03,-2.284940645663884398e-02
-5.177156586655498084e-03,-3.848169809586598090e-03,-2.490843026458746182e-02
4.429936885005864369e-03,2.407291110983006410e-02,8.508163746302834646e-03
3.624312504960071780e-03,-1.735463779400752901e-02,1.914894393459159322e-02
-1.728185169892584860e-02,6.786792770439954714e-03,1.859480860613510131e-02
-2.175694110371412249e-02,1.495384221585752994e-02,-1.732816306740223586e-03
-1.181175167296999624e-02,1.612002958167788741e-02,1.761000578000353894e-02
-1.324014472183020728e-02,-2.104594303575540656e-02,-1.003784210701819113e-02
-1.103850051102162229e-02,2.365730676753263068e-02,-6.854690770970683217e-03
-1.456662299279134695e-02,-5.324032900400849609e-03,-2.230446572914343908e-02
-6.671041149851454979e-03,1.542026433575455213e-02,-2.156982095986206827e-02
5.254686641069612058e-03,-1.237818484059210328e-02,2.400504944977303531e-02
-1.443730746736669214e-02,2.048981704142793792e-02,1.176180129249978883e-02
-1.117295045835289130e-02,-5.923746958575955290e-03,2.482384184062534291e-02
-1.623856494895626126e-02,-5.412343985247253589e-03,-2.219707277096742704e-02
-1.727679981703024795e-02,-1.073952433164875042e-02,1.952999802301229673e-02
-8.542939826294844441e-03,2.432923858797512995e-02,-1.182832037381386335e-02
1.326648642532414664e-02,-5.049470925096186634e-03,2.475618024349027224e-02
-1.589162879918976784e-02,-2.265002733351161382e-02,7.639738488738031900e-03
-5.386540173075591610e-03,2.275517451600952631e-02,-1.693203231224440705e-02
2.606103192915272190e-02,1.254543310900250834e-02,2.553436372620988826e-03
1.627131790542975243e-02,1.967585852140739389e-02,1.416947857454919392e-02
-2.007445156960914814e-02,-1.532460459941528859e-02,-1.498104152029491702e-02
-2.094793135789768668e-02,1.759812937606909308e-02,1.110601172870078271e-02
-1.399759041489643391e-02,1.919778374201140669e-02,1.780354369322528427e-02
-7.990132361462077767e-03,-9.059017921665406259e-03,-2.729745557991113819e-02
-2.212933541296207771e-02,-1.750697528049420526e-02,-1.022096221869032463e-02
-1.830215166582495334e-02,1.188615974947102201e-02,2.083353104506398615e-02
-2.378117715752321032e-03,-9.179245062067867278e-03,2.880958870832344906e-02
-1.952678674512235701e-02,1.985704256304521298e-02,-1.240706606779311792e-02
-6.467970599166469881e-03,2.315998817055957629e-02,1.899853937135013299e-02
-8.777012526071853449e-03,5.145170167015147497e-03,-2.907390378285160462e-02
-7.447269791273585134e-03,-2.287592949387013894e-02,-1.948517977805520884e-02
-1.727594582204338564e-02,2.183003718979003444e-02,-1.389532513737748790e-02
-1.594638184718240662e-02,-6.324320492068886967e-03,-2.614300481925644834e-02
-1.277038789260520266e-02,2.749139034807075721e-02,-8.278786577348887232e-03
-2.959988785254919885e-03,-3.111943433300462178e-02,-4.458541081209039386e-03
6.593274301690252304e-03,2.998841199263503968e-02,7.996885951712589397e-03
-7.734397324968811036e-03,-3.091877663007218391e-02,-7.788814163476673194e-04
1.110875508802940115e-02,-1.537473543072846727e-02,2.581255664273027217e-02
-1.400094849795922337e-02,-2.897439669603361911e-02,4.630980132032660665e-04
-4.891291553788909563e-03,-2.970512226079890031e-02,-1.179510876297644104e-02
2.856008655431827459e-03,3.367467025553486266e-03,-3.218133961372839080e-02
-1.000476898357917366e-02,-3.105143002110291595e-02,7.381568082074570257e-04
1.369904009634504392e-02,2.547985200070550238e-02,1.541578465623069487e-02
-2.879450783012080586e-02,-1.596837619981450462e-02,3.555950672290157568e-04
-7.084825607511892678e-03,1.100945399632462587e-02,-3.037346528326945877e-02
-3.278442360795038452e-02,2.355646617131949144e-03,4.826874298289758440e-03
5.187342675268962443e-03,2.822507750032904328e-02,1.702420077771156851e-02
4.842224760554762406e-03,-2.231203592542905026e-02,-2.453239460530127689e-02
-1.652333453931106519e-02,1.439483137886915509e-02,-2.554624982813711795e-02
1.112288221252410655e-02,3.186424410847758792e-02,1.878556717968621163e-03
1.388218328196810314e-03,3.162461621323302274e-02,1.225862158849227654e-02
-2.534659362304017213e-02,1.534405275234967773e-02,-1.685740221169028732e-02
1.520657621607237166e-03,-3.406535573034019659e-02,3.008309110979816726e-03
-1.574649991865483337e-02,-2.973410080917181925e-03,-3.041005379863922012e-02
-2.865508930301088886e-03,-3.072411222213393758e-02,1.546417970972089294e-02
-3.091797603636785990e-02,-6.931894721055116733e-03,-1.403972820254636641e-02
-5.958418731913476055e-03,6.229112819217863008e-03,-3.371274807663732220e-02
-1.505063027137264371e-02,9.955756335290869355e-03,-2.991634732515725120e-02
-2.826396479887509361e-02,1.295157220422816623e-03,2.073341166321610377e-02
-3.417969213709630416e-02,1.316835100965606459e-03,8.378531329550126597e-03
-1.815851797257347217e-02,2.463850872525663593e-02,1.769699151969136852e-02
2.876508082533204072e-02,1.822129786269800072e-02,1.001580939747427276e-02
-1.049721202035215802e-02,-2.887932978904525841e-02,-1.803746435036212431e-02
-2.024043494171018018e-02,2.687970636415861966e-02,-1.213108760595440691e-02
-1.742517111447760073e-02,-2.144244726076023622e-02,2.292915882175318443e-02
9.074628897154128279e-03,1.829204998116358300e-03,-3.483210271285847731e-02
-5.770879861672270454e-03,1.874624135899979546e-02,-3.039833619387454292e-02
-2.667570587889958253e-02,-1.628199250742652301e-02,-1.849066730524807564e-02
-2.790171250619142077e-02,-1.495459531286984570e-02,1.806316842287267882e-02
-2.808952237381098435e-02,-2.336875634921710757e-02,-1.769171722407940047e-03
7.692436783977904709e-03,-2.191822104723665371e-02,-2.843412367109769689e-02
-1.327949372032944005e-02,2.667586495084755052e-02,2.167879022080852411e-02
-1.205346627603972633e-02,-8.013455078597403816e-03,3.403315019479367931e-02
2.458348217738049596e-02,-2.757703415686278345e-02,3.572222846343905880e-03
9.781457145076707937e-03,-2.219848481568017021e-02,-2.826659009937348629e-02
1.564763240030531827e-02,-1.917190508590490769e-02,2.801593297487338027e-02
1.785036035441197059e-04,3.109975901057399419e-02,-2.097459442531949061e-02
-1.591938458924312128e-02,2.725986887318737270e-03,-3.400241470516816161e-02
-2.555250100794345669e-02,-2.578778046365877083e-02,1.043784115893379993e-02
-1.521701775603658859e-02,-3.229939144789118616e-02,1.272597780917534942e-02
5.338094318284661473e-03,2.279086151905415289e-02,-2.997857357198073502e-02
3.074101326388027373e-03,-3.657255599761416454e-02,1.046472808611597152e-02
1.616705634789903506e-02,3.211389281993469458e-02,1.318028910423114236e-02
-5.152778928418249617e-03,1.052364447688527473e-02,-3.659214930585552583e-02
2.171431063901219441e-02,-2.727781417076036163e-02,-1.644947029000601649e-02
2.785578017074791593e-02,2.627755379485944773e-02,5.442172920686538622e-03
-2.054154210088048396e-02,2.184144934405136268e-02,2.463672057438371504e-02
-2.615830378206048315e-02,-8.474388154571160792e-03,2.756454856806125550e-02
1.798534574352701754e-02,-2.932990627024319522e-02,-1.849510713980351967e-02
3.117103241575997982e-02,-2.371971911440826086e-02,1.199896170725296739e-03
-3.101553391747581545e-02,-8.986330062850838088e-03,-2.242538327851738289e-02
-1.578453091602274524e-02,1.768928792918398381e-03,-3.610063997509582734e-02
1.953224121530299298e-02,3.222765509051424976e-02,-1.205538501718680412e-02
-8.544878475411256044e-03,-1.557702195138916008e-02,3.549272375071362701e-02
1.907978376552652011e-02,-2.466516749734891725e-02,2.475716808180275161e-02
1.452030291653628145e-02,1.396465658193478919e-02,3.448786875885193060e-02
7.056818765426370148e-03,-3.356621743182593848e-02,2.070547161829418975e-02
3.351501193730484218e-02,-2.139708576900261824e-02,5.836174140740282672e-03
-9.350567084006274109e-04,-3.044178320342950592e-02,2.641072419812092592e-02
1.907403573922940646e-02,-2.736820834631361471e-02,2.285212064538400673e-02
1.650826031557649232e-02,3.571198202631507140e-02,-9.856341107892973435e-03
9.947317304644888100e-03,-3.918868789350531817e-02,4.502882537818180333e-03
-1.768677003184041321e-02,3.513357481280415806e-02,1.085151216390744210e-02
-2.752525037819023024e-02,2.875013314492002800e-02,9.523986236002575032e-03
3.520778459516715753e-02,7.550740324930848950e-03,1.970505002919624091e-02
-3.173435959246288796e-02,2.249612910090390341e-02,-1.348050132964863368e-02
3.574539919792694542e-03,-1.011632986738272670e-02,3.987148008896032603e-02
2.101211246393304422e-02,3.157403527371851343e-02,-1.662560746582391821e-02
-3.865061084632489402e-02,5.467537594085023107e-03,1.417978958568800324e-02
-9.360664299700989163e-03,9.508229657492083334e-03,3.945626193461947151e-02
-3.730816241106454240e-02,1.877380237297123639e-02,-6.851334555601408137e-04
-9.382486917098019699e-03,3.915360074637828924e-02,-1.156681938684666483e-02
-2.645379793582998407e-02,-3.258374825500576916e-02,-1.824790792438804208e-03
8.005899542807677627e-03,-3.702423978778546319e-03,-4.119517492012752385e-02
-3.507079983402699302e-02,-1.301610276896378836e-02,-1.963363614003562144e-02
-2.796762546535443497e-02,-3.161934522793827945e-02,3.592689730689996395e-03
3.112143771552522116e-04,1.844863380893231597e-02,-3.826815833408828138e-02
-3.656499722620370346e-02,-2.175676992945248592e-02,2.138146473206904707e-03
1.128577717029219732e-02,-4.585768692925825708e-03,-4.094581815580961709e-02
1.317879748980109282e-02,-3.910925251641608064e-02,1.147948154098131328e-02
-1.961647092422219574e-02,3.712945450470994668e-02,-9.034863239359770468e-03
-3.781583428189861512e-02,-8.442330340369572431e-03,-1.880859125149527897e-02
-3.358979551876931785e-02,-2.682345064074851890e-02,-4.165051075997694592e-03
-2.985489233587426683e-02,1.528793435940182383e-02,-2.738857764851339652e-02
-6.185218141304148209e-03,-3.779827443752355881e-02,2.045133069677988052e-02
-4.153597838746849076e-03,1.179930493190581818e-02,-4.169898292977371190e-02
-2.173304861275024077e-02,3.287117056949147211e-03,-3.771222932719214826e-02
2.901827159716628690e-02,2.631776545822062455e-02,-1.951214082612295203e-02
3.248812388557729275e-02,2.158782080124412722e-02,-2.009889428170591116e-02
-3.793675737007737997e-02,5.049254729046398320e-03,2.169927626527128409e-02
-3.489727630276322906e-02,-4.641245986688717282e-03,-2.657568430212993785e-02
1.004074118769849970e-02,3.549923450931705832e-02,2.438640244895510720e-02
3.843322219156406622e-02,1.751123541442856091e-02,-1.349212826418462984e-02
-6.844145140458201756e-03,-3.858133516771244942e-02,2.098857399131200813e-02
4.148836813645767445e-03,-3.411153495340565889e-02,2.837542072779618979e-02
-2.770056420547094278e-02,3.340150886608804492e-02,-1.063429253943545989e-02
-1.835301909814662097e-02,-7.451578587793793174e-03,-4.017226254652236234e-02
-4.341286839759940508e-02,-5.941322393392817203e-03,9.813097947009997990e-03
5.702617741141341977e-03,4.178412200976630575e-02,1.574636990146112067e-02
7.151261785923003662e-03,4.451409884715887971e-02,1.961242666799055834e-03
-2.355988082928987815e-02,-1.563196918456316239e-02,3.531543830027468467e-02
-4.096227397738923248e-02,-1.670617981829849302e-02,9.986041151312251979e-03
6.459468982308079824e-03,9.957921782307619513e-03,4.388579133533591220e-02
-4.238186805147792918e-02,-6.863295723914646269e-03,1.528548768367298839e-02
-3.915075882917825462e-02,1.445320865305972820e-02,1.858564671242346825e-02
1.679033864880396035e-02,-3.590418346315497888e-02,2.293929328332288547e-02
-3.122053986667089678e-02,-2.594955483590261069e-02,2.143065322189029870e-02
-2.922824368202384462e-02,2.785752300594877134e-02,-2.207223478692266899e-02
-4.599537419449597347e-02,-7.986119249341511487e-04,-3.383422258905990909e-03
-1.212113562579877207e-02,3.724056681307021804e-02,-2.457695174851197775e-02
-3.265777714937522641e-02,3.142163455117159138e-02,9.701054420780206439e-03
-4.246876629330739034e-02,1.415363153450478230e-02,1.241750814179385688e-02
-2.688042243927154379e-02,1.463478790410778149e-02,3.509331805934449988e-02
-1.125872946288100987e-02,-3.311074182695269291e-02,-3.090886667889481201e-02
1.869254050135383399e-02,-8.312728250437023680e-03,4.207246471207787275e-02
3.433595031144438120e-02,-2.382948978345684685e-02,2.125965601087621143e-02
-3.681697270568237007e-02,-8.755780819737320891e-03,2.787105370367066667e-02
-2.809169530203101464e-02,-2.319631593805340439e-02,2.986492896645211864e-02
-4.364933856023562458e-02,1.110641264000338836e-02,-1.416652790802272466e-02
-1.006531471493848917e-02,-4.558971497000229023e-02,-7.730447509283881226e-03
-1.582713239970768779e-02,-3.282491015439745891e-02,3.035964219931929289e-02
1.693267291113483008e-02,4.062624606464860372e-02,-1.796290046743656901e-02
-3.957275912240949822e-02,3.666686861235149333e-03,-2.627966357948605461e-02
-3.872683012296182503e-02,1.553096067313944166e-02,2.322261453825543581e-02
-3.630332870489649810e-02,1.585793462729670478e-02,2.685265053949262293e-02
-9.735545428357483128e-03,-4.650533764582529678e-02,6.568868361592718717e-03
-2.881073439988514340e-02,-2.386026559050718684e-02,-3.019132929951975908e-02
-2.495927576067706252e-02,-2.255233114408009693e-02,-3.448952731980570174e-02
-2.793457003585931089e-02,-1.287997580811186919e-02,-3.721671370030207870e-02
8.894664370136416351e-03,4.410909443567923721e-02,-1.779919091019794425e-02
-2.194953625130283484e-02,3.476388763346609234e-02,2.571871976531733481e-02
-2.600140051996015569e-02,-1.718992239361816568e-02,3.728839135791639503e-02
-8.680204778772376839e-03,3.952317835668906626e-02,2.710708798085361554e-02
-2.464392900552625151e-02,2.313587782678163535e-02,-3.521171114934783936e-02
-3.623433066607637280e-04,4.141988497935360225e-02,2.601840083983813362e-02
1.095644065709072863e-02,4.456068498807549960e-02,1.724062078026171799e-02
-3.028267022343964637e-02,-2.775118024412455073e-02,2.694465749619363859e-02
-2.838271607436628624e-02,-1.428510804128644597e-02,-3.760038139928081891e-02
3.943009762589455049e-03,-7.934879054718083080e-03,-4.853014076612090916e-02
-1.117218222442143728e-02,-4.800408545959569673e-02,-3.837987454202371196e-03
4.230476892802950695e-02,-1.537495333812958533e-02,-2.069099209404532194e-02
1.635652429338272165e-02,3.999175925211535809e-02,-2.444556991840308308e-02
6.065132955417280923e-05,-4.018358960946685765e-02,-2.932583394325469217e-02
-2.237695214556870496e-02,7.371442559699974487e-03,4.393100352877720577e-02
7.270614843786195325e-03,2.328387840808461909e-02,4.359210479728144877e-02
6.557165965507223216e-04,2.080316864112757153e-02,-4.552304590328242612e-02
-2.882491462113530648e-02,-3.120196979388200481e-02,-2.667191856698296684e-02
-6.401088419744258538e-03,-4.730561563699395983e-02,-1.572635409736407655e-02
-4.492928304096303893e-02,6.906348561758365173e-03,-2.168093225468104360e-02
-4.737154473007697958e-02,1.144361702062631457e-02,1.310235993792723333e-02
-1.711577255422071578e-02,-3.897735184342331766e-02,2.729106271079190932e-02
-4.783728963884723885e-03,-4.407667955009243049e-02,2.452846254474570081e-02
-1.970033685925441300e-02,3.325753618743479412e-02,3.291530460539741215e-02
-1.790872745461711060e-02,-3.868857215592154397e-02,-2.775537116984288719e-02
2.700564692514467041e-02,3.985152811586788885e-02,-1.675551721900746943e-02
-3.764045865712739580e-02,-2.262738749697526877e-02,-2.607115993209933522e-02
-3.743564874535632025e-02,-4.978156034085355272e-03,-3.453423004741857510e-02
-3.670152419407726740e-02,3.511412648504590173e-02,7.009802547943166408e-03
-2.407621747723480421e-02,4.444810204553604344e-02,9.174130921237077033e-03
-5.036106150932304071e-02,8.276511350141105630e-03,6.711964131323959470e-03
-1.654197581310066362e-02,-3.382047927315046110e-02,-3.525129727772353949e-02
-5.002082070896857191e-02,-8.513372410610129185e-03,-9.792212015439475878e-03
-2.033099870983172408e-02,9.978164384047420038e-03,-4.656038354177947924e-02
1.137949142369813239e-02,2.418337454280542267e-02,4.446113686477368154e-02
3.177651073692098344e-02,2.397081470236911774e-02,3.342329036463008440e-02
-3.413884325593483093e-02,-2.406776248806071980e-02,-3.109807994574393178e-02
3.777948178690109654e-02,-3.596861389298498107e-02,1.061367689162529470e-03
-4.536851931762282686e-02,5.586000803524471606e-03,2.535750349304902521e-02
2.503872291269552269e-02,3.931124653623456477e-02,-2.388624190645032702e-02
-1.216737168614771478e-02,-2.167110890701633846e-02,-4.621191457221735660e-02
-1.373565617236800936e-02,-4.814928554955546364e-02,-1.601757837417965707e-02
-4.492795075489510598e-02,-2.748216519917018666e-02,3.999791578472099802e-04
3.680327515117245291e-02,1.217564887859495792e-02,3.579932271361421781e-02
4.528286697725229099e-02,2.471347312860287804e-02,-1.154975997512840830e-02
-2.148983941112133852e-02,-4.382148406861770262e-02,2.056527662840473142e-02
-2.442462647225874042e-02,-3.513958633430720041e-02,3.137024190288465603e-02
-4.249861848809992348e-02,3.154799749449256618e-02,4.941466631189647685e-03
-4.562809861493844280e-03,5.305612976761234917e-02,-6.633230242821168497e-04
-3.887619804839189536e-02,3.651894577792905855e-02,-1.268344622631260160e-03
-3.754503482146698962e-02,-2.513095913748827903e-02,2.856217277130032595e-02
1.282242736640013328e-02,-4.858528938643965484e-02,-1.850520933086323774e-02
4.264718926174234509e-02,-1.736981836106461438e-02,-2.751895480422418203e-02
-2.474483723456314885e-02,4.752828439220253831e-02,4.116239694051958969e-03
-3.232341098046630917e-02,-7.123322475449510131e-03,-4.246231955702930994e-02
-5.339026236800929054e-02,4.376833392902607263e-03,-6.270947480764106283e-03
-4.171857883639221859e-02,-3.399205037172910865e-02,-4.849115697700693423e-03
-1.530536585748911403e-02,-5.790862666304370104e-03,5.159495900960769932e-02
-2.001361249106990356e-02,4.211491965660624920e-02,2.767733689970534178e-02
-3.249315617921037097e-02,-1.772674022356816523e-02,3.975707669307502329e-02
-1.119457921771792666e-02,4.422773204490804827e-02,-2.965942981673646076e-02
1.960947943538140018e-02,1.913756915697630012e-02,4.712475267376743659e-02
-4.760180864810106827e-02,-1.596545895608257951e-02,-2.147379025891684237e-02
-2.224615583172506045e-03,5.219543822351926238e-02,1.621953903059163496e-02
1.234111705633412137e-03,-1.582141998829797100e-02,-5.244981700771787769e-02
-4.715022630945961413e-02,-2.470342484895568860e-02,1.341125292846977006e-02
1.497084891227439592e-03,-1.949440517043043997e-02,5.139489963960475888e-02
6.447718185516289682e-03,-5.393140866144369855e-02,9.164406474428338570e-03
-4.977973087091008830e-02,1.971566390041891784e-02,-1.333709165366545046e-02
-2.571733196483998868e-02,-4.762372074662137023e-02,-1.120986562135662702e-02
-4.674297172001107975e-02,-2.318805969524021654e-02,-1.851827963726352527e-02
-3.836834088334885318e-02,-1.892446609930882595e-02,3.529466613383096252e-02
-8.845326882367086224e-03,-9.758181259337460681e-03,5.397202811674177425e-02
-2.102033452711032230e-02,-3.125410301667037871e-02,-4.096626676285829854e-02
3.143256500448117930e-03,-2.681501395485368783e-02,4.876939059665665738e-02
-5.121508727080271994e-02,1.824079579091618039e-02,-1.273342247063512581e-02
1.064193405630990685e-02,3.475024074930958828e-02,4.251467883901719619e-02
1.534681636799041168e-02,-3.126593669260117891e-02,4.388307240089119043e-02
7.843338657719533397e-03,-1.513061253501993796e-02,5.346809319014159817e-02
1.021026070096069452e-02,-2.343886733221784563e-02,5.006142458171358028e-02
-3.588650508683238760e-02,3.222548722186155488e-03,-4.326706928035191357e-02
-4.616339314617914219e-02,2.910205800679191088e-02,1.423968940789536661e-02
-6.793932778367595994e-03,6.628435712034208734e-03,5.568805125782673449e-02
2.063598710017764890e-02,4.193366327874223365e-02,-3.189788715464722535e-02
-4.932882639784753193e-02,7.885348659383659142e-03,-2.677202162645453756e-02
4.167453740403996576e-02,-1.691962121116989334e-02,3.463693988998567397e-02
1.183335759439055898e-03,-5.564114899383010987e-02,1.165882881645434119e-02
3.596419322136492486e-02,3.608533927192558721e-02,2.545981841358022427e-02
-4.591565630909613671e-02,1.156579639455068351e-02,3.181629644162380782e-02
-3.203097794198990489e-02,3.341765706137777431e-02,-3.349755086774447443e-02
-2.957520854610565589e-02,2.303348648202827118e-03,4.894212438516444552e-02
-4.440010771887995672e-03,5.708284965986658299e-02,-2.772782123741345840e-03
6.314807496747321634e-03,-3.890932626849963327e-02,-4.174408000398794477e-02
-4.943023009778765853e-02,-1.530460889309111228e-02,-2.508648963744883678e-02
1.179875505279403538e-03,5.588568230457235941e-02,1.388677589640248226e-02
-2.980436860026382945e-02,4.939279497168092697e-02,1.787302797850012022e-04
1.131708864349563644e-02,5.301327834048550486e-02,2.000088974534191752e-02
-1.969166200345785767e-02,5.268217819237180910e-02,-1.363410619363351374e-02
-3.842396753272445814e-02,6.676052292765346716e-03,-4.287933207954291309e-02
-2.320767846828657166e-02,2.629463415433393875e-02,-4.626178652659351104e-02
-3.710757583819832700e-02,-8.109061366228579454e-03,-4.402248848280998494e-02
-2.967709279435002193e-02,-9.363179419064093009e-04,5.009647813495297225e-02
-4.889826130326938719e-02,-6.638409231696250357e-03,-3.109201333532446085e-02
5.075331862194606275e-02,-2.556986228104212930e-02,1.351540006307738219e-02
-3.808234077994021582e-02,-2.249859130987323305e-02,-3.829486041359885656e-02
-4.269570160481309107e-02,-3.819638126677318835e-02,1.231374518733235543e-02
-2.232823358648577255e-02,1.163900171462335046e-04,-5.427266038240576712e-02
2.388886241971067623e-02,-4.965131592100318486e-02,-2.046284267113277627e-02
-4.077345423379651057e-02,4.172838068812517731e-02,-7.842402984317582357e-03
-4.254381405039803221e-02,-2.931774949373558078e-02,2.839556956377783589e-02
-4.051907852061017307e-02,-2.218972845986278905e-02,3.677251685395528658e-02
-1.004942574505575696e-03,-5.252216012291914538e-02,-2.715504299500419091e-02
-2.026135802348681333e-02,-5.327469697145206795e-02,-1.608902836909204340e-02
-2.104122042221372862e-02,1.865572298860111375e-02,-5.222447613666025140e-02
7.191219783599389799e-03,5.575133283118872962e-02,-1.920507624322260673e-02
-1.128644572436443214e-02,-4.218878944637394907e-02,-4.039900972110969241e-02
-4.074014106013582504e-04,-5.937213801068828845e-02,4.974166422988287976e-03
-3.214908642933778093e-02,4.982661265246021709e-02,-6.656416252481921723e-03
3.249402381613429591e-02,2.296951876913147159e-02,4.458374230680378636e-02
2.233585422912975557e-02,5.441285035025835576e-02,1.105134820412486708e-02
-3.832065760587945180e-02,2.672304557436486552e-02,3.754730271737292957e-02
2.501590657267878728e-02,-4.044629971996317047e-02,3.662392034911396421e-02
-4.917240454846455444e-02,1.852263263456005796e-02,-2.919960202417434467e-02
2.870595756927079786e-02,-4.922168348994364340e-02,1.942796810133147478e-02
-5.695064999725225202e-02,1.946514600258735656e-02,3.550979704704204393e-03
4.358856577248078346e-02,-3.051493775646615253e-02,2.853737764550082559e-02
-1.838250550111674222e-02,-3.650287953798343754e-02,-4.456187646273120778e-02
-5.424875541786998434e-02,1.932885261942891494e-02,1.871470911694492895e-02
5.302015547681928655e-03,-6.034940773997658076e-02,-2.692075070914647789e-03
-2.501035855528217430e-02,3.669578029988689732e-02,4.142405305685098460e-02
-5.070878517554432835e-02,3.355329967499419419e-02,-1.220221814421558037e-03
-1.387608210352314153e-03,5.801630148840077744e-02,-1.848036119661587706e-02
-4.163553685065809334e-02,3.724306432934269828e-02,2.448318214095672116e-02
-3.921704931347608225e-02,4.152916503706137463e-02,-2.163317671434696748e-02
5.105004950578835576e-02,3.047846766044634559e-02,1.436154219331695417e-02
-2.647854495623140278e-02,5.452006054969374405e-02,-8.854737519618982935e-03
-5.576659999234721138e-02,-1.159783960673236441e-02,2.276388851249567039e-02
-3.427612065294920185e-02,2.490579804890842922e-02,4.447619065212769784e-02
-2.403336636606385676e-02,-4.365865622264136943e-03,-5.645606193531998995e-02
-3.367193271435752616e-02,-5.143193525485847961e-02,3.946906120106461260e-03
1.295237463487312370e-02,-5.335179570853004760e-02,-2.812679532752681427e-02
-4.008161895960939136e-02,-4.784087326899825153e-03,-4.676052903341136602e-02
-4.271825016073264869e-02,-3.633930765229902854e-02,2.610088123576819949e-02
-3.384147295024075158e-02,-1.217196077073024602e-02,5.043739743907077466e-02
9.866512223382072413e-03,-5.564628282776473700e-02,2.557657415871621154e-02
-4.528106599857827791e-02,-1.424797774812731335e-03,-4.250061007664817508e-02
3.718536228408488714e-02,-4.858064409747625545e-02,1.125022906321966436e-02
1.428875663173514304e-02,2.024517059985477679e-02,5.714942200437747588e-02
-4.319762182539847728e-02,-4.184317804959982595e-02,-1.655001836639086524e-02
-7.566573001880618106e-03,-5.034178530043117300e-02,3.619310907101001840e-02
-4.345729602786507079e-02,2.857685240212371955e-02,-3.474219055413808183e-02
-7.502303349848301467e-03,-6.018113969228254534e-02,1.564750862307991847e-02
-4.817489402353189454e-02,-1.460460375903284251e-02,3.740979896981628389e-02
-3.014010143078177037e-02,-3.808217430187270380e-02,3.982011808276352677e-02
-4.262200942428911316e-02,4.567978051604910245e-02,7.194196939415133281e-03
-1.566677678104794538e-02,-3.541521841261004167e-02,-4.965950755381947496e-02
-4.656191952277900087e-02,-3.675075439870165855e-02,-2.139726754030063863e-02
-6.173299167349820954e-02,-9.246782518021160954e-03,-9.525328330747526162e-03
3.791627881414365298e-02,3.018836484645521720e-02,-4.060716654271852299e-02
-2.516794092807429425e-02,-4.667114302373893964e-02,-3.459815434775057041e-02
-4.082801188032659373e-02,2.912136200310633596e-02,-3.878666708923914075e-02
-3.081679603198525887e-04,-5.246998419932220187e-02,3.573411280971972720e-02
-6.011270105777288819e-02,7.942207326477442042e-03,1.908517151675918552e-02
-4.010738336864827502e-02,-1.803502797933593388e-02,4.601886604945504278e-02
-4.757184745844330459e-02,-2.290322967973461993e-02,-3.570302524875904743e-02
5.194946371987250316e-02,-1.961781339738365854e-02,-3.145610058505767664e-02
8.374454495748560184e-03,-3.105525524050647274e-02,-5.522029664304064361e-02
-1.211623059795405603e-03,5.020017693608967713e-02,-3.966193365853228764e-02
-4.648359803469771789e-02,2.086813262049221421e-02,3.884773311157573017e-02
-2.053651880261588708e-02,-5.758294506894447856e-02,-1.945674081990109161e-02
-5.902644338065714952e-02,2.418276382075070299e-02,-7.612045159422551124e-03
-1.345945512872957078e-02,1.568914600432732773e-02,-6.091246719850888780e-02
-2.087681147070280172e-02,-6.895290780197725101e-03,-6.053937364876458421e-02
-1.121908358995982180e-02,2.643640093995972343e-02,-5.774444726244309239e-02
7.368865686098242940e-03,6.394025347503774770e-02,5.223931243353473891e-03
-4.095374351566424126e-02,4.589908613684828137e-02,-1.991949344942130912e-02
3.740393008619483789e-02,2.422782582171827473e-02,4.696231725638046889e-02
6.403760486123848128e-02,-9.999010736679506475e-03,-1.219598230441081487e-03
-1.528102188016499004e-02,-5.352245186510483366e-02,3.339018694015677413e-02
-3.827651093875484439e-02,4.688901818347117334e-02,2.366818962424454068e-02
-5.596482170737245021e-02,-2.439788097045932427e-02,2.252391865024030992e-02
-5.054253795846282843e-02,-3.108566103496402094e-03,4.100276184317283579e-02
-1.201811995275025961e-02,-5.074299661398665173e-02,3.920391853922604308e-02
-3.972300741965939519e-02,5.185667365882890012e-02,-3.525641241211962119e-05
1.647549579522749816e-02,-8.660963077368364141e-03,6.270072239925267299e-02
-2.241033219299478491e-02,-5.426838721391831488e-02,2.900618633411878797e-02
-2.132156119994997948e-02,5.602801574315621758e-02,2.656500670340726858e-02
-2.171069287310061977e-02,3.876229388053759051e-02,4.833619771382072910e-02
-3.262243601645787184e-03,-9.466834453163265953e-03,-6.496774149087561345e-02
-5.965365312493993433e-02,-2.149992526962037423e-02,1.763750348894493891e-02
-5.639047409881162154e-02,6.514269894299324964e-04,-3.409392511867081338e-02
-5.446675946673397439e-02,-3.624253495353287058e-02,8.566118353971821642e-03
-6.574672503214128161e-02,-2.053792061135885014e-03,-6.123933030734009762e-03
-1.149971675679604130e-03,1.848064422262608864e-02,6.350057450802469583e-02
-2.235543334972596094e-02,6.025103172985473571e-02,1.600181040196739513e-02
-2.438355424066541641e-02,-3.007562967000081133e-02,-5.383067614854531585e-02
1.192136756283839784e-02,-4.626821757586471739e-02,4.609568350501547923e-02
-4.152359832909559290e-02,-1.655848611672964404e-02,-4.919476716778862363e-02
-5.951674715296231127e-02,2.976466264229375019e-02,-1.086706550880842895e-03
-5.912763920066887308e-02,3.465789128142209886e-03,3.053055099327879260e-02
1.335363617215334572e-02,-5.646931861106890133e-02,3.292336095424091419e-02
5.841290669472543051e-02,7.245402081105839671e-03,-3.158065165467499602e-02
-4.424963142016331494e-03,-6.254844448641641574e-02,-2.325652211185132157e-02
-2.549415865964719825e-04,-4.838663039524947196e-02,-4.628476047539770849e-02
-4.198303981957926534e-02,4.417585420807932511e-02,-2.793540375379053448e-02
-2.156449361595141542e-02,-1.468592159062259359e-02,6.184356306328808728e-02
-3.669767944980713292e-02,-5.181145233081177470e-02,-2.202379451522194428e-02
-5.098547935752356652e-02,4.361135685967110903e-02,5.058812810103450672e-03
4.905048887927679346e-02,-4.105496215202888294e-02,-2.112984613402003539e-02
-9.877886175322539257e-04,-2.702046041619785011e-02,6.178771926168231260e-02
-7.013214699807424068e-03,-6.452438562424560320e-02,1.863054042875521635e-02
-6.459766262207455867e-02,-2.105515902251861842e-03,1.983092078264940897e-02
2.787582754405176083e-02,3.431228453880271617e-02,5.125468580325039797e-02
3.347877764936174616e-02,-3.182833989682318926e-02,-4.958275704944474505e-02
-6.153251589082119055e-02,2.051418139903896359e-03,-2.850875181725979340e-02
2.534400176279640645e-03,-6.787761044773192587e-02,-5.513592627502006838e-04
-4.044321011665175797e-02,-2.445586461225046984e-02,4.890037466439546565e-02
-5.334481131152763594e-02,-2.695624345410259359e-02,-3.261251952944860949e-02
-3.660717615461455549e-02,1.409570857195072829e-02,5.574950895307276277e-02
-1.276565830689057376e-03,-6.660731731306733516e-02,-1.481613827457464554e-02
-1.968495168797962033e-02,6.536392697527516893e-02,-2.940285557578692800e-03
-2.690472059789853973e-02,3.758482377750225339e-02,5.042824862573785233e-02
-1.791992813134869050e-02,-4.430239342229100319e-02,4.905685085940188206e-02
8.236193098874638671e-03,-1.324978599557007780e-02,-6.676765543736164210e-02
-3.625891232219487920e-02,5.369837261173376029e-03,-5.804034966146334740e-02
-1.306586749249810664e-02,6.715673140868773372e-02,6.511483747094202676e-03
-1.490716679667421522e-03,6.140974492523629258e-02,3.099490550540066544e-02
-3.968455810896863445e-02,4.351250562058420202e-02,-3.573210565297080948e-02
4.881687311657935402e-02,-4.749572259580591566e-02,-1.081573800504751111e-02
-6.290796138050992747e-02,2.739487623119611550e-03,-2.831823777861145960e-02
-2.319010617788070522e-02,-3.405862068896754052e-02,5.549773934634457534e-02
1.189166466928872918e-03,-6.591232516522382845e-02,2.104412187674238252e-02
2.544557146657085156e-02,3.796241522074294411e-02,-5.206743513839977300e-02
-6.371737858990797476e-02,8.611559893247984661e-04,2.738490961877144275e-02
-9.380934122984123380e-03,5.716781556833738613e-03,-6.856265446553201637e-02
-4.428821985604559225e-02,1.626471225439306972e-02,5.105368034663247678e-02
1.919593039485078742e-02,-9.945985984659500706e-03,6.615138813431230280e-02
2.395288158659165251e-02,-6.036895886262458322e-02,2.522322102014061887e-02
-1.522847305792991712e-02,4.534126273841753568e-02,5.076986564924219208e-02
1.848704673930284120e-02,1.954418720979254898e-02,6.444008979360225930e-02
7.766192535804538211e-04,1.050390706676320417e-02,-6.911073777292993381e-02
-3.001398436160268926e-02,2.138188661240933170e-03,-6.318844607872610430e-02
-3.060696022317816942e-02,5.830179928185462435e-02,2.394302113973954121e-02
-5.366917858749242765e-02,4.260313299708543694e-02,-1.499043648186234451e-02
4.670655708312475285e-02,1.117995348202475980e-02,-5.123081164865637277e-02
-6.120641048654874850e-02,3.446048643460281752e-02,2.883049391736872483e-03
-2.027096211958238220e-02,6.322607073220611051e-02,2.333642136457237878e-02
2.770697318341094895e-02,6.434715355474507348e-02,7.468697567475785816e-03
-4.239182390033825049e-02,-5.295251227413215467e-02,-1.933801776031494890e-02
-4.146155221472513919e-02,4.273315660154669397e-03,5.699697379353620835e-02
1.318379845598840246e-03,6.902319429404327189e-02,1.519943231820543132e-02
-5.578301713740956708e-02,3.372021093121047031e-02,-2.755272966476991423e-02
1.239586927825396881e-02,5.979066667531751644e-02,-3.592158252292904780e-02
1.588809197392440772e-03,-5.871577738215363884e-02,-3.974755599704635212e-02
2.474547487889937336e-02,6.591630533714042117e-02,-9.145159741994833558e-03
-3.883919473784604171e-02,-5.430924918703301102e-02,-2.437114773550559665e-02
1.847284172923028753e-02,3.355170710379730414e-02,-5.996640141043423772e-02
-4.172303265365879393e-02,-3.023495295427203536e-02,-4.918305904117983157e-02
-4.176371137642021641e-02,5.601550724813818966e-02,-1.424777896557586493e-02
-6.840050464944913422e-02,-1.727087407426433630e-02,1.091061326978313636e-02
-5.673060470262283883e-02,2.458892053669386318e-02,3.583280438825370978e-02
-1.193225408215344008e-02,-6.787849044514611407e-02,-1.918628105179145601e-02
-3.999945118411176587e-02,-3.425517826526384979e-02,-4.853479474701105634e-02
-4.509433915950158966e-02,4.218862216177179242e-02,-3.642308013699085273e-02
-3.981177050227500264e-02,5.215639611602514852e-02,-2.908223862673012597e-02
-4.757732866909698127e-02,-5.015328675222423260e-02,1.957332693662615364e-02
2.702111658166547747e-02,6.638990405491496105e-02,5.944612595115849989e-03
-6.937668881234344831e-02,-9.245575105074354400e-03,1.689745856631760801e-02
5.904710636071892893e-02,-2.657568101115059464e-02,3.165969213834105012e-02
3.243182251263946464e-02,-4.314041427081786312e-02,4.788822382995954613e-02
3.263512765780339497e-02,-4.804480448929542014e-02,4.294048334352139340e-02
1.215793343642918370e-02,7.008376374644210982e-02,1.298971858517621383e-02
-1.740796860631409898e-02,-3.392462015443307999e-02,6.152567798029105750e-02
-5.413843406037627259e-02,-4.631236959913703072e-02,1.321242368492657124e-02
-1.117422592845761708e-03,-7.236773254362162400e-02,-4.804842788846157807e-03
-5.680765082230788965e-03,-6.276683680031663881e-02,-3.606285700210127426e-02
-2.824191684941133873e-02,-5.006856698356991486e-02,4.448668535787042577e-02
-5.283139794978498199e-02,-5.002379380801764974e-02,1.026480672545068435e-03
-5.522109786765577039e-02,-4.746764430060732703e-02,-1.761885394120520651e-03
-2.884093371857777109e-03,6.032918563255768724e-02,4.085077616161625347e-02
-6.120450606073535998e-02,-3.331408936749118838e-02,-2.172464688142439551e-02
-3.280202580396582301e-02,4.409178075151905241e-02,-4.815382937231254407e-02
-4.628798890238921410e-02,5.656840337675250047e-02,2.712644341417859862e-03
2.457154133887819170e-02,5.019239606723345515e-02,4.730705042161147816e-02
-6.135708667555479778e-02,-3.074591102063838413e-02,2.573067842516063575e-02
-2.060042380773813298e-02,-3.030964030629169220e-02,6.356177153657879830e-02
-5.936284667302041407e-02,-3.377445730697761165e-03,-4.311470455958320985e-02
-1.004934428607646459e-02,-6.910462102405187657e-02,2.299737570410652354e-02
-6.467439163607938135e-02,-2.766569009140640648e-02,-2.163878332893552289e-02
1.800224860660757514e-02,7.037342015849874788e-02,1.228800013966789562e-02
-1.540499002848824857e-02,-2.241844832029152301e-02,-6.854696442668556378e-02
-1.392024900652789020e-02,7.130351048389703406e-02,-1.310411339120702567e-02
-7.272509232305575388e-02,1.151923604318469581e-02,-6.256796350111467828e-03
-6.716912211081226512e-03,3.187572916939565570e-02,6.641310642991320179e-02
-2.694631749194407316e-02,-5.469796604521842166e-03,-6.875289170273476969e-02
-6.550609838564959431e-02,2.290432880382495609e-02,2.604671578922230710e-02
-2.886124048889555926e-02,3.087033920909873150e-02,6.098563780862526623e-02
3.084577455856403645e-03,-5.280837039794073623e-02,5.213510873246233329e-02
4.003799846305737542e-02,-6.163117385105255919e-02,1.122400599896200904e-02
2.191231929947079146e-02,6.330483543115207612e-02,-3.241736577561037114e-02
-5.244704946347674562e-02,-3.375449652559973229e-02,-4.073815619440132596e-02
-5.077916113361700262e-03,9.037010358866302828e-03,7.384663179724824944e-02
-7.101769075424009016e-03,-7.396172331250257248e-02,-7.150531672067650564e-03
1.634183076392306316e-03,-7.337558090515690357e-02,-1.401365023737161444e-02
-6.825038701060119617e-02,-1.142844504831565765e-02,-2.838015176312430610e-02
-2.473256001247633312e-02,1.591093375743399957e-02,-6.885079765511799288e-02
5.515838554298938684e-02,4.939396471401219513e-02,-1.158502566178072797e-02
-9.984620166324953416e-03,6.659256462306120672e-02,-3.306507530237626225e-02
-3.282319438738887356e-03,-5.731159023494789700e-02,4.840774024262648606e-02
-5.593177440592812105e-02,3.138252128413917402e-02,3.919971200137512685e-02
-6.396474142039619559e-02,-5.304824574982264576e-03,-3.926014850793468208e-02
-4.050512448030336998e-02,-6.278543257695881619e-02,9.458346617526851990e-03
5.545629835503509963e-02,4.800733026220710409e-02,1.741210847678231061e-02
2.753155417760478826e-02,-2.253527185714519418e-02,-6.654783185456711325e-02
3.248277950982413845e-03,5.208363074728927095e-02,5.461079039244888522e-02
1.083183690178201632e-02,-3.935903689436134889e-02,6.364188471417850379e-02
-6.893026068685799423e-02,2.905578658494431185e-02,-1.150186346919545265e-02
-2.751596471501140118e-02,-9.143259305358234293e-03,6.998820050299547901e-02
-3.971750074522800017e-02,6.410486674035852095e-02,-7.957887515535781026e-03
-6.927749558264231777e-02,-2.908753609891531061e-02,1.076818371992009984e-02
-4.386130023314127602e-02,-2.229243646390502431e-02,-5.789485675590654024e-02
9.963574561181643904e-03,6.446081111146344245e-02,3.910607927328964284e-02
-7.094733526055350091e-03,2.239585406934512316e-02,7.240870470373800272e-02
3.739020803986460584e-02,-6.352159328742462696e-02,1.931549968496042505e-02
-6.678554481885090599e-02,3.662154680696348003e-02,3.980356327914759580e-03
-2.477472231832934888e-03,6.504759703720158770e-02,-3.988917642600706137e-02
-1.197176654602496657e-02,4.035825766551713600e-02,-6.377733239613486704e-02
-1.249868787901191498e-02,-7.542348265559560561e-02,-2.435310781716836653e-03
-6.527012532624311414e-02,3.193162431336969004e-02,-2.412929839092683645e-02
4.391048068422311046e-02,-1.314679057532622958e-02,6.141878361187310537e-02
-2.995575711520099410e-02,6.665996427214487818e-02,2.331380409699200865e-02
5.754572331509978655e-03,1.554981333617570793e-02,7.497145677508221251e-02
-3.708475749114639730e-02,4.808444726161616167e-02,-4.711092998225121370e-02
-3.700944006689808191e-02,-3.190567665416872006e-02,-5.941688739961141497e-02
3.309493202787534144e-02,-5.768099206164675058e-02,3.881845872806077846e-02
-2.740539297777989589e-02,-6.568564779414580446e-02,-2.957691724220367496e-02
-2.733870081679779657e-02,-7.040662681096583608e-02,-1.572159157560041459e-02
-2.416341130587926558e-02,-6.810011004009519642e-02,2.722838940155181825e-02
1.513070080894006811e-02,-7.156611139634076746e-02,2.496901559008299007e-02
4.974189456436543463e-03,-7.302162930629842175e-02,2.506824803355725551e-02
-4.544114218055047422e-02,-4.907025516718012403e-02,-3.903527525673756993e-02
-4.021173373028453374e-02,4.086621104029675849e-02,5.216065907466928969e-02
-6.355090666977084024e-02,-1.527013454872751469e-03,4.447406928367010626e-02
-1.363272732795633426e-03,6.520376170251478143e-02,-4.215250225642886567e-02
3.057245182765503874e-02,6.262585949351874570e-02,3.442065870300441144e-02
-7.140223531349368380e-02,-2.525456185991044669e-02,-1.779376059027112586e-02
5.082687209752138197e-02,-6.993376642908975989e-03,5.858028498082963609e-02
-1.542690116214409136e-02,1.107823040034413946e-02,-7.559399244739889445e-02
-6.827338042085528969e-02,-3.655622151829520522e-02,9.423299806634855696e-03
-1.292030246422986185e-03,-2.530631298349824213e-02,-7.386187951495927495e-02
-7.222223770104327367e-02,-2.940543243010366320e-02,5.307797863124830672e-03
-1.300635449236885698e-02,1.424055026790287809e-02,7.581685639531397791e-02
-5.898190147476455036e-02,-4.908966757080990284e-02,-1.558034751272682587e-02
-2.687034689985605407e-02,1.101699269815452006e-02,-7.279610466346085607e-02
-3.234085415027178334e-02,-3.034972716004806503e-02,-6.470613207329103944e-02
-5.787367188735140222e-02,-5.276643788450887523e-02,5.614434383588047354e-03
8.356294662936728304e-03,3.554869096158396607e-02,-6.959100075128901719e-02
-7.258991523610593133e-02,-1.916288123289607709e-02,-2.347759779839259792e-02
-7.811317636532075226e-02,7.511670047077295860e-03,-6.394068001135622993e-03
-3.980073119528777098e-02,-6.001776956087744030e-02,3.200027349864632831e-02
-7.824325331672210559e-02,6.431056822786127523e-03,-7.626039349252997437e-03
3.205880102883428701e-02,4.173035967382152794e-02,-5.885242401224793918e-02
-2.238150662508770969e-02,5.343383297868879028e-02,5.373983060524574473e-02
-5.818584480291384697e-02,5.352780931374472723e-02,2.130161138460062633e-03
-1.801534925915334803e-02,-7.706837061713330862e-03,-7.669870627945241104e-02
5.556334470796092662e-02,-9.701551463213829371e-03,5.564638299887907785e-02
4.661949967750478319e-02,-3.478418064029042966e-02,5.390637326494397003e-02
-2.749754807817396049e-02,-3.995757733948964580e-02,6.283137217675641151e-02
-7.539658120559965260e-02,-6.781094986954719003e-03,2.410747278649182090e-02
-4.118985103254683283e-02,6.771786121122230773e-02,-6.386017817165617200e-03
-7.280455162606262742e-02,-3.164871433715474996e-02,-5.678738651775705470e-03
2.399658289239556958e-02,-3.821938268125157218e-02,-6.564400876357708026e-02
-6.654161267134321711e-02,-2.600962304767645561e-02,3.539364101636739701e-02
7.657554372364440420e-02,-2.242978488191392852e-02,-1.180292538987657994e-03
1.150270425814899425e-02,-7.714765442090981695e-02,-1.719122171030624743e-02
-7.218856315162340553e-02,3.394255578845625093e-02,-5.256997698508877707e-03
-1.420048045595606948e-02,7.726928491799561760e-02,1.516705373432617257e-02
-3.555259724232502638e-02,1.199953719325217577e-02,7.075008657289517944e-02
-5.012835260239838914e-02,2.506247475074297945e-02,5.730523779864159922e-02
-7.324761519536902854e-02,3.048182498595914183e-02,1.190948571694594622e-02
-6.405708033446499972e-02,4.822090063221953077e-02,-4.353038004191031249e-03
-1.072622751389354427e-04,-2.109337628060377681e-02,7.754932382898628573e-02
-3.707243248742415898e-02,-6.356605738662170213e-02,-3.248321817163835751e-02
-7.856721458679222225e-02,2.112411833648179804e-03,-1.744218004686532222e-02
1.221180853931359746e-03,6.207157333138403621e-02,5.136595336779515436e-02
-5.198890081552526993e-02,-5.853982429830099227e-02,-1.934973104838221339e-02
-9.553237500382012748e-03,3.156973653388065598e-02,-7.367221038594366778e-02
2.677811948391924102e-02,4.679953288378319726e-02,-6.016298029649643636e-02
6.916984798385869722e-03,-7.908313705480315980e-02,-1.536892450908166653e-02
-6.805143627617719904e-02,-4.367280101637261575e-02,-3.350501869523913028e-03
-7.402027763194954368e-02,-3.042715664598840547e-02,1.249288822938121081e-02
4.175432883423215412e-03,-7.101750952690243091e-02,3.887564237208494811e-02
-4.983445359018449927e-02,5.509192509682853817e-02,3.263429097986505351e-02
-4.768436923990451021e-02,4.107833119059276644e-02,-5.131975134588862703e-02
-4.304346176392515738e-03,7.569637083984678827e-02,2.928883562789555417e-02
-2.413314768886435507e-02,-3.278478376750824236e-02,7.043020755314637060e-02
4.472594973381609912e-02,-2.215402689363262304e-02,6.432586161303958938e-02
-7.845787118554256589e-03,8.045999031967661363e-02,-1.024826866269419254e-02
-4.862526321296831849e-03,8.036835038265213033e-03,8.101559870054948764e-02
2.551957636443769745e-02,3.011212504767494386e-02,7.145028825985297316e-02
1.484606450181515797e-02,-5.391200181299549143e-02,5.956169793439747284e-02
-2.633404038520251525e-02,-6.092176140880840168e-02,-4.775917485818460817e-02
-7.650420241437486113e-02,-2.766377530822351771e-02,8.892792965675471936e-03
-1.702209364646168135e-02,7.846193905090050047e-02,1.620532414755095074e-02
-1.771647791573251196e-02,6.082862982651263822e-02,5.201949184042522351e-02
-3.832019845716727602e-02,-6.361613561311292575e-02,3.487058769626281973e-02
2.507754724765057230e-02,-6.264592956721523609e-02,-4.679102787722021206e-02
-7.006803030859866388e-02,-1.099695762247532120e-02,-4.151776986752394455e-02
-8.007120925654727384e-02,-1.624479397473897399e-02,-9.501992603432093260e-03
-7.891703296474882057e-02,-1.860372306491659550e-02,-1.424706095033615588e-02
-4.332971118970935925e-02,6.998675048017893863e-02,-3.572689352098643630e-03
1.304008354752187598e-02,8.077393599539384184e-02,-1.026161954040796277e-02
3.700966739627387092e-02,-6.904425318004851764e-02,-2.596827552962227212e-02
5.093145932790433400e-02,-6.449212491659490898e-02,8.326661827948488373e-03
-7.218991319173426180e-02,-1.304503336776977919e-02,3.811078679343111314e-02
-7.581624896951327797e-02,-2.360278146568638505e-02,2.324229025181084179e-02
-5.970133746084592408e-02,-3.175126877566449533e-03,-5.729293516136051145e-02
-4.446113758832388047e-02,-1.192467032847764966e-02,-6.891469915227600718e-02
-1.165143140731216172e-02,-4.957033007286622273e-02,-6.547266907443546891e-02
-6.968433521659474217e-02,4.158305941754414370e-02,-1.749303212949886166e-02
-7.764190554371072639e-02,2.632375089347924885e-02,1.346405416660450757e-02
-1.300105879093282901e-02,-7.988552935717559145e-02,1.905742347901100489e-02
6.054824322617727989e-02,-5.630518561363175717e-02,9.432626241670979614e-03
1.463792247075956917e-03,6.353785575757901760e-02,-5.382904199043690024e-02
1.123091220408057624e-02,-7.764549663413368441e-02,-2.816457400203119590e-02
-2.365107374468178661e-02,6.261280358008958213e-02,-4.979857678150734213e-02
-1.191391338537652056e-02,-1.419080329084710518e-02,8.141100301849696352e-02
2.556238714484503072e-02,7.489262913903151075e-02,-2.683597862103485193e-02
-6.903030712439790426e-03,-3.538073900237556635e-02,-7.546193975543928623e-02
2.339847821499190308e-02,-7.331769570853374773e-02,3.290021061892840076e-02
-7.866489015741071067e-02,-9.724434690822115774e-04,2.877035772916161638e-02
-6.576639296850990413e-02,-4.589417683477609727e-02,2.442946968019485757e-02
4.637634215494676471e-02,6.895402282717517928e-02,-1.158973583706544679e-02
2.550887718507476726e-02,2.789421481440868336e-02,7.498272053310865715e-02
-2.563728001703604806e-02,1.784176239313335285e-02,-7.801959020768822750e-02
-4.908695850996733917e-02,-6.670796312297987141e-02,-1.465033989652288378e-02
3.892638843044789881e-02,2.830214485099750987e-02,-6.906012034944467026e-02
-4.681605656197135312e-02,6.932649213876153349e-02,-9.956568868110920664e-03
-6.553526998637811130e-02,2.738380220939261311e-02,-4.542863418997929170e-02
-1.588509266200738984e-02,-7.278278317716704859e-02,-3.962706103352309217e-02
3.776884818869179206e-02,5.735812650855104389e-02,4.914269231214563050e-02
6.009243251080233911e-02,-5.894302998482503497e-02,7.585324117679150338e-03
-2.041134808504661488e-02,5.207298690703184713e-02,-6.345214991555692130e-02
-2.798978531745944034e-02,7.757537946636998416e-02,-1.909202300587542131e-02
-1.460643850003829312e-02,-3.772218041590641446e-02,-7.443817675071066897e-02
2.288202545062169313e-04,6.006734832530941787e-02,5.983893167981321065e-02
-4.528482105161082266e-02,1.989708727506317096e-02,-6.894717596552824013e-02
1.546070571847026585e-02,-3.875702383489668112e-02,-7.396397751934880027e-02
2.040591133872801319e-02,7.128970548276981900e-02,-4.152923598537539007e-02
-2.586498687851074632e-02,2.545562903685916548e-02,-7.692728382674016152e-02
-6.054591065541192058e-02,-5.960363370694125168e-02,5.280937583993043465e-03
1.221008770418648137e-02,7.772708108255907411e-02,-3.266804014024751041e-02
5.711607402947093716e-03,-8.432279673948431253e-02,-1.123963894725019119e-02
-3.434207161562050775e-02,4.979224480844308270e-02,-6.018424443390892054e-02
7.250121599106730368e-03,8.285496793766257417e-02,1.935931685865247345e-02
-6.598750207660503131e-02,3.245611926019059679e-02,4.354366023137800495e-02
-6.176631880260834151e-02,2.528550138011054216e-02,5.348715079921542020e-02
1.628536408422738557e-02,-5.957003192679841130e-02,5.927074131796579437e-02
-4.379805487082168852e-02,1.362759652630830820e-02,-7.234884625012941162e-02
1.936598655734127553e-02,-6.387996070123841408e-02,-5.379742254861218098e-02
-3.304833998865606970e-02,2.891810656442721575e-02,-7.370836405889413800e-02
-8.305841223045487554e-02,-1.609930370816660752e-02,-1.466312381494395967e-02
5.186713232788550502e-03,4.578441610122557792e-02,-7.253484705890216044e-02
3.189606018971128526e-02,-5.844851316908328265e-02,-5.442754573685477243e-02
-4.782494224772831926e-02,-1.679489628492839351e-02,6.955703131782657589e-02
5.306062030947610031e-02,5.544421630677185547e-02,3.910901377092677184e-02
-7.925083558528832339e-02,-1.629327420505883792e-02,2.973841152255831191e-02
-3.837081675299458539e-02,7.690696523670272067e-02,7.421194683927026005e-03
-8.198538126157038641e-02,-2.470227522256816539e-03,2.694268840857285199e-02
-7.509108516249446419e-02,2.042017067168378636e-02,-3.754330556899278942e-02
1.629880917971730098e-02,-7.803061126720721441e-02,-3.350029530879674450e-02
1.360311171916114489e-02,3.411430583167020247e-02,7.835440348853149606e-02
-7.410703522197241433e-02,7.270361625192853575e-03,4.421628670825905605e-02
1.514655654613035994e-02,-8.136597147836217847e-02,-2.571967861384743745e-02
4.611419285896077060e-03,-3.745736240021874802e-02,7.809337133518808038e-02
-4.294142069435465982e-03,1.670439447305111305e-02,-8.507039770344593244e-02
-6.613683619140996173e-02,4.284052944394620144e-02,-3.655974331144312001e-02
-4.008020056083048260e-02,-6.792050640830064878e-02,-3.657798539875162236e-02
-8.014650009231087668e-02,-1.110282961713212994e-02,-3.197489737542024563e-02
-3.295104216487754201e-02,-1.199541552896969156e-02,-7.969336419093644985e-02
2.691289467940113922e-02,6.693302454064813112e-02,4.886641754458029979e-02
-3.598409278678533357e-02,5.123505547391046973e-03,-7.926364100508058452e-02
3.133593109020883782e-02,-8.139272265735955636e-02,-2.947129528441760991e-03
-6.976006701132367316e-02,3.456865955260519235e-02,-3.956660579811859674e-02
-7.432318049728751930e-02,-4.065913536163384689e-02,2.148142485230526005e-02
-2.927648912777272572e-02,4.489597884834352348e-02,-6.911851768814995800e-02
-2.906599094018215423e-02,5.115526575218080213e-02,6.480755440234119147e-02
-8.193014738253473483e-02,-3.066111356164432852e-02,-4.543507503155019833e-03
-1.750553925174115882e-03,-2.621627069737228130e-02,-8.363327743634947631e-02
2.624261348840305555e-02,-8.108345735213054462e-02,2.081511610844311716e-02
5.631781132112197857e-02,-2.984646724654421365e-02,-6.037842003297168303e-02
2.603501172679411474e-02,-8.379192207180741203e-02,-4.554833668543810908e-03
-3.009105384783321638e-02,3.928941685063780040e-03,8.252479381401073288e-02
-4.191548088441165304e-02,-1.939761968436362616e-02,-7.489774957063306815e-02
-8.503661241004924209e-02,2.093357957822019125e-02,-9.219973293334191369e-03
-7.005353575619958917e-02,2.311265068771684375e-02,4.821159687065726396e-02
-8.100050851995153900e-02,1.344798138133044239e-02,3.218267926867963286e-02
-6.266287551334816242e-02,4.831470475305925383e-02,3.909368262048112941e-02
2.481842780779338481e-02,8.192101389380412879e-02,2.176845060712571597e-02
-4.448273538020696555e-02,-5.138277437395152164e-02,5.651177813650577059e-02
-8.797632176338188170e-02,-3.103195344041384356e-04,9.174376197231019422e-03
-7.160357525352477326e-02,-5.204225594477999983e-02,4.969531308488296661e-04
-8.847822031172679347e-02,9.428433305930625404e-04,4.248522427108244841e-03
-7.468434349266349359e-02,2.488981425164181818e-02,4.076397513908565362e-02
3.169826244309324748e-02,-7.394581139455637386e-02,3.738739391263429940e-02
8.159368297357012800e-02,-3.191048743314914976e-02,1.436654709332881204e-02
-5.031196381216949953e-02,6.716642350240978332e-02,-2.917553769426757537e-02
-8.812213185966064066e-02,-1.166351096963826744e-02,1.979329050581000483e-03
1.092153207125565531e-02,-8.830355635556071114e-02,-5.477993144536292235e-04
-4.706088516369081459e-02,-3.493079124413642211e-02,6.703615886655256428e-02
2.692775445030727577e-02,-7.457812776439533275e-02,-4.066165847465961353e-02
-8.781860987868921054e-02,-1.334658546354163845e-02,7.859520987412148621e-03
1.621033860958351336e-02,5.960254733026917884e-02,6.440819815969428541e-02
-6.145869910375511419e-02,-3.567514042274730346e-02,5.408707624674409520e-02
1.583345198700572207e-02,1.922822385459581687e-02,-8.582845538189112777e-02
-5.947143533275956601e-02,-6.639749113314613593e-02,7.288184518408996788e-03
-2.613131615849554126e-02,-9.770702672438506819e-03,-8.504079155578711524e-02
-2.968478572016209141e-02,7.528105382199794249e-02,3.838591874667929976e-02
-4.343683139340266675e-02,7.825451097271687861e-02,4.799187209578858505e-03
8.429626160822664693e-02,1.599495067587594285e-02,2.614420795616667625e-02
4.619920292750386709e-02,7.638423953396258903e-02,9.378753741041363778e-03
3.345043685264922906e-02,-8.098125799541984471e-02,-1.979007977056114476e-02
6.161016485159256234e-02,4.998891793548237983e-02,4.225523111914779306e-02
-1.073729812460323327e-02,-1.558316570181498585e-02,-8.794175830305338282e-02
-3.406873445120613131e-02,7.346130914471099560e-02,3.932309097335173059e-02
-7.411802713734498560e-02,-7.403505124862897260e-03,-5.066484856985568191e-02
-2.086558354476642646e-02,7.690188771875601124e-04,-8.769795988591176650e-02
-8.364257647891885916e-03,4.614161349961048292e-03,-8.970686844316307085e-02
5.470217145108559331e-02,-6.378204512057085440e-02,-3.301176863279877555e-02
-7.459745406792908651e-02,9.335267382504482472e-03,5.009998470853103264e-02
-5.899332218524323129e-02,-6.098613954560642286e-02,-3.121056605352059282e-02
-5.261989826550752224e-03,6.936416230229255908e-02,5.784662451367084818e-02
-8.234301288232799554e-02,-3.695548219109402038e-02,-7.135657363458881158e-03
5.469675291200205847e-02,4.315923704641031616e-02,5.791574869073716492e-02
-2.364893956754994878e-02,7.881966069579757206e-02,-3.806010162094990851e-02
-4.061603205012656592e-02,-2.917763369800272996e-02,-7.570391153612747448e-02
1.622462373730065507e-02,-8.763639420939144109e-02,-1.733208738539405991e-02
-5.174340811189011291e-02,-6.208226478368449042e-02,-4.151975306439827096e-02
-4.591228350096825117e-02,6.228057748693050649e-02,4.775324946026513612e-02
5.434732571419314401e-02,3.701983032858973538e-02,6.288709795501712385e-02
-9.719072932377937485e-03,-8.224789749000521732e-02,3.783407627111683852e-02
-2.898456401061851040e-02,-2.173655155391548618e-02,8.360455692679288897e-02
8.996068763399724805e-03,-8.917813397229172601e-02,1.674361198910494578e-02
-5.152541734444152782e-02,7.457617488895107449e-02,-1.045262957053844088e-02
-6.057366479231753031e-02,-3.099245602386260096e-02,6.089127947523371998e-02
-4.997165480017952063e-03,-1.662870213806204311e-02,8.970887702094791638e-02
-4.611918276783524839e-02,-2.337172001745274272e-02,-7.541666895757712097e-02
3.628921349450680428e-02,5.990252125017917623e-02,5.888459207893699532e-02
-4.425893312310397870e-02,-7.678655138966514887e-03,-7.979050717110343360e-02
-5.925525872873924765e-02,1.922495977446678217e-02,6.719586434689757415e-02
5.037360517251065345e-02,9.428681636446785419e-03,7.603551478270961783e-02
2.181855778758514872e-02,7.156251343368678908e-02,5.312522967730833046e-02
-3.089065306324013244e-02,-1.745046152473116174e-02,-8.469071623750068500e-02
-1.848080437593771540e-03,-1.150635790706809256e-02,9.114381442296015656e-02
4.323778395925595430e-02,-6.162620029021480955e-02,-5.279632372939740276e-02
3.278786085868066330e-02,-3.446400475121710882e-02,7.876342980670696103e-02
6.533487426322101554e-02,-1.157399508740065280e-02,-6.384066699663151767e-02
-2.789138698133457328e-02,-8.673967844916849468e-02,-1.372150312774198314e-02
-7.185754379746078779e-02,3.820074360983558015e-02,4.334659079540820886e-02
-3.101764839501520293e-02,7.843348752106714394e-02,3.741090310335648539e-02
-5.596475744923537499e-02,4.948040388391140854e-02,-5.426667375096278639e-02
-8.987351950490059249e-02,-7.438692437319660740e-03,-2.010990781117058188e-02
-4.923513285384448906e-02,7.461676172332377954e-02,-2.360066739271611189e-02
-2.965537045128717897e-03,7.977551604289333242e-02,4.677161511437664260e-02
-4.428534190198076675e-02,4.153695407826157870e-02,6.989824640333851258e-02
8.792159817830791368e-02,2.718032636576899266e-02,1.072671428813176848e-02
-8.113994402355902136e-02,-2.559316014730642075e-02,3.683894389062451064e-02
-8.545906347658115132e-02,2.766658584633927692e-02,2.321392466180354289e-02
4.613041566526744630e-02,-1.464706725986829328e-02,7.922625024706861363e-02
-8.172523677558339583e-02,2.303137749289458150e-02,3.770498749523664567e-02
-8.281507411373820182e-02,1.882389961807339959e-02,-3.781833341604418780e-02
-5.765789171980997135e-02,5.071568834086088301e-02,-5.251825606429319504e-02
-7.876619697433293044e-02,-3.672694223429653904e-02,3.336885420956507003e-02
-6.685457908434068452e-02,-6.461336524299769735e-02,5.815906971881000184e-03
-2.450829775401284702e-02,6.529700244768116280e-02,-6.185206134679425288e-02
-4.870715590620636887e-02,-7.534666367419280697e-02,-2.554044457942986415e-02
-5.511104537012084109e-02,5.271570683630230625e-02,5.382786065416284016e-02
-7.073986130806171613e-02,-6.028178573911525256e-02,-9.347873330758406374e-03
-6.649354917752418881e-02,-3.354852447856273429e-02,5.648277388519170467e-02
-1.828596149881112076e-02,5.096658664465680832e-02,-7.626944263441493010e-02
-1.892015862590592720e-02,-6.457400133260052244e-02,-6.506168134934599279e-02
-2.290401659930992734e-02,8.303495319731796220e-02,3.678588275459365037e-02
-9.104936648682748768e-02,1.980523884679516108e-02,1.010783166840720747e-02
1.697199220786066443e-02,-8.926599407272857445e-02,2.323237091223702769e-02
4.197609818072011584e-02,5.834137273344089381e-02,6.035155344242219139e-02
-7.707168296186139855e-02,-5.250338434690680900e-02,-1.109866265684497123e-02
9.210714848896549289e-02,-1.863933376540829329e-02,-7.007619624639781393e-04
-4.730766931131095282e-02,-7.664946786444290505e-02,2.702410962151498633e-02
6.787240685555602504e-02,3.652072962239767684e-02,5.398934409874501378e-02
-3.451586514311676124e-02,7.382919313734952194e-02,-4.716993033407082536e-02
-2.503048562585361361e-02,-8.598252366504481603e-02,-2.931552362860488301e-02
-4.354888378954546030e-02,-8.341384411308284952e-02,-6.030699415691996926e-03
-6.969003297942386044e-02,3.651072801258976180e-02,5.208490549486177734e-02
-6.121564974412449511e-02,-8.557462479882028267e-03,7.137096555066139991e-02
2.270646388833445078e-02,1.654697138419543301e-02,9.020446885374892865e-02
-5.252015606758277111e-02,-7.827993178485927531e-03,7.822034138914125967e-02
-5.073261015856224410e-02,4.437943434993089908e-02,6.638200223460397065e-02
-9.177984587611510980e-02,2.174305893466210032e-02,8.089464897334981697e-03
5.267691218657388763e-02,-6.687176878152317760e-02,-4.155587103217469463e-02
-3.383249843484509300e-02,-8.440628887754543508e-02,2.676499504082124545e-02
-1.618394830208182145e-02,-5.675771851793409012e-02,-7.425570918095976414e-02
-4.833728442914787121e-02,-7.443395080485340487e-02,-3.364833447739742217e-02
4.915390227950748592e-02,8.123004421571478756e-03,-8.086332485399504166e-02
1.320644337499291476e-03,2.693630139646609883e-02,-9.113457174251322901e-02
-6.285467052088389295e-02,-3.925855742462915077e-02,-5.960476923888247125e-02
-4.609136747967122055e-02,3.800757133377289515e-02,-7.407792769938842392e-02
-8.946476045600332272e-02,-1.243328030450000996e-02,3.016385966087000922e-02
-7.398558360088924868e-02,1.512498862457633923e-02,-5.811726614786317385e-02
-3.733025227177481919e-02,-3.305923663957733433e-02,-8.127515840929183666e-02
-8.344464471546479689e-02,4.401151103323861641e-02,1.428131521921964693e-02
-7.106183311142787173e-02,9.617647158414427411e-03,6.303619517470039624e-02
-4.684462175032653997e-02,-7.567020340695318481e-02,-3.474646595760000345e-02
-6.378392064018977015e-02,5.346822218818785347e-03,7.101134246373988490e-02
1.763627392077612294e-02,-8.654203181299199854e-02,3.675460203512950774e-02
-8.504597019096873933e-02,-4.272195415860853551e-02,-1.026434575822480523e-02
6.821707529989554097e-02,5.604388434950199893e-02,3.715819729027233786e-02
-4.016294930942319180e-02,-6.630988258039087480e-02,5.636520449203698963e-02
-1.777407084988819400e-02,8.300594054032904567e-02,4.464391851906610725e-02
-7.946822741399267587e-02,-4.014539713151971806e-02,-3.583317978162390421e-02
6.431890745847694546e-02,-6.139713447871569807e-02,-3.627984373513954558e-02
6.202819920612964028e-02,2.724791734191379239e-02,6.815203903223879256e-02
-7.134859592916749371e-02,-6.398057402000380256e-02,-7.899578628545707651e-03
-7.393715139490712740e-02,3.510365058831823627e-03,6.147690018400712303e-02
-3.425613336756633265e-02,-8.279679493905785226e-02,3.523549070234509306e-02
-2.633672768030049811e-03,9.596576512323018449e-02,8.115819557421508068e-03
-8.705891292124655345e-02,3.704548736980339818e-02,-1.850702515946574950e-02
-9.016124011496641499e-02,7.826560388040604624e-03,-3.340256567136182242e-02
-5.233344965266766013e-02,-6.725369592596878998e-02,4.534415782372578502e-02
-6.003567111146595331e-02,-6.136858255868275075e-02,4.426585195863595723e-02
1.285807600765151611e-02,9.520027213307004355e-02,-1.064604183551520929e-02
-2.632782059806908562e-02,-6.103110779696530042e-02,-7.025470051057730592e-02
3.091680898018474635e-02,8.801375960258475684e-02,-2.575493891116748674e-02
2.329728284423015355e-02,-8.804646931631250617e-02,-3.290230396713501176e-02
6.755586488011343371e-02,5.041061994703908977e-02,-4.779539456836095351e-02
1.331236648120999282e-02,-9.578648027097318163e-02,7.005521748319191132e-03
-1.419352057852505018e-02,-8.170404343891986276e-02,-5.036133205512158956e-02
2.895435019560005548e-03,1.567732591109890355e-02,-9.576551678358950770e-02
-6.851719878177232881e-02,-6.549645815769801482e-02,2.127749747078539616e-02
-5.289644017549507971e-02,-8.112620064990372359e-02,8.340385610190258203e-03
-1.911988411673750873e-02,8.230584755101849614e-02,-4.817847395321037812e-02
-9.266832903636736118e-02,1.086936970026643884e-02,2.770127577816218489e-02
-5.317474954810536003e-02,2.377240173750559682e-02,-7.805241549803466905e-02
2.661220203679373966e-02,-9.293181209169973367e-02,-1.233975372171931817e-02
-4.999500513877810220e-02,8.337063365044178331e-02,-7.653675613186822907e-03
-8.981503042537469783e-02,4.010285603914733477e-04,-3.812853209873229288e-02
-6.087873162955338702e-02,-5.279854456767039961e-02,-5.512464050755079559e-02
-2.895122554966406483e-02,3.917955489739279604e-04,9.330730682419124955e-02
-3.515873033638280271e-02,2.004935383397559584e-02,8.898549344704913266e-02
-9.135012270032458193e-02,1.124113935712623552e-02,-3.312515004074520486e-02
-6.510732069309121961e-02,6.470360923862622515e-02,-3.398409096958281833e-02
-5.678144373094292513e-02,-3.341372875913502238e-02,-7.246920943903056855e-02
-7.549546547776919692e-02,5.450054731657844737e-02,-3.056928721971782781e-02
-7.324089245335039383e-03,-9.613184969136615021e-03,9.731527311389492896e-02
8.022229690124815446e-03,9.450100963132855580e-02,2.516912627487422754e-02
-8.313200886087426800e-02,-5.025151143371701240e-02,-1.428645277679277403e-02
-8.431721920966307737e-02,3.736906745824831316e-02,-3.385817025177840361e-02
7.262024102340382259e-02,4.120589347274599551e-02,5.188990068035816139e-02
7.719202047816928463e-04,-2.100201741445153689e-02,-9.609619628636292821e-02
-2.048105934841166348e-02,3.731478055747798617e-03,-9.620154644430120583e-02
-5.269619502449982007e-02,7.750635826159596453e-02,3.026528907093195553e-02
-4.844880790454943881e-03,4.212079131479937177e-02,8.896323670181363608e-02
-1.014134648539833164e-02,-9.806853374117971422e-02,1.946628224606916559e-03
-3.132632893254171103e-02,-2.003680131422142310e-02,9.139608692853361249e-02
1.579550903870751777e-03,-6.880896006024250777e-02,-7.078753734414137966e-02
-7.760519462797534074e-02,5.180880996659530807e-02,-3.245478248861805026e-02
4.519501785318998099e-02,-6.775697446926412515e-02,5.602165047711199497e-02
1.260425542035886574e-02,9.637362785940940813e-02,1.836496280464737507e-02
-6.778729141083575382e-02,4.843101799373718264e-02,-5.343528487612015515e-02
-8.674909810672987165e-02,-3.650263636093384334e-02,-3.082465420896679173e-02
-9.563517612665900502e-02,-8.161571226241465943e-03,-2.464363112269114461e-02
-5.234222160828413267e-03,-7.579079205406676067e-02,-6.372101163899689114e-02
-2.905692067341369977e-02,-5.707580731143954700e-02,7.577638182697543634e-02
-8.913101183780403058e-02,-2.019490668796849325e-02,3.877946445460190433e-02
-2.702778730171027932e-02,-9.439031375242204480e-02,1.509946110975445704e-02
-4.840462236848017130e-02,-4.188473076853761051e-02,-7.604405994107735212e-02
-5.147352498205393090e-02,5.363402435625304332e-02,-6.607509137790108789e-02
-2.621639232237041317e-02,-8.793397982232616095e-02,-3.852766353543607414e-02
1.462982541721706727e-02,5.966028434566635757e-02,-7.837538136955593537e-02
1.156818876549126421e-02,-6.569040221363110776e-02,-7.402059578112663019e-02
-1.347493156357340571e-02,-6.048778415631172155e-03,9.860000352020358017e-02
-9.157228024423869073e-02,-4.117433379735359897e-04,3.957895617793790594e-02
1.218175611893325058e-02,-7.924122266629275713e-02,-5.946936787398328372e-02
1.474793178748447925e-02,4.048741184113312241e-02,9.010808933230243789e-02
-4.657510370554213130e-02,8.435772097094186572e-02,-2.650970995920800058e-02
-4.167545364392290230e-02,2.700962210565829164e-02,8.679804204224282616e-02
-5.323078572877761733e-02,-3.210683334376839004e-02,-7.840875003272504418e-02
-2.792792406236092179e-02,-3.686725687222215664e-02,8.879848394049184857e-02
1.498638668877198474e-02,-7.026300565922900809e-02,-6.982042256730221219e-02
-1.063317993530410628e-02,-8.934870744079603799e-02,4.418324037300265517e-02
-7.665675899618826228e-02,3.242101597635402982e-02,5.597389814242278300e-02
-4.918365865781623714e-02,-8.482136417492541769e-02,-2.141979221301862357e-02
-4.184468009638907249e-02,9.128266753793833066e-02,1.024230248084505518e-03
-8.826926534264817326e-02,4.335406223466090753e-02,-2.062919576388192247e-02
-9.295415849107263595e-02,-3.232740054253393364e-02,-2.056980811757127409e-02
-7.023002401987647747e-02,6.533263336431725798e-02,-3.033312802396812696e-02
-1.002478161473371043e-01,-5.542359489673854590e-03,-7.240354479767269376e-03
-6.043529683460573121e-02,-8.002213705809266275e-02,9.426331687057743630e-03
-1.006007097814110990e-01,-1.587636129430445003e-03,5.819069746977585320e-03
-9.487276595156442227e-02,1.995860278326545487e-02,-2.774454973106488254e-02
-5.930919248279387102e-02,-9.840388222232604107e-03,8.103455635118299305e-02
8.225172162805383103e-02,5.786001914792375522e-02,8.941661581262737649e-03
3.283301160000966223e-03,-6.154162602197075366e-02,8.004373033007897154e-02
-9.986903962662357481e-04,-1.009155040555369809e-01,-5.682051174639874205e-03
8.043099486183219460e-02,-2.593945538813645368e-02,5.556344024738164855e-02
-3.033912569364521222e-02,-3.072657001348940917e-02,-9.152479599117017972e-02
-1.209504377949399342e-02,7.125568866852647482e-04,-1.005318536710597399e-01
5.759976978071892212e-02,2.003690367885176127e-02,-8.090933595751727270e-02
-8.514884680937236106e-02,2.290091399037648152e-03,-5.497311906987342039e-02
5.291685688084964145e-02,-7.786955297359782202e-02,-3.776028138536351164e-02
5.766214139322139304e-02,-8.308959377068000918e-02,-8.543058186792773165e-03
9.927770385198084191e-03,-4.629996072568784427e-02,8.984224393161965860e-02
-7.521758778415249536e-02,5.269889979702239990e-02,4.348687739846750916e-02
-1.565468046418374551e-03,4.835027370870736974e-02,8.943076337561074729e-02
-3.732962577193823378e-02,-8.564937780949108403e-02,4.025966613451349707e-02
-6.418068192384869530e-02,-1.412170173012703474e-03,-7.900064296484622661e-02
-7.292122490006441859e-02,-6.274983415879173410e-02,3.345607277321430845e-02
-8.612081200067822628e-02,-4.563697077379460371e-02,-2.978137831208049757e-02
-6.429397950971739439e-02,-3.984178531429732190e-02,6.839209782831473516e-02
2.433752363660738466e-02,-9.863747958875215827e-02,9.434072705907112222e-03
-4.167556276452102221e-02,5.132505337415070590e-02,-7.779244499798391999e-02
-2.183777832791979415e-02,-7.272261773777378979e-02,-6.833316847054925203e-02
-5.395281780182628606e-02,8.326624147424763200e-02,-2.455257921016852987e-02
-4.729574354493988608e-02,-8.363926062304166686e-02,-3.502434769331956577e-02
-2.833090050220629999e-02,8.726254450821703534e-02,-4.531936262197324566e-02
-3.972840905861241972e-02,-9.067152976879766513e-02,-2.614733270987373154e-02
1.844302208041056698e-02,-8.574539412638755576e-02,5.294393418045371252e-02
3.118629980814505848e-02,-9.541923680939759511e-02,-2.074093262338517693e-02
6.484589823509416540e-02,-5.586345642579620269e-02,5.651559145866789924e-02
-8.311038385586082267e-02,2.408175141547691869e-02,-5.517780499182458470e-02
1.296822090219398871e-02,-9.975179798276116727e-02,-2.062502734296385934e-02
4.444720534612130050e-04,-6.784033751190736428e-02,-7.715964717676589146e-02
-8.254129366218804220e-03,9.706954415520166468e-02,-3.282724253891786126e-02
-4.529354809293499595e-02,8.254770797638918967e-02,4.140969118287733675e-02
-3.425695957297475447e-02,-7.046654094884180486e-02,-6.673424192588214843e-02
2.915575119214265654e-02,9.639180106192467290e-02,-2.152290997702403785e-02
-2.577295381138975175e-02,-5.269514461687317686e-02,8.471005694693589660e-02
-7.283086573234598404e-02,-4.671856959059430409e-02,5.605357472106938660e-02
-1.796602534400637899e-02,7.977400069584247855e-02,-6.288434625692107538e-02
9.996862357190867965e-02,2.562803560658835286e-02,1.654959574245426501e-03
-3.710242788969326383e-02,4.937059098128336598e-02,-8.277298690265556813e-02
-9.331993808864233464e-02,-2.717511825365240621e-02,3.507804415492386113e-02
-5.740875440521669981e-02,8.415633198319026620e-02,1.765418993722571786e-02
-5.379825765381963942e-02,4.737386400214312759e-02,-7.458784861895476070e-02
-4.945902044598772529e-02,5.400646563439415182e-02,7.315156129871507040e-02
-7.625446391373884303e-02,6.727671622810951768e-02,-1.962923338580532806e-02
-7.873906763293753164e-02,-9.746723763422034462e-03,6.665982433759833070e-02
-4.028113290267434227e-02,-1.040285086578569568e-03,9.553474701069032682e-02
-7.074399030665977361e-02,-7.587902890797003363e-02,6.083480895150951894e-04
-2.417859460948701747e-04,-1.037695288812893607e-01,-2.589884563396501523e-03
-8.429848223694703588e-03,-1.034659738121253697e-01,-3.283924418054356021e-03
-4.725049757532880090e-02,-2.856049522686775893e-02,-8.803930463286065156e-02
-4.390907685070039035e-02,9.073139631133267380e-02,-2.551891301006682655e-02
-9.203191769304791547e-02,4.379479769880677276e-02,-2.087416759374899344e-02
8.165198113049963735e-02,6.330557199539263435e-02,1.269368818474867454e-02
2.869039808421572010e-02,7.667131544677935340e-02,6.439197869525009610e-02
1.843404089865481599e-02,7.334019818085446563e-02,7.170456416982173842e-02
-1.012129000715965982e-01,1.552359291986969876e-02,1.967990776393829105e-02
7.221062522327650890e-02,7.507437038916348060e-02,-5.829867751309432931e-03
