-0.000000000000000000e+00,-0.000000000000000000e+00,0.000000000000000000e+00
-8.845233805550153580e-04,-1.465989784344312163e-03,1.302667790889767063e-03
-5.534150712716807497e-04,-1.326611893816240803e-04,2.991222638674138293e-03
-3.545080437520797736e-03,4.269931962464137824e-04,1.083308494689626342e-03
-1.176375659920875011e-03,-3.506179997602636243e-04,-4.132367124840356440e-03
-1.996069660054238860e-04,-1.079547178918826948e-03,4.695140828383326768e-03
-2.104744064853743008e-03,-2.173876497851319565e-03,-4.331998623806644459e-03
-4.176318194063595966e-03,-1.280160225466528932e-03,3.676830446383778754e-03
-5.468281766583622285e-03,2.590159202611070580e-03,8.192044348935736530e-04
-5.035566954472333635e-03,-2.424694186374453872e-03,3.276167599844861684e-03
-7.781695477429296766e-04,-6.323520668921209231e-03,-2.463449938259910672e-03
-6.303235839677976370e-03,-3.048172158564810622e-03,-1.527989276166680016e-03
-4.743099415024252564e-03,8.986580590518635381e-04,-5.722946682524341321e-03
5.214295016092391826e-04,7.115460366820961294e-03,-3.139851424112062670e-03
-2.598943601028343674e-03,6.135815516665222083e-03,-4.589655558211434318e-03
-7.403924014510323594e-03,1.398930838972726196e-03,3.661066149424897515e-03
1.804465118634574709e-03,-2.335419543106838618e-03,8.135263287802700291e-03
5.722243548769770632e-04,3.389197489902689205e-03,8.233849715855586296e-03
6.548486758682772919e-03,-5.448602803812325167e-03,-3.429470453576588182e-03
4.368661011592891823e-03,-3.996579914974226697e-03,7.348283901852847334e-03
1.361037387694818144e-03,-6.662788152231341465e-03,6.894706068851877770e-03
1.707495935459535851e-03,-9.416596598357670003e-03,2.631412314691635671e-03
-8.948294144210486301e-03,-3.084019139393387910e-04,4.803947591140672255e-03
-4.861816117958964352e-03,-2.481868645034111982e-03,8.842161887935797229e-03
-5.154073945216205120e-03,-1.540816954440912779e-03,9.153176785277366417e-03
-2.741326159116687800e-03,4.283465875958495164e-03,-9.570660844498493636e-03
-1.604073884498809612e-03,1.002440414149134186e-02,4.375229608629918610e-03
-7.941775546961323332e-03,-7.975024387303268278e-03,5.273947901398736001e-04
-9.457460896800114203e-03,-4.444676859237428439e-03,-4.743552195978301134e-03
-4.643308026408659618e-03,-1.058381651556808412e-02,1.695348791035923780e-03
-1.108117619762739349e-02,-1.715188379997856834e-03,-3.933374425190913626e-03
5.080662751836438271e-03,-9.399587522365410522e-03,-5.638882895621452444e-03
-5.815041984284637262e-03,-2.115286954918796456e-03,-1.060340427569887202e-02
-3.134125373582916964e-03,-8.755154680433443332e-03,-8.307055142597196892e-03
-1.448262026251597324e-03,-1.099850437620018655e-02,6.097687875949503976e-03
2.783996477264307455e-03,1.254024293965930702e-02,-6.342648217516638374e-05
2.268135901874599857e-03,4.838050662154858711e-03,-1.188399839282552016e-02
-1.123352434076643584e-02,-6.065180410202934864e-03,3.401861696499487372e-03
-1.319447302079915924e-02,-1.802882741370326249e-03,-1.406874862602173083e-03
-3.006887640951024215e-03,-8.829669625009658671e-03,9.853645059191474057e-03
1.029042140393258108e-02,8.859072898665198634e-03,2.121283253018395581e-03
-7.857460872233055019e-03,-1.145932182034750495e-02,-7.740604231886539588e-04
-8.184472983211390704e-03,-1.124862060393992148e-02,2.217912631265372275e-03
-9.613835944237071607e-03,-1.038387561094802729e-02,1.723036304703238607e-03
-9.470701676933592286e-03,5.960466196671479651e-03,9.098556375170431879e-03
2.499622843055700726e-03,1.131309452539031035e-02,-8.863310946876395979e-03
-1.749105293815381244e-03,-2.336499788853598891e-03,-1.445902452742969975e-02
-1.334995377558227496e-02,-7.742268237732231754e-04,-6.599446611413098233e-03
-4.660234808057698956e-03,-2.063005795151384974e-03,-1.418425602209847682e-02
-8.286772329850981139e-03,9.760308355421114940e-03,-8.247913115843838808e-03
-6.156166099005989413e-03,1.007942319228992759e-02,-9.862377843153193394e-03
-1.318899414333238145e-02,-8.161059133838612090e-03,-1.003220077576532200e-03
-5.464006005557289422e-03,-1.160773863245967950e-02,9.042403917001883354e-03
-1.465650120790499764e-03,4.266699342287463663e-03,1.519243935501582085e-02
-2.505030401988438734e-03,-1.042336430151118154e-02,1.187628540871820890e-02
-7.897806054630295350e-03,1.398805584186785071e-02,1.653335325778167598e-03
3.886523566777268148e-03,7.397770372528377630e-03,1.399110674222622114e-02
-1.073202443720597775e-02,-3.769361346151993072e-03,1.187472727842940438e-02
3.128002579974489827e-03,-1.351725163752744846e-02,-9.094245499845072384e-03
-2.297262119799713798e-06,-3.271005480785925835e-03,-1.641097933079253141e-02
-5.249992559500898937e-03,-1.355601943966139832e-02,-8.573639001051999720e-03
-1.696494162068353656e-02,3.372286108440710351e-04,-1.315276994498311815e-03
1.156687342813604970e-03,-9.371808972243853703e-03,1.432841330054124111e-02
-7.539086080160533124e-03,2.162334199469909037e-03,-1.542010174058886483e-02
2.710596628505214465e-03,-1.720194084078036437e-02,9.282484145545616926e-04
-6.860650136935228169e-03,-2.338564483468882557e-03,1.601258092656706461e-02
-1.747841649451441215e-02,-2.874081407626063230e-03,1.038821517699707830e-04
-1.360409521352360165e-02,1.098826290593770370e-02,3.574997713968933784e-03
-4.431947492014510180e-03,1.698467661087766853e-02,-3.911758423081603160e-03
-8.240931367491715828e-03,-1.366992499450037958e-02,8.571726598395274302e-03
5.016051768339437750e-03,-1.742323223789942616e-02,2.087418413917008914e-03
1.460909144176344293e-02,-9.901902889124753609e-03,5.142782753576624968e-03
-1.378629943824286400e-02,-8.263864303834102948e-03,9.187159039632401825e-03
-5.592490914255194429e-03,-4.457459788491978728e-03,-1.721772380354229595e-02
-5.922941512950073185e-03,7.744977261323967785e-03,-1.604270058556771239e-02
1.249004494272724702e-03,-1.829892299918933762e-02,-4.567750760178295073e-03
-1.700456520103744290e-02,-2.518082647388639704e-03,8.162179087334187066e-03
-1.763666576839508296e-02,7.240389572764284638e-04,-7.442105448703132883e-03
-1.521474069361804064e-02,3.660150510738607692e-03,1.126594272537947798e-02
6.161982856446523819e-03,-7.215526359444679634e-03,1.692984909807914579e-02
-1.662976673500950187e-02,8.371761898627821594e-03,5.904796838730256604e-03
-9.237947117275727149e-03,-1.135354662508005451e-02,-1.311905105108636047e-02
-1.486131865467765593e-02,-1.194020490641779959e-02,-5.270348666566108085e-03
-1.574363075427567251e-04,1.737125442237971024e-02,9.709362851949933371e-03
-3.603720041042102803e-03,1.515775583994094099e-04,-1.969522316929191511e-02
-1.216616958329086798e-02,-1.536047799409658021e-02,4.669890760500041739e-03
1.979823451192037898e-02,-3.751827424155476914e-03,2.139892993044617466e-03
-8.345277302497485297e-04,-1.915342922585949390e-02,6.923461081647625838e-03
-1.759561630065269860e-02,-9.064900300810849187e-03,5.344818002776112117e-03
7.910503973530977340e-03,1.776793668331275861e-02,-6.850657990962450566e-03
-9.057615397899038134e-03,1.824906685606960581e-03,-1.856609947569266145e-02
1.266033663538938120e-02,6.797522253054411046e-03,1.511440442529122380e-02
6.934793107966654574e-03,1.484062889209998570e-02,1.309451890061218149e-02
-2.365527238397735661e-03,-1.538685327185030337e-02,1.422388416355037204e-02
-1.808979757936335017e-02,1.048034030440518800e-02,-3.530001018284708008e-03
9.084687007154488084e-03,-1.824156186206513097e-02,6.254886703410662482e-03
1.785456759921313311e-03,-1.790669908210880748e-02,1.163804937368913620e-02
2.471573192805705775e-03,-1.786434627501467046e-02,1.178608805243231555e-02
-1.728315706268338100e-03,-1.211738129959818652e-02,-1.786651573525695202e-02
-1.422340668056479296e-02,1.553665519396629086e-02,-5.496699988285043068e-03
8.764568859421928079e-03,1.983780615001373010e-02,-2.903106814325661506e-03
4.113111332302824170e-03,-2.090874592995788095e-02,-5.437832917607287979e-03
7.022313710681556652e-03,-1.324313848679100139e-02,-1.624346801165121867e-02
3.635104077829237959e-03,2.084839330644202779e-02,-6.749524877274694530e-03
-3.951967574855657674e-03,-8.997831311602059665e-03,-2.004319671079545645e-02
-9.839149088157141468e-03,1.880896117422774586e-02,-7.253094896846670574e-03
-1.592613189852217989e-02,-9.074104853314533120e-03,1.311861711993024537e-02
9.059614939038180669e-04,-9.590427813640806098e-03,2.049803129242129193e-02
-1.055702189522512123e-02,1.269336870076312289e-02,1.566150016153431204e-02
-8.423643504567425791e-03,1.980971714867370281e-02,-7.704689989229952969e-03
-3.185783209772610714e-04,-6.980199268499138153e-03,-2.188175930137208763e-02
-1.579751057787017951e-02,1.297914375593452012e-02,-1.070089546319035780e-02
-1.886876448630627964e-02,2.049869997643105016e-03,1.331128148156380218e-02
-6.394866641409325744e-03,2.091915644564599011e-02,-7.988247192592156168e-03
-4.399769646611435825e-03,-1.742735824511430082e-02,1.497141308726623876e-02
1.172178571416003338e-02,-2.011987317625350477e-02,-3.146786423682618444e-03
-4.595999478625835064e-03,4.945966628570864186e-03,-2.261471040457087647e-02
-1.037776309926237081e-02,8.442415633925124188e-03,1.956882455589500219e-02
-2.314880846897691621e-02,1.028494443925516161e-03,-5.466973639305683016e-03
2.930976091589570631e-03,1.229299640793739788e-02,2.029796435466278692e-02
-1.987380702555968659e-02,-1.204684980902009407e-02,-6.043611252900534664e-03
-2.145343988468494459e-02,-8.961111740403780723e-03,-6.401073901790893007e-03
1.799938365554358197e-02,1.305688668654598171e-02,9.590202870559522835e-03
2.012592437200159609e-02,-1.307103493437176099e-02,-3.928768470414502507e-03
-3.741288155793078690e-03,2.337697440850248359e-02,5.980729015721216596e-03
-1.756846912669653843e-02,6.379395239253394384e-03,-1.586858247544082126e-02
1.088148491310944599e-02,1.022549122011991336e-02,-1.957304422936378269e-02
-1.721466870794785900e-02,1.360191907560969436e-02,-1.138540692337325182e-02
-6.972376318460891953e-04,-5.053301692130160103e-04,-2.480236233926082223e-02
-1.416573375046355221e-02,-1.912503839634628264e-02,-7.374200198060083117e-03
-3.057268988716799977e-03,1.457387373430869305e-02,-2.009940405394438148e-02
1.586615009994619269e-02,1.509871450273969802e-02,1.228587544346846153e-02
-2.213816457392384779e-02,1.026572818737672699e-02,6.331203899980568893e-03
-1.290787229439851851e-02,1.549532100055494004e-03,-2.171344740963658190e-02
-2.456967252156392126e-02,-2.436351830659775133e-03,-5.983720469785393410e-03
-1.505582631510091370e-02,-1.720237484688152962e-02,1.130188501055221992e-02
-3.042230345667877069e-03,-2.540981737560871548e-02,-5.848970629863860932e-04
1.028430887170857060e-02,-2.268093257565753293e-02,-6.323723706209173449e-03
-8.897794823294651739e-03,-1.870540514287251724e-02,1.536374378663448587e-02
-1.592376308965528023e-02,6.423588224521688608e-03,1.937024198560673496e-02
-2.415054483797892879e-02,-5.592176073674453608e-03,-7.774463666070432002e-03
1.473001314482977331e-02,-2.014271119585722691e-02,-7.562497047628413856e-03
-8.838981036344759762e-03,2.208435981114392765e-02,-1.090770651625454744e-02
9.234387147528911113e-03,3.764526884109194518e-03,2.429632033274002970e-02
1.921185316333164778e-02,1.758406629534945906e-02,-4.049138934409514043e-03
-1.982854873110868194e-02,-4.627077824605379044e-03,-1.688322798775518038e-02
1.317781655957476171e-02,1.650620372924000920e-02,1.607640404868726156e-02
-8.383167688634377349e-03,-2.522988543402730766e-02,-1.634802991213409832e-03
-6.664286696977922593e-03,-2.518444636520600008e-02,-5.980493004838815033e-03
-5.710402313504587581e-03,1.267555812702952749e-02,-2.293678187088287260e-02
-5.175374982748998445e-03,2.559353575226201022e-02,-6.519292012515929581e-03
4.529599032577649384e-03,1.483877205085066230e-02,-2.210316074642752066e-02
-5.347715639452019394e-03,9.203353834649260351e-03,-2.491784784615422993e-02
-7.691134249196100899e-03,-1.527837506502422761e-02,-2.113197055020315726e-02
-2.687083143133069466e-02,-4.694752264786637014e-03,7.111572813815185033e-05
1.507628304931273207e-02,1.564506299854826962e-02,1.664244785740761484e-02
1.282877373765192383e-02,-1.855203473698789629e-02,-1.565966180381439879e-02
-6.180361802039764998e-03,-3.041554470341704085e-03,-2.667359980956152815e-02
-9.599268813593896457e-03,1.462866241336336671e-02,2.139473085443964126e-02
-1.657974813156923299e-02,2.113341605643452234e-02,6.878906684596140797e-03
-1.238093792622698038e-02,2.898982312429887118e-03,-2.474042376277899372e-02
-1.237716382334239779e-02,-1.429217089613153691e-02,2.052492608706422278e-02
3.503247810224864329e-04,-4.497605493245136581e-03,-2.762852700976288489e-02
-1.509554454996127858e-02,-2.119390463981198416e-02,1.056336267646100155e-02
-9.788955631095446960e-04,1.688065676039149712e-02,2.253182164933612008e-02
2.328265550143551743e-02,-1.387230012504066246e-02,8.002006672190085587e-03
-2.750510861529405389e-03,-2.511401303106152241e-02,-1.285434027121422525e-02
-2.791397085674608702e-02,1.209620801629223731e-03,-5.274412842496641052e-03
-4.695256644249310232e-03,3.813055573860057545e-04,-2.812902386248127690e-02
-1.321919046285732063e-02,3.883345701601498973e-03,-2.507123986211148847e-02
-2.435033584822148336e-02,1.313873354404608042e-02,-7.602085487368128239e-03
1.991555272812524369e-02,-2.010007648694161347e-02,5.261007499505801141e-03
-2.871204080868776723e-02,1.268222639715597608e-03,2.701027071740544003e-03
-1.364105775798662989e-02,-1.172930826622409911e-02,-2.268470866768729222e-02
-1.663673210686339096e-02,-2.364670828162079852e-02,-2.696332283547639430e-03
-2.489496989740401511e-02,6.592152836167131623e-03,1.360036136699702657e-02
1.911453005877735561e-02,-1.906196792676610394e-02,-1.115486505964097610e-02
-1.320854248920674302e-02,5.737351421621439927e-03,-2.550964804229868127e-02
1.698968087998878676e-02,-1.667227725939653127e-02,1.721865339690992550e-02
-7.251900065011179959e-03,2.841752467951214056e-02,2.814698806345387189e-03
4.230602964996568738e-03,-2.856819347562312636e-02,6.245154505699979444e-03
-1.996572833880987108e-02,-2.182573264466216786e-02,-1.738633603216125766e-03
-1.368127163525209404e-02,1.549772227341499400e-03,-2.633271911457899309e-02
-2.742559289526060387e-02,8.516503350548798243e-03,7.954465385816110803e-03
-7.755333905209878947e-03,-2.539363517679366425e-02,1.370996857581381102e-02
-1.772203584945236318e-02,1.949565399842605531e-02,-1.427488461807352796e-02
-8.161951423504664252e-03,-2.292627698803714406e-02,1.762587127892916231e-02
-1.232562116043345139e-02,1.707890969086528835e-02,-2.154700952402298364e-02
3.062921165868784119e-03,2.041812716671967745e-02,-2.205864627471554318e-02
-2.083012091205092148e-02,2.199817306242707327e-02,-1.851264138936249692e-04
-1.429624828309714393e-02,-2.662996194187844390e-02,3.048595903170477073e-03
-4.543647060583758113e-03,-2.852135956915717585e-02,-9.680047557758602109e-03
-2.388890769685035956e-02,-1.644972254957754662e-02,9.567062425286201530e-03
1.027841991277593037e-03,-2.628196041209336295e-02,-1.568408769981939274e-02
-2.826961317639629587e-02,1.697616795272196503e-03,-1.186268998842329378e-02
-1.932831042953652226e-02,4.919077404093830878e-04,-2.395703549352344239e-02
1.970387462733123179e-02,-2.334575392955105452e-02,4.414529187548539568e-03
-2.837431555157344382e-02,5.819301212215286824e-03,1.089860151538810107e-02
-8.984564205325944837e-04,2.913153548230643444e-02,1.064348449384149194e-02
-2.422012289024562046e-02,3.418121770591627277e-04,-1.951919650808096526e-02
2.267341181678093204e-02,-1.950964062146186631e-02,-8.832577034129908411e-03
-1.291727795356256009e-02,2.838728620692666446e-02,-2.241605842345509563e-03
8.525529781834417092e-03,1.242054685859547702e-02,-2.749109176148568229e-02
-2.730387312781491771e-02,-1.040244811813196245e-02,1.157580430931236769e-02
-2.827853870217526475e-02,5.013152485616252825e-04,-1.388461025392534985e-02
-1.481334734967364175e-02,2.375259192339221684e-02,1.463171988653023427e-02
-1.486853447405386136e-02,-1.083076133548781239e-02,2.577458717763858598e-02
3.097278004817249431e-04,-2.798347539671169892e-02,1.498458623024492842e-02
4.985443841520942332e-03,2.000407013126333233e-02,2.424237838402757902e-02
1.090269838635847359e-02,-2.528601046233249980e-02,1.610782430575486215e-02
-2.279006574006739450e-02,1.164646154325501420e-02,-1.917523773566806589e-02
-8.244923680803017615e-03,-2.055478493946955726e-03,3.091145510856850229e-02
1.093106466727999503e-03,-2.805111981701506976e-04,3.211625688892922464e-02
4.471134534072187389e-03,2.167490290149491627e-02,2.340815620731781163e-02
-8.763908469290907291e-03,-4.879668194086439828e-03,3.069404856125655320e-02
6.400480953811791759e-03,3.777792852749373154e-03,3.150416590934362882e-02
-9.625185207739283752e-03,-2.957881207513422817e-02,-9.230917730266414989e-03
-1.657362851124957390e-02,-1.746705356058620914e-02,2.186292588410330626e-02
2.017676189737797887e-02,2.396654686136276413e-02,-9.015816524009897387e-03
-9.217164853215486023e-03,1.735925460507984491e-02,2.610545305673499239e-02
-2.305894801970742938e-02,7.891133612589759996e-03,2.188202399301575340e-02
1.392385413010437459e-02,1.150869684241816703e-02,2.741347668217758438e-02
-2.971403827292571839e-02,9.795264182548488185e-03,1.019640136824516603e-02
-2.951402712974322134e-02,3.696091010592766121e-03,1.425185715467446740e-02
-1.201521232541303066e-02,8.029208661451566614e-03,2.973277611291778172e-02
-2.939884764669259756e-02,1.482533811079295161e-02,-3.715779837339971883e-03
-5.185563907118343786e-03,2.819401742056991747e-02,-1.676652087059408644e-02
-3.592159312210514103e-03,-3.304559559531663332e-02,1.736177317671198147e-03
2.030828959227870198e-02,2.646690470253031460e-02,-1.626955715120507106e-04
-2.884175311289610688e-02,1.238858071594846171e-02,-1.151731616287385816e-02
-4.648170160733379377e-04,-1.746534487649549147e-02,-2.859616886367166710e-02
-2.608245155944710278e-02,-1.798364508837173997e-02,1.114959731616060185e-02
1.874173060935427695e-02,1.720544386000649392e-02,-2.204006273415756723e-02
3.528187818078951273e-03,-4.964346772549027044e-03,3.318097498466310302e-02
2.903878616265926152e-02,-1.563578323653143712e-02,-7.440958331072263475e-03
1.614672482766959377e-02,-6.909509908856912783e-03,-2.897699442249241850e-02
-3.294696155555616041e-02,-8.200324407181106695e-03,6.366425842476326757e-04
3.384139597391327362e-03,-1.221136751556121947e-02,3.158500720954299928e-02
-1.638183062888442024e-02,-2.537268637269436081e-03,2.980622056800060274e-02
-1.329759111591240911e-02,6.431996135558231027e-03,-3.082284683795243410e-02
2.442740480986303406e-02,1.992148217542698621e-02,-1.340571339267775802e-02
-3.828374943308255349e-04,3.319406661086170968e-02,8.735986731288633220e-03
-1.842869266868758446e-02,2.408743247594246142e-02,-1.623339270189821590e-02
-5.019409837726057644e-03,2.684741302407714358e-02,-2.103333296035297256e-02
-2.437672855227231844e-02,2.348982994546425142e-03,2.436540004005615517e-02
4.135142841541435133e-03,1.598106477045787080e-02,-3.042956597829785462e-02
-1.773057860585684124e-04,2.231713533307107949e-02,2.655944449256592704e-02
-1.144699868165617845e-03,-3.446680012270864762e-02,4.388409701822129291e-03
2.120696305855406579e-03,-1.219993473405804607e-02,-3.256121453152664713e-02
-1.995692445176320065e-02,-7.626343659236323137e-04,2.863125120793300060e-02
-2.325943309613491550e-02,9.530152064067031262e-04,-2.611017403971402015e-02
1.190592111588851393e-02,-2.117182754320302840e-02,2.527243232246780685e-02
5.700065344316583744e-03,3.016309159422132097e-02,1.707141917022389488e-02
1.381641780122063422e-02,3.209286007513771632e-02,4.235032872547535646e-03
3.042379311894027102e-03,-2.685891440435730915e-02,2.265321562880613995e-02
-1.434563705036656124e-02,-3.195278420180813067e-02,4.700417342854984123e-03
2.119594847110609559e-04,3.508205995764441393e-02,4.808604432535847593e-03
-6.803695396678636348e-03,1.948848505092466710e-02,-2.885957080252079046e-02
-2.340529904499102920e-02,7.462967590222462089e-03,-2.570041146711532498e-02
1.702962958373921377e-03,3.784284350669520178e-04,-3.558119291944791124e-02
6.363948240861019845e-03,3.384456217672624639e-02,9.389395535881642912e-03
2.086959761950348338e-02,-2.720945154377658534e-02,1.016229037206189956e-02
-3.291704522851220810e-02,-1.169000052156814705e-02,8.001925882026753728e-03
9.932124552552899777e-03,1.597058066682447569e-02,-3.058701119439993787e-02
9.089447672521212829e-03,-3.134826099909179126e-02,1.513256647910598586e-02
-1.070844061219160086e-02,-1.649412790145418639e-02,-3.021016448999004275e-02
-2.344162295642370983e-02,2.550376243002507731e-02,1.022179915437042633e-02
-3.408906173188433822e-03,3.208773560768441585e-02,1.637833725564243753e-02
-2.912414627636893127e-02,-4.208978236862092812e-03,2.118064277010089577e-02
-3.493052410755448367e-02,9.639451301952208298e-03,2.559076796940164440e-03
-1.298179739061487703e-02,7.471864001252857997e-03,3.317096573690732353e-02
-2.140065018960128282e-02,-2.896940807139534654e-02,5.702162679456561530e-03
1.098410451881368446e-02,-2.753710732152534618e-02,2.135057680299915286e-02
-6.442210664952428487e-03,-2.415422719535488885e-02,2.673804819378348269e-02
2.287198082184265999e-02,2.794767360014562690e-02,-6.380818107120453907e-03
1.444317928774211529e-02,-3.351358778287536616e-02,-4.267632811487973542e-03
-2.241113676515755701e-02,-1.530979152366267540e-02,2.486753871527812992e-02
-3.423975204955136131e-02,2.163130948981338477e-03,1.353030024720884746e-02
-5.757729563507319424e-03,-1.800593881315148623e-02,-3.174601738459505856e-02
4.653640574630927597e-03,1.735018252775746145e-02,3.236598549813846093e-02
-5.350032853792585467e-03,-3.652167747749381771e-02,-3.585283484082177428e-03
-3.673349655736429104e-02,-2.049847843818235812e-03,-5.179508412004559144e-03
-2.373465109766006303e-02,1.640495921097742671e-02,2.351579427725280710e-02
7.008545410065371122e-03,-7.507427119827772381e-03,3.584743252622665799e-02
4.456665994292546146e-03,7.460674914363868079e-03,-3.633273100581489029e-02
1.233316507915186572e-02,-1.627350755263141241e-02,-3.136446115128000561e-02
-3.267597738474726371e-02,6.601570744590117392e-04,-1.837338342473204822e-02
-2.147559870918353334e-03,1.814631554489407050e-02,-3.281630181266097235e-02
-5.207857671618136303e-04,-3.247633040797942572e-02,1.899742700801110989e-02
-2.884385359446595479e-02,-2.235454192119329733e-02,-9.448165748638414838e-03
-3.687073027515407747e-02,-1.597351440646226865e-04,-8.158522185958342124e-03
-1.392854388700387122e-02,2.649737763421792028e-02,-2.313006403119784171e-02
-2.571431455744174407e-02,-1.400387822340360723e-02,2.405948986711220830e-02
-9.876530583928665522e-03,2.910382668383994231e-02,2.228663331905592418e-02
-1.654202734212754239e-02,1.363015417322095517e-02,3.141548998138291721e-02
-3.063159563418447681e-02,1.646765482227676575e-02,-1.555490685419487311e-02
-1.726165560477018607e-02,-2.558971033054892666e-02,2.244364426285154826e-02
-1.404561598739567652e-02,2.039283801807282789e-02,-2.912817399439565635e-02
-3.727161967923524333e-02,-8.170446074739733111e-03,3.278931487287023785e-03
-1.212187988706122602e-03,3.026411035277858791e-02,2.354526724392200926e-02
-7.680410986576323602e-03,-1.830464100911289096e-02,-3.290595548081992616e-02
-2.931706617293414197e-02,-1.449614434435339029e-02,-2.030535919854691354e-02
7.005439907482628563e-03,9.151494398798502503e-03,-3.679941617755726896e-02
-1.513114095516969286e-02,-3.902166191114179810e-04,3.553880614294162299e-02
2.527272311004850197e-02,-1.780936406343182343e-02,-2.326617612330814447e-02
-1.265293444331964945e-02,-2.859081787927773843e-02,2.290756546555187262e-02
-7.939436503553812599e-03,2.528653899348056594e-02,2.837136601396839791e-02
-2.205298763537620610e-02,3.101869357305695948e-02,7.998465680182869839e-03
-1.667967947965419764e-02,3.254786248156883027e-02,-1.341587063269518432e-02
2.234778804270481575e-02,-3.087225142167227335e-02,-8.374581417193717806e-03
2.992468625021390757e-02,2.105182894270709107e-02,-1.375064375063146833e-02
-2.982530386286000659e-02,-1.130056181837121691e-02,-2.270659286561287418e-02
-1.659978306262770500e-02,1.799106988694110926e-03,3.548445145521975791e-02
-2.933322235700168076e-02,1.978042763322877817e-02,1.706834722736013873e-02
-2.974922331129214309e-02,2.226120793291021596e-02,-1.294413580392490999e-02
-2.308580505409001116e-02,-4.512024495165546157e-04,3.193849763536688730e-02
6.832002264574226456e-03,-3.164359067328800096e-02,-2.259050311418648455e-02
2.806271069685635500e-02,1.516937990831860282e-02,-2.336230689759280846e-02
-1.950870782979864659e-02,3.446562047125581452e-02,2.332437535502844030e-04
-1.493645431636602197e-02,-3.581661799047519690e-02,8.227762037218606245e-03
2.879269052436440185e-02,2.013937492071156063e-02,-1.855024819966905741e-02
2.742243047316693730e-02,-2.708397380866781404e-02,9.914449640418959708e-03
2.115626747906037414e-02,2.848085468769093534e-02,-1.817097097130439959e-02
7.279478641459388895e-03,2.004816849273992688e-02,3.375077921080783111e-02
-4.764143271004866315e-03,-7.899449676424535535e-03,3.891068451271646050e-02
-1.693021255679019385e-02,-2.150385872987619490e-02,2.924375415712796022e-02
-2.033594833853716657e-02,6.311426746268694599e-03,-3.399951120541829658e-02
-2.736888633211225635e-02,-2.009313693431537956e-02,2.148647629434160405e-02
2.204484224642459453e-02,3.114585829752477761e-02,1.278777648240931979e-02
-7.862849299113849888e-03,3.827055066035255082e-02,-9.910412644223274073e-03
-3.932558105341121130e-02,-2.837308920946939560e-04,9.121587170361109345e-03
1.856318866800957257e-02,3.041206207124609248e-02,-1.911570928712932882e-02
-2.250516931414554844e-04,1.303444497482411342e-03,-4.047539152705980497e-02
-3.203030021696656737e-02,1.992253625674186845e-02,1.490876335271728442e-02
-3.706675686168226652e-02,-5.399827465034198054e-03,1.572034281814365178e-02
-3.780770225058344841e-02,3.015559723563447560e-04,1.502771343959570342e-02
-1.525993961000493386e-02,1.535816032424428858e-02,3.452131169405092681e-02
-4.557101842926940954e-03,2.364942365616682848e-02,3.294712037848415709e-02
-3.475972124572044436e-02,1.494798244102569888e-02,1.545997138837827516e-02
-3.611453608286604999e-02,1.780525901773758954e-02,-7.383836728943674044e-03
-2.799920680379709356e-02,-5.109328541518632673e-03,-2.951041554671952546e-02
-1.707484027434558183e-02,3.624991298157045905e-02,-8.968689529156172180e-03
-1.690842135425691881e-02,-3.616537431694699656e-02,9.865793935713155702e-03
-1.580408978128156408e-02,3.281215235229905519e-02,-1.923217694811509351e-02
-3.152015791067233619e-02,-2.630221385336529993e-02,4.009632653016937352e-03
3.396136260216375824e-02,-1.745486704397218938e-02,1.576321387536907745e-02
7.794901958942526861e-03,-3.983720303493309273e-02,-7.992771760912649806e-03
-3.687005560336242133e-02,-1.889841189578453373e-02,-4.689556881464338909e-04
1.634584499487066675e-02,-2.791879370695087362e-02,2.598555567450363049e-02
-1.017718018177506296e-02,-2.184694993080167277e-02,-3.385491251269497071e-02
-3.338842374464132817e-02,-2.483452826891326473e-02,7.772834602678007927e-04
-2.823931072730457431e-02,2.965749766319187089e-02,-7.761789877076116437e-03
-1.325686059803475592e-02,-3.063930660786272006e-02,-2.505766757810029208e-02
-3.708463454225693207e-02,-1.606294478016826247e-02,-1.068820238250173423e-02
-6.187987935150972112e-03,-3.130664732702778674e-02,2.709718217278061364e-02
-3.590556851670244354e-02,-4.178706762656009439e-03,2.123941320929718587e-02
2.765924998589287462e-02,1.980211657175102655e-02,-2.461211214735163980e-02
1.906680460297176943e-02,-3.697417721835923737e-02,6.116549883719198284e-03
-3.148791545404143466e-02,-2.563527570362221335e-03,-2.784090943882964672e-02
1.610211688847106156e-03,4.138320965216858716e-02,7.946466763484448526e-03
-3.503363552679730764e-02,-2.182240605370066450e-02,-8.936979270937351824e-03
-2.834608818810745515e-02,-3.101938402307770348e-02,-4.782619541774325161e-03
2.283311898969668519e-02,3.359356924031797059e-02,-1.199300715680138955e-02
-4.081225538845464212e-02,1.112283951646331551e-02,3.080418794445616195e-03
2.392147093542471015e-02,3.104902044009728163e-02,1.636168947327684697e-02
-7.902987342505111285e-03,-4.177183042963376197e-02,1.333056368675665732e-03
-4.152953143586326883e-03,2.018646592108642654e-02,-3.727623412585608087e-02
-1.557429734207299750e-02,3.319126899815186271e-02,-2.179857375755454157e-02
-1.273374419619851226e-02,-3.885208898979070069e-02,-1.236539963990496323e-02
-1.374855039305290794e-02,-2.603698950987817784e-02,-3.102787089896680978e-02
-2.038989505931352447e-02,3.739060621183184357e-02,4.583863762326289421e-03
-4.171294321977010028e-02,-6.978853805129423341e-03,7.161352622792610187e-03
-2.298918011683440815e-02,2.515958918317902707e-02,2.614562955188245996e-02
1.769284965884500294e-02,-1.563552290424659666e-02,3.595466733993210595e-02
-1.170377726130509936e-02,-4.847537758813242996e-03,4.116930377793377727e-02
-3.099502535222826635e-02,4.930459080630069345e-03,-2.958939322761780857e-02
-4.188936333024153441e-02,7.943668663397551602e-04,1.050376300525472130e-02
3.586169220750268162e-04,-4.324362697764280727e-02,8.277149799414393111e-04
-7.263221442739367997e-03,-3.320031752657716384e-02,-2.685063558908703032e-02
4.830114805942031797e-03,2.124601203225886734e-02,3.750195589046100009e-02
-9.921873695104216698e-03,1.295000331892154528e-02,4.025074011758546233e-02
-3.130941090384204567e-02,-2.931279281985610385e-02,-7.204066685731443272e-03
-8.532183803450499315e-03,-2.528516203853544558e-02,3.441554651442886581e-02
-2.661899355289142760e-02,-1.411428684726397965e-02,-3.152672696085330462e-02
-3.880314661415300986e-02,1.975976256582183746e-02,3.276799394537700631e-03
-1.265135517402126049e-03,-1.780803402300185079e-02,-3.991610841213386746e-02
2.616222961291260821e-02,3.226781720135783044e-02,1.383838669045490792e-02
7.236211843655267380e-03,2.030103601342449562e-02,3.818159225198290013e-02
3.621589490742241259e-03,-3.268901250834847783e-02,-2.908257230007737365e-02
-3.667260629558894564e-02,-1.468456417476990752e-02,-1.929047139176262235e-02
7.249057941309660150e-03,1.546517198202876711e-02,4.057184135789485002e-02
-3.245848284287737584e-02,-1.945853193768874029e-02,2.260008963507558269e-02
6.863445868955596850e-03,1.396122395976241368e-02,-4.130479960584636928e-02
-1.783455537416548525e-02,-4.042350509250486335e-02,-1.065865522730917187e-03
9.747827268634517983e-03,2.676888120064929710e-02,3.386492358966768090e-02
2.892023949440919797e-02,-3.022669433291816365e-02,-1.461344493538866730e-02
3.585929135153635705e-02,-9.206990506646320349e-03,-2.445585812962707689e-02
-2.820004474859485674e-02,-3.425721388923999577e-02,-2.260186833698921496e-03
-3.033210731662099383e-02,4.936591129960889862e-03,-3.216617881663851736e-02
-3.680462025054444253e-02,-2.499380614175611068e-02,-2.227592688728742467e-03
-1.450223088710808454e-02,-4.030050998837615694e-02,1.244789251136931528e-02
-2.179411002523991281e-02,3.350122042388660459e-02,-1.993100195505809538e-02
-1.895237756414405381e-02,2.490943304441916792e-02,3.193826091687815283e-02
-5.464680495591194356e-03,4.007948841853761074e-02,-1.920058101662026895e-02
3.455796645516490649e-03,-2.446718779168047253e-02,-3.740950642705129919e-02
2.210350760894827862e-03,-4.462357691710502894e-02,-4.367484881591248390e-03
-1.929429943491796709e-02,-4.055253770120142986e-02,-1.900984778144620881e-03
-7.551814377878973347e-03,-1.175747694598069590e-02,4.278191628800140367e-02
-1.817109565733552798e-02,-4.099765468544006725e-02,-4.442251197947048001e-03
-3.085713859444018034e-02,-2.028781646205861725e-02,2.592569300133965027e-02
-1.524617638058701520e-02,3.855852853142510694e-02,-1.794058660299851365e-02
-4.433574484990182585e-02,-8.922549625678694724e-03,-9.859217783805942006e-04
-4.167543381032837169e-02,1.759826007329232458e-02,-2.207648943417318647e-03
-2.530837215475444102e-02,3.758123256639650522e-02,-1.929883761003410754e-03
-5.404319829818538846e-03,-2.026322384183281908e-02,-4.027351595225409780e-02
7.703331148597025203e-03,-2.571750525140274399e-02,-3.669065639472183366e-02
-1.384757360537099873e-03,-2.666493098189400002e-02,3.686698565139553269e-02
-3.746168113690851592e-02,1.701381368719164303e-02,1.960712105316118892e-02
2.220611015186832113e-02,-3.627913078536971342e-02,-1.652805513754340011e-02
6.600335452534864325e-03,-3.787946252234844491e-02,-2.468242635136533650e-02
-1.378881295874342765e-02,-4.271868016415102803e-02,8.820512525342749308e-03
2.599276017276289097e-02,2.838494292448958192e-02,-2.483281600171342168e-02
-3.272660046597300476e-02,3.096182337052931846e-02,8.573914363128582947e-03
3.195887248660341570e-04,3.145105786836085299e-02,-3.345273617618711032e-02
-1.502620635881174449e-02,4.336413146421199544e-02,-2.702381676272526054e-03
2.653036768934825644e-03,2.222355012712664765e-02,4.022182003388687782e-02
-7.401645729971926321e-04,2.737745000490426905e-02,3.706520110541568214e-02
2.949476364116591920e-02,9.624561850597656773e-03,3.415423295130718545e-02
-4.299615466924946311e-02,-1.582467663126533447e-02,5.931182275865555346e-03
2.672104318244982596e-02,3.597916249830961782e-02,1.144285968496000158e-02
-3.025873900198497099e-02,-3.500656618158708849e-02,1.894091015151689889e-03
2.200710824104952154e-02,-3.019252040570456763e-02,2.745766147149014680e-02
1.746109503090909759e-02,-2.493171917062148371e-02,-3.505039869945029279e-02
-2.725262448607030513e-02,3.572348183117282638e-02,1.188804992107701450e-02
3.922553700287038925e-02,-9.742141704434837887e-03,-2.306153323596416352e-02
1.126442363809814981e-02,-4.136915787604417138e-02,-1.822856933191643533e-02
-2.953595550654513832e-02,3.285555911290855696e-02,1.496343557746707999e-02
-1.485180902552548678e-02,3.345896423814234688e-02,2.899786785855332921e-02
-1.839568002163446264e-02,-4.074061446196508562e-02,1.370938990998690592e-02
3.168822414865844067e-02,1.793728082158500478e-02,2.941849862470441099e-02
-4.501032402100547600e-03,1.134838842685011867e-02,-4.524914098359785614e-02
1.719426317274832042e-02,4.282841738135221427e-02,8.473900833272906760e-03
-2.639555214710648939e-02,-7.466950224954649502e-03,3.813707185488501850e-02
-4.108213690514975897e-02,2.157085312889394507e-02,7.685540375538694145e-03
-2.673759008202484383e-02,-9.357485983628274773e-03,-3.761442608462189918e-02
-2.191073489922984799e-02,-2.821102678164943717e-04,-4.174137258816496693e-02
-3.549650959197786504e-02,-1.432433565167428278e-02,-2.761358540649634999e-02
-1.262229177418806338e-03,9.438801367379758694e-03,-4.628403732889261463e-02
-2.491087089598074608e-02,-4.012733917201194433e-02,2.709147853499596810e-03
-5.682500508849696805e-03,-1.352970803932569514e-02,-4.503275582818975359e-02
1.048821964106998791e-03,4.725045967565387472e-02,3.845268106011433783e-03
-4.951490068189979069e-03,2.265268053413304478e-02,-4.142500413386401847e-02
-4.466738280151081458e-02,7.407996463625714234e-03,-1.445128722094153953e-02
-2.809789278806972684e-02,-3.363463917801393782e-02,1.852874017686039626e-02
-3.947857241794534844e-02,-7.744602483749307709e-03,-2.551000239320836901e-02
3.225122173410469983e-03,2.080571098792084392e-02,4.279276409577340706e-02
2.750267359004853439e-03,-4.633590725884543376e-02,-1.118582881017742524e-02
-3.466346316144391232e-02,2.979988071242803405e-02,1.397566101620754432e-02
-1.956883772083883866e-02,-9.326830555244147031e-03,4.266360898982624050e-02
-1.113885286988421531e-03,-4.714201513537929350e-02,8.468046344649997684e-03
-4.096609726262760015e-02,2.391515422394633467e-02,7.097086827872150019e-03
-3.366033279159657415e-02,-5.381741888435918365e-03,3.381938279219472848e-02
2.218928079512168944e-02,2.372070297691089916e-02,3.543873079450962638e-02
-2.263735094136060805e-02,-4.197281571191769506e-02,6.479254891967947683e-03
-2.923970001065075500e-02,-2.314310334623550028e-02,3.050891040565354567e-02
-2.857128850382787896e-02,1.918675245148847644e-02,3.379521949143369369e-02
-1.052312918833114841e-02,3.549797313282430922e-02,3.099895416371068954e-02
1.002792497672428534e-02,-3.283189034987712973e-02,-3.403668746943062928e-02
-3.117421637942984977e-02,-3.392750992216481132e-02,-1.480853409149819437e-02
-2.674394647355559859e-02,-3.892552539727225230e-02,-1.081562761031460741e-02
1.504677427284291033e-02,-3.040177501397036894e-02,3.466919249245484225e-02
-1.920314777568779899e-02,-1.016812424245599512e-02,4.342451955385185497e-02
-1.017187833727138885e-03,4.785153872989526824e-02,8.500032255754545393e-03
-2.970363884562792975e-02,-3.796291260144749047e-02,-6.691900635840752204e-03
-3.610146658701123001e-02,3.240727689937897976e-02,4.465304979559082954e-03
8.883916796355836637e-05,-1.188149056167897219e-02,-4.730248693055706666e-02
1.242459900236398199e-02,-9.590476202113323162e-03,4.623389003678367998e-02
-2.488476035237706385e-02,3.438490710981903509e-02,2.423974743056434358e-02
-2.597785389037152518e-02,-9.331179668197433358e-03,4.040343568846339883e-02
-1.724074852726423940e-02,-1.761242657932404060e-02,-4.233362549309694495e-02
-3.312205344369995724e-02,8.523736436804792713e-04,3.615245715851066882e-02
-2.625059387283008167e-02,-8.052402835513778072e-05,-4.148394505670216503e-02
-2.198233475114873183e-03,1.517967241296629827e-02,-4.669030703710060765e-02
-6.011078958740032237e-03,-2.974700603373853225e-02,-3.872265513602091147e-02
-2.327448825358198817e-02,2.608511617006368730e-02,3.469220661870871247e-02
-1.338607295951892498e-02,-6.565641633728901486e-03,-4.699588632783220643e-02
-5.627789240071730953e-03,-2.862221253163053925e-02,3.981493273818656475e-02
1.895793514277717071e-02,-4.427191965101345827e-02,1.104314153062434592e-02
-3.861703436957471952e-02,-2.873520076772225276e-02,1.138400575455737751e-02
-3.170227711399617454e-02,3.086894283120486179e-02,-2.222347815042849048e-02
4.006769331979303725e-03,-4.931920946605335837e-02,-2.932055628380191882e-03
-3.978212250071252315e-02,-2.953863356519214473e-02,2.667428226396095781e-03
9.767604502214042098e-03,4.830154368863893988e-02,6.248723290111086494e-03
-4.791064819214863046e-02,-6.078909584580394036e-03,1.184639619598535504e-02
-1.408606718266966658e-02,1.336641682120140451e-02,-4.583526886348853607e-02
3.369678112772102330e-02,-1.547452862342879251e-02,3.329033831471196747e-02
-1.938994568502976773e-02,4.559869414412576205e-02,-5.761985463003077568e-03
-3.517913323084489313e-02,-1.544931878224922901e-02,-3.189655527270635060e-02
5.810589298765650793e-03,4.963580595358598607e-02,-1.182903005177391408e-03
-3.443905912110865192e-02,-2.706482392827223166e-02,-2.419824133384415946e-02
-7.068964565047537035e-03,-3.124714659026490982e-02,-3.850958187466310689e-02
-2.357827902981923449e-02,3.005051895686332297e-02,-3.249011340939156334e-02
-3.052964913127829776e-04,2.957535015788650967e-02,-4.055880825815370849e-02
-3.417893424035871319e-02,-3.652831924336490815e-02,4.746516757375335294e-03
-1.803088641679448509e-03,4.557262784302833214e-02,-2.121716536703370168e-02
-1.911355206303847962e-02,-3.611713904799397634e-02,2.942354689947774063e-02
-6.874170283377677854e-03,2.712390056827650511e-02,-4.192610263592141950e-02
1.673517203480908572e-02,-3.795195415176451370e-02,2.873289947745247958e-02
-1.163808995413128516e-02,-4.801419444665046277e-02,-1.050845885347671121e-02
1.308652790817230530e-02,4.684916876220399790e-02,-1.379758232705949848e-02
-2.223180188767026957e-02,-2.495729769466607101e-02,-3.800783670546607068e-02
8.433269864088687937e-04,5.012521123363893744e-02,7.328608874869507045e-03
2.810052436684810917e-02,3.718314195363042057e-02,1.999931325613248448e-02
-2.153565746515819640e-02,1.302780962107247253e-02,-4.409004482953592097e-02
-2.871248505082864624e-02,3.766194954820276802e-02,1.843513964217828940e-02
-3.562963127951338654e-02,1.932322408147806730e-02,3.074198358561285385e-02
-4.401021512576388378e-02,-2.214341383295924393e-02,1.288183626046396357e-02
-4.874350931714627883e-02,-8.744645846308471762e-03,-1.208379554015940466e-02
-2.689022153384789185e-02,-4.314926426877845056e-02,4.326553853663467515e-03
-4.193802728370780997e-02,2.868356053999261690e-02,-5.231013987979448755e-03
2.115002061698339694e-02,4.153428556269792710e-02,-2.101749200891994337e-02
-4.893196754238833546e-02,-1.319367507997264329e-02,7.140894185951048023e-03
-2.107993098060545814e-02,4.617465116757823312e-02,6.941854955202808250e-03
-4.617322714914312565e-02,-8.342566837213044595e-03,2.069625553700940590e-02
9.048913509725442852e-03,-3.735926541021257832e-03,5.039156313087726075e-02
-1.508913786626046860e-02,-4.590069540280876381e-02,1.748839961887894284e-02
-1.765299665120708197e-02,-4.717274728175506471e-02,1.042855430978901522e-02
-2.007809001473114668e-02,-3.912416137851442571e-02,2.677821290479341296e-02
3.203698605807755312e-02,-3.856379978893990229e-02,-1.194234533447525483e-02
-2.069629773644030696e-02,1.312709332992708852e-02,-4.539548867673189048e-02
-7.936072894315240531e-03,5.084709750726023464e-02,4.272318547892410903e-03
-4.585479556487255526e-02,9.533079971379577328e-03,2.187175244212330449e-02
1.045782384160119129e-02,2.454583434519053489e-02,-4.433177323884612137e-02
-3.830288550847865681e-02,-1.795035840401647959e-02,-2.988476326422321097e-02
-3.520895562880806129e-02,-3.803448352706328972e-02,1.178683378009376653e-03
-4.269368974089696178e-02,-1.610807128630327781e-02,-2.471269971934918208e-02
-4.848009524289470691e-03,3.287920292662905447e-02,-3.992055631012732947e-02
-3.717978063607955269e-02,3.463929522654517895e-02,-1.101078889737060890e-02
-2.623737528209480266e-02,4.596495285698865528e-03,-4.471224747233625701e-02
-4.480743885788440045e-02,-4.344935860240393966e-03,2.621807464071293156e-02
-4.028147409193836431e-02,-3.050504289463486576e-02,1.288710481199491047e-02
2.537695998030845002e-02,3.797432271751220029e-02,2.526764112903492898e-02
-4.608919908610414895e-02,9.547850554649668295e-03,-2.267991175332190190e-02
-4.721099814009395434e-02,-2.667069853494330543e-03,2.233885751400120981e-02
-2.319564778631796192e-02,4.477115037342967868e-02,1.406360923326724702e-02
-1.414371078523360588e-02,4.852270581112344550e-02,-1.382189864667546404e-02
-3.257719498312485612e-02,4.098818168782444177e-02,-3.082444849695205411e-03
-3.450145182073522526e-02,3.373438173894239417e-02,-2.068119952432982689e-02
-3.727559013021131129e-02,-4.333851898678024034e-03,3.678429296449785973e-02
4.916547380582157734e-02,1.483172295153023859e-02,1.137444643074860505e-02
-2.715809062776792723e-02,2.424148920158432363e-02,-3.803494084691959320e-02
1.852274074283228808e-02,-4.160606020716167003e-02,-2.651375352416705800e-02
-1.363449778356590550e-02,5.064228215481397788e-02,-5.644746408773325917e-03
-2.922865546846669695e-03,-4.282685642635963852e-02,3.074067499299318676e-02
-4.093765013990367796e-02,2.133492822470975034e-02,2.572683892450297258e-02
-7.476681935370779741e-03,9.103600757905302640e-03,5.156970261188823651e-02
1.642406175705266383e-02,-3.796606330641532495e-02,-3.305009816185935229e-02
-3.908134389514687779e-02,3.354874358431585504e-03,-3.563909460824525588e-02
5.586940541641355340e-03,-5.133114773731697195e-02,-1.216234744860747279e-02
-4.678523943575907396e-02,2.269186041889771979e-02,-1.074786066343469577e-02
-5.583794987615012771e-03,-5.285034426993774626e-02,4.806625411925965694e-04
-5.179546340633605500e-02,-5.895949432785581833e-03,-1.059764797845262098e-02
-1.958284262045773688e-02,4.464923044494799320e-02,-2.140268152260412296e-02
1.805372914935083478e-02,4.986523567641907434e-02,-5.283221308026446635e-03
-4.659864304516535272e-02,-2.412812433196986558e-02,9.595156366521768315e-03
-2.289155087789735560e-02,4.457671350909604008e-02,1.843464828089547841e-02
1.296725280022070423e-02,-2.821123812531698902e-02,4.349937971998468073e-02
-3.750826621177080766e-02,2.302035416331011178e-02,3.040872230891383809e-02
-3.159476763316797915e-02,-4.434865547148771243e-03,4.299857403014363533e-02
-4.747329765526501349e-02,2.482302143828672703e-02,-1.468681077821580453e-03
4.497842806210699401e-02,-2.598667594487890850e-02,1.337784732115675397e-02
-2.504112746413073021e-02,-4.623096472422148773e-02,-1.087440762369296272e-02
-5.262052691104150692e-02,-7.300825655315874851e-03,-8.103784925257996249e-03
-8.946947474729096544e-03,-5.183191346041948755e-02,-1.125075367140059707e-02
-4.178222462565536754e-02,-1.322842310064614897e-02,3.126837014668005371e-02
2.400752810378460264e-02,-2.180535617947081811e-02,-4.303375249188069046e-02
-1.514359154063930381e-02,1.957835244898226829e-02,4.792057427607018805e-02
-3.981114994203959617e-02,-2.144366686679799114e-02,2.948808261649973547e-02
-4.314291592304082129e-02,-3.249636207985624053e-02,1.505022803188370804e-03
-1.371119913184206188e-02,1.500723950811898820e-02,5.011647306486329001e-02
-4.032656498854099436e-02,-2.761668183757309478e-02,2.326472349619252214e-02
-8.193847660660414159e-03,-4.037371692156299652e-02,3.518907203633754588e-02
-4.883846181363375727e-02,1.814360284069301346e-02,1.504486124175403658e-02
-1.882814724618771252e-02,4.591649739745967684e-02,2.198174564253554952e-02
-3.808472778973808620e-02,-2.576970738845938552e-02,-2.892723734130918725e-02
-2.799475914931030124e-02,-4.163151651115999663e-02,-2.096922567212446825e-02
-1.182939153005023794e-02,5.080909313876795855e-03,5.287851298081654855e-02
-4.814121456205932431e-02,1.210802725221243360e-02,2.242758162767521588e-02
2.722919321983667193e-02,3.167461885159647550e-02,3.503937338001991697e-02
-3.510135466809284621e-02,3.140507151166826300e-02,-2.755677254178565821e-02
-4.935975413361344544e-02,2.130944213720901634e-02,-9.621497570255104978e-03
-3.018157916881599942e-02,4.547316149116158862e-02,3.099607736857234834e-03
-2.472662156616631593e-02,-4.694589642053816764e-02,1.335342112046445859e-02
-4.750963971855746981e-02,-2.296727442434256042e-03,-2.713834001224522258e-02
1.705115999669254770e-02,-2.499169029398789349e-02,-4.570446816544564139e-02
-2.966529858554873764e-02,3.522641344861639212e-02,2.980922543187615112e-02
-4.254308948011431557e-03,-1.544922607601324251e-02,-5.251702220999564935e-02
-4.758293587939687458e-02,-2.526534164956233813e-02,-1.084613305545705821e-02
-3.201427289734929543e-02,3.697760309555523511e-02,-2.516250891166834161e-02
-3.177839910063309098e-02,7.120253496771967311e-03,4.438627604503871810e-02
-4.521783629022833179e-02,-8.293069708875947660e-03,-3.037394707819106657e-02
-3.119207466420529859e-02,4.270194632092078751e-02,-1.564931586567521252e-02
-4.853512558928467502e-02,2.432614291893568648e-02,9.959056903135109218e-03
-5.323538677638782468e-02,-1.149091881783836748e-02,9.265779393470976316e-03
-4.373114302624549893e-02,1.803948490294527904e-02,2.862458572535846874e-02
-5.507664523920036831e-02,-4.789743246539944661e-03,-2.474969723620592740e-03
-3.456304489126415386e-02,9.701092800693979570e-03,-4.217926648977080722e-02
9.563354116502080157e-03,-3.318178772327758791e-02,4.336610995000562269e-02
-2.915986017387919155e-02,-4.713616682050776607e-02,-2.509126206308688427e-03
2.193391765410487512e-02,4.643724936481486570e-02,2.112345254714278683e-02
-1.835131397614822232e-02,-2.191872257548736075e-02,4.766359563728937015e-02
-2.099360741450295026e-02,-7.778508991715055512e-03,5.092236427688966172e-02
-1.477477964569631590e-02,9.886577521793778883e-03,5.275974756638629470e-02
-1.309427699665246560e-02,5.152104896988269483e-02,-1.670500087399404490e-02
-4.813425905727608534e-02,-4.917734970179662296e-03,-2.773357772472966054e-02
-5.053230702119570344e-02,-2.302218686276160525e-02,5.658178150882848569e-03
-4.792189868106831729e-02,2.281702643964621247e-02,-1.742793409341760608e-02
1.558144851039935073e-02,-5.337555906204210360e-02,-5.868091006749736813e-03
1.862976346019154170e-02,5.263472395112010066e-02,-3.740787882494585846e-03
-5.211965191011218822e-03,-1.442867017807487884e-02,5.386496614765352853e-02
-1.061691971649033825e-02,-2.710271754644078337e-02,-4.790427800595451618e-02
-3.494885102169459357e-02,8.168678722597876030e-03,-4.311910934656974087e-02
-5.051851687052517914e-02,2.072880153423112617e-02,-1.307343805366511548e-02
8.064922584668655914e-03,1.302178043494638636e-02,-5.406867148534663658e-02
-1.552267317038861713e-02,-4.339689095370100058e-02,3.223507969396365719e-02
-4.636611384026703003e-02,-3.176886091264191636e-02,-3.095194737732824813e-03
1.719945176388294750e-02,4.700393027491933662e-02,-2.586080040519882911e-02
-3.865417861696085478e-02,3.710773815945703213e-02,-1.755439043116542239e-02
2.700817271924837656e-02,5.633602047639553467e-03,-4.922827164656203014e-02
-1.177198765992129408e-02,3.849256097223617296e-03,-5.510463475019363594e-02
-4.612237432522484776e-02,2.965819893722038483e-02,-1.372412545631081400e-02
-2.607325905177118597e-02,-2.144909631439083364e-02,4.539463290480896807e-02
4.772852965535528003e-04,-2.402520511444168963e-02,5.126821968292687853e-02
-3.010185342027868471e-02,1.412173257946199544e-02,4.588728014794068999e-02
-4.783049376918985240e-02,-3.691556231104000546e-04,3.047316217357559989e-02
-3.531205659885347514e-02,-4.443353287750061165e-02,7.384733246524139089e-04
-2.604529800821016317e-02,6.874753857400160359e-03,5.001525874644619646e-02
-3.940049527822942627e-02,6.566154225338739249e-03,4.045927835209946200e-02
-3.911428777764987957e-02,1.282042415781885214e-02,3.928736938338875384e-02
-8.747097932612938817e-03,-4.185552350247363079e-02,3.761267738717104930e-02
-2.926792186604691703e-02,4.840195552096560050e-02,7.005158192269304689e-03
-4.318218302218385790e-02,3.553394783785564920e-02,-1.124248377642723777e-02
-9.486085948692565481e-03,4.739731855955676282e-02,-3.037413417944348146e-02
-4.744589721216725675e-02,1.242095586587946277e-02,2.930888931115774310e-02
-2.178427761286216499e-02,-3.795014782132157677e-02,3.680979151008725164e-02
4.273988343225516157e-02,3.762399139453806440e-02,5.726478957757340574e-03
3.396277241431517463e-02,1.623164883368270750e-02,-4.316763323834532651e-02
-3.852221791477921514e-02,4.225110150378848239e-02,-4.073177270191017871e-03
2.906636347069856824e-02,-4.209147087171514340e-02,-2.597093961722914124e-02
-1.939924611499675364e-02,2.228348574231310900e-02,-4.922884170058122039e-02
-5.005540602777691639e-02,1.198835514391558086e-03,2.819061761070007499e-02
-3.072097321993105812e-02,3.461351523690400778e-02,-3.413425485177798424e-02
-2.484435296522261374e-02,-3.554657702057892332e-02,-3.783582799952542319e-02
-4.411341364452020519e-02,-3.419296742348168494e-02,1.423127626461802644e-02
-1.067487060968423662e-03,-5.711459198103405188e-02,-7.732798264705126670e-03
3.327873917538060750e-02,2.749536552114227941e-02,3.827367511839833286e-02
-3.760459129298494851e-02,2.995744784410776795e-02,-3.197064322192991193e-02
-4.609975091722757351e-02,-3.482762493381690722e-02,-9.264772412288839682e-04
5.451984776768494662e-02,-2.375128873037554798e-03,1.913863473813912086e-02
-4.461296418880915382e-02,-2.766914150506958464e-02,2.436757259661102848e-02
-3.812551013640088152e-03,4.895217370306956250e-02,-3.072718700476894521e-02
3.995909398888063124e-02,2.314965590094311340e-02,3.503870128794787930e-02
-4.740605650752025002e-02,3.239378292524811020e-02,-8.306056333480003190e-03
-2.529710625848028555e-02,4.411008622783722105e-02,-2.802454026899001832e-02
-3.105493363729293355e-02,3.060005173833545492e-02,3.841332349396608253e-02
-3.169665484240927200e-02,3.396518589981889491e-02,-3.497686581354306906e-02
-4.277590185033092879e-02,-2.446255569776829147e-02,3.096508586097728583e-02
-5.162389791875721112e-02,-1.054700835221928680e-02,2.482143965049462761e-02
-4.971267367543271559e-02,8.719724278605537823e-03,2.916034585801107609e-02
-5.288778085790681732e-02,-8.036645990715714574e-03,-2.326680065684292795e-02
-1.035903206026831704e-02,5.624737605485134045e-02,1.171806504836033803e-02
3.295114334108087406e-02,4.545294183332519722e-02,1.618588969859035762e-02
-4.360477108157654463e-02,3.593572788684850500e-02,-1.504394053618775783e-02
-5.816660085431524241e-02,5.370763584568064714e-03,3.495236899139162086e-03
4.911835021388665651e-02,7.999606896999005706e-03,-3.087315499527044926e-02
3.753984239112459487e-02,-4.357284544437123319e-02,-1.128134086875705842e-02
-2.801607673850280492e-02,-3.523331886678024438e-02,-3.760529242220447821e-02
-2.910072055812256211e-02,-1.075283083608093333e-02,-4.983287171652656111e-02
-2.274953469308378315e-02,-1.022851298425107164e-02,5.318807816329008953e-02
-4.131303894527234982e-02,-2.783775544123122739e-02,-3.122136629860673349e-02
-3.319458698969961208e-02,2.390606395206110527e-02,-4.229004104912661294e-02
-4.137165607746471491e-02,1.578856440365447936e-02,-3.881085404979219000e-02
5.344796185495512275e-02,9.839873117007302133e-03,2.278189700738059500e-02
-4.728705345473648708e-02,1.082433860628795839e-02,-3.353564199274972762e-02
2.100361451948739092e-02,4.331493420656831045e-02,3.414504418578764161e-02
-3.683845062894088723e-02,-2.206280565620929654e-02,-4.055527604262668118e-02
-4.845234749245791450e-02,6.779014518150194499e-03,-3.317128284202659760e-02
2.013111300365472145e-02,-5.525817225809726702e-02,-6.367293209184404605e-03
-2.009038969280846007e-02,-4.645935489734758644e-02,-3.070057730611977162e-02
-1.372873097977281472e-02,-3.686433737057552562e-02,-4.430028183692170940e-02
7.534095955044807329e-03,-3.937565447228142529e-02,4.368203387644811753e-02
-3.911544584232792138e-02,-3.710123292195808414e-02,-2.478221352822214743e-02
6.933355047545582475e-03,-5.807193396581883382e-02,-1.027669795528475712e-02
-5.851711369159747628e-02,6.243864499754511223e-03,-8.255127757763004379e-03
-5.941316044150820241e-04,2.062561611855992169e-02,-5.577607937291626655e-02
-4.931697934803661726e-02,5.377237851131809118e-03,3.287881230341188621e-02
-8.841847473613859837e-03,5.074249862869566891e-02,-2.990772018440182242e-02
-5.567425546596782571e-02,-1.279472244448065510e-02,1.701411499017248252e-02
-1.959543369284660885e-02,-1.135522270387293031e-02,5.518371656419122917e-02
-2.839407586342595005e-02,-9.664686670610071403e-03,5.161290744327397262e-02
5.113646015420607316e-02,2.970622790771455801e-02,-8.454763149331079308e-03
-4.725423392008178125e-02,-2.143160458154330303e-02,-2.969785614142284383e-02
-7.003266924235051517e-03,2.192473944334421415e-02,-5.522552650050267103e-02
4.775335059914805752e-02,-2.643799242231080135e-02,2.460911042396554324e-02
2.831299197164858020e-02,3.028864440552954743e-02,4.325842848184081185e-02
4.762873547233206772e-02,1.972643294822845964e-02,-3.062762071171808501e-02
2.572349601762431714e-02,-4.994233197287584192e-02,2.109755755402558178e-02
-1.910051407883362959e-02,3.980023241627296537e-02,4.071259980414353857e-02
2.846246965981427679e-02,5.226425501893411374e-02,-8.372717149476467668e-03
3.027836124002209264e-02,-5.024717430743517316e-02,-1.325037687969233061e-02
5.618948622315434772e-03,-4.663179669892945217e-02,3.763505209019992609e-02
-3.909894973334227669e-02,-4.246726654203324819e-02,-1.719482028716197430e-02
-3.736100826292621663e-02,4.251150915794617291e-02,2.074007316486003658e-02
-5.076229046817713059e-02,-1.830354633279115961e-02,2.695848286705240099e-02
-3.432285570589897750e-02,2.156914152498777201e-02,4.472884318845914836e-02
3.157495099643457814e-02,2.852294819850537816e-02,-4.288107778594014291e-02
-1.535830476385950487e-02,-1.319454495882576434e-02,5.696241584887660331e-02
-2.353675341186283257e-02,2.540049310595115378e-02,-4.960740023207649285e-02
-1.751288371420147219e-02,3.042332052271881290e-02,-4.932694293449309264e-02
-3.806468880521692022e-02,-8.471179450393063462e-04,4.712915987067761714e-02
-4.135897296481216151e-02,-4.360855998827955354e-02,-7.993399022951068120e-03
-1.328138737992600436e-04,-2.150425691392081687e-02,-5.673698341679384027e-02
5.726403232959236672e-02,-7.781339216682125332e-03,-1.863299366447037156e-02
-1.831113242017451403e-02,-3.703217057477889429e-02,4.456006171721041409e-02
-4.004888402393447927e-02,-6.349707889418501096e-03,4.531465913167535831e-02
-2.079551467253396013e-02,-2.872437562128150705e-03,-5.711671396727620309e-02
2.010274515208039688e-03,5.964890881229373276e-02,1.209805933535612436e-02
-5.733603302162890852e-02,-1.738799860451596332e-02,1.113583035655702456e-02
4.541865394495715053e-02,-3.141896402205150707e-02,-2.586772083720137796e-02
-3.258402492038263432e-02,3.379819419669698871e-02,3.899337049359249963e-02
1.944045860492631117e-02,-5.699190923735552444e-02,1.019243024233246545e-02
1.230425464148160800e-02,-1.401927048080780364e-02,5.820082944759574772e-02
-4.680806485812041146e-02,3.102264380281306508e-02,2.423320599298055267e-02
-5.795899574432725188e-02,-1.666531009950735507e-03,-1.959597382417322883e-02
5.763082516297410307e-03,3.196768594450596912e-02,5.192548799039919255e-02
-5.229537823331104063e-02,-1.751786732617508294e-02,-2.674133331016134707e-02
-1.615550136133198783e-02,1.026341358089488502e-02,5.827368294861972470e-02
-4.200038856731291848e-02,4.387823917266003848e-02,-8.843467118464624216e-03
-2.942326145104660895e-02,2.755772470057576973e-02,4.634396297855067348e-02
-5.721087466131115351e-02,-7.621264418800611368e-03,2.114549852630279864e-02
-4.256839843460769740e-02,3.882141647825672337e-02,-2.155249732877040358e-02
-2.288852291954701981e-02,1.946192274655783247e-02,5.372533665970577466e-02
-5.571700708873323499e-02,-2.512604262115388301e-02,-7.664369755279941757e-03
-1.979529073321526639e-02,-2.374522482605178481e-02,5.333046928563325156e-02
2.473457022037430647e-02,-5.639401848100751569e-02,-3.623143105902293555e-03
-3.908700846603086615e-02,-4.234718810132766242e-02,-2.212503576460152915e-02
-3.392232395605952744e-02,1.636036390547458003e-02,-4.896524330209527792e-02
-5.902258367239046621e-02,1.835852708125696592e-02,-8.151827518347225330e-04
-3.080345594685119162e-02,2.905397087195438904e-03,-5.356731319905606858e-02
-2.568989704976551783e-02,-4.261282955100292175e-02,-3.682816267369275198e-02
-3.996899619269028009e-02,1.576048503288276365e-02,4.462746805788796872e-02
-1.268437852218058312e-02,-6.061043122256528498e-02,-2.897228073226102221e-03
7.585818107985517478e-03,2.966762591815451031e-02,-5.394986036638894922e-02
-4.655433041701159680e-02,-1.513403846852355919e-02,3.817516925408786371e-02
-1.918342679287713889e-02,5.896452846103986817e-02,-3.775993933112680931e-03
-1.086047172435291273e-02,-5.622552843035363151e-02,-2.419106098773666016e-02
4.380425380840020401e-03,1.715637104471125912e-02,-5.963495863860811957e-02
-6.853848622531667767e-03,2.917156195058240656e-02,5.456457981931994022e-02
-1.892504750985567934e-03,-6.195524177845872227e-02,6.213381740429874123e-03
-2.393842284059731138e-02,-4.599277496088474693e-02,-3.460705484683511413e-02
-4.950073291258143271e-02,2.296699559449241757e-02,-3.022612556329178427e-02
5.115610936584747553e-02,-3.059132283180140618e-02,1.854834091895272291e-02
2.359518779410987172e-02,-5.654390684339017509e-02,1.217638980704982207e-02
-4.604363265428582791e-02,-1.204303619457449889e-02,-4.052844291164664492e-02
-4.007230732546318563e-02,8.703399548663776422e-03,-4.723834384967637301e-02
-1.295975067060135648e-02,-5.920370666468764004e-02,1.566400545504377170e-02
4.684012090958893787e-02,-2.397234286198270461e-02,3.398706889774712192e-02
1.635061443892418809e-02,-5.890004335524099549e-02,1.387912622713475576e-02
-1.513424496667521192e-02,3.012841717743591774e-02,5.289440050290773743e-02
-3.587367808125514757e-02,-7.163662842244901754e-03,-5.100728595809084914e-02
-7.734183368362735657e-03,5.879726417569340613e-02,2.069890521017202223e-02
8.179515010704650757e-03,-5.815081315540152757e-02,-2.241334049847884882e-02
1.037354243151296200e-02,-2.047930984680973107e-02,5.855908143686404388e-02
-6.288163500035313935e-02,-7.812888251718671335e-04,-2.620610139415662388e-03
-4.713602666508671241e-02,-1.655966411861971299e-02,3.835297806716899544e-02
-3.628172724232010121e-02,-3.452428877325436352e-02,3.826342152247115547e-02
-2.532437746224039388e-02,5.641458747831989279e-02,1.240368793546925939e-02
4.115455342856334103e-03,-6.252855074736810015e-02,-7.511757387226749780e-03
-2.054325389420572426e-02,4.579555685874712317e-02,-3.833180877789118396e-02
1.158935528668130280e-02,-3.838546754731841926e-02,-4.884906994180585049e-02
-4.271107088978002425e-02,4.615656487595333479e-02,6.687912559631805157e-03
-5.650472222897016256e-02,2.743337821757799513e-02,-7.708637030716634052e-03
-5.335156313536502243e-02,-2.948171801302551520e-02,1.716509286847313007e-02
2.222004210599532251e-02,-5.497367087184128892e-02,-2.235559150190305489e-02
-2.313949721535603701e-02,1.571795037595540706e-02,-5.690801760339404131e-02
-9.972530299387792618e-03,-3.492621445897874793e-02,5.203006687156315480e-02
-3.063172519164077470e-02,2.361463255122137408e-02,-5.035745043874879923e-02
-2.514948964207055007e-02,4.139469101528052419e-02,4.112440841926090496e-02
3.008096782458188553e-02,4.990093066894633889e-02,2.544945851120850033e-02
5.465403011919789562e-03,2.055490660412628498e-02,5.996395636744251967e-02
-3.051951368620329369e-02,1.388890148594226596e-02,-5.412132481885706392e-02
-3.905536469816982270e-02,-3.444943920491239792e-02,-3.669856578753919601e-02
-4.089989442631810496e-02,-3.913641825918209860e-02,2.932268269055925136e-02
-2.366583582010503876e-04,6.719703415383010588e-03,-6.343879634623271480e-02
-6.111783317300597401e-02,1.842470589850216112e-02,-4.936933118700370833e-04
2.037759376099805911e-02,5.564065554225084559e-02,-2.386181293508584517e-02
-5.097192141859299697e-02,-1.282802188528650361e-03,-3.855055553644638755e-02
-9.383841294390642476e-03,6.326948469163072575e-02,-5.063482140512306226e-04
-4.021029813409873754e-02,-7.549020698024545319e-03,4.922294569106887285e-02
5.933862760476701220e-02,1.804715270638059324e-02,1.598111614033025096e-02
-1.674550346316719396e-02,-4.806695159621358210e-02,-3.894534471676115023e-02
-3.881804560521035646e-02,-1.990485361149658960e-03,5.101172543399698500e-02
1.328482913496871302e-02,-5.913879208079388106e-02,-2.108391242035014337e-02
-4.485706778470860412e-02,-3.939212248936822813e-02,2.366295823892772959e-02
6.219532977380117650e-02,-1.348843512142728317e-02,8.891080075066523300e-03
4.831827598009118957e-02,4.185817775512038624e-02,-6.921191309089869299e-03
3.362133820811170209e-02,2.991217358631914625e-02,-4.598860082150247469e-02
4.463126073463283966e-02,-2.902241469105899460e-02,-3.621122485578449901e-02
-3.254341554287273897e-02,-5.533549102881998166e-02,-5.461805615175801924e-03
-1.576116703498536831e-02,-5.657764945714063159e-02,-2.658752797140142773e-02
-3.429772721810416675e-02,-1.637808547237307177e-02,5.212663434094655379e-02
-9.232176232983394654e-03,3.222413627329840519e-02,-5.516842165838335699e-02
-4.911938295478965322e-02,-2.023038027827871871e-02,3.675080684557351790e-02
-3.159408881656363549e-02,-7.286716282649872631e-03,-5.591729163705182887e-02
-5.357232240657544553e-02,-2.951001471611320454e-02,-2.103839058291131006e-02
5.256039959092334568e-02,2.167813429393635263e-02,-3.092465834906901398e-02
-3.613230694934737447e-02,4.353632438285582815e-03,5.357049143024594090e-02
-2.415663993603785545e-02,5.079612296552744183e-02,3.218586078413834123e-02
1.617158437143835720e-03,6.375572671678388093e-02,-1.173609937702504470e-02
9.520374972467063324e-03,-4.139030787855729060e-02,4.905888054439217633e-02
-3.967882982400344760e-02,-3.792375433292120152e-02,-3.468968671672875009e-02
1.670240823811460634e-02,-6.246015689126342696e-02,-6.417132730659153711e-03
-5.348902546621524257e-02,-3.069068538180907621e-02,2.058771500479499722e-02
5.291837654320191014e-02,-2.295640623727429955e-02,-3.008195885489052882e-02
-6.140278592822945303e-02,1.169118334321909633e-02,-1.818564003920970090e-02
-5.478238018822456645e-02,-1.962194811792776494e-02,-2.927459529301883884e-02
-1.779599660060091071e-02,9.586711765451488149e-03,6.196739920768698506e-02
-2.185983865650870800e-02,-5.465060103630869914e-02,-2.809715434740856291e-02
-2.322280538946117079e-02,-4.751543649975515683e-03,-6.080743930190507518e-02
-6.493767801001923412e-02,7.643910269447922162e-04,-6.882228205364473474e-03
1.434391779609020361e-02,-5.827700704959540290e-02,2.585198766121496114e-02
6.902932293440739234e-03,6.456816025675593540e-02,7.682212138364517655e-03
-3.735565109030090925e-02,-1.771086017329002657e-02,5.071515995740442928e-02
1.357057953594204003e-02,-6.288709287662200276e-02,1.215041799241576431e-02
-4.535157269899230126e-02,-1.235746289430236962e-02,-4.563486283742922145e-02
2.654903448718769210e-02,2.696085299517413450e-02,-5.353230829993340517e-02
-5.570786883624780084e-02,2.924457234979498804e-02,1.855450990132054626e-02
-1.592944476304618967e-02,-6.349865555170530751e-02,-4.742321203717336266e-03
-3.662828199598726353e-02,-5.154630305300263865e-02,1.775103804231576224e-02
-1.031046701763048065e-02,-6.421997943330004510e-02,-9.416817189780371175e-03
-4.506563411526447183e-02,2.383006108509363660e-02,-4.154324770988719606e-02
-1.320471191888358126e-02,-6.414994645286113684e-02,-6.362527453607659880e-03
-5.371459380181698579e-02,1.590765704922726372e-04,3.808170931051481356e-02
-3.464792747645022153e-02,-3.116200059267008535e-02,4.657669457841316640e-02
-2.517463941485372989e-02,7.710910947276166001e-04,-6.092634744422378151e-02
1.095432999435781880e-02,2.577979533383534250e-02,5.972621524808318511e-02
1.629977771064917980e-02,-5.117741549052461092e-02,3.837245050670276547e-02
-4.182077042741595002e-02,-1.882527582026431376e-02,4.753239270551019857e-02
-2.990442972806498304e-02,5.399754269755506486e-02,-2.362472788204181273e-02
-1.076564345606373721e-02,3.618771663860611415e-02,-5.429667520935426567e-02
-3.359635518118674752e-02,6.668652786102661004e-03,5.662009220690695371e-02
-1.293562288169918147e-02,6.534940577565583400e-03,6.460980968831482596e-02
-4.804707216656146918e-02,-5.754471374232035703e-03,-4.525782906133496430e-02
1.121923894775980757e-02,-5.569637454619361105e-02,3.416712772506709517e-02
1.206739005010277338e-02,-5.341544831546023858e-02,-3.744278814882141121e-02
-3.877106665191949048e-02,-4.632163203013704711e-03,5.368041179921093087e-02
-5.455368505938476553e-02,8.453530061333225723e-03,-3.693396267737739797e-02
-1.980754048431658185e-02,4.750655540980636138e-02,-4.204662214787848601e-02
-3.877354947397597396e-02,-2.346239427433755714e-02,-4.866933727864174858e-02
-3.270090736477972160e-02,3.305168161437484209e-02,4.760525653588122685e-02
1.586986292990305927e-02,-5.065145204870914741e-02,-4.020010790981406318e-02
2.873543720106040353e-02,5.252240680866651634e-02,2.923337154575058466e-02
-4.308648388849734695e-02,2.667258386596408140e-02,-4.331852837450907157e-02
-2.123985137357943184e-02,-5.179611082569574726e-02,3.627461174652462511e-02
-4.396463488673640896e-02,4.485984462284988566e-02,-2.258252754364293083e-02
4.389741106921060676e-02,-4.278465066376219844e-02,-2.651804577572010324e-02
-5.984543231398671212e-03,-6.626383297384866311e-02,6.281376236641914371e-03
-3.922227202723956030e-02,-4.281785853898945754e-02,3.316416058446210874e-02
-6.113700728556928365e-02,2.292549271395325980e-02,1.462042516345289991e-02
-2.198567634988155689e-02,6.302352473263295174e-02,-5.214071730275634912e-03
3.344694613748453588e-02,4.319013621880622711e-02,-3.877999380099016180e-02
-4.086637929888647242e-02,-5.516642746255055567e-03,-5.284820563328063159e-02
7.093866187378090361e-03,-2.071850074543828482e-02,-6.339796535651318066e-02
-6.471635055101589151e-02,-1.329220971403996358e-02,-1.180875780668404380e-02
-3.487971737641976100e-02,-5.580597317527848794e-02,-1.337494041893176264e-02
-6.391142451483476650e-02,1.900103764928350036e-02,8.338812135739623668e-03
3.039905334013443330e-02,5.529818387115546796e-02,-2.321012222669050287e-02
6.106715351996624269e-02,-2.015560012954701122e-02,1.976645542014903237e-02
6.505590763906163483e-03,5.925478907982106164e-02,3.127558213307768398e-02
-1.962124899276482953e-02,5.313070100218327679e-02,3.645830538487226241e-02
-9.307107094492197280e-03,5.703391631748996882e-02,-3.468487750526329932e-02
-4.620835610496357680e-03,-6.716964951077414314e-02,3.856847950954588565e-03
-1.872715540259243736e-02,-6.088357703194078457e-02,-2.226952683366094712e-02
2.046394439278752947e-02,2.330801860425708166e-02,-5.997392070658046775e-02
-5.994921463733099420e-02,-1.817456527273362404e-02,2.530108333746071414e-02
-4.893085220813977489e-03,6.346726582261766336e-02,-2.275506073091154713e-02
-1.439242399651951762e-02,-3.455417987646906136e-02,-5.633965632400215334e-02
-2.834388743817099071e-02,3.711096781892417318e-02,-4.899134869137519721e-02
5.520299098510096647e-02,3.684265094775212440e-02,-1.347083095344899992e-02
-2.078609811543751656e-02,1.766878540379489618e-02,6.202764800607044049e-02
3.125626401475336408e-02,-5.721875756894163195e-02,-1.860645303982168958e-02
3.980866774003660215e-03,-5.584076808062802405e-02,-3.832186439873673522e-02
1.749195167240139709e-02,3.415519621278980539e-02,5.599573752565285140e-02
-3.671894454804172647e-02,4.017752783019434143e-02,-4.063273399376216705e-02
-1.316956161112251347e-02,2.239046707971400346e-02,-6.280309574593080646e-02
-2.306781130751290460e-02,6.300101958124842971e-02,1.110011415938875860e-02
-6.148479498570406238e-02,2.369130086823503095e-02,-1.697862483239832507e-02
-3.691349262254199626e-02,-4.382875430682953155e-02,3.676728372248737331e-02
-3.446571061448199663e-02,-2.897093028542724324e-02,-5.112402885816968306e-02
3.040936400290175992e-02,-5.121875342453578034e-02,-3.313976392519789316e-02
1.429786641732208249e-02,6.661973176342010639e-02,-3.030670566948250565e-03
-5.098181098232510908e-03,4.370642531453344803e-02,-5.216348214774673558e-02
-5.157061844536311307e-02,1.838507145465260659e-02,4.080688546600521466e-02
-1.737882019682884457e-02,4.711046858191734327e-02,-4.633348776287053716e-02
2.629098802422057471e-02,6.303761504975087526e-02,2.953952350571447446e-03
-2.653766760781976417e-02,-1.984819342233285280e-02,-5.984108493611970531e-02
-3.141855045597862633e-02,3.976604606723775637e-02,-4.600175749429977895e-02
4.198457671843782574e-02,-2.238813753449653970e-02,-4.925610824286207751e-02
-3.952537584796816938e-02,3.642627630768364294e-02,-4.250225359253059082e-02
3.093566763731281366e-02,-5.971838877628111303e-02,1.333201730971744943e-02
1.023537553404177880e-03,-5.390785345245747290e-02,4.241949667755857273e-02
-2.478017209509206578e-02,6.093394995787702884e-02,-1.962114590579238510e-02
1.101126286897971020e-02,5.265185405986511080e-02,-4.270833175221593059e-02
-6.440713767804714940e-02,-8.721413715828308863e-03,2.232935817908999337e-02
-2.431803529315280238e-02,2.177488323872223130e-02,-6.052195023932548795e-02
-7.802444873606503503e-03,-4.036327047609377522e-02,-5.517085619084946546e-02
1.938305159394013502e-02,-3.796862386290481006e-02,-5.405601760970241143e-02
-3.429601353990870127e-02,4.192572011470602211e-02,-4.255428649410968739e-02
-1.834823744377519356e-02,-6.632924287092920035e-02,-3.755183170241677137e-03
3.456120883761308517e-03,-5.454852026498219035e-03,6.865934774381408923e-02
-2.890288407798629819e-02,6.226462579255699625e-02,7.001794387459373166e-03
3.166060832273308312e-02,4.634280896877155526e-02,4.020839124744698262e-02
1.520004795813158747e-02,-2.086465032845215631e-02,-6.407706084175190941e-02
-6.242572186687105756e-02,-2.786071963310044614e-02,-1.022424026581381790e-02
-5.513244104724705774e-02,-2.860943628413531101e-02,3.041580258308614407e-02
-1.007183516141479419e-02,-3.224154360166719274e-02,-6.039643555891239385e-02
-3.666415158817969838e-02,-3.279106596719907896e-02,4.873044801991094355e-02
5.303149815333736694e-02,-4.426080145868412086e-02,5.319311379348239631e-03
-2.694500741565567653e-02,-4.878853999179630363e-02,4.121628148906319317e-02
1.342693194739309759e-02,-7.934723909167110817e-03,-6.758238030447273614e-02
-2.584687996681324026e-02,6.218284002077502370e-02,-1.677313002589783664e-02
1.938922751411929074e-02,3.241534682068712009e-02,5.826570781752112710e-02
-8.005774551920559826e-03,1.391160847415379154e-02,6.759770565526572461e-02
-4.034425852868132184e-02,-1.266084285879459648e-02,-5.517793495185131097e-02
-6.433479067899267045e-02,1.609752344657024506e-02,-2.097503063105534207e-02
2.453438409206249587e-02,6.510508771359695135e-02,-1.710513181603185492e-03
-5.004550924412511093e-02,4.827126649784968526e-02,3.788535095732295781e-03
4.496129017387366471e-03,3.036213860582191032e-02,6.254945750641192903e-02
-4.715111022978651228e-02,1.587451625130322300e-02,-4.883411250903658962e-02
-2.895222132634569026e-02,-5.953476081441765738e-02,-2.197425495103242504e-02
-4.101099467916518443e-02,6.087439452358837065e-03,5.614283123465128172e-02
-5.459710461450321961e-02,-4.352105883548398890e-02,1.240838140157264667e-03
5.683801812071156284e-02,-4.023130780924494276e-02,-5.730464431087075976e-03
-2.743292164917176743e-02,6.364457148477271897e-02,9.178843674107078215e-03
-7.916234511704409171e-03,5.781982980637742631e-03,6.925922979147039471e-02
6.640012907494038941e-02,-1.359620253522360496e-02,1.745272263491021159e-02
-1.343822177305879773e-02,5.540064316175910553e-02,4.067071035001749296e-02
3.901634357511569312e-02,1.312296059747897897e-02,-5.670034859210647954e-02
-5.028627213584000669e-04,5.767726979678401006e-02,3.984959873730711810e-02
-5.249906380321989197e-02,-2.192828667154870376e-03,-4.646982624993743760e-02
2.069813859849339507e-03,-5.874786994459303691e-02,3.834452577744531382e-02
-6.618330347872004860e-02,-2.338359458620848860e-02,-2.090958851141522679e-03
-6.515410573872940092e-02,-1.995650021474765917e-02,-1.713390470310540911e-02
-4.933057560708008216e-02,4.880937263365483364e-02,-1.124837428452051848e-02
-5.269494542484365329e-02,2.707071975290155732e-04,-4.659455154804786198e-02
-6.669877077126902531e-02,2.001467995375415601e-02,1.020131618013223745e-02
-5.359266820309362134e-02,-4.264522975535691568e-02,1.637339320858248806e-02
-2.676800980361294935e-02,-1.509136295790205508e-02,6.340426421980611960e-02
-1.270693245644444885e-02,-2.720211015483862266e-02,-6.378443295725159945e-02
-6.709063979017530766e-02,-1.635337412339062102e-02,1.438009293184846528e-02
5.020207363996403299e-02,-4.444423211440694937e-02,-2.203034516082732694e-02
3.273315330031717485e-02,6.117888746282337115e-02,-1.311711053698897365e-02
-6.506879190668560242e-02,-2.582999233387978100e-02,9.525683015763078409e-03
-2.702904397555427538e-02,-6.022184072371856989e-02,-2.530092210912410211e-02
6.789509563318775476e-02,-1.966073650510484147e-02,-2.567042801989939151e-03
-5.024257224180739972e-02,-3.647501726558811941e-02,3.396523982109497797e-02
-2.227617008877624469e-02,1.936101428734228816e-02,-6.436463728480174007e-02
-4.418707734944033599e-02,4.767247315846281225e-02,-2.818197754094591695e-02
4.191068319977216128e-02,-5.606224938895657678e-02,1.119861090032176279e-02
1.884144233094505252e-02,-6.578546321951429798e-02,-1.864585111386381569e-02
1.181923531106378322e-02,-6.113045374817709793e-02,3.404809645560070985e-02
-1.959964444375787707e-02,1.443621306960056819e-02,-6.669973340109427995e-02
-3.078157456343957876e-02,5.458006189111395956e-02,3.347271346347749366e-02
-1.173757850363571671e-02,-2.039528989686464205e-02,6.707218927605464176e-02
-3.572718919034750806e-02,-3.239237571337438837e-02,5.227070275664243842e-02
-2.192467828318294190e-03,6.250880880431415598e-02,3.393042012820091102e-02
-6.147062292732605876e-02,-2.954445176816026739e-02,-2.043104437687248351e-02
-5.063290339052455707e-02,-1.607024816599339836e-02,-4.746055120839857283e-02
5.474529627625338707e-02,3.600236308783345135e-02,-2.804887159237039185e-02
-1.711813385797385234e-02,2.000647751559620630e-02,-6.627349940125398797e-02
-1.932883232918043356e-02,-6.832227511538979670e-02,-7.031312088717629229e-03
-1.731383449240220598e-02,-1.074532292652759582e-02,-6.841970488771487169e-02
-4.966148117084884933e-02,1.110318460060561764e-02,5.012438857378417184e-02
1.051498473992372971e-02,-7.049392677228022430e-02,-5.248854826503623200e-03
-7.426595942341041381e-03,-7.084808095528230543e-02,-6.198112855825636466e-03
-1.566452389370137990e-02,-3.754110483872474813e-02,-5.885424243298615493e-02
-1.899644546974934081e-02,9.180280546278556109e-03,6.840251817743485396e-02
-3.411765725523370485e-02,4.397335773021250616e-02,-4.507648295385233844e-02
2.963397695625017217e-03,3.439061064192612538e-02,6.279791659337224941e-02
-4.680674315981815659e-02,9.022827340168852045e-03,5.355656881971269934e-02
-3.616965101121305537e-02,-5.153246682365889703e-02,-3.438408740161286170e-02
4.914286376239839632e-02,2.226690192162467802e-02,4.733691607071303931e-02
-3.521533451326994829e-02,-2.185297246171621563e-02,5.864693649957146426e-02
2.732377053770906374e-03,-3.693856063387707112e-02,-6.156889628509094881e-02
3.281953506106630863e-02,2.899415088645117614e-02,5.701216228549058074e-02
-5.819577261205276242e-02,9.474667641119196779e-03,-4.119671843515938792e-02
-4.715220578811456925e-02,9.889304834927279894e-03,5.346097626991876822e-02
3.831354721442228883e-02,4.241826213647884730e-02,-4.378911191676914533e-02
-2.573815483586750982e-02,-6.726865991136808665e-02,-1.648430791535664261e-03
4.817873048571868350e-02,3.848459071769038536e-02,3.732972656701105674e-02
