-0.000000000000000000e+00,-0.000000000000000000e+00,-0.000000000000000000e+00
-2.422444647271296617e-03,-4.771433846132662796e-04,1.255836456981726849e-04
-2.621128334916827691e-03,2.033984741110900479e-03,1.113984909385914599e-03
-4.205922271223761291e-03,-8.101652008425211686e-04,2.351543491902499086e-04
-2.724530521783189753e-03,-3.804993315838486878e-03,-1.633012122705450493e-03
2.110194242398828138e-03,5.035668696046490499e-03,9.668208787306077721e-04
5.361618987238078032e-03,-1.188718169386361340e-03,-2.602630390187755677e-03
-3.460283731652335701e-03,2.516652073388014714e-03,-4.982376793611560314e-03
-4.179153200072060169e-03,-6.406169876835842185e-04,-5.609072545088189532e-03
-7.153101535719444751e-03,-1.878348721944725526e-03,9.255600779141505766e-04
6.652096645820454218e-05,4.577382961203277194e-03,6.388813293999488947e-03
-7.674423055810589535e-04,-5.369924005456308026e-03,-6.211125786551274265e-03
-6.851968946684932650e-03,3.344940542210400949e-03,-4.012653664539067577e-03
-4.565677047026613262e-03,-7.605195954656743772e-03,-1.340926863454132293e-03
-4.549897413816681238e-03,-7.157910359192425770e-03,-3.846394337629957787e-03
-5.504243598613470234e-03,-2.412296179524815558e-03,-7.541335735523124750e-03
-7.820363817340313800e-03,-5.312891670257582433e-04,6.148902910202994065e-03
-5.903469450747049659e-03,4.597112775003163085e-04,-8.393723427437996959e-03
-4.402938428945226031e-03,-1.737004319125151543e-03,-9.454465977435403887e-03
-9.069135931591074118e-03,-5.979759688116380138e-03,2.488609486458525180e-04
-6.195631880160504430e-03,-8.115408086239322277e-03,4.484080152613379062e-03
-6.699791024322774777e-03,-9.208012953098249423e-03,-9.834550882744882462e-04
1.032313658253115841e-03,1.137159014662364638e-02,-2.560758413487130604e-03
-5.274046830219703864e-03,6.813541300319824780e-03,8.306365719466170250e-03
-4.533367198094044592e-03,-4.411451744445865891e-04,-1.134873472416620711e-02
-1.391268417463483028e-03,-1.238625214116641747e-02,7.027813966863563763e-04
-8.746219198652186236e-03,-8.360011311641660919e-03,-3.971948809647083203e-03
-8.160188424111449595e-03,9.306795272361730043e-03,-3.908425155067912597e-03
-6.082229585629944472e-03,-1.144930613860138668e-02,-2.592974416409122955e-03
2.734733060242943922e-03,4.618056920209127371e-03,-1.234203124165378362e-02
9.370012580532756027e-03,3.383949782034181581e-03,9.392250342265448179e-03
-5.675385364110521053e-03,-1.217740339362891923e-02,3.646853053213358013e-03
4.286459236586519748e-03,8.207853611543133171e-03,1.069562106460436417e-02
-7.604232348923247549e-04,-1.430581664527869230e-02,-1.117421901593236653e-03
5.595800296215667179e-03,1.236984132497570381e-02,5.339082958880039809e-03
-5.296765465051981453e-03,1.153921398894718758e-02,-7.614140986333735317e-03
-4.013145745023276659e-03,-9.813161705957843331e-04,-1.443857596737941479e-02
-5.944561968370381394e-03,-1.182740831185863893e-02,7.528347274739241243e-03
-4.700412026454012758e-03,1.452823664162098370e-02,-2.258808952183726567e-03
-1.504500487589533787e-02,-3.868595839598445735e-03,1.820930179069073489e-03
1.378150053410014553e-03,-6.008054918620745095e-03,-1.459486150856317312e-02
-1.491941961737574748e-02,2.776357232598006958e-03,5.204287265279061020e-03
-1.386153877771146604e-02,6.284469299156621343e-03,5.667850666751866710e-03
9.003972791140240836e-03,1.346930700313672680e-02,2.766020270641401328e-03
-1.427673974940855788e-02,8.190930053855403556e-03,-2.369551708422777594e-03
3.614133610870942648e-03,-1.360452988359219136e-02,-9.207423554766058782e-03
-1.393514076388048008e-02,-6.734291333577895229e-03,7.055278268777093360e-03
1.209948243143774659e-02,-1.201124397048469912e-02,-2.246270906667703886e-03
-1.173588075177117371e-02,-1.281821997393707037e-02,2.766094979404670512e-04
-6.639350395276749292e-03,-5.244613926197307617e-03,-1.539258547021856403e-02
3.014788516592353113e-03,1.056081111196809259e-02,1.393939573552102629e-02
-3.744403276606969415e-03,1.749214371287146144e-02,-1.158392242775994245e-03
-1.391211742349578694e-02,-4.463164115866294426e-07,1.158469205177066821e-02
-6.609143571751193748e-03,-1.441639968164668169e-02,9.091569753920733868e-03
-1.314540045468681750e-02,1.295166040972815964e-02,-2.098884411230950359e-04
-3.094792249707776881e-03,1.717895039068483010e-02,6.505498643494481842e-03
-5.696786206874604810e-03,1.546165771231259103e-02,-9.051348809957152422e-03
-1.771774627166531474e-02,6.266958691141605309e-03,2.584720615325836277e-03
-7.014052189307608438e-03,9.556536746517518832e-03,1.502610295751854834e-02
-2.590857028232028923e-03,-7.042181517496388411e-03,-1.778877176848000022e-02
2.345585459710027281e-03,-1.835803865722330716e-02,6.055263810798754490e-03
-1.211172263989321318e-02,-7.591044135532825764e-04,1.543887972073152391e-02
-1.830258171787426530e-02,7.292560153267876703e-03,-1.977263311918260689e-03
-1.981496690821949597e-02,-7.523295284776994676e-04,-2.307872067695221699e-03
-1.832359640562179412e-02,5.682017205723207710e-03,6.077673508296623124e-03
1.945183640296416867e-03,2.015617006737251138e-02,1.174084714008131417e-03
-1.158857843163788731e-02,1.340591499416191566e-02,-1.019206738667633415e-02
-1.370387686631373801e-02,-2.799779006052248616e-03,1.512343837841694308e-02
7.735241946621214046e-03,1.694948320788354848e-02,-9.148715957202790960e-03
5.297148298035664511e-03,-1.282012785174244975e-02,1.564832410165229240e-02
-4.599247173807487384e-03,1.109768059056488732e-02,1.730445573014068386e-02
7.435345303730767422e-03,1.975540542609980493e-02,-2.160714181635244382e-03
-2.111666898845283510e-02,2.399215949719128976e-03,2.243945508405631190e-03
-1.374839316734315781e-02,-5.967791445454400864e-03,1.544510273155183001e-02
3.515646683478740493e-03,1.286539685793539924e-02,-1.708179560267366823e-02
4.224280623400284047e-03,-7.927701499504002935e-03,-1.988611679110090930e-02
-1.734023981586274923e-02,9.748657619713562567e-03,-9.322971084326284880e-03
-2.068062667912742847e-02,-7.667712596493645415e-03,1.626632486189968528e-03
-1.841076039436437273e-02,1.140619363851035940e-02,-5.154004487308893115e-03
-4.398678464671501413e-03,3.109253024765350659e-04,-2.196979110158496853e-02
-1.162146955661762238e-02,-1.764307512777408757e-02,-7.891678887186302782e-03
-1.652804273542321858e-02,-1.555318728357635294e-02,1.964075745602234327e-04
-1.848139933560124723e-02,-7.272580564923417784e-03,-1.127686827370266362e-02
-2.285562698238535750e-02,-1.948137886795120368e-03,-1.397109267926209325e-03
7.810260006677551166e-03,7.536358953358626364e-03,-2.041664154077449736e-02
6.149075443742069505e-03,-1.136007360988288382e-02,-1.934645881177819021e-02
-7.285639809688060527e-03,-1.494599128576986312e-02,-1.646812832637166435e-02
1.970978971035197008e-02,-1.285926029602955586e-02,5.858740083222654113e-04
-1.759627089544696724e-02,1.133097283146214732e-02,1.107608704290766882e-02
-4.782688371111335456e-03,5.198166172752239321e-03,-2.274481729374237121e-02
-2.386244607189090539e-02,-9.338810115591702999e-04,1.859638310895081210e-03
1.787801415598916366e-02,1.216964358978117784e-02,1.060898269301778669e-02
-8.169054731476412673e-03,-1.034399428839933438e-02,-2.032418694955541102e-02
-1.526385007757996050e-02,-1.471738079654327791e-02,1.198960056734771698e-02
-6.187224765139781243e-03,2.366875465163417389e-02,-1.174893753202786804e-03
-2.080170084749789414e-02,4.570193724151617315e-03,-1.236172822805010896e-02
-3.685867730771167326e-03,-2.181827636331841805e-02,-1.110527255198551048e-02
1.379013893651595025e-02,4.458987291927815448e-03,-2.023467554511292760e-02
3.546927777996081253e-03,2.079585752801464335e-02,1.345323114632520495e-02
-5.622553364808918069e-03,3.346849338904854098e-03,-2.428520084311533433e-02
-1.270281091600355960e-02,1.835787553124619900e-02,-1.186433990157375121e-02
-4.643711975554958883e-03,-1.984359232393797384e-02,-1.517748359024643882e-02
-1.976249397051882059e-02,-8.036970646362648352e-03,-1.403902303797650852e-02
-4.732564488953742814e-03,5.773466481017682818e-03,2.455749351495269475e-02
-2.051538591132730238e-02,-4.855340212710382384e-04,1.562829675665730264e-02
-2.403256862255245124e-02,8.009264605717889354e-03,-5.496364038600791944e-03
1.990026330730134459e-03,2.597159225873104521e-02,6.083669598496085771e-05
-6.284858022020885053e-03,-2.456636386939583042e-02,-6.484505586455915731e-03
-2.420093249381624623e-02,-9.742023596018885984e-04,1.024644763838649872e-02
9.695469514164329131e-03,-1.557489011069171370e-02,1.901621545559959575e-02
-2.010700242789314335e-02,1.726312019517884863e-02,1.569430939057870874e-03
5.108193725801354369e-03,-1.274121224640454610e-02,2.286731700060309208e-02
-7.645584480970318668e-03,1.279634368145528972e-02,-2.226485981485272492e-02
-2.092895624939756366e-02,5.039328382112303641e-03,-1.615829280692884090e-02
3.370791903194950839e-03,-2.162995042015242175e-02,1.587050700806362513e-02
-1.164471090802272901e-02,-1.514124091359901614e-02,1.930852953566389654e-02
-1.954431687580578114e-02,-1.840314676443486480e-02,4.858789511662358826e-03
-1.388933379647717091e-03,2.717234009708278941e-02,3.254071893543049755e-03
1.177387395016366890e-02,2.486694579035632693e-02,-6.767213457492619313e-04
-1.069297594854806514e-02,-2.215433618916289732e-02,1.260506366365970500e-02
-1.792495178364410247e-02,2.075570191787185978e-02,-4.305350825429480298e-03
1.113612635280952258e-02,-2.515432818305482487e-02,4.526041852267223553e-03
6.609874514682859657e-03,1.689733686856658562e-02,-2.132205243914095383e-02
-1.012857148952048258e-02,-2.474564099371140413e-02,8.689626440220568973e-03
-2.727009852242801707e-02,6.894549781813913772e-03,-2.420240659763615420e-03
-2.444230486826886803e-02,-1.917215325826790136e-03,-1.423225467843287906e-02
1.074655047355455592e-03,-1.514627258646334025e-02,2.407706899310953913e-02
2.398367918576163257e-02,1.380031266729925959e-02,7.156609787633189113e-03
-2.686711668507350478e-02,-3.162734836525545826e-03,-9.573542423552312136e-03
-2.123992652150639635e-02,-3.674879330862854294e-03,-1.911741253925045014e-02
-6.142344878775876822e-03,-1.586641236119967074e-02,-2.339364613899321682e-02
7.487028472326748632e-03,-2.245021738321593616e-02,-1.683116180619308525e-02
-1.796891912263751806e-02,-1.011310135365437596e-02,2.061122870827656814e-02
-2.347239766761735971e-02,1.588668079570317374e-02,7.298325583140727150e-03
-1.710659636632062136e-02,-9.858431330466857836e-03,-2.175797141512241309e-02
-1.465786682467585915e-02,6.583617739573899459e-03,-2.473189776050129310e-02
-2.243519749081975337e-02,4.462440057852756249e-04,1.931214839874459063e-02
4.953327484191715792e-03,1.346832387145274236e-02,-2.602305715247179782e-02
9.172304418098365872e-03,2.719473875930582263e-02,8.129105634651963980e-03
-2.078128983103324362e-02,-1.868583636516816041e-02,-1.074168207004648663e-02
-1.911191440161431540e-02,2.106768469660799670e-02,-9.691980079556791056e-03
1.341538939016854483e-02,2.212503279295948561e-02,1.549839387255751676e-02
-6.275852804420911125e-03,-1.113890573749544421e-02,-2.743854189031825000e-02
-1.722334343276943347e-02,-2.449789159974758226e-02,5.117822219563163827e-03
-2.130222292990827451e-02,2.155333707253905690e-02,3.361640760272588749e-03
6.205245658587933179e-03,2.534517895230391921e-02,-1.598122850668882294e-02
-2.203152767748315852e-02,8.445269904102339908e-03,-1.965262422639564230e-02
-2.838425302293418051e-02,-8.615906316224884384e-03,-8.348191971265387160e-03
1.066814378638315623e-02,1.513769280998472633e-02,-2.476470177037649878e-02
1.293051007259561798e-02,1.515567159109241363e-02,2.379110275059133014e-02
-2.944516284743150733e-02,8.743320065510543776e-03,5.109542500507857285e-03
-2.032754842683747940e-02,2.354702556440737074e-02,-2.926185910842958333e-03
-2.377367625597989753e-02,9.282689219204857609e-03,1.820834782429854234e-02
4.533713957597801381e-03,1.077544485465624022e-02,-2.920450123855200530e-02
-1.807243802891943252e-02,-5.581344043343399418e-03,-2.526802442310113056e-02
-2.661462203741553692e-02,3.568039731688340296e-04,1.715937120593679158e-02
1.443975786897972943e-02,1.952852233624117681e-02,2.048690481185427500e-02
-1.828279923979029414e-02,2.241835873096744217e-02,-1.339460489424354819e-02
-3.069672869382090649e-02,-6.388399491047921409e-03,6.311573698790279123e-03
-2.143867849174887000e-02,-9.869172946045941947e-03,-2.173934733631685892e-02
-9.425674369691369736e-03,8.263516221053481339e-03,-2.965079071564670835e-02
9.616471101151215575e-03,1.187414071915842036e-02,2.845189789203995609e-02
-2.633610508980160220e-02,1.315358280986449017e-02,-1.352999532419521880e-02
-4.304560850764172788e-04,-3.191590524576221749e-02,6.127428647381566625e-03
-1.768563698052092435e-04,2.477794829642946187e-02,-2.119121381216836422e-02
1.160995503353928759e-02,-3.053628643857346503e-02,-1.575186199165936251e-03
-5.379892220182522222e-03,2.601714512968169440e-02,-1.925085824477766605e-02
-2.580632566473888695e-02,1.483555615296491825e-02,1.403802654372187340e-02
-1.843383855303519503e-02,2.502964512857991722e-02,-1.111459662702649759e-02
-1.311264746968094155e-02,1.020331889483422350e-02,2.864391921937870303e-02
2.574834819029925628e-02,-2.066071402914279251e-02,3.658142907564557438e-03
-2.826136354456269470e-02,-1.046653625043163921e-02,-1.420123451700430403e-02
7.541592885038605728e-04,7.376155691215197617e-03,3.258307619150355855e-02
-8.828036314242174859e-03,7.965666849142820014e-03,-3.133615186841830214e-02
-4.661486867852740468e-03,1.170521239081135203e-03,3.327085785772450344e-02
-2.288072802248519375e-02,-8.065022877472009799e-03,2.341342213577175813e-02
-8.692110649408460454e-03,-2.801766246062360050e-02,1.682056415632681920e-02
-3.056343479536602695e-02,-3.635274371459738807e-03,-1.424252189177103133e-02
2.053534751303303860e-02,-2.031686858859418562e-02,-1.795631656771755347e-02
-2.103187722932196163e-02,1.506155154208305667e-02,2.223586054886438762e-02
-2.974140657325726605e-02,8.758319703796511174e-03,1.445976581534787545e-02
-1.561080774600213245e-02,2.463916238030838118e-02,1.806324612021141529e-02
-1.851629344775550592e-02,-2.778563906024348815e-02,8.300362841705702030e-03
-2.377507063877823401e-02,2.377317213047216299e-02,7.752370919235738490e-03
3.165984980756339799e-04,-1.631890836948999765e-02,-3.050963550194452437e-02
-2.712282677493105254e-02,-1.348940391486860325e-02,-1.692226437716940271e-02
-8.453831808856764746e-03,2.348290820985520638e-02,2.424442852861148287e-02
-2.939971991663949125e-02,-1.845663799295858484e-02,-3.528321611772559756e-03
-3.894001570344442047e-03,-1.543330201459099625e-02,-3.115807132509770469e-02
-3.153603667408907268e-02,-1.537283901506736328e-02,2.591170411580497935e-04
-3.322380849727842728e-02,5.421804390838952034e-03,1.021932457671157098e-02
-2.518621012155652927e-02,-1.817813480256012196e-03,2.463215891758351386e-02
-1.342775731478207911e-02,-4.492944279572143665e-03,3.241364690140598193e-02
-3.181709890254744849e-02,-1.486777107531227562e-02,-4.949949563651617063e-03
1.420500081113732979e-02,-1.696296169454014971e-02,2.784066574124479526e-02
-5.118777529233773607e-06,-3.565611526992964325e-02,1.283830762979675172e-04
1.143637011269275743e-03,1.797309621911368296e-02,3.088340998610891383e-02
-3.489839211305004879e-02,-7.554429489362209267e-03,3.148002972803288450e-03
-2.960613046665463988e-02,1.958736487214987956e-02,5.607414477829866621e-03
-9.867615281209567504e-03,3.421688963694348440e-02,5.497369950682655208e-03
4.169493484094978215e-04,1.942787181686720516e-02,-3.045533605249617012e-02
-1.831451487671218598e-02,3.124318103946592887e-02,-5.873014977949055906e-04
5.576072720849910638e-03,2.868569424864613610e-02,2.155694661051529848e-02
-3.294119203434583282e-02,8.144871059605875499e-03,-1.318958815120304523e-02
-2.872072615535764192e-02,-1.883226344879719572e-02,1.235543604381297497e-02
-1.305112083282695436e-02,1.820887764116381827e-02,2.893202613135248055e-02
1.946676775893953215e-02,-1.762961351860845016e-02,-2.561185283544496066e-02
-1.088834236507783826e-02,-3.492203484750355802e-02,3.793511365771691859e-03
-3.176579453005640152e-02,-3.221986480919016883e-03,1.843420360910863129e-02
-1.362134580481020804e-02,3.393061849696702575e-02,5.404826833314128366e-03
-3.546948159543458767e-02,1.070822275124430796e-02,-2.548485170671933799e-04
2.100644257358479788e-02,2.559306122297258512e-02,1.683201203381598510e-02
-2.801476712222050400e-02,2.438678640787439109e-02,-2.613092452522253629e-03
-2.728878266748244533e-02,-1.749362281388550447e-02,-1.850531587787681426e-02
1.438565017279050395e-02,-3.160560741764861098e-02,-1.393096849657691864e-02
1.896635184164522855e-03,1.471480386069620554e-02,-3.444698419594016681e-02
-4.694328471684695858e-03,-2.903712149758104488e-03,3.718917408594223789e-02
-3.360386612149375563e-02,-7.421331445311226890e-03,1.536210997461586597e-02
-1.574745038346638676e-02,-3.400309170954441546e-02,4.784028088174917086e-03
-3.505294073904519775e-02,1.258517995230354347e-02,-6.839223575882748783e-03
1.515024815433563612e-02,-1.104098893414539283e-02,3.300347319197423357e-02
4.837201114839611953e-03,-3.675572893631116889e-02,8.548396346838786630e-03
-2.306601322100271245e-02,1.946813704006850401e-02,-2.330673303509692845e-02
1.261257835208555618e-02,1.735299514544574179e-02,-3.163617360649445542e-02
-3.070899440094305641e-02,-1.847438052471274753e-02,1.354640628267292542e-02
-4.476888163190211392e-03,1.890313256537224859e-02,3.312522499104816887e-02
3.224414933092740326e-02,1.208622512646430683e-02,1.719571058700814295e-02
-4.425194203715152735e-03,3.362369587184955988e-02,-1.838814274627510736e-02
-3.054963441839898819e-02,-3.503121825399767297e-03,-2.344169665480142981e-02
-1.806109874844472052e-02,-3.223599981425672584e-02,1.168376673806757922e-02
-3.252726148947368556e-02,-1.125919520330606605e-02,-1.799696341367553257e-02
-2.958646645524260974e-02,-1.593997516475160678e-02,1.964822008112527413e-02
-3.637890378657462204e-02,-4.814719329747348640e-03,1.325523007131868339e-02
-1.591276166443163914e-02,1.168791582913154131e-02,3.375349745543178986e-02
-1.334723034159421284e-02,2.706962815988877419e-03,3.674863807555318190e-02
2.406684891437381457e-02,1.858389798352448607e-02,2.486326579445903226e-02
-3.199859757028403889e-02,-6.371518806093599482e-03,2.202430456647016740e-02
-3.652462274003297898e-02,1.540783829869153861e-03,1.483158143258923693e-02
1.405944325210827135e-02,3.636947077860243349e-02,6.543284768600797496e-03
-1.170243176411482101e-02,-1.207199787571416362e-02,-3.587988043965858326e-02
-2.510119220411546545e-02,-3.076629611683310769e-02,-4.872747569339263966e-04
2.580060267694436402e-02,1.180650694439203639e-02,2.790404433334994772e-02
-2.259104161790917442e-02,-2.542574200449984265e-02,2.082562493322416206e-02
-3.493557799689732402e-02,1.192211044575239645e-03,1.937641691259921195e-02
1.293873281753576921e-03,-1.143117893311147194e-02,-3.836468062954020292e-02
1.464651774309597317e-02,3.130501610854258265e-02,-2.040844747207817833e-02
-2.813425177284448533e-02,1.597285015399742616e-02,2.389974408717185014e-02
-2.220480326865760870e-02,-1.342864479784314745e-02,3.084350597085211074e-02
7.047613976899040275e-03,-3.324383552907179962e-02,-2.183396131925321310e-02
2.076731519994600393e-03,-3.498470060646533680e-02,2.025198025640619071e-02
-2.075133767644036023e-02,2.657872894469717057e-02,-2.254286485634668380e-02
-2.501385509536512355e-02,2.902001847405146287e-02,1.357267911297260071e-02
-2.485974350898392110e-02,-3.129003530673143268e-02,7.864173315859698116e-03
9.431772661967166571e-03,3.150124755695591500e-02,-2.417600579502770033e-02
2.168317630916918523e-02,-3.462834527731141476e-02,1.825738909181721806e-03
-4.738520309476703350e-03,3.586937055926347345e-02,1.924581289043180571e-02
-7.244494122094736858e-03,2.420095250061565784e-02,-3.237515529183881968e-02
-1.959109984106947866e-02,-2.877284476776822281e-02,2.194279059630894688e-02
-4.058901996354816188e-02,5.698541738119994706e-04,7.227474999126709543e-03
-4.025227218648413235e-02,6.344918924456883179e-03,-6.810566984041391443e-03
-1.570113244975361588e-02,-3.139508967335759987e-02,-2.194467784752431039e-02
-3.724617577661396700e-02,1.738264718776869056e-02,-5.583269534155846370e-03
-1.143940633866506393e-02,2.317079790165249911e-02,3.255339296202239274e-02
-1.554733607565083123e-02,3.572244725407690280e-02,1.471462519672449981e-02
-9.257105926467014065e-03,-3.992056930189355479e-02,7.864654015181665389e-03
-2.816542462619294265e-02,2.327440878157103349e-02,2.032428674396959123e-02
-2.719037725975554862e-02,-2.572433735200491123e-02,1.881160746188949989e-02
-4.177960420881747516e-02,-3.988678810813365075e-03,5.998713512898704329e-04
-3.287374979592232183e-02,-1.065394362810874115e-02,-2.396845876508409134e-02
-3.432068480555740264e-02,2.424334351669887519e-02,-3.146600741974421404e-03
-6.726131265412768796e-03,1.249587357182217577e-02,3.976226180567694196e-02
-3.075908354387789714e-02,1.815791351913258189e-02,-2.265990041503696678e-02
-2.403191875859533172e-02,1.771191098383574289e-02,-3.008214395085439738e-02
-3.959721520948114581e-02,8.174413292980157661e-03,-1.297302881897778766e-02
3.785701115127741712e-02,1.503636372806829886e-02,1.227582647190265594e-02
-2.281717436381150432e-02,-3.552491557505022685e-02,5.846470949019824843e-03
-1.241335456161913459e-02,-2.638916106070575071e-02,-3.119662862546534327e-02
-4.277478778221410066e-02,8.835744457173671292e-04,-3.625344445799880805e-04
-1.651788441130359539e-02,-2.924476933841367240e-02,-2.663428755958386837e-02
-1.499221785606978490e-02,2.793712479960995532e-02,2.896760212406336923e-02
7.772445958774204348e-03,-2.317649412948092139e-02,-3.540764520656151937e-02
-2.450975999107161962e-02,-3.124619559504793545e-03,-3.532227232563687341e-02
-5.999004606850316147e-03,4.021611224731126699e-02,1.455076685063706569e-02
3.032953955706853277e-02,2.946983844198091188e-02,-9.142838616737335167e-03
-2.668946305996734714e-02,-2.484438386835560817e-03,-3.406377577703535720e-02
-3.232405760568405478e-02,1.548004575865551818e-02,-2.452066282728193949e-02
2.125087111723921243e-02,-3.653845131770915716e-02,-1.029471972133265585e-02
-1.892575054064338930e-02,-3.910356688549185278e-02,-3.502537107320594263e-03
-5.801354678612966921e-03,-3.175101214879055833e-02,-2.940512705265854038e-02
2.921034360793578477e-02,2.826758541304678560e-02,-1.615697755780498568e-02
-4.288578292578363454e-02,-5.453080460546688366e-03,-7.164390249212975424e-03
-3.963944135633949706e-02,-1.095898522163080320e-02,1.535506063363416968e-02
9.685191524657712353e-03,2.363340617576050948e-02,3.580126815700051396e-02
-1.335386564485737488e-03,1.470450022902249423e-02,-4.150875698059081770e-02
2.551437520932689496e-02,-3.246382611005830393e-02,-1.558882156350725572e-02
-3.315189236647768378e-02,-2.830283682266868106e-02,-7.396625230753676138e-03
-1.820557652565821249e-02,3.463116784353585578e-03,4.022794968334720417e-02
2.672959589588305013e-02,3.533570221212596618e-02,2.357474298804362357e-03
8.625040407529668482e-03,-4.359942773994690546e-02,-5.075697708281505819e-04
2.354084725929642564e-03,1.183190048057410244e-02,-4.285957924286636078e-02
1.665122356069646467e-02,2.897678844262510656e-02,2.953782445102176926e-02
-3.501311566152963406e-02,-1.646030380089299593e-03,-2.770732252187090017e-02
6.995828464265286747e-03,-3.651461207909356688e-02,-2.491965892373018687e-02
-1.570802052398452553e-02,-2.990998843481970995e-02,-2.947582633598674548e-02
8.015319211019431012e-03,-4.324416245579464774e-02,9.099343362951067826e-03
1.563349951368966364e-03,8.154589133095887024e-03,4.421638204044447268e-02
-4.330245915423854008e-02,-4.852206964880306263e-03,1.150276790334102926e-02
-3.891385108049250086e-02,2.216262721950765929e-02,5.694070830247476532e-03
1.364554313174915455e-02,-4.122814689678314798e-02,-1.260416047282895101e-02
-2.330222787969840701e-03,4.055138815093074431e-03,-4.505426219753327216e-02
2.480682907609243343e-02,-3.739660174360111972e-02,6.694216250075168267e-03
7.591312486729238744e-03,-1.043497968512444550e-02,-4.357887098696127531e-02
-2.033697483111475066e-02,3.281203500935921807e-02,2.413197676737974251e-02
-6.379326859920203020e-03,1.490057656970528339e-02,4.262384625742806493e-02
1.462935868689853834e-02,-1.271309457413603503e-02,-4.136201865713948905e-02
2.391899509411962721e-02,-3.368796924005786064e-02,-1.965714988574255445e-02
5.436951566342391150e-03,-2.405105865950258118e-02,-3.863072201030182118e-02
-1.574441147463333246e-02,-3.205936257009699142e-02,2.883754575187082864e-02
2.498652758312019939e-02,3.777178985860733113e-02,7.950281869576057009e-03
-1.114024340647211744e-02,7.929083211003305071e-03,-4.397972104753434391e-02
-2.250517261121099538e-02,-3.910428404068053143e-02,-9.618450372413624855e-03
-1.635771521169629428e-02,-1.884346505800331764e-02,3.889015397362374088e-02
-2.954610058122865077e-02,3.519405852233727788e-02,-5.518645030389538082e-03
-7.640671403549880933e-03,-2.169586952941557345e-02,-4.024815807032859627e-02
-8.641377855121326612e-03,-4.561590070765354082e-02,-6.913718057523322380e-04
-5.290049847535750575e-03,1.791416171387046584e-03,-4.617062602787271736e-02
-3.962921502642436505e-02,-2.034742024270408747e-02,1.361573718066100627e-02
-2.667385365122502960e-02,-2.643407535351671375e-02,-2.768731333708302281e-02
-4.050922645589976473e-02,-2.047362849076601182e-02,-1.111926526266128305e-02
1.281357665524094497e-02,4.494790161892266850e-02,-2.503542424389013175e-03
-4.030451522661969432e-02,-1.088552941381208151e-02,2.132571469022212160e-02
-1.268275382575068631e-02,4.343655682198278856e-02,1.253457007669004676e-02
-1.368201545977132567e-02,-3.841395042175055341e-02,-2.342737289089084907e-02
3.876386229698668140e-02,-1.945816385847282115e-02,-1.836801356479072014e-02
1.339120961598572711e-02,2.888910487952887213e-02,3.480959185246334381e-02
2.276269517222838032e-02,2.533936664645055487e-02,-3.274693798913227982e-02
-2.706405518920045744e-02,-2.085920828562068743e-02,3.274126612870224828e-02
-4.253414149246525361e-02,-2.418634421450403457e-03,-2.077337747525510522e-02
-3.891467630484003043e-02,-2.078413104634072722e-02,1.752658687083797490e-02
3.766490071758323704e-02,2.867708305815552111e-02,4.412738088822611843e-03
-4.060408796025235384e-02,1.393131595747285761e-02,2.060822095988006780e-02
-3.259373487858138047e-02,-3.182340608910107921e-02,-1.411995772067054823e-02
-4.738875702818760166e-02,-4.443473381645655050e-03,-3.999778093271764284e-03
-2.417723359306840625e-02,5.120995831305906638e-03,4.095923058429133679e-02
-3.344608515768480311e-02,2.544726468953172407e-02,2.300442583969575239e-02
-1.827872632264828517e-02,-3.311417622268082728e-02,-2.952514864485907692e-02
4.623460217159752750e-02,-1.031783764228414758e-02,-8.080057379394454953e-03
-2.058175715663784419e-02,3.903008809215122860e-02,-1.922023105440101923e-02
-4.481302424549041263e-02,-1.312635685361455105e-02,-1.195228930825853464e-02
3.323242597292085099e-02,1.798889602271802612e-02,-3.003937438579108027e-02
3.254502107064610739e-02,2.669470017336546264e-02,-2.378166373489568053e-02
1.586967108855790592e-02,1.936645097733255202e-02,-4.144204295288810014e-02
-3.114934248709512118e-02,3.679719476294854297e-02,-5.199134732804254998e-03
-4.561184760698990676e-02,1.632031474004554464e-02,3.398799884417034057e-03
2.027894631070379684e-03,-1.560828676015018658e-02,-4.601754183035297596e-02
7.757508431287110824e-03,-2.731127851881092264e-02,-3.957602200547764154e-02
1.409972626615258601e-02,-4.484303450764799692e-02,-1.302494940016477899e-02
-3.107951943041042248e-02,-1.488577931486244343e-02,3.462413844749896025e-02
6.706583552984558654e-03,4.845132540598155735e-02,9.222128506191680378e-04
-4.811257552886397115e-02,8.990832052593759893e-03,2.170616149821249369e-03
-2.236719933593681042e-02,-1.010658060704807022e-02,4.248459520916329779e-02
2.008992715926864736e-02,-4.476733792655031297e-02,-2.581780522841707094e-03
-4.737316695671660305e-02,-9.695440532514728108e-03,9.120205342956084690e-03
4.442863662379162998e-02,1.710684183938030942e-02,1.272248534356539354e-02
-1.793064248229878782e-02,4.658506797457200727e-03,-4.574072512630008441e-02
2.276874393111685824e-02,2.023900313213635935e-02,3.891537081748371041e-02
-3.189153702611556562e-02,-2.747917628320632397e-02,-2.602461416445617237e-02
-3.081810106192261686e-02,-1.015626058272794778e-02,3.746424022677458110e-02
3.045499820837806182e-02,6.510630443564708290e-03,3.864709961599367694e-02
-2.179156535981154746e-02,3.638412202041923366e-02,2.591984183625708690e-02
2.547764604184168946e-02,2.106951599031040012e-02,3.720890186891267354e-02
1.143842549352819433e-02,-4.829948589184249880e-02,4.569792183816993349e-03
-2.796216123613261967e-02,-6.671674884737592050e-03,-4.080677340827680577e-02
3.958239683703553002e-02,-2.636623474274077394e-02,1.538403638543496890e-02
-2.252762213605137218e-02,3.941918780572973430e-03,4.452648824469952055e-02
-2.216760538342673129e-02,4.459037806281331701e-02,-5.741562324883006316e-03
-3.912359774691057807e-02,3.121330253006276631e-02,-3.843793217884082600e-03
-2.553610270693891862e-02,6.112569663077489605e-03,4.286346943841255752e-02
-3.491926156764078859e-02,1.955829109147322331e-02,3.052679065023157154e-02
-1.863097672070320593e-02,1.019679850235723564e-02,4.571338170560412806e-02
-3.821351688356178222e-02,-2.297346585124700885e-02,2.365976903330080025e-02
-3.087372738667979594e-02,2.255874965575582064e-02,-3.305739045985478519e-02
-4.943420050553908734e-03,1.681406027901558020e-02,-4.748435583287501788e-02
-1.389426386464971512e-02,-4.869254858650183537e-02,2.222516162287121576e-03
3.556952226295002645e-03,4.626060469296347510e-02,2.057426632078769579e-02
8.797080163384303139e-03,4.448021476777653388e-02,2.295998111864338762e-02
-4.032363215354196895e-02,-1.629703593644263662e-02,2.642904867976063679e-02
9.591932233423650046e-04,4.359216052132251773e-02,-2.638053611185592340e-02
-2.911047762982713061e-02,-3.441443279614823936e-02,-2.392494418124112635e-02
-2.507220019930990473e-02,-2.186720346757397779e-02,3.878704575451854403e-02
-2.923291686014472049e-02,1.086346732599847466e-02,-4.056717825648285813e-02
9.536764295979697006e-03,-4.869968574451450510e-02,1.275603298476955458e-02
-2.696453800909401691e-02,-2.857046908646252922e-02,-3.300030679335131528e-02
-1.888319113232798246e-02,4.211655573136149910e-02,-2.256220191090069563e-02
3.867329333289557056e-03,5.094675804330942026e-02,-5.996567218086326298e-03
1.121157013533062054e-03,3.622554356066350068e-02,3.660596849511902479e-02
2.245795225470450726e-02,2.754995687645057229e-02,3.737970109276321506e-02
-2.738634649845566107e-02,3.337036326424677041e-02,-2.835608687847399056e-02
-1.895214213126479239e-02,-2.415119623530848081e-02,4.162040122581101009e-02
-2.671812054614651141e-02,-3.431102304809868081e-02,-2.811901636936753671e-02
-4.340618880589026951e-02,2.691706862440893314e-02,-8.956621057853010257e-03
-1.783120754625044241e-02,-4.358529797410586049e-02,-2.186964148959942567e-02
-2.482382363659033087e-02,-3.205146142430926725e-03,-4.556843345576098298e-02
2.690489671790288989e-04,4.531774399048971863e-02,-2.561785153881675214e-02
-4.252089968741103176e-02,-2.762600073726878894e-02,1.207851277100632260e-02
-1.123998829735325337e-03,1.471923059242708984e-02,-5.006260254500855683e-02
-3.025388607695351020e-02,-4.053558329938165838e-02,-1.314623344162661051e-02
4.596598850201197989e-02,-1.882403371469578562e-02,-1.646544271779510835e-02
-2.160133913216777737e-02,4.760577831995897735e-02,-3.531707606117203552e-03
-1.788506648309222055e-02,4.375132938368795493e-02,-2.276888174589513855e-02
-4.560985647688849814e-02,2.569637659420418059e-03,2.593628716446969365e-02
-2.942981018586244765e-02,2.684918217277951560e-02,-3.434586591523708377e-02
1.176476446707354351e-02,6.903361951950718126e-03,-5.086889115047447951e-02
-3.854651215215478682e-02,-1.992559114219816935e-02,-2.996544406484416556e-02
4.862093554083152247e-03,5.241495350499465744e-02,4.111603143145362883e-03
1.555044838157998086e-02,-1.644416996359610028e-02,-4.777790707074332233e-02
1.597517076858598339e-02,-3.909143573635487368e-02,3.191698715969858158e-02
-2.904779809585313760e-02,-4.301237558094544999e-02,-1.073717326271674335e-02
1.315452734792551225e-02,3.300737840112080712e-02,3.941680598317049561e-02
3.667187763167224085e-02,3.844922576858542801e-02,-3.637515679865247777e-04
7.941542494200742180e-03,-1.500687219309585103e-02,5.041941220807224372e-02
-9.313765823322182891e-03,4.670704013738709304e-02,2.385768115148948279e-02
-3.772569357052095451e-02,-2.357840745591937431e-02,2.941777850940592576e-02
-2.413424419215784780e-02,4.410637082015689270e-02,1.799542047043237517e-02
-2.952866761877301870e-03,-5.316763833107829990e-02,4.821493301507997001e-03
-3.305171839281190876e-02,-2.672332389671040406e-02,3.254701526401693190e-02
-1.966463086870086363e-02,5.494545982531808285e-04,4.985938476868889691e-02
-3.207523974613862849e-02,-2.729758779905684662e-02,3.325774656324465006e-02
-4.413086767701914631e-02,2.464566827030984647e-02,-1.822674862668676246e-02
3.547379374010046355e-02,2.746096795136314037e-02,2.969450892938354722e-02
6.312749051039368356e-03,-5.285878916345307377e-02,-8.213354513278349478e-03
-4.841137206545578948e-03,5.363264543800231460e-02,-2.927162597254969953e-03
1.797303401235547313e-02,4.733245138466032897e-02,-1.876646200519640345e-02
-2.166984913539821145e-02,-4.781121906418640821e-02,1.292992239512967025e-02
4.325158625061136658e-02,7.116428139386268316e-03,-3.175598433297239370e-02
-6.992174025824947521e-03,-1.569457693082217109e-02,5.139732341381441499e-02
-2.983884708643405603e-02,-1.142697160438030553e-02,-4.385285966479307573e-02
-1.408597813765105622e-02,-5.180786881136142247e-02,-8.285394686778449827e-03
1.234397005161196222e-02,-5.086100161900785482e-02,-1.479919279480838672e-02
4.848429445993979181e-02,-2.464104841934343718e-02,-2.727143401476981015e-03
1.953092107345342707e-02,-2.760659613041598071e-02,4.276541035052499468e-02
9.261982723359136679e-03,-1.896489773891287325e-02,-5.034011222145837877e-02
-1.574689462549952110e-02,3.056816548112810047e-02,-4.247727745476707201e-02
-1.642526063912804271e-02,5.214120684393565991e-02,-2.306847163541902133e-03
-2.008365187866810800e-02,4.373389202514328666e-02,-2.617118859511564921e-02
2.555231948810769357e-02,4.526153829625827185e-02,-1.750804378519500368e-02
4.324804023406458864e-02,8.271626695528423723e-03,-3.280808252143259385e-02
-4.934785446119242108e-02,1.474605304783467574e-02,-1.922630866827471433e-02
2.666845574720541623e-02,4.376988594663200338e-02,-2.006052281970030840e-02
-5.287296287064454162e-03,-5.457473360799033196e-02,5.495842183849232628e-03
-3.774617504664427858e-02,-2.419710996160726740e-02,3.214678526707401979e-02
4.308734352906352927e-02,-3.450462438812416238e-02,-1.931760747429840056e-03
-1.928043303517897392e-02,5.063404414190608022e-02,1.106387127874818195e-02
-2.535636363792375184e-02,-4.216302848012093429e-02,-2.538537672409155871e-02
-1.241981298879096807e-02,-5.329364424343156770e-02,-8.817759304542866286e-03
5.875736369133979786e-03,-4.101762021983268447e-02,-3.691046934686170733e-02
-1.883663530247100745e-02,2.041647398191768006e-02,-4.811275165481541244e-02
-2.659142001975852571e-02,-4.524719930178998373e-02,-1.841774149415334461e-02
1.543903894921537512e-02,-5.144867592309534249e-02,-1.467767918194254513e-02
-6.361371870252286245e-03,1.641542777415253007e-02,-5.289585514758413098e-02
-7.056857548750169150e-03,5.273886502454633654e-03,5.511290992599748861e-02
-5.282559112826292619e-02,-4.540112105882032970e-03,-1.763611787273831541e-02
-4.583000657829498087e-02,-1.492540107563523379e-02,-2.839322737917696071e-02
2.676769126496503226e-02,2.603550490221981026e-02,4.173872257271440261e-02
-5.514228071663204028e-02,-1.004148309253611801e-02,-1.456454007206866436e-03
-5.834113484311801746e-03,-2.095997000586875478e-02,-5.174373567263164386e-02
3.754068597427791254e-02,1.878506697350475901e-02,-3.735958816869929672e-02
-2.215320884411601035e-02,3.064321747456457898e-02,4.165692149825175189e-02
-4.167084546522359378e-02,1.499918356894348187e-02,3.479636669879803551e-02
-1.464223805540315268e-02,-4.955253889627013464e-02,2.257266653482384311e-02
4.634500255716446360e-02,-2.369467833785199665e-02,2.184562953429466242e-02
-5.349908356245920010e-02,-1.639119968642570660e-02,7.928446841147660656e-03
-4.458569257530697189e-02,5.095476731901686651e-03,-3.445275503813940293e-02
-4.829088135458510511e-02,2.613470162820456799e-02,1.389121547716576192e-02
5.144697401924760993e-02,2.293427355278620031e-02,-6.510349414807181136e-03
-7.332186935958104508e-03,-4.727806470532201072e-02,3.055062545757609299e-02
-1.729596088816864191e-02,-5.129402251510053329e-02,-1.729888341735701801e-02
-4.554490556018148117e-02,-4.307020984208616461e-03,3.381940562644232540e-02
1.979657882236405750e-02,3.769115869587262579e-02,-3.783222308089876501e-02
1.369062886909963063e-02,3.248270330753941920e-02,-4.481529435408534295e-02
-3.096028298918973576e-02,2.952511036670697059e-02,3.778710570284624093e-02
-3.090044684548141907e-02,-4.460893479540848500e-02,1.790277660192237524e-02
-4.688171784691315402e-02,1.650703555287217142e-02,-2.832128412276828378e-02
-2.765244197674705806e-02,3.387998256980872397e-02,-3.697475561159553614e-02
5.131221969273844219e-02,-2.492086283897314292e-02,-5.728982118271250083e-03
-5.390722842674063042e-02,-1.049565388591729154e-02,-1.666850083399325916e-02
1.951979493200474425e-02,-5.343776570297888856e-02,8.033919332537033109e-03
-3.303210005671892296e-02,7.884700087055758130e-03,-4.642249670753285234e-02
-4.532504731218899713e-02,-2.892558906287766643e-02,2.060249053275824138e-02
-6.739782403017135007e-03,7.589487883760034567e-03,-5.674208995302195552e-02
-3.776650159612509466e-02,-3.695175150050317159e-02,2.319759312568445489e-02
-1.751038077839209631e-02,3.304074475442844543e-03,-5.495014352091459608e-02
-3.974800785036144979e-02,8.324254511657186786e-03,-4.117077301674764572e-02
1.948028518619628058e-02,-4.686759748497079658e-02,-2.784527808391922335e-02
3.663006472587129053e-02,4.033874937314126108e-02,-1.973878662490554173e-02
3.913726934176905981e-02,-3.209571292142141680e-02,2.835349619414368610e-02
6.131058094159261979e-03,5.561848815403765828e-02,1.555509851979113706e-02
-4.847868860003675534e-02,2.663692952336292608e-02,1.790098301681644979e-02
-2.935060668448000523e-02,9.278533895525771860e-03,4.939426956540002994e-02
-1.413578443202446848e-02,2.923018300021147306e-02,-4.837674349016508890e-02
6.381877590052965031e-03,2.315432850865498451e-02,5.314953479954236809e-02
4.573595645611068516e-02,-3.106149051705690833e-02,1.877026501331028469e-02
-4.138586067451628658e-02,-1.371010377687646026e-02,-3.892754304569248647e-02
1.765639288227866324e-02,5.542091222767648456e-02,6.330790053272357214e-03
1.968355258565076399e-02,4.051245912248168518e-02,-3.744060591365380719e-02
2.469994459472228329e-02,2.787149829319468530e-02,-4.528565023237557385e-02
3.233737177750650726e-02,3.815335258553409492e-02,-3.071664688464242898e-02
3.030100787234558772e-03,4.725775336438734625e-02,3.477958239520838324e-02
3.866972870686685021e-02,3.753831672790645252e-02,-2.355469150299547773e-02
-4.406346486994715261e-02,2.921329211432418735e-03,3.894067024350057055e-02
-1.036445448864264235e-02,3.656452927678271320e-02,4.504792040839262351e-02
-1.883291185397324707e-02,6.665543320448596813e-03,5.551394849471882886e-02
-4.021046109283379910e-02,-3.801532240797311779e-02,2.064137657627088118e-02
-5.614525645947574667e-02,-8.423318376858182632e-03,1.649474725312800871e-02
-2.890024802881065863e-02,6.702471210886603095e-03,-5.120917355974249213e-02
-4.876872811928999185e-02,3.341541024803818677e-02,3.841568691256483977e-03
-3.057156873441628508e-02,-2.242496838060116168e-02,-4.560095340797836599e-02
1.578740295715879913e-02,-3.397105904412223848e-02,4.605304998796471566e-02
-5.473564614781045029e-02,1.943284746909819741e-02,1.255964976863934747e-02
-5.874715332620881331e-02,-2.730223869646435965e-03,-8.938887095535034272e-03
3.724800819545013436e-02,3.447263290391733292e-02,-3.114521356645723674e-02
-3.912106179899055985e-03,-1.176326716361007253e-02,-5.830384524555268927e-02
1.319817138839374064e-02,-5.590068768377957215e-02,1.616034753052400866e-02
-9.046108342662366117e-03,-5.871463657908023576e-02,6.181732913262247622e-03
5.064030523586774551e-02,2.509155060890470509e-02,-1.951020148822244990e-02
2.384663048998095572e-02,3.100017711206470850e-02,4.530146813305921394e-02
-4.473948125000942050e-02,-2.549101048014237175e-02,-3.062197378927133951e-02
2.448956104407770673e-02,3.492649364557227909e-02,-4.215143209739290187e-02
-3.435866280206728574e-02,-2.265019125568442163e-02,-4.370375292787836985e-02
4.407882366517309677e-03,4.450906394162314900e-02,4.012862627275336908e-02
2.095537275264879040e-02,4.818073169731246219e-02,-2.928326495297789780e-02
-3.775602767217475092e-02,4.639168877132461566e-02,6.895100073116412591e-03
-4.347422315434930004e-03,3.286405281120075017e-02,5.033421055963226143e-02
2.558255685176916497e-02,-3.846083350666727046e-02,-3.880730120459269239e-02
5.443516590863801269e-02,-2.094785552527706970e-02,1.565061219315243973e-02
-1.080200777080733525e-02,-4.084204015403115895e-02,4.323678181219948319e-02
-5.361903160725029101e-03,4.322754801727306251e-02,-4.200045922679890298e-02
-1.012022476318117856e-02,-5.846343129926948046e-02,1.217594134824095259e-02
-8.680891069416725447e-03,4.070447401199124571e-02,-4.408706965372524017e-02
-4.483922040256926173e-02,-4.079963748575432536e-02,-2.820267411236350094e-03
6.741427224063503351e-03,5.464804297016066792e-02,2.566133248600993566e-02
-2.493030207037443338e-02,-4.456763012647216304e-02,-3.301220758626804974e-02
7.755379718128463124e-04,6.032488155046179801e-02,8.071455975330576668e-03
-3.731459116472220922e-02,-2.836286818124684334e-02,-3.892625142696684581e-02
-5.881163401835032972e-02,-1.205526450347797936e-02,1.073267592101594115e-02
3.334347420131721779e-02,1.469330532013247634e-02,4.897849129806824270e-02
-2.264497280045692576e-02,1.496067970163096096e-02,-5.474671245502504141e-02
-3.035631457024615468e-02,-4.960709155758828010e-02,1.893931480858232833e-02
4.878645435382215900e-02,-3.298597699138315631e-02,-1.673687574313019455e-02
3.066876013950908808e-02,-5.118154165680983275e-02,1.398007845311425440e-02
-5.457713435219965770e-02,1.857585109213666028e-02,-2.095449007057788998e-02
-2.573439874185060386e-02,2.569087626113333508e-02,4.947512984591371371e-02
1.707250200044855074e-02,-6.991277691296738338e-03,5.862571063336237398e-02
2.121408342950576332e-03,-4.762757556368540923e-02,-3.888046076367521892e-02
-5.614420605823566141e-02,1.550895248518431406e-02,-1.997831040455208540e-02
-1.374604819728771771e-02,5.827166716057968071e-02,1.464747822760069720e-02
-5.538227214383520391e-02,-2.634223930917895667e-02,-6.725935593481681928e-03
-5.387274646402360340e-02,-2.612454297803167708e-02,-1.512753718821425140e-02
-4.540171237465063375e-02,2.296640162762683679e-02,-3.510123022379407071e-02
1.942528282836075010e-02,-5.864042183225286198e-02,-3.476800628348209344e-03
-5.369888037220510446e-02,2.191129080638754695e-02,2.171905103369425882e-02
8.172670363025462056e-03,5.512060335197862398e-02,-2.715846619219850974e-02
-5.277106476824918249e-03,1.975988553129275072e-02,-5.858002873868264904e-02
2.922335726125558156e-02,-5.048729405800402026e-02,2.131233270634688357e-02
3.695338455841214176e-02,4.893301486965508096e-02,-1.022066785572661729e-02
1.007730422924027307e-02,-5.977509235117602765e-02,1.403956162606411102e-02
-1.653174908852235794e-02,5.975754213825456435e-02,-5.893227843576330331e-03
-8.685046776305781896e-03,-6.157529488446307486e-02,4.395076418564892312e-03
3.990492502861264085e-02,3.597463539715475833e-02,3.173260904034256452e-02
9.440740040438077782e-03,-7.835458426372244808e-03,-6.123959025780542631e-02
-4.988007689939014111e-02,2.083175665789781944e-02,3.140221975017751938e-02
4.378005974554267238e-02,-4.373071709314585442e-02,-9.289254737697276790e-03
8.165363064011525382e-03,-5.607254112861968093e-02,-2.668019991930159832e-02
-5.545378604461994460e-03,-3.037848099296627802e-02,5.455557289991823378e-02
4.841009767006952680e-02,-3.431201761205324163e-02,2.040442854251339755e-02
-5.871081667008189175e-02,2.044246302687648467e-02,-8.922958383749542491e-03
-2.742775619637574658e-02,1.453977034021124506e-02,-5.466322336893141010e-02
1.693792949047184457e-02,-4.010489451294393243e-02,4.542841701560613316e-02
1.437255395182646632e-02,5.819386351128328499e-02,1.931903401468403406e-02
-1.203479844787188301e-02,6.140080832188311855e-02,7.662249885266671050e-03
-5.963483024904331353e-02,4.082448291646710060e-03,2.019684538052305550e-02
1.657081672833414011e-04,1.785451343627359605e-02,-6.057530468567783738e-02
-5.627715027879450632e-02,1.047006538081004037e-02,2.680908549879459576e-02
1.465077607394759535e-02,6.154398651690825423e-02,-6.703648162244138032e-04
-2.796967500793381967e-02,-5.374331794066344870e-02,-1.842282134329288959e-02
1.576731439005838939e-02,6.082721120921801006e-02,8.293456105336605155e-03
-3.314208779146089051e-02,-3.425598803287103339e-02,-4.186599433801774239e-02
-1.856181994534676985e-02,-1.379618442599915909e-02,5.913586247974126492e-02
-3.136878124152282701e-03,3.511235704175896116e-02,5.288197563737586510e-02
-2.766746347966562297e-02,2.724954814775555970e-02,5.038343914900682979e-02
-6.289748450060662910e-02,-6.459883209431514263e-03,-7.482752072188948896e-03
2.399378215134110801e-02,2.380748756692688262e-02,-5.402421128368965764e-02
-7.667234158983517525e-03,-1.772385349598895252e-02,6.079055583322042627e-02
-8.400919231021977338e-03,1.177224869983068897e-02,-6.218161302809137314e-02
-6.106152358961695892e-02,1.709571903275980062e-02,7.889424639929006403e-03
-1.552540494701131271e-02,-5.537952001777354111e-02,2.797124043615115130e-02
-5.287101032477133783e-02,1.316551566411352028e-02,-3.359984326022753126e-02
-4.528033619540821481e-02,4.371849991031661470e-02,-1.197136548446022658e-02
4.440079124170187574e-02,3.170423550460352291e-02,3.369936706732606924e-02
-2.524363293011922318e-02,5.024436604305911047e-02,-3.094845192787794991e-02
-5.954796959997175898e-02,1.835481976848105101e-02,-1.562026042537640116e-02
-4.121483462298448919e-02,-4.522762956664326539e-02,-1.974744351115152730e-02
-3.905292386606978861e-02,1.625302692090577553e-02,-4.849930039202950821e-02
-2.864867150533279352e-02,5.768586097737306295e-02,-6.176978063249528297e-04
-5.911345862763648512e-02,-1.990010320060600635e-02,1.629983783759903979e-02
2.269148708262988881e-02,-4.437603146438890561e-02,-4.097900273506967922e-02
-3.685047410158426989e-02,5.017233770626280953e-02,1.719038637922286339e-02
-3.051090465487532599e-02,4.518884373281467637e-02,3.471454958847133149e-02
-3.561848461978071867e-02,5.238816453881534052e-02,1.312129649441787747e-02
-3.065135697425297803e-02,1.610160557675189077e-02,5.471669640766218395e-02
-5.346689533985459625e-02,-3.518747054335643470e-02,-1.015566397645099699e-02
-5.422015196085532007e-03,-5.648697193895729773e-02,-3.141893827958596591e-02
1.390248170481575909e-02,-6.340738104363756455e-02,-9.343503079412202907e-04
-1.550425631917102393e-02,5.155497517654240164e-02,-3.638233564424710187e-02
-2.172558586003458733e-02,-3.479836603149510238e-02,-5.046156333069871242e-02
-4.746843539469590423e-02,-3.954207040552520924e-02,2.048888886414024918e-02
-9.098582117767140681e-03,1.683524577485787099e-02,-6.227150066557702451e-02
-6.047240479161639787e-02,-1.016002865486658434e-02,2.216167686688398294e-02
3.256219171668442436e-02,3.647665776782280794e-02,4.321763335238720805e-02
-6.489453185345010755e-02,6.327104406647779747e-03,-3.821617320597910875e-03
-4.083017038376987595e-02,1.016621649253573144e-02,5.002813338830361389e-02
5.218061290920952139e-02,-3.667380730232515373e-02,-1.458825174554487063e-02
-1.906000648835729991e-02,6.230356264128934785e-02,6.551150578596836617e-03
4.777586789722427542e-03,-6.511198597634892948e-02,5.733591209364652039e-03
-5.968719731562933950e-02,-2.626386735935036520e-02,-7.088982750844184319e-03
3.206738241404782919e-02,-5.368449716073202260e-02,1.999002450023468908e-02
1.779757624346363018e-02,6.302159900149495453e-02,5.367128564914513261e-03
3.530719455309647842e-02,-5.201341780643678470e-02,1.930356174911561362e-02
-6.415214146970345255e-02,-5.168794030479802269e-04,1.470364081697162623e-02
-5.019476293993582056e-02,8.280416961642054693e-03,4.184761949156868416e-02
1.690662304929708287e-02,-4.366464480562929490e-02,-4.641347354661359836e-02
4.846355622277046665e-02,-3.896987754774808299e-02,2.205950537625810462e-02
-2.360799482749012523e-02,5.594200018460517704e-02,-2.597093202157817887e-02
3.368777237070069708e-02,-4.959652757829274838e-02,-2.782083305381102128e-02
-2.136501444826420515e-02,-6.232902385585715327e-02,5.886963223750093371e-03
-5.277290932821025043e-02,6.878679788439313360e-03,3.938374986474566658e-02
5.499772191140607502e-02,-3.325170011524847952e-02,1.613382766094203710e-02
6.284337028548607484e-02,-1.868658414352297736e-02,9.979881415258245667e-03
-6.318250944482144138e-02,-1.995787445784907854e-02,-3.883439865738655926e-03
5.513116791170664249e-02,-3.693347582820765557e-02,3.041806039877523789e-03
-2.979999358440564919e-02,4.176803710542552339e-02,-4.227913551041809215e-02
-5.940558805494147721e-02,2.014927541210077486e-02,2.219170990326560511e-02
4.025868095438023958e-03,5.355346659204154175e-02,-3.937847017275247080e-02
1.860199504935696607e-02,3.420925628871929192e-02,5.409154078517541819e-02
-6.637381323054111597e-03,3.692007017427991616e-02,-5.515808258205318060e-02
-2.867659595653016327e-02,-5.900685451009336085e-02,1.235977604643849481e-02
-5.427840781475754689e-02,-1.347308358876768246e-02,3.655968975555275863e-02
2.196184534478464248e-02,-6.301333854822489811e-02,4.317249021284195326e-03
1.586655642364921334e-02,-5.483986553380802709e-02,3.492629452560515324e-02
5.336928544177901856e-02,4.046600432550120918e-02,7.681566442490845095e-04
3.872935810828716935e-02,-4.122652718199772831e-02,-3.597420529720182086e-02
9.408315824641190830e-03,-6.632148850231944781e-02,-3.747421735370480133e-03
2.792150779349897999e-02,-5.973161784966391635e-02,-1.268816590523003281e-02
1.536289475102532026e-02,-2.311073663046205040e-02,6.120220418878432461e-02
-3.865812099564012311e-02,-3.665164714953432490e-02,-4.105374913066578424e-02
1.657116026748547966e-02,5.232039784854078390e-02,-3.896854003335613326e-02
-5.219467497318479310e-02,3.573532062946082472e-02,2.316567495375385088e-02
-2.594188373127453290e-03,-4.281895534908080475e-02,5.201082596690612125e-02
-3.124120197813114608e-03,-6.354880072569389637e-02,-2.246068108867387697e-02
-6.504392082501218864e-02,-1.516642897814571289e-02,9.966694371879856670e-03
-2.820266106525735200e-02,-5.102328119775802889e-02,-3.418593069000239876e-02
9.621088833352626135e-04,7.649415715589754673e-03,6.719658089234042952e-02
-1.251409872448238855e-02,-6.623832190785516882e-02,6.170900301516466305e-03
-3.557765993143721661e-02,1.032312379093944417e-02,-5.672072456894562686e-02
-3.705658421917256556e-02,5.023746237616189686e-02,-2.645683700367617783e-02
-1.207523823688035590e-02,-3.290635479682200298e-02,5.810076890364608559e-02
-8.556081851293530563e-03,6.425150132370627265e-02,-2.025485308608349772e-02
-5.366618144987033573e-02,-1.164685621600387161e-02,4.004243436518704902e-02
3.889230757344832711e-03,-5.891385569432332214e-02,3.377160366664616609e-02
-4.017601386118479362e-02,-7.228313449243703101e-03,-5.447489749255685076e-02
-5.631716315309495680e-02,-3.181790709998401356e-02,-2.138363807875106812e-02
3.459415352263102428e-02,-5.486565661114232301e-02,2.101557408366960811e-02
2.197578162496397619e-02,-3.720756666641433091e-02,-5.280815421222573997e-02
-4.063569173833364578e-02,-2.541807967646912345e-02,4.864248147270186506e-02
-4.038190188443884637e-02,-2.556080758192228256e-02,4.885455368793626546e-02
1.379870246483234052e-02,-4.179590328022537299e-02,5.235370713373508483e-02
-5.350763261502840956e-02,-3.585969013506054570e-02,-2.316510105616926760e-02
-2.902144120764908047e-02,-4.125439797351406618e-02,4.635548792003096885e-02
-3.940836437991102059e-02,-5.335116128960210730e-02,1.735021754331941141e-02
1.977267534920247247e-02,-6.509401604076563153e-02,8.922061082279726663e-03
-4.978805171391717521e-02,1.449195754120622542e-02,-4.501470131815497877e-02
-7.920536968088035673e-03,6.766534070608169749e-02,-9.014212696438697256e-03
-1.255770627939453710e-02,4.602057591502524414e-02,4.954189940128066877e-02
-5.389967309789182870e-02,-2.738450058098269163e-02,-3.289839483479858884e-02
-1.532760060867047192e-02,-5.545021580589835214e-02,3.788310911821093918e-02
5.037050420613994189e-02,1.970927672210389184e-02,-4.273817560056804299e-02
-1.825088547485290147e-02,6.893542132401828983e-03,-6.617388660622264274e-02
-2.182012159610088875e-02,-4.545834243502302335e-02,-4.716382040801130743e-02
-3.825056020247120242e-02,8.916603569208690974e-03,-5.684892063645057697e-02
-6.586633095052617237e-02,-3.888804714799516823e-04,2.105453397613135658e-02
1.697943897029841184e-03,-4.728153719205491906e-02,5.050544601670592382e-02
1.994068340929635447e-02,6.377052145888424672e-02,-1.822981267279477971e-02
-4.138952136551293792e-02,1.747126781493285770e-03,-5.556889688627450474e-02
-1.765726754353021469e-02,4.165576449362522887e-02,5.257829505833935130e-02
-2.693557078577881944e-02,-5.461639743647984241e-02,-3.332259824509663931e-02
-3.764579203594429352e-02,2.960568534041531710e-02,-5.032477513498283261e-02
-4.222278990240283664e-02,7.084784296977571227e-03,5.477903188255596467e-02
-1.198369624359374615e-02,4.591504236524041743e-02,5.088532579913980503e-02
3.857529576083867928e-02,-3.452931562244850039e-02,-4.656400681648407286e-02
-6.402601895112695896e-02,-2.660455361948321773e-02,-6.987023696603395818e-03
-6.292505577509144299e-02,1.769192194622222145e-03,-3.001130770825203783e-02
-6.754516355109267678e-02,-1.270672613629728401e-02,1.212358741116103568e-02
2.804301178314377169e-02,5.424984074447416343e-02,3.389331891898909876e-02
-6.196763802133664623e-02,-1.636474855343303045e-02,2.788981430465868952e-02
-6.016640823639785030e-02,2.520710719228867053e-02,-2.525200945310862935e-02
-2.128482965988543960e-02,6.654842838073929401e-02,4.329699593511386960e-03
-2.975751176915744298e-02,2.751700544265664374e-03,-6.336266691236198956e-02
-2.320460940364385202e-02,-4.782015087650701157e-02,-4.571777317884012648e-02
-1.501803266288465749e-02,3.953424603505593937e-02,5.598451072187241029e-02
-1.650079788280223864e-02,-4.484106724514025366e-02,5.145089697070635154e-02
-2.915731600827039041e-02,5.931876483361549907e-02,-2.384863094903518985e-02
-3.008317242906389383e-02,3.618551954539363930e-02,-5.225576130420583193e-02
-4.974205605420380788e-02,3.760332835837024851e-02,3.262212037511761503e-02
-3.789662033828051363e-02,-3.912668517158762044e-02,4.464154105059459782e-02
1.972641566778821423e-02,6.340660692952189426e-02,-2.361829288881974603e-02
2.697929253494980167e-02,-5.284965462432420630e-02,-3.812899023493123568e-02
-2.700433434174189136e-03,-2.553109832766653833e-02,-6.575024748769985050e-02
-6.609200902759697349e-02,-2.025058000092226293e-02,1.454036219706221662e-02
-2.871539643727022417e-02,-5.439035925059617499e-02,3.484559045158777679e-02
-2.130254828284938728e-02,-9.655020723519909184e-03,-6.676467677633017572e-02
-1.208704793634052949e-02,-3.161820125885208589e-03,-6.968419067929426669e-02
-3.024309069762676910e-02,5.402830845842094415e-02,-3.443427910570356909e-02
-1.909987466137521434e-02,-6.124355535459771044e-02,-3.018752040775632417e-02
-1.816443676116914025e-03,-6.155624251273435904e-02,-3.523971851103301772e-02
-5.449709003309115285e-02,3.647680763333038811e-02,2.722614872175722553e-02
-6.444707687323052029e-04,-3.076816565255393286e-03,7.098814740386329147e-02
3.108051612496775043e-02,4.068197950945252189e-02,4.935204221878725789e-02
-1.737514186541237043e-02,3.617188684245142144e-02,-5.876897920685428267e-02
5.771884565410413670e-02,-3.358911462538349824e-02,-2.473558200169350893e-02
-6.736694712009483332e-02,2.280105850999264785e-02,-4.560650972102006824e-03
-3.889162889055382266e-02,-2.278465945599214906e-02,5.526974630433734159e-02
-2.461503394495313107e-02,5.018764534433115682e-02,-4.437563220534843089e-02
-3.115771162567558886e-02,-6.042791577474777853e-02,2.188638935694266208e-02
2.669319192225838924e-02,-6.513026069780389338e-02,-1.242283049723362509e-02
-5.087753375470483591e-02,-4.893251474263868306e-02,1.154752331268455758e-02
-4.662713661665923021e-02,-4.976545997494507406e-02,2.174913499121212609e-02
-4.812157733480972727e-02,-4.006784338880173962e-02,-3.478584618534864142e-02
4.282842530474963161e-02,5.579831770160465637e-02,1.381686264777454501e-02
-1.858666759369340116e-02,-4.584787673212228215e-02,-5.194804617726961338e-02
2.451507216726156110e-02,-1.834277793050804670e-02,6.493154661030259289e-02
-2.608472074407488378e-02,1.193512351965422304e-02,-6.586466134890198165e-02
-3.133110954686364746e-02,-2.854581106391302150e-02,5.806870662826024015e-02
-3.655597714953234822e-02,-6.010031773732259913e-02,-1.508485020306416131e-02
-4.288925039745569018e-02,-4.616182721922772875e-02,-3.482819403212167320e-02
-2.735985932808643675e-02,5.421250241183134255e-02,-3.877258824444240748e-02
-6.159083846669480278e-02,3.526003410497843826e-02,1.271362061920930549e-02
2.496992736756071737e-02,-6.182756164081902595e-02,2.756194886702965571e-02
-3.454851546194816908e-02,4.454404309627364722e-02,-4.511654897428518662e-02
-5.292646081741452652e-02,-4.906903043901233996e-02,-3.429950032016587484e-03
-6.596115462969993903e-02,-2.856355808327101439e-02,-7.839971744119218766e-03
-4.470558229474076717e-02,-5.452286039688784836e-02,-1.625905114533297141e-02
5.449681467194443518e-02,-4.645687602626493579e-02,1.072459993139046781e-02
1.604961892153092609e-02,-3.680958267047974852e-02,-6.031666479591267505e-02
6.325338998155259629e-02,2.970451547082987240e-02,-1.935875618246085325e-02
-1.900903513961082342e-02,4.936772610873259998e-02,-4.966962211274900119e-02
-5.007867175298749002e-02,5.257364954625012854e-02,-1.096696667763501915e-03
1.491772364932546918e-02,-7.035458256423185452e-02,1.040371720176745673e-02
-7.204769247643197372e-02,8.328338495739910294e-03,5.271719516304258259e-03
-2.279725202682428287e-02,-7.787217213065901651e-03,-6.866693050184233260e-02
-7.050546318724383588e-02,1.588903290572786509e-02,-8.916412219321838764e-03
4.197676084871729447e-03,-7.244361484513757443e-02,6.690964825599022940e-03
-4.189362279831952002e-02,1.486653173741658493e-02,5.780883051070585116e-02
-2.003981956759297300e-02,-7.016780463227445530e-02,5.656345829450593835e-04
-5.388753855580952906e-02,-2.726117066286886260e-03,4.920998019515582939e-02
-9.687040624776937711e-03,5.004757417007213438e-02,5.236228759453173676e-02
-4.457497259158394592e-02,5.435280964447945784e-02,2.016777448569829351e-02
-2.902361357276434656e-02,2.413188198595348985e-02,-6.269502631828888228e-02
3.377519752746047793e-02,-6.354777170337426451e-02,-1.355693922296725279e-02
-3.107700096820123492e-02,-3.674077533527706635e-02,-5.526934307541574165e-02
-3.088871897684269952e-02,-6.425644369472648110e-02,-1.717128375212916697e-02
-2.632735984902019946e-02,-4.679402121289197997e-02,5.002538527384067096e-02
2.428885601945969183e-03,-6.773368306622311319e-02,-2.826821149309451803e-02
2.764809892820573045e-02,6.703721578758589650e-02,-1.191356277249923205e-02
-6.928459843892710579e-02,-2.812676584590432117e-03,-2.448606680375882069e-02
-4.448284440385749834e-03,2.783862593899205304e-02,-6.797466693267266435e-02
-1.668540716349382891e-02,-6.036142493184493141e-02,3.874177760313204932e-02
-4.821970004069272772e-03,7.042010116303132339e-02,2.116805181802233413e-02
-1.281229734039557658e-02,4.918841392402062418e-02,5.342446425110888852e-02
5.014311817931745019e-02,-1.448082523268590105e-02,-5.216610967585624814e-02
2.239065921357341702e-03,-6.646753977270397629e-02,3.209181772849835357e-02
-6.456827897575674602e-02,1.809633991196899633e-02,-3.104504554857563658e-02
-6.527142059472657021e-02,3.335567785648607675e-02,9.740651958972718419e-03
-4.628846775712171235e-02,-3.803611477313576655e-02,-4.342782961754935306e-02
1.951047723105640841e-02,-5.145107115922764596e-02,-4.954775312910539298e-02
-5.908448191759514689e-02,6.162294334159043770e-03,4.428779257969730349e-02
-4.817830504560907667e-02,1.813247424174338485e-02,-5.336601065294772905e-02
-3.512891209074148896e-02,5.811441503925475482e-02,-2.990067916123878913e-02
-7.362956833872029427e-02,-8.621716553947358225e-03,4.152068729190580391e-03
-4.947323349861722924e-02,-5.369901135145184468e-02,1.375549136552019734e-02
-4.449252901395459731e-02,3.482433941939711008e-02,4.832795033604724011e-02
-2.539149482003797559e-02,-2.181588641144492982e-02,-6.644368377747125742e-02
-6.861597704391442232e-02,2.746156651492605294e-02,8.980462254516824103e-03
-2.133244136531547985e-02,-1.530094021749001457e-02,6.972275499986393954e-02
-6.271617270804516475e-02,-7.481781698787858155e-03,3.960650475207844884e-02
3.460467159294535605e-02,-5.846845804496617754e-02,3.081306037899166420e-02
-4.870290730128828266e-02,6.146902259380498078e-03,5.624277199678075906e-02
-3.329601947783831367e-02,-6.684374003339380033e-02,-1.953459698794661296e-03
-3.226374411023524846e-02,6.742822914375126708e-02,7.292643942001001637e-04
3.357391493799576077e-02,4.807873843040511019e-02,-4.644131691760199770e-02
-2.512733531979348053e-02,-4.294221240514774912e-02,-5.592561960279528177e-02
1.268723539901735024e-02,-3.419708725626891682e-02,-6.542330319889036461e-02
-2.752973689785463696e-02,-6.853536617973213230e-02,-1.277330610498732776e-02
3.760393036525322159e-03,-2.661019082949888162e-02,7.002444292685214289e-02
-3.210154684193302927e-03,7.497764152142176453e-02,1.113795423415538414e-03
8.335696189548101251e-03,5.018536892613954803e-02,5.525092984149709147e-02
-1.749473138724810112e-02,4.048962922775758283e-02,-6.085042009708284405e-02
-1.895694796611097077e-02,-7.243069885567759991e-02,7.085665374037149015e-03
-3.403571744113705749e-03,6.056612865591930878e-03,-7.493358939222354020e-02
-6.792138421675128490e-02,-2.450848464447605984e-02,-2.137431720223922221e-02
-5.763862148816301795e-02,-3.639860868469539656e-02,-3.211394226577237582e-02
-2.551248526213774348e-02,-6.599714253073027392e-02,2.606526950247775587e-02
1.409476140075740028e-02,-4.986446708341950307e-02,5.484811372132939594e-02
-4.481452966274831334e-03,-7.504269230004308178e-02,7.034897802837758105e-03
-4.159914617120082786e-02,5.205468185237583506e-02,3.561371769893269257e-02
8.111459614260137230e-03,4.942145439655538930e-02,-5.663724612871383346e-02
-4.456562549121426825e-02,-2.443479715166278418e-02,5.603961754604176032e-02
-6.435385598670266549e-02,3.846939563269784201e-02,1.047948208140963948e-02
-6.360078872940948258e-02,-2.902811749781378237e-02,2.917159740162674625e-02
-3.995273624632025150e-02,-5.837116821266399164e-02,2.725437878251401810e-02
-7.110293312775058105e-02,2.561821531920843026e-02,-6.468280330716249388e-03
3.984622025797163181e-02,5.032149480795794494e-02,4.051331424653154684e-02
-3.926521370948415218e-02,1.116929799323063046e-03,-6.500648528154026606e-02
-7.336308548488713888e-02,1.678285591059089712e-02,-1.061069836110006999e-02
-1.802829367262246199e-02,6.044872299601939530e-02,4.248380126050114308e-02
4.516574626679630694e-03,2.583336083924831633e-02,-7.144036983086977932e-02
-2.403865094653770407e-02,-6.297088369345819892e-02,3.543795413426135271e-02
-6.828230603946403021e-02,3.262508039031300489e-02,8.928510441701646358e-03
-3.407924593524007395e-02,5.752399117579051757e-02,3.665698309843384156e-02
-4.639537632482773621e-02,-5.196981575105344420e-02,-3.111748593663540494e-02
-5.112899043676682326e-02,-5.189845457688806174e-02,-2.283901343661279976e-02
-5.096013849259482809e-02,-7.380179814860562439e-03,-5.643930369935824809e-02
-5.948132558917375995e-02,4.151190648426057728e-02,-2.414718989764949933e-02
-7.516502671261003632e-02,-2.451047287851520432e-03,-1.400428482815650744e-02
3.466396987347505898e-02,-4.322604687951569352e-02,5.281461943050142632e-02
-4.354717472440687576e-02,-3.533517436189387295e-02,-5.217368644968445324e-02
-6.655903812292383870e-02,3.725880647180365712e-02,7.500599459244436905e-03
6.238215473186281557e-02,-2.374301462281996900e-02,3.777405686152575381e-02
-6.611300418271914836e-02,-5.256545456352003549e-03,-3.861532934030433017e-02
-6.968498267114799083e-02,-3.049827831105694775e-02,1.054157561778765705e-02
-3.870786248444583327e-02,1.093331113734160968e-02,-6.547513884469913226e-02
-5.634793946507926643e-02,4.978977880922019761e-02,1.607113006015510603e-02
-6.313378069489966604e-02,-4.206732977488143732e-02,1.282280634327983941e-02
-7.482224439612445398e-03,7.476069956562128582e-02,-1.680413634468649886e-02
3.306787106228967904e-02,-4.718531015235515741e-02,5.113858346535807287e-02
-9.276179545559284229e-03,-5.573131871485846600e-02,5.244647810375432928e-02
-5.444808420056504450e-02,-4.941410967624454420e-02,-2.332126089962820170e-02
-7.681944535254929540e-02,6.828966774327800346e-03,-3.152395259495723630e-03
-2.395448751432343801e-02,-4.599376294543281590e-02,5.723745986018663467e-02
-6.869242196304319037e-02,1.182561226330936487e-02,3.338336252905828305e-02
2.967736825787141257e-03,7.228280903751105324e-02,-2.732954249577197736e-02
-4.266538043531730579e-02,3.523827477694790877e-02,-5.409268728098304974e-02
-7.397429306779150504e-02,7.957280101012837586e-03,-2.145111194423823808e-02
-1.815743279770706819e-02,-7.344417664004143642e-02,-1.671829761995496239e-02
-4.356862379416426637e-03,-6.769353328192327657e-02,-3.754225960266673739e-02
-6.595167317615248381e-02,-3.990609962196020599e-02,-8.733632486686565902e-03
1.730531205971821279e-02,2.696037859151082655e-02,-7.070812881533754257e-02
-3.564329149178386853e-03,-2.232456601001627308e-02,7.431328455547794865e-02
-6.726503587524962358e-02,-2.773466786354615576e-02,-2.733750248467811672e-02
-2.367004796695679203e-02,-5.519259542416111303e-02,-4.941886667970623453e-02
1.847052870250065482e-02,-3.429772072575607705e-02,-6.737066812994048359e-02
-1.435025414608112095e-03,5.297896018463970486e-02,5.705309484169279743e-02
-4.949282808872600831e-02,6.017578649274984981e-02,8.969847870820493599e-04
-5.360315100459461801e-02,1.675953012701199979e-02,-5.408212520847489185e-02
-4.684749447292515384e-02,2.459524322399381582e-02,-5.733262142555372448e-02
-5.967493184081514024e-02,1.872198266685130494e-02,4.671852893790361116e-02
-7.418480788930204017e-02,1.031048115943615159e-02,2.218396830818312321e-02
-3.463441526911113788e-02,2.430650124556972547e-02,-6.571956442601950554e-02
4.274551879742743976e-02,-4.818057850945514642e-02,-4.436725450530688841e-02
-3.884818908446530106e-02,-2.027828065793505288e-02,-6.483982182221074975e-02
-5.392092044119524245e-03,-6.563734836411590917e-03,-7.784618410575760983e-02
4.350123544325587219e-03,-4.602185410950044436e-02,-6.326804043543381162e-02
5.321823616206182439e-02,-5.608994280195031545e-02,-1.300432098220616860e-02
1.581627061613233992e-02,-1.946525946136421631e-02,-7.433652949044788905e-02
5.661409844210001097e-02,-1.976671269546650955e-02,-5.066249243687027254e-02
-1.498021843735765878e-02,-1.397017734119991410e-02,-7.583266093903330562e-02
-4.751953971312675162e-02,3.445032297456809139e-02,-5.227650618405476485e-02
-1.067293325113238302e-02,-6.311375191611860724e-02,-4.569580997044171006e-02
3.011942799978840901e-02,6.600112129149832141e-02,-3.048995217441095168e-02
-7.548411210081333589e-02,-2.131853729523564694e-02,6.945163909852534317e-03
-3.107360983695870837e-03,-2.763627052188404737e-02,-7.372076106161738751e-02
9.302602608608186510e-03,-2.759001057515796454e-02,-7.326681615146958537e-02
-4.914447285544401578e-02,1.799361366724209002e-02,-5.902905173453960874e-02
-5.415946496945597821e-02,4.532357770504151506e-02,3.526342638800699508e-02
-7.638916490456000574e-02,2.007587618844249716e-02,-4.953681292790878057e-04
2.999503218685876937e-02,-6.396870646806337990e-02,-3.541893422790479140e-02
-5.806256217684588328e-02,-3.975775370644860779e-02,3.608139185414063754e-02
-7.259031501229028238e-02,3.014469444406023615e-02,9.130186448884811470e-03
-3.020032789950886226e-02,-3.867507585022565697e-02,6.213860031063606765e-02
-2.339679164921837796e-03,7.777606093261069109e-02,-1.490131554168369274e-02
-3.949936041243485435e-02,6.430948000400237008e-02,-2.425577605721492697e-02
1.449826523663367249e-02,3.306696247377478165e-02,7.062748160671311615e-02
7.813174919786497821e-03,5.463850351824760948e-02,5.703567017527245986e-02
-6.163981105048145503e-02,8.942102153728849478e-03,4.927136697254536762e-02
-3.753413509350852356e-02,3.281013599302107665e-03,6.996524482951885227e-02
-5.606521907826511608e-02,-4.857632670280193077e-02,2.862447580743373438e-02
-1.234597489573970031e-02,7.500118007448781932e-02,-2.350207793911535115e-02
-2.037485465361334527e-02,-6.504638856158773130e-02,4.112662895507384481e-02
-6.559694070526510268e-02,4.377218531255066408e-02,-1.123496260602918281e-02
-3.719798797273953656e-02,5.607969139355942906e-02,-4.271050360184355799e-02
-4.322457387642301280e-02,-3.322294515363611450e-02,5.820913725327357680e-02
-1.333758602361769137e-02,3.163339095510377119e-02,-7.203813053158178437e-02
6.612679435041354933e-04,-7.855100317017779665e-02,1.431718770263165283e-02
-4.208196373654194550e-02,6.766580627577531426e-02,-5.809613062030305301e-03
3.746081543627705415e-03,-3.336295336143156251e-03,7.978575690657041530e-02
-2.496963943206736286e-02,3.332692775786638695e-02,6.829634445294079093e-02
-1.848806350270690291e-02,7.565531325182647815e-02,1.845673687341056399e-02
4.035669427071283261e-03,-7.361910825902943933e-02,-3.126908520128598296e-02
-6.044719582214480233e-04,6.578980459682483295e-02,4.574693422438537438e-02
-6.798486582328600036e-02,-3.572697224088199498e-03,-4.236000744981551630e-02
-7.773987912456085947e-02,8.419264587283044332e-03,-1.795371402518923520e-02
-1.753890513954083205e-03,7.787592948813687466e-02,-1.940632368712760791e-02
-6.511242809185815994e-02,-5.749694009552792223e-03,4.668285405331677740e-02
6.544336203511363567e-03,2.420331339734923745e-02,-7.636087074659103635e-02
-2.698903328838120341e-02,5.939375277772907663e-02,-4.702362826151711139e-02
-6.792358795948683081e-02,4.308660129344042689e-02,2.194246313470631354e-03
-3.323950870468520696e-02,1.659695315575001467e-02,7.142967106839870350e-02
-1.608479316067048951e-03,-8.046218401555751965e-02,3.662012708224826520e-03
-4.038474570024736671e-02,-3.239568527079587923e-02,-6.178505500230432185e-02
-6.251781059587621821e-03,2.901369513754955415e-02,-7.499708385920911269e-02
1.306378222525620553e-02,-6.986904470799693012e-02,3.821959809970422450e-02
-7.220891619813807338e-02,-3.345865081578837386e-02,-1.367907649854041736e-02
6.646137556116152312e-02,3.700012113038078643e-02,2.724420609645425082e-02
-5.434976589253406182e-02,-3.827969020741752576e-03,5.972825198663055807e-02
-2.506374550117516573e-02,-2.588638295813154924e-02,-7.242488685785404556e-02
-5.206240338165223774e-02,-5.125914290371574866e-02,3.483265146873770063e-02
1.915724991245961557e-03,1.424186906710093493e-02,-7.970228356394011560e-02
-2.541553048482627503e-02,4.692293454768269728e-02,6.098272201855277352e-02
1.128435335850963735e-02,-7.965996908944963928e-02,1.006009097519752239e-02
-6.824932844750311589e-02,1.851363315842528487e-02,-3.976403193829645966e-02
-7.951833803079216834e-02,-1.128665114833822362e-02,1.178983350866463775e-02
7.507823085593448575e-02,-2.314973019833006795e-02,2.060477184424796410e-02
-5.549806509448109576e-02,-2.714741079292232184e-02,5.280003501279371264e-02
6.607422618826559388e-03,6.299589511881881210e-02,-5.099386521295707492e-02
-7.841051677503423079e-02,1.043898907828192182e-02,-1.905225959792453128e-02
-4.331489881272249792e-02,-3.762497386515399611e-02,5.775818343048804565e-02
-4.245959098523868075e-02,2.311480926816126061e-02,6.556197865547551407e-02
-3.904130436886783795e-02,4.678097497796574605e-02,-5.413371872217056374e-02
-1.566613273952109989e-02,4.850003467395908041e-02,-6.366412283370323499e-02
-4.926243551309049395e-02,6.429837306191095447e-02,-9.868795140205454536e-03
3.738897011286366340e-02,-4.919967549847084620e-02,5.336271765163905223e-02
-2.293650816197886563e-03,-7.808986673345436058e-02,-2.388507460564176163e-02
7.846137116319652771e-02,-1.601906110273321887e-02,-1.639056789629437030e-02
4.652757280391923989e-02,6.714931965512091483e-02,-3.907175358249619784e-03
1.741489683511484969e-03,8.179606387895818620e-02,1.774187577939772848e-03
-3.708747796360552934e-02,6.262281931754663800e-02,3.751458337728060671e-02
-7.218176434519975315e-02,3.875061494716855459e-02,-5.409173957014107911e-04
-4.665799728152950770e-02,2.270508776283263613e-02,-6.346091328157067724e-02
-1.015072667888783191e-02,8.016560042299776534e-02,-1.406717226340120988e-02
1.165056590314956023e-02,7.820990207258939064e-02,2.196795810389866668e-02
2.042867298298196334e-03,-1.396744791160893159e-02,8.089205009109837197e-02
-1.811329861816425926e-02,-6.808031983729588565e-02,-4.227808985540661146e-02
8.835217482471130132e-03,-6.365438403636036746e-02,-5.126586774633522942e-02
1.230628528505621662e-02,-8.129414069171293777e-02,-2.371242483044483720e-03
-7.895426365252285195e-02,-9.868046475108734582e-04,2.321055395373071775e-02
-6.587410700196789926e-02,-2.977485986737918311e-02,-3.943620639640864345e-02
-3.476153629839307674e-02,-1.662153878982943270e-02,7.282987965720573442e-02
-5.163970852932259041e-03,1.915714565247718382e-02,-8.001778480872542842e-02
-6.365357972397715780e-02,5.117112637767974592e-02,-1.157257019963085776e-02
-6.281752549406886821e-02,-5.168984507627042563e-02,-1.392783665292364470e-02
-3.083171506318863400e-02,6.258742510538840842e-02,-4.417879486198392214e-02
2.347076947977102049e-02,-2.661647365221153985e-02,-7.461845242334318173e-02
-6.502515390584805328e-03,4.608245731112586840e-02,-6.833032796980458012e-02
2.051673743832012342e-02,-6.038976967487968972e-02,-5.267572543440274258e-02
-2.621647112672817817e-02,3.914689991672694325e-02,-6.804773253926679755e-02
-3.436768680108779478e-02,4.412781697495150868e-02,6.107012142902901869e-02
-4.913245891870476889e-02,-1.774169599744736259e-02,-6.431859567576156400e-02
-1.861924544599588560e-02,3.790499566775826223e-02,7.134332385760508433e-02
-9.277919301340096028e-03,4.089325435494683275e-02,-7.157292956012260843e-02
2.288361710247100236e-02,-7.880057014039557051e-02,1.247081686859090842e-02
-3.349992290143075091e-02,-7.588096376146916122e-02,4.029352563109777491e-03
-1.717074755222548765e-02,-3.700365980400439903e-02,-7.238775093757456036e-02
-4.805251041341462165e-02,3.165664844091693741e-02,6.000496696803932911e-02
6.029286704735763169e-02,5.381449382323856556e-02,-1.970396622044576218e-02
-3.184921960605007624e-02,1.786598714123652926e-02,-7.479039725296937613e-02
-8.198614150064939543e-02,7.872593943080820680e-03,-1.229468222394607818e-02
-2.508904373174739369e-02,-6.412187031458274622e-02,-4.691998598269268156e-02
-5.474185871476437704e-02,-3.146683574907108150e-02,-5.443733110885418808e-02
-5.628014996869151743e-02,5.390216384250713644e-02,-2.974987448570922538e-02
-3.103994213562616053e-02,5.898719052129629270e-02,-5.022633963793407541e-02
-4.065909829717406776e-02,-2.049556706861584143e-02,-7.000085798308711138e-02
-8.151624727082325272e-02,-1.791093410579838383e-02,3.917988223001471308e-03
3.367001289985491197e-02,-3.489038863926972184e-02,-6.810097760992803173e-02
-6.918245785861909525e-02,-3.552495758883417870e-02,-3.079316420378283570e-02
-1.974072433493555268e-02,1.377470407284193260e-02,-8.015434209497948603e-02
6.068053582485812697e-02,-3.541892600857950157e-02,-4.555473542388664004e-02
-2.045738814950477311e-02,7.359578219873121052e-02,-3.441980149590215254e-02
-5.750860171108254648e-02,-4.554513545260763935e-02,4.056690093700379002e-02
-1.397692306084844134e-02,1.076286320567906331e-02,8.199869019461616948e-02
-1.313692663842911399e-03,3.649144668740236797e-03,-8.383104856586054421e-02
-2.823932618857085720e-03,8.375073236287468303e-02,-5.313701742949695356e-03
-6.704478265973450035e-02,4.785644074806279930e-02,-1.651856729943024932e-02
-5.585966383708441951e-02,1.322620259509443494e-03,6.279939810630583152e-02
-6.681292173966454917e-02,4.983923653688220046e-02,-1.120763748136747485e-02
-7.896269546305656473e-02,2.779354681312855985e-02,-8.582028997706693529e-03
7.684720812183689145e-03,-3.191738452725591951e-02,7.753178979216426847e-02
-2.744415390291518944e-02,7.618685323151989930e-02,-2.321742601012662457e-02
-3.221622233744124431e-02,-7.788457397017503614e-02,7.004838231359820184e-04
2.083976830576026937e-02,8.075532682520397687e-02,-1.250518601570017700e-02
3.208134203195397993e-02,7.367067425050183305e-02,2.575335955761208495e-02
1.426550457643742734e-02,-6.720809404348551674e-02,4.906221854665221427e-02
