-0.000000000000000000e+00,-0.000000000000000000e+00,0.000000000000000000e+00
4.255536690079229629e-04,3.041334475769529380e-03,1.443391943147226799e-03
2.815578047272088483e-04,3.017074083925755466e-03,-3.732965359754484864e-03
-1.773336080766382437e-03,1.597240418084926910e-03,5.392789253764878298e-03
4.147804532440105621e-03,5.366331956006990811e-03,-6.961886077407119589e-04
-5.331358216338231634e-03,-4.633647196150099054e-03,-2.888210251145927835e-03
-8.128015950627232034e-03,7.613110551633986726e-04,1.837880564471431038e-03
-3.316120120214505109e-03,-4.417487443930809103e-03,7.164567676089662711e-03
2.078182298321396698e-03,1.632311306975029819e-03,-9.311803539013131445e-03
-2.907691078989759186e-03,8.351577954580828231e-03,5.231619178827711172e-03
6.341550100267781542e-03,-8.314721693059169260e-04,-8.750707400532598337e-03
-8.282730528360608604e-04,8.616398540697944690e-04,-1.131315365987649486e-02
-6.486239336417453337e-03,-2.623325961741152564e-03,9.613656671993216218e-03
-1.077539694091735577e-02,3.335275654420292112e-04,6.094180307963084110e-03
-3.026602616387764379e-03,1.036007484453748372e-02,6.991064576279790339e-03
-9.575304185602703105e-03,4.907347640802669012e-03,7.850320076141037093e-03
-1.029000680026510677e-02,8.456807370058114573e-03,3.470684307669349988e-03
-1.395842003417890193e-02,-6.999363859871095316e-04,2.488477422626339530e-03
-1.211495546619511046e-02,-8.003138691687923870e-03,1.670487351940557440e-03
9.062248627554704561e-03,1.171020081445496228e-02,2.544147844943288155e-03
1.222980048018549454e-02,9.394479601193531440e-03,1.845705810712406606e-04
-5.780601945101898880e-04,1.257720383059584592e-02,-9.565016108437195824e-03
1.755188892371978369e-03,-1.486627385742551009e-02,6.171961244946906622e-03
8.713644822076163643e-03,-4.846776812230311343e-03,1.322684189673914955e-02
-1.573110846062382787e-02,4.947230583745243710e-04,-6.233920610436365951e-03
-1.716111453682757013e-02,-3.139237387528052451e-07,-2.072199975401895367e-03
-1.502842416768158940e-02,-9.002041566577377585e-03,-2.036773649815356007e-03
1.071599885661280761e-02,1.128214627679355840e-02,-9.009818161801824710e-03
-8.932449869590767741e-03,-1.041967344888529955e-02,1.213310677278965806e-02
1.820169242996659640e-03,6.343910727753132410e-03,-1.744427848203630033e-02
-3.803669542885799656e-03,1.671730007491034273e-02,-8.138281846379566073e-03
1.625479988429151231e-03,-4.306025343866605980e-03,-1.874315705733426568e-02
-1.649103702574653343e-02,7.497233411566275700e-03,-7.527620057958346947e-03
-1.791888831515978456e-02,8.091803430288653509e-03,-3.258411529872284624e-03
-1.172788830678143761e-02,-6.708616292390719854e-03,-1.506653949103588068e-02
9.069599959787141494e-04,6.985353006076765528e-03,1.929546681634870808e-02
-1.778913951224545681e-02,6.806466630894902892e-03,8.458689513809016305e-03
-1.743905439785595202e-02,-1.193264708471758299e-02,-4.844113529664581660e-04
-5.368566658371316845e-04,-1.419374468491031889e-02,-1.604430686665821865e-02
-1.944220398602823294e-02,-7.745313105832742941e-03,-5.798473942616659375e-03
-1.517190233345669902e-02,-1.446457689516797603e-02,-6.682515294254806268e-03
-7.839349606166994000e-03,-1.346360714752059887e-02,-1.593146342465475568e-02
1.181357708445242814e-02,6.316037494415015045e-03,1.815393658421328785e-02
1.511097103378506151e-03,2.156004362759537940e-02,-7.375346213231611693e-03
-2.230964206695581695e-02,2.901466020254055925e-03,5.280688262592809004e-03
-1.806807127842606497e-02,1.896453204562628539e-03,-1.471378711918615474e-02
-5.411621093820116746e-03,2.252567760861258483e-02,-4.731984447072557637e-03
-1.842466734914370227e-02,4.000033399445138485e-03,1.470251921440362056e-02
-4.563802691670529495e-03,-9.675716304766171505e-03,-2.167364737104082381e-02
1.524225683367551841e-02,-5.926943897799663227e-03,-1.814702824100201603e-02
-1.211049909820175949e-02,3.205308674513697963e-03,2.127014505101743058e-02
-9.729652244575314954e-03,1.708094632393858045e-02,1.534707184357310752e-02
-4.504330792112422495e-03,-2.383339480863083670e-02,-6.800761144335303911e-03
-1.230112781633576832e-02,-2.405440723728627004e-04,-2.226700019407370015e-02
-1.517575302299029733e-02,-2.016366590219631841e-02,4.791156200139822657e-03
-2.405446853325666004e-02,-1.254284829388503230e-03,9.606802607516097547e-03
7.329951936607229622e-03,-4.160923816961190069e-03,2.478106358775683873e-02
1.427835306475073313e-03,-2.472779270364741308e-02,-9.182234438192014847e-03
1.466242602382623189e-02,2.225944498277470165e-02,-1.774655534291328122e-04
4.430727530741866010e-03,1.651678786389856879e-02,2.075481375930400899e-02
2.372703759570723991e-02,-1.286014768620398659e-02,-2.747860669177701071e-03
-1.999907038451144425e-02,6.085783484187420184e-03,-1.765296523312319746e-02
-1.878774312427257051e-02,-1.080367300890434749e-02,1.707804538979153589e-02
-1.632038911694142294e-02,-1.564514613615572425e-02,1.621652885211403300e-02
-2.760629507215101378e-02,-1.911139781171313249e-03,-4.593020612750416121e-03
-2.692277451523566317e-02,-8.323039157041363378e-03,-2.347957306178047668e-03
-1.643550804023922313e-02,2.285739125569965710e-02,-4.451077368490379167e-03
-7.335047068818607852e-03,-4.273631753375826958e-03,-2.744302533542979788e-02
-1.367015991437718278e-02,-2.438668912450957932e-02,-7.510102701436995563e-03
8.307622034381864076e-04,-2.364149587638185099e-02,1.706414357288063913e-02
-1.976112267695088673e-02,1.649218678337471128e-02,1.418175925724604776e-02
-1.684278103781053360e-02,2.245743718401893227e-02,-9.403865242639218580e-03
-2.056526796853328648e-02,-1.570777619341187648e-02,-1.481980347320786644e-02
-9.449633199915980289e-03,-6.759076767904821474e-03,2.769771514182507374e-02
1.410604513638884748e-02,-1.722734714111032184e-02,-2.047550357964239565e-02
-2.486708825703010540e-03,2.823968739620047463e-02,-1.114535284175448109e-02
-4.702653851069434759e-03,1.643906904694807667e-03,3.026467276059258832e-02
-1.227060094847347467e-02,-2.370170593539127485e-02,-1.553462791488928289e-02
-2.783089115776828798e-02,9.643081752469886275e-03,9.950953981354225542e-03
1.348978462687917997e-02,2.681158053179371475e-02,8.868499648865423371e-03
-1.424989411440800297e-02,1.853830907792416993e-02,-2.111122060905536862e-02
-1.970955541815613485e-02,1.437951170319413984e-03,2.479545217620401226e-02
-2.146786110386084828e-02,1.275075743593064026e-02,1.987070513717036080e-02
-1.406468616752894890e-02,1.949103215513958015e-02,2.129640708659016196e-02
-4.585037815134430580e-03,1.363852578059044328e-02,-2.893420229590655882e-02
-4.144845061560216426e-03,-5.693370491556413310e-03,-3.174276486839229527e-02
-2.532719308383523174e-02,1.836476980796260261e-02,-9.563105481238948560e-03
-1.927633023572585327e-02,-2.482242225316879866e-02,9.769956645369242201e-03
-2.937285527420807618e-02,-2.878905391315105932e-03,1.500452131697159117e-02
-1.842056727066416350e-02,-2.026510921406335375e-02,-1.895292567922051905e-02
-4.617488840902508537e-03,2.040870951968619049e-02,2.616094913479186448e-02
8.636392883996070469e-03,2.149537810172046093e-02,2.446691192644046692e-02
2.131998859534030844e-05,8.055998508234761546e-03,3.291526845570178633e-02
-3.315154611427762604e-02,-1.182844403240930833e-03,7.806786291223447721e-03
1.723426334544612970e-02,2.303961853386694500e-02,1.861697192599413159e-02
-7.431186508173782783e-03,-3.099642872205288571e-02,1.309615395312820237e-02
-6.657088292049354560e-03,3.246102470753841479e-02,1.012717086734404512e-02
-2.205672773035064274e-02,-1.717203118914336496e-02,2.079208051812478017e-02
-3.354421936294400136e-02,-8.636988066164735106e-03,-5.194196374718236357e-03
3.023628665794620210e-02,-1.577342126947563553e-02,8.767599237922182875e-03
-1.165866603470582831e-02,1.321862867762210389e-02,-3.069804211113294143e-02
-3.224359882134664873e-02,-1.340767041579827559e-03,-1.499034820408056204e-02
-1.175461488420568440e-02,-5.710072313001484171e-03,-3.329448538675770786e-02
-2.942631605898665681e-03,3.572079089911129463e-02,2.795451774209284368e-03
4.067135978936687181e-04,1.358057196886821097e-02,3.348149059890838386e-02
-3.393001342268035098e-02,-5.397155305362222186e-05,-1.294322629689437405e-02
2.156710094098909097e-02,-2.941736604990815782e-02,1.196736049925053134e-03
-2.470328412176285571e-02,-5.174429975525102025e-03,-2.661039116027224399e-02
-7.967781582976141488e-03,-2.325810670950122228e-02,-2.745742593149029520e-02
-3.585597014033830437e-02,3.538498386330895824e-03,8.565530317220654277e-03
-2.851239985386593706e-02,-1.812600043630424596e-02,-1.559630114476187081e-02
-1.159045517649648664e-03,-1.597791332693334785e-03,-3.733737507726462429e-02
-7.229089998039259918e-03,2.919893258428486738e-02,2.250266782755457051e-02
-1.131225599222109371e-02,4.988777923190555047e-03,3.565939815377990735e-02
-2.417556357541121234e-02,-4.004098918179692206e-03,2.893451633191104072e-02
5.588913815130808378e-03,2.703286031217603386e-02,2.624773354051429530e-02
4.954826846213456143e-04,-2.762175506825321255e-03,3.816211259899776609e-02
-1.371118071845096008e-02,-1.624827305857206791e-02,-3.202334351204317447e-02
9.121938459809098357e-03,-5.926204675091604167e-03,-3.704661877154926536e-02
-3.490581811965735859e-02,-1.638929781695552118e-02,-4.129099509604819938e-03
-3.193532178757328699e-02,-1.809441997147852657e-02,1.304238350562049974e-02
-2.395181226020660567e-02,3.066374919788312017e-02,-4.090455226023107134e-03
1.281510469197247705e-03,3.864398828950036530e-02,-7.000395125931507812e-03
-3.821295111910601172e-02,-1.084976629495929641e-03,9.794203990027314927e-03
-2.537823456603251898e-02,3.042285910159096482e-02,-1.031526388149817250e-03
2.852343456224075251e-03,3.161349006138464146e-02,-2.400969199726547820e-02
1.608734487641426403e-02,-3.142408738002967078e-02,1.873742928847584727e-02
-1.410423003099952645e-02,3.238373896399993762e-02,-1.905499618204184106e-02
-2.130664108497294304e-02,-8.253718201064779575e-03,-3.319641338751063570e-02
-1.616713300275108081e-02,2.785794889610980008e-04,3.709478895240417989e-02
1.928034993012070486e-02,3.552692710381561564e-02,-4.119408628710430689e-03
-4.033064273535730965e-02,-5.592990650488445167e-03,-2.533173933195088587e-03
4.758701752559466730e-03,-3.766761499557303577e-02,1.536775872185570761e-02
-2.375321217013357661e-02,2.564434433411945380e-02,-2.166164877234193556e-02
3.870939440324333569e-02,-1.340933535883038520e-02,5.125133453449393951e-03
-5.258853599750188713e-03,2.637985466025063661e-02,-3.153364353625578292e-02
-3.391057088055163954e-02,-2.160771344233853100e-02,1.070232011711118314e-02
-7.414776640099958807e-03,7.643077518436857537e-03,-4.039070234924628522e-02
-2.309580805874486206e-02,8.500466732079901833e-03,-3.394971506235880399e-02
-2.519075476754449941e-02,1.097233986230930318e-02,-3.188655550682341355e-02
1.655705605417481709e-03,4.190522844764797694e-02,-5.137938591101927702e-03
-3.748966175881060514e-02,1.723964529056613501e-02,9.797215491107263974e-03
4.027397252722732940e-02,-1.266151976567164023e-02,5.462979830108221496e-03
-4.045487639000520247e-02,1.115461014980839889e-02,8.038814524703157688e-03
-1.671755890194862385e-02,-1.727293704455787685e-02,-3.551500147156769899e-02
1.314269368092513268e-02,-1.754633228012226001e-02,-3.704121928439154526e-02
-2.281557518508541688e-02,-2.578788799532136244e-02,2.608846680777749880e-02
-2.320654341057971567e-02,1.343302633090485282e-02,3.406918632146491155e-02
6.853961796576489227e-03,3.633793961641073461e-02,2.293055807238999003e-02
-4.250516901144859444e-02,9.272616446600453685e-03,3.755527690503018736e-03
-9.279585680375771264e-03,4.281322699484851196e-02,-1.114053191045553124e-03
2.595687547919788354e-02,-3.099544892146804606e-02,-1.730331057051876648e-02
-2.597230402407949001e-02,-3.459751789278599915e-02,8.711960171621197652e-03
8.925891999966240054e-03,-4.050402870078510104e-02,1.551683418162120090e-02
-1.045334446862002109e-02,3.278154156879119902e-02,-2.811937369744141671e-02
2.357170472554900517e-02,3.779037440774694195e-02,-2.109994157568524219e-03
3.323860821012339373e-02,-2.897742129581138901e-02,-7.569045387488643542e-03
-1.113046431223180775e-02,8.661894397074432206e-03,4.262012678605321681e-02
2.978680082179956112e-02,2.671629595474427771e-02,-2.068789352358064645e-02
1.469746630990401669e-02,3.909648052591511991e-02,-1.726477159758163515e-02
1.759145120592331760e-02,-3.825428339943677536e-02,-1.683452181891213414e-02
-9.053903211925083683e-03,-1.249023698795177946e-02,4.280077634655381907e-02
-3.709308587183920286e-02,-4.681367739966584181e-03,-2.618618598759640120e-02
-2.976062814272525253e-02,-3.348763468830683043e-02,-9.490132577742990683e-03
-4.248542959430153497e-03,4.257180074549048632e-04,4.574501160389727455e-02
-1.601740851248998829e-02,2.978150873656880762e-02,-3.132103841007109757e-02
-4.599317002779734764e-02,4.659967259578966930e-03,-1.043886176263723832e-03
-9.573409464906821112e-03,1.232898966670961660e-02,4.368299130391893603e-02
3.183230335315581638e-02,3.250691582489739773e-02,9.775031003086858891e-03
-1.071634106045618595e-02,-1.544237721131817495e-02,-4.273096730521750569e-02
-1.606960834647147909e-02,3.467291585884788724e-02,2.706478796369745851e-02
-3.685572140395199786e-02,-2.195049666345048542e-02,1.914390664767577979e-02
-1.234493097375832966e-02,4.058101598127773768e-02,-2.052218694211808969e-02
-9.528196387553105121e-03,-2.009959958590431877e-04,4.629552168278442542e-02
-2.462156942205352000e-02,4.049393311295709785e-02,-1.362217514031869572e-03
-4.432059130294038057e-02,-8.858376426050036667e-03,-1.479159965514763135e-02
3.227732907848606531e-02,-3.492151952861154846e-02,3.739953707121440683e-03
-1.919125017772968164e-02,-3.411412606376437728e-02,-2.751370569894009271e-02
-3.213177741551751648e-02,2.965518985815937449e-03,-3.551900262782663881e-02
-9.058994618804445953e-03,2.641192192049745049e-02,-3.920409081467807894e-02
1.190037576525513827e-02,2.866873154889040473e-02,-3.697132679079407486e-02
-5.813653010332583970e-03,4.155549044139947301e-02,-2.415620059550468296e-02
-2.984162550462047397e-02,1.076811338292010464e-02,-3.676271476190657445e-02
-7.136295560005630374e-03,5.844776348505006415e-03,-4.781928727174793170e-02
4.715319547030189309e-03,-5.343144565223005744e-03,4.831973208930086250e-02
-2.942108141951129546e-02,3.966960178251563093e-03,3.896226030193408740e-02
-1.076130255884873155e-02,4.287708172883710617e-02,-2.142350377610482970e-02
-4.720046441407704796e-02,8.721775342465399108e-03,-1.109470972236670586e-02
-4.437078844031687452e-02,1.861077287897315927e-02,-1.121403598164469155e-02
-2.704574758200928644e-02,-4.082746720577515309e-02,-7.508098865256440657e-03
-3.139363552427767989e-02,7.340029254870140268e-03,3.780397325369567324e-02
-1.303458138928608595e-02,4.604303846922951776e-02,-1.387707833753534792e-02
2.383299429114116991e-02,4.294261345955531495e-02,9.177167887261226259e-03
3.702598133621333443e-02,-3.372438012073566971e-02,-1.384017273192731431e-03
-4.939085792057081037e-02,4.584832150765138711e-03,-7.973381886019764372e-03
-1.675765210670166275e-03,-3.435483953361628817e-02,-3.680863821062213548e-02
3.146622927211609883e-02,2.734052136196010729e-02,2.853428837736968551e-02
-1.297726399317098833e-03,2.962139743486830526e-02,4.106851268320677734e-02
8.211552903642137463e-04,1.957911825570397488e-02,4.685750833844051083e-02
-1.813153677969480543e-03,7.381666282301461122e-03,5.035653691798157999e-02
-4.024251290957929147e-03,-4.650462172587015858e-02,2.070278888927669023e-02
1.371784770985087255e-02,-1.574965017929557884e-02,4.674588754520301453e-02
-3.547914871488574984e-02,3.404314955254041791e-02,1.475259951060229995e-02
-4.289875308599168380e-02,1.145285850273369647e-02,-2.603493525197169561e-02
-2.376580515020103312e-02,4.004894277202081937e-02,-2.223752876417358845e-02
-2.392244910642885719e-02,-1.553837547357367517e-02,4.316795284000043281e-02
-3.795726284995399463e-02,1.907871960869468586e-02,-2.977263611468361840e-02
4.335844633012677501e-02,2.798617103383685412e-02,6.477013116845152692e-03
-2.342404990526944508e-02,-1.738618818588717958e-04,4.658749382740328543e-02
-3.352887231447706368e-02,1.096967494222779969e-02,3.858208436038806227e-02
-4.105209555074645217e-02,-3.235876759882747034e-02,3.837220349512851948e-03
-1.890923392685958486e-03,2.758493127708644063e-02,-4.468314877522970574e-02
-7.086436793586579908e-03,-5.045919719168334705e-02,1.336956886493951072e-02
-3.435712195026283111e-02,3.161702012396228056e-02,-2.467911602158810030e-02
-2.609085475357221517e-02,4.231513014757314756e-02,1.821602896838044397e-02
-3.934834470366827680e-02,-2.813256879343015160e-02,2.184994173187998837e-02
-1.777597091142164853e-02,3.420095043387521606e-03,-5.003503803604292255e-02
-2.888467231744888675e-02,3.988497387266912858e-02,-2.049615365384472102e-02
-3.501483235237076025e-02,3.506022743028607697e-02,2.010017297231724703e-02
1.432074634430928993e-02,4.695834175703519214e-02,-2.152114221260581842e-02
2.163830571682431533e-04,5.368443187852073306e-02,2.307626155923558908e-03
-2.937805690409109045e-04,-3.001313410077019461e-02,4.472787967923579772e-02
-1.857489496818543959e-02,3.294076605508394762e-02,3.854104103613602283e-02
-4.105313472605753161e-02,3.661207385526807183e-03,-3.508346316624389588e-02
1.043306146924624644e-02,4.249768099031905194e-02,-3.207492037565502774e-02
-2.496010881403718309e-02,-4.400007975439888114e-02,-1.996954854531220180e-02
-4.543241745142722471e-02,1.487034517648757985e-02,2.620433116797430545e-02
-8.018434972055399346e-03,4.815289263932804459e-02,-2.455627119591409502e-02
4.495617617765151897e-02,-3.095783443951340835e-02,4.547175227233759241e-03
-5.309402374665878749e-02,-1.246338643660604636e-02,6.319214000072270396e-03
-3.195671075200870459e-02,-1.008090448554607027e-02,4.365222574765108970e-02
-2.569193970825979847e-02,-1.683387583938970519e-02,4.581542038854102827e-02
-4.320566302703893191e-02,3.430048912113872056e-02,3.660188302731987899e-03
-5.204345630499131875e-02,9.323156173891450696e-03,1.659385225133330061e-02
2.111649256062486310e-02,-5.137162018627760424e-02,6.396376276275207305e-05
3.845384769594028130e-03,5.453254660746478105e-02,-1.051333046397449900e-02
-8.213269335434675300e-03,8.920957885600941731e-03,5.446322296645912664e-02
-3.630576515347638811e-02,-3.358631560356921397e-02,2.610192396156393868e-02
-1.179433010936888591e-02,-3.728609310644347141e-02,-4.015323326531112375e-02
-2.548410281128507884e-02,4.958179264505208073e-02,-6.930805737133373390e-03
-6.952618004283203819e-03,-5.578431226353727096e-02,3.129923521339064967e-03
-3.536574546059592650e-02,-3.934913813636377322e-02,-1.962487117751647928e-02
-3.321951210699974205e-02,2.964929066348118841e-02,3.486858582233874626e-02
-3.588713148085084098e-02,4.202916637170734521e-02,-1.258221475002535041e-02
4.811431851917385982e-02,-2.957134728206688851e-02,-6.117040786405228067e-03
-4.319478608927401764e-02,3.088506142148714564e-02,-2.052855901313820411e-02
-7.487234407064734081e-03,-2.795010147901212313e-02,4.917383761750238058e-02
8.990648188073898858e-03,-3.480220243355629933e-02,4.446963868841694728e-02
-1.137801535583721733e-02,-3.683494719780183724e-02,4.239751243720570745e-02
-2.965392385193016053e-02,-1.924514116109240364e-02,4.525864303446078957e-02
-3.691169943547339960e-02,1.324919398575897730e-02,-4.212269426385761156e-02
-2.170127067203488774e-02,2.088934926695685396e-02,-4.918630727604545588e-02
-5.104306766021558112e-02,-2.156004378654511472e-02,-1.645132176194746831e-02
-5.469853976824933656e-02,1.883719038648797028e-02,-2.895941047716997421e-03
-4.237695202512382214e-02,-1.762861203798257725e-02,3.553685957460137740e-02
1.737341514408217991e-02,4.560243010907898131e-03,5.532724544530197297e-02
-4.910860916270374209e-03,-2.390098222515031970e-02,5.294016841886653446e-02
-6.850930199002585111e-03,-5.792316518964335526e-02,-3.211291418738154626e-03
-3.779439721485645248e-02,-4.456020222916432655e-02,3.553099728896273301e-03
9.513433823027349356e-03,3.637903100460689737e-02,4.502257440399245331e-02
-1.878346527717204492e-02,5.474346563915390845e-02,-1.027767927973114066e-02
-7.379986429281408869e-03,5.504943355262185284e-02,-1.961436856829027256e-02
-8.442110712593772900e-04,4.359885319022047817e-02,-3.977929944562248743e-02
8.894123223110389845e-03,5.203561594074437163e-02,-2.667393142879167720e-02
4.110527070980332653e-02,-3.646674437609793984e-02,2.220796016602776674e-02
-5.862229548535211228e-03,3.500996152583072535e-02,4.761254134156941292e-02
3.048284324362666997e-02,-4.822808092329073509e-02,1.691829632971005373e-02
-1.712334319374674094e-03,5.911164292864176661e-02,7.657108077680217437e-03
-8.471397871243822181e-03,-1.698637383947091892e-02,5.665531307224734581e-02
-3.935662267395995118e-02,4.287055816336274305e-02,-1.405984825402323800e-02
-1.792726050848552494e-02,-5.454200796916096328e-02,1.739768549726245297e-02
-3.497792001988590804e-02,2.582278769484496264e-02,-4.150927968270624879e-02
-3.884004985670922588e-02,4.542170457166164188e-02,-7.484108910438001631e-03
-2.783749927750717862e-02,-4.467957490758017736e-02,2.951117656281044416e-02
-1.788451395071274930e-02,-1.924646960947497265e-02,5.446312150614589925e-02
-4.401795287068781953e-02,1.237638785084734828e-02,3.975146538343651836e-02
-4.436106318876018723e-02,-3.741115373453492154e-02,1.782869000234993395e-02
-5.280267228648816841e-02,-2.791358801532726683e-02,1.151097172887482686e-02
-1.724354399709712021e-02,-2.363242521020365514e-02,5.346400916489006672e-02
-2.050703685472712173e-02,5.121872402576984479e-02,-2.616831791908651172e-02
1.680248624807761590e-03,5.951672645145967416e-02,1.407353599951217948e-02
-5.857727743705509749e-02,1.526840476909863131e-02,9.652160335529041957e-03
-1.755146109358539722e-02,4.970497125987961839e-02,-3.151842864493045043e-02
-3.329142062629028564e-02,4.798462716082512597e-02,-1.938238027585176965e-02
-2.077707702646426971e-02,4.709468227016055247e-02,3.393227840938512624e-02
-5.214178272769235539e-02,2.684406730995051935e-02,1.939351978263934365e-02
9.416600339769828822e-04,2.635140688982693172e-02,-5.598824266940354011e-02
1.004629802841319058e-02,-5.456246818047307684e-02,2.768519907638142263e-02
-2.731796201582451129e-03,5.815784030546927719e-02,2.166022151454712746e-02
-3.944720928254483172e-02,-4.781474030555887822e-02,-5.580133135621321606e-03
1.923897245062049580e-03,-6.977139076823239867e-03,-6.193223086815569101e-02
-5.964075833641926429e-03,9.623830951529086311e-03,-6.143544353560361632e-02
4.726089623580952441e-04,-6.015319128445439228e-02,-1.727419260151573030e-02
8.096192379791585653e-03,-2.816165874326566343e-02,5.543403286195636159e-02
-2.831812192985476775e-02,-4.205414219508640805e-02,3.708949383830825036e-02
-8.793931259566727110e-03,-1.047728508340713127e-02,6.142910078419433484e-02
-4.428153884899416887e-02,4.485676204687038399e-02,1.485818005916058520e-03
-4.279314122402681081e-02,2.986709065615305442e-02,3.558723937056607056e-02
-5.106316411207344717e-03,-1.783789355424738113e-02,-6.049830366046364538e-02
-4.851298573773444103e-03,-5.644964972289281784e-03,6.295615300946423576e-02
-1.883150799549107796e-03,6.348042643146090125e-02,3.762283083567026292e-04
-1.660927918471684752e-03,-6.100198409446286330e-02,-1.800090597209434706e-02
2.563816430171917196e-02,-2.420115946170311311e-02,-5.309998258572404956e-02
-4.745603857432811185e-02,-7.938014038356991375e-03,-4.197767067608370456e-02
1.815039334635305465e-02,5.471214497206927652e-02,-2.773004475787334971e-02
-5.598663177882898245e-02,1.169407864286656478e-03,-3.115357366838471254e-02
-3.686701494673326474e-02,4.591555529929242790e-02,-2.556583391322110946e-02
-6.256140904628251787e-02,-1.430028913820651122e-02,-4.149139200804426511e-03
-4.177933489251686033e-02,-4.468760261242894077e-02,2.019336404744583383e-02
-1.965991764253390700e-02,2.067124618552005841e-02,-5.788853636865802510e-02
-1.151100812879923482e-02,-3.965622386535057331e-02,-4.974345241604096607e-02
1.321656847805468583e-02,-5.442641339243049076e-02,-3.251551737997961794e-02
6.004378499753449533e-02,2.023110107237615155e-02,-1.393788408333038881e-02
-2.539575505687007538e-03,6.314069106430994505e-02,1.517481225498607846e-02
-1.572815526610552364e-02,-4.256081544263584648e-02,4.668331845638561128e-02
-5.529594508958408233e-02,-3.039134591562460061e-02,-1.647784014060616961e-02
-3.264603767480062785e-02,-5.050585536526616681e-02,2.551196205526893787e-02
-1.343969632122789595e-02,-3.211311403653583762e-03,6.396252244380136454e-02
-2.639322099017499951e-02,-5.378403196418237581e-02,-2.659888785349885654e-02
-2.241900033828104696e-02,-6.158686520497713007e-02,3.995021116260565053e-03
-1.296727588019693650e-02,-6.217290195457561564e-02,-1.710522774595304649e-02
-6.233416008436160755e-02,2.052801913003174036e-02,-5.827732459428651771e-03
-6.301942051644555953e-02,1.959996909746729993e-02,9.868953530304798525e-05
-6.213631573814760306e-02,7.258375534567279401e-03,-2.137106838078861593e-02
1.037340165215806451e-02,6.377187804510729696e-02,1.451161013700926102e-02
-1.826589836531077385e-02,-3.515821715258579672e-02,-5.319800504971894384e-02
-2.937623039602300055e-03,-4.736952143416633607e-03,-6.620749781039542148e-02
-6.103375981300653008e-02,-1.742198399531530092e-02,-2.001479785749108245e-02
1.082672317402014889e-02,-5.820010511385287355e-02,-3.065141628984713665e-02
-2.698790348071763295e-02,-3.329945805742961368e-02,5.120084716646704920e-02
-3.809232581204551049e-02,-5.478042417421324917e-02,4.643377696050270120e-03
-4.040988382761933478e-02,4.559678538243869261e-02,2.786064621840821792e-02
-8.616509517281887090e-03,6.488648415118648816e-02,-1.478196106020591115e-02
-1.865606766487575355e-02,1.222448252836417929e-03,6.456186808439473568e-02
-4.536030067209264466e-02,4.345876460654443663e-02,2.421433916418128801e-02
-2.394443418245817759e-02,6.122249607070043981e-02,-1.502693562816664538e-02
-3.104349340684055270e-02,-5.868240170293262392e-02,-1.244206157679366050e-02
-1.983489175473094474e-02,-3.582515438908540073e-02,5.385218579374206199e-02
-3.989930623250247110e-02,-2.534463870359582663e-02,4.855324254142959900e-02
-2.846095277878641500e-02,3.937635850295488626e-02,4.739204421089377589e-02
4.880470228898139973e-02,4.641689814030937333e-02,9.214890406235447945e-03
-1.649414498188308056e-02,-5.525884304537236752e-02,-3.620170708458072401e-02
6.041529885806015687e-02,6.453408565112938103e-03,3.097303374485810626e-02
-6.730474337225283987e-02,8.676840855688696882e-03,-7.784455747684973850e-03
5.338116953853121183e-02,-3.981781473430325013e-02,-1.567296096513145012e-02
4.845413973851334793e-02,-4.185305558512761315e-02,-2.441329256474954190e-02
-3.313375089186314931e-02,4.852970267959708095e-02,3.545927994816512607e-02
1.100694460058298380e-02,-6.528932414884133784e-02,-1.847543556825860175e-02
-2.271409727909691131e-03,-8.208859682986032955e-03,-6.831914049378884357e-02
-6.835222827063847095e-02,-9.059010469967652621e-03,-9.061187404407035698e-04
-6.076587917080547574e-02,1.356672401860418639e-02,2.988705485320880886e-02
-1.330698178963484607e-02,2.919719445694839849e-02,-6.127893503570164963e-02
-8.734410399795828131e-03,-6.609448677223209168e-02,1.883536396395140561e-02
-6.045517734464129350e-02,2.333383612546952382e-02,-2.480187771283971429e-02
-2.333390704124627471e-02,-6.266500463237185958e-02,1.891953313208571616e-02
5.899325081265498899e-02,3.196136458815257431e-02,1.850646438382312284e-02
-5.820555434242982717e-02,-2.883256626343205786e-02,2.529669551496960614e-02
-4.356422952817640831e-02,5.390881078443424818e-02,-8.368689297031479610e-03
-6.496066263019735498e-02,-1.043901368767906519e-02,-2.366627115218618641e-02
-2.905822355787189906e-02,6.369334898944953305e-02,-1.628358037269919461e-03
-5.640967308138637032e-02,4.049008755932353987e-02,-9.864292664111535061e-03
-6.913350859354690237e-02,1.044405900173774222e-02,6.724253357537928431e-03
-3.518022465805276805e-02,-4.820254920351584732e-02,3.724971213771168660e-02
5.773017847937977898e-02,4.013096759328130259e-02,-4.511214347658003450e-03
-1.392338761837861802e-02,-2.705682954584505417e-02,6.366032297806968610e-02
-3.976931889955861998e-02,-8.668965044333317230e-03,-5.776483618173600815e-02
-4.005375488910440512e-02,-5.175009587963010083e-02,-2.694645835968292186e-02
5.789009882322135401e-04,4.599339741308768048e-02,5.392334907095822777e-02
-2.070675773047180382e-02,-6.625692644439278023e-02,1.482153346427805655e-02
-4.645893619934386709e-02,2.567536751852696197e-02,4.728371688294826652e-02
4.958218644727662577e-02,7.893065231572815935e-03,-5.047472398964784890e-02
-4.672499396557731888e-02,-5.047089022590177387e-02,-1.878418674490561768e-02
2.236390666450132139e-02,1.293876190318500596e-02,6.656441464403708985e-02
-6.407914577902766584e-02,3.102304622979341203e-02,-6.694185092846809300e-03
-1.665912587190377173e-02,-3.939681064796132781e-02,5.743474582880738616e-02
-3.055658388820053570e-02,5.337101340308295083e-02,3.689482515652755396e-02
4.456844940382950933e-03,-2.771542830155545103e-02,6.610905958428012208e-02
-1.400030608507239240e-02,6.614334116014790321e-02,-2.454567461684144941e-02
-2.716318640253167702e-02,-2.296410543311216620e-02,-6.263609800356324808e-02
-3.849279563368018103e-02,4.820534423543722941e-02,3.739056264049610973e-02
-3.909311843176742352e-02,-1.385084392113235252e-02,5.914750819415493660e-02
-3.085518495288209692e-02,-5.637079192081986129e-02,3.322473025168996147e-02
-8.750063587053796832e-03,-5.114196742859759143e-02,-5.056262354251088442e-02
-2.175558988901920079e-02,6.863640264922955814e-02,8.912879068596810811e-03
-3.649010598767673391e-02,6.061931193060215994e-02,1.650863480789481821e-02
-5.991259740366274011e-02,-1.817798604567653215e-02,3.706581051299547708e-02
-4.203878733248536670e-02,5.140038600299252913e-02,-2.999412887166313935e-02
6.275464335481668182e-03,2.155155019353084678e-02,-6.942719802149985298e-02
1.852109437762711891e-02,3.331408084206577414e-02,-6.233949782715467181e-02
5.896336279267903185e-02,-3.444239750597492822e-02,2.629079820066681020e-02
-4.055758313339707932e-02,-6.102012994674540364e-02,-9.412208385901487014e-04
-5.720213113684724515e-02,-3.699531560521256840e-02,2.726947412868235832e-02
-7.088602083230560735e-02,-1.668196674926539572e-02,9.815973367949560116e-03
-6.198653549172227634e-02,3.905817810288790548e-02,-6.834530952799644857e-03
-2.390792516809187029e-02,3.169436960478629875e-04,-6.969943664452943333e-02
-1.073414776882179386e-02,-3.704887462888779848e-02,-6.290456188675612459e-02
3.678361364178406312e-02,-6.029603227911788793e-02,2.170965873632365456e-02
-4.844458451166841484e-02,-5.520379981723271684e-02,-8.986269442723187825e-03
1.190801947321013486e-02,-6.570620056497744610e-02,3.211113596318541930e-02
-1.260554012915054631e-02,-7.931737143956675042e-04,-7.311531211636587702e-02
3.704248184847876851e-02,1.204599214720581020e-02,6.327146379229094120e-02
6.943465280946933826e-02,-2.499909833310864915e-02,9.463637720379423218e-03
-5.565000183493079566e-02,-4.373118972613525279e-02,-2.327036262719481968e-02
-4.118556143034537986e-02,5.418396360030984515e-02,-3.055921499116889123e-02
-6.908870743744720266e-02,-2.657451709650067440e-02,-1.008647050487290753e-02
-5.086726617163386116e-02,3.587497344604549665e-02,4.149552058846394526e-02
-3.071760511970067151e-02,-4.310268840385478306e-02,5.301077617407622816e-02
-3.295631431618563367e-02,-3.619430699278088776e-02,5.683836285319323472e-02
-3.058880017778329631e-04,1.961032226353565805e-02,-7.250712714700713324e-02
1.186866945010667078e-02,7.411501013396434856e-02,-4.821065121711231617e-03
-5.503766117880383446e-02,-4.152974087523766955e-02,3.030653123914829258e-02
-4.067840115547189522e-02,4.410694985866377843e-02,4.568814221807412229e-02
-7.037583111678848147e-02,2.094599612415709924e-02,1.764331590325610849e-02
-6.958082291564970934e-02,1.723560366661495286e-02,-2.407167420492351342e-02
-4.306040306427692116e-02,5.354465406562536334e-02,-3.181198640864651983e-02
-2.957588630159528869e-03,-6.672828182878903780e-02,-3.587552926818557419e-02
-1.698647033261945632e-02,1.478534630138059365e-02,-7.250212200319276767e-02
9.079039803281585899e-03,-6.724899412965146261e-02,-3.426503483860811328e-02
-2.567879752287700532e-02,-2.790775273338907264e-02,-6.599966569426522767e-02
-5.627264439038631022e-02,3.250268977644477086e-02,-3.982988097986631115e-02
-9.624659802198074279e-03,7.479567454067731491e-02,-1.173410309792155375e-02
-4.265403206808284636e-02,6.332813438029183395e-02,-3.188044351575882243e-03
-3.300860586274131925e-02,2.067575444663926829e-02,6.586500838006720260e-02
1.738848671341577251e-03,7.046019371216842575e-02,3.004778826423222873e-02
-2.166869630922095471e-03,-5.227287153452653962e-03,7.651009732540151043e-02
-4.614390837335741874e-02,-4.004911291428984998e-02,-4.656083587093524240e-02
2.523417324542134854e-02,5.802430367338617945e-02,4.373571721808491158e-02
-1.280312814372686937e-02,7.406420814191129465e-02,-1.680084769342171658e-02
4.489113443696541293e-04,7.442491220743126246e-02,2.019233354927299148e-02
-5.043830131507756609e-02,4.606843842220337965e-02,-3.599980647696869596e-02
-3.916460316460190771e-02,5.832145925163449013e-02,3.228568951048092078e-02
-6.020745961825134385e-02,-3.213462784360551772e-02,-3.654274723432188177e-02
-4.303451205677743391e-02,-5.978990065076276311e-02,2.411368169296018368e-02
-2.702071696348027491e-02,-4.671207923943301171e-02,-5.578050657503859366e-02
1.010700759549168666e-02,7.615232046927890297e-02,1.173078193900267685e-02
-1.135541090281971810e-02,-5.238881633882353644e-02,5.639811484047203144e-02
-5.923258565710934342e-02,3.639621615710236097e-02,-3.516310568498966227e-02
2.070269071582063816e-02,-3.074649507566084780e-02,6.863696249211978517e-02
-4.137092407768216268e-02,1.441959631615040774e-02,6.465957715658110505e-02
-3.023026910249233465e-03,7.410390428068570901e-02,2.480271228966429709e-02
-4.676641595452862843e-02,-2.543007153172274770e-02,-5.742198698001996920e-02
3.850841452622955768e-02,4.775035066347291940e-02,-4.882060119056026715e-02
-3.947203778939804147e-02,-3.441669747542086544e-02,5.847455128043593797e-02
-1.541503522720961625e-02,7.459843623305301152e-02,1.935610586013388965e-02
-3.207976505219257285e-02,-7.167039368470998206e-02,5.180949176422512681e-03
-5.717181051135156872e-02,-4.475470240707178637e-02,-3.060056855080921928e-02
-7.821496844496120260e-02,-1.027112154512395056e-02,-5.638112865028912894e-04
9.051870243976486638e-03,-5.063244148792466620e-02,-5.994347906667735204e-02
7.347057369907260792e-03,1.338386716926378249e-02,7.759577998946630417e-02
5.683286637316153911e-03,-5.922159003540843070e-02,5.225066942962260791e-02
-7.603603463863656264e-02,-1.664975378088111302e-02,-1.504521081573453531e-02
-1.717707319955646961e-02,5.828107349163379886e-02,-5.107585545860292287e-02
-2.687356827193481887e-02,-7.205885389167106247e-02,2.003105658822490129e-02
4.264586431966493202e-02,6.714743498741275463e-02,-1.975006783085110282e-03
-6.236119635692091018e-02,-3.897406174633442910e-02,-3.064139211374568295e-02
9.341746222973266317e-03,-7.631493061018955470e-02,2.123683598201146772e-02
-7.542598298294167503e-02,-1.962188897050551589e-03,2.616800348542580937e-02
-5.586899571943514803e-02,1.306451615689548313e-03,-5.718479426809483512e-02
-1.743861868222284714e-02,-7.734314146395339373e-02,-1.107022349377880140e-02
3.198847820772733608e-02,4.118159716659828412e-02,-6.086788875023765172e-02
-6.356371089529977425e-02,-4.473730925796012142e-02,-1.994463683881898125e-02
-3.790894386173278979e-02,-2.169383887432325617e-02,6.743389339147615180e-02
2.858006481209919222e-02,-5.599264029564803707e-02,5.018496215060878202e-02
-6.075303154613094503e-02,2.257420380534378573e-02,-4.780681322592860577e-02
-5.673275440949387960e-02,-1.102500049876223125e-03,5.728604984386153481e-02
-4.692785917769604076e-02,-4.197655921901707887e-02,5.052482609985738810e-02
-1.370756911388795480e-03,-3.417386109778162984e-02,7.323106191624281780e-02
-6.455406171680264094e-02,2.654860485416099189e-02,4.093868947787530910e-02
-4.478296361003487186e-02,8.315437816988843073e-03,6.699916506844684483e-02
2.986879120137386420e-02,3.196788990346498271e-02,-6.830065383352854069e-02
3.980764408137916349e-02,-7.077930246577147921e-02,-4.892878971626139816e-04
-6.610354942554649837e-02,8.890571176273632734e-03,4.649094823399589627e-02
7.172530008382124733e-02,-3.803319558457126520e-02,-5.884264692330071905e-03
-1.969638192302569646e-02,4.755589295251132914e-02,6.317990319660869714e-02
-6.535976696139723929e-02,-4.642244536271449007e-02,-1.515967771707756040e-02
-6.834622491741534911e-02,-4.314994977632397033e-02,1.179774165647902960e-02
4.571452054049109787e-02,-6.348931328635258609e-02,-2.381511662033869436e-02
-3.414318624341805553e-02,5.274540917638382426e-02,5.249379466338940925e-02
-6.979410332226064495e-02,-3.998016776916474974e-02,1.579151384605197161e-02
1.260489365403303849e-02,7.612722145238122462e-02,-2.793456298128776244e-02
-4.037417538436997161e-02,-6.838157084061760593e-02,-2.107232880174879711e-02
2.164902731272498517e-03,-8.214723436269190382e-02,3.589645140089930356e-03
-3.488120593321852175e-02,7.230334997067121294e-02,-1.835367047730662379e-02
-6.827948555524497587e-02,-8.886525716961234458e-03,-4.534166808001660609e-02
-8.232809808806162977e-02,4.139413459566052521e-03,4.180284182315818949e-03
1.606002001684022262e-04,-7.399306848715142548e-02,-3.678492334870409053e-02
-7.463562484842481415e-02,3.563006736306530142e-02,-1.939854478645071248e-03
-4.403002092684698936e-03,-8.187668860072680466e-02,-1.166952964062918825e-02
2.653983144146885090e-02,-2.941413462800920517e-02,7.283834005202752260e-02
-5.693770896345670685e-02,4.210159906990561945e-02,4.331461837942932047e-02
2.851669112101412173e-03,-2.523867181805757032e-03,8.301645945228612600e-02
3.545835626245158467e-02,5.299059541106505150e-02,5.344691131303484777e-02
-1.660677255633005722e-02,-9.796898954077702323e-03,8.102930567027000208e-02
2.645658908074107613e-02,6.830174183940979082e-02,-3.985071795354150348e-02
-1.382431216831509109e-02,5.701065254710480784e-02,-5.939263152584604161e-02
-1.949616401203741606e-02,6.127139860149168754e-02,5.338709912957020215e-02
-7.007460667210389793e-02,-3.357777910708569652e-02,-3.101952996824017955e-02
-2.425044680487673313e-02,-2.350065501887866823e-02,7.665136403575895097e-02
-5.996123971241227105e-03,-4.964649392976271114e-02,6.731078020098063552e-02
-7.602271530051639414e-02,5.884910818430478911e-03,-3.511496568708550453e-02
-3.709321420948783615e-02,-1.822302691130498267e-02,7.317679779308108867e-02
-3.438867235407664508e-02,-2.772343937655907808e-02,-7.160549272914204511e-02
-5.735164678938253074e-02,3.207704762582002517e-02,-5.268833842723742028e-02
-3.573454564302806780e-02,7.637298973706690974e-02,-3.400366606569508532e-04
-6.880425991809088759e-02,3.752229365630016522e-02,3.136337267006032714e-02
-2.193639965864952954e-02,-2.628501491676912827e-02,7.726066549937228578e-02
-8.792832100082956237e-03,4.809412522785804639e-02,6.904109494248689138e-02
-7.994887947800513595e-02,-1.084937828410062824e-02,2.575300383980751520e-02
-7.934516640195087012e-02,-2.949309708325617216e-02,4.793251602214023549e-03
-3.656457911262627532e-03,7.525585639974430308e-02,3.908181397117937994e-02
4.761286137291911164e-02,2.000662081045050805e-02,-6.747359321324020165e-02
-8.108849841839236780e-03,-8.100957107950546021e-02,-2.464488663919402189e-02
2.363662605804695352e-02,5.599928955385724549e-02,-5.963897644383661656e-02
-5.603280792635050717e-02,-5.033383152501815644e-02,3.992489409275375156e-02
8.202169067809646219e-02,-2.308318935207315931e-02,4.746519785587167625e-03
-5.889225645929992148e-02,-2.040203129900091533e-03,6.185644421827043299e-02
3.240431997061956216e-03,-5.835887970364781602e-02,6.243544504412163604e-02
6.820185768219072520e-02,-3.448982724798545924e-02,-3.858979280301315373e-02
-7.597346146790981414e-02,-2.368602400683477924e-02,3.182755959456816386e-02
-1.825666418888471573e-02,-1.121959957530420555e-02,8.308177981526310152e-02
-2.464254505888203994e-02,-5.921030152072422059e-02,5.713525356871448913e-02
7.568479670364453016e-02,2.408661781163952409e-02,3.293915304345660516e-02
2.421382958750642120e-02,-8.238115297828058070e-02,6.014340643322778693e-03
-3.499236830508063029e-02,2.947685806208689280e-02,-7.301770059439491312e-02
-3.454981986707109792e-02,4.712593350296376965e-02,-6.345231810719031973e-02
2.171891176108783905e-02,7.721688574540913619e-02,-3.197486191828684959e-02
1.785140364416763423e-02,-3.433062134645901986e-02,7.729877566804096989e-02
-5.734263278867159780e-02,4.645082756490386683e-02,-4.519212019975232114e-02
-3.702547767017345254e-02,-1.983921900880316821e-02,-7.575967908771888415e-02
-2.008714313234262125e-02,-7.361850373004245884e-02,-4.119056034588161608e-02
1.477633871460810010e-02,2.719782843285628582e-02,8.110248343075497635e-02
-8.586263995177137454e-02,3.925535969620658032e-03,-1.279498392019341041e-02
-1.582098638794591713e-02,-5.598781283236125422e-02,6.467163916173891691e-02
-3.993453201611553427e-02,-7.196698254402005002e-02,2.844638134088327969e-02
7.525930086348353587e-02,2.114442559746119304e-02,3.857480339127059010e-02
-8.072403416803766718e-02,2.991048771304934475e-02,-1.427997958310227994e-02
3.671124533294102543e-02,-7.529937841531098019e-02,2.476041163512219048e-02
1.022910158602397196e-03,5.165701874080556172e-02,7.054903782048213556e-02
6.887785421518347051e-02,3.088421307729078552e-02,-4.432315485614533174e-02
-6.265688349494225040e-02,-5.312314708660156870e-02,3.050347590224766064e-02
-7.615649421203682379e-02,-2.583809975680439672e-02,-3.502687487185183329e-02
-5.114511620264812139e-03,-8.236988817173775124e-02,2.998723241540772813e-02
-4.114681035719177510e-02,4.203961212321304097e-02,6.531230455815628666e-02
7.244509445068838226e-03,-4.588820856322923386e-02,7.472466957974864543e-02
-8.278919796815750742e-02,-1.325367649913279308e-02,2.698482805981313945e-02
-1.924930028313491179e-02,6.010595387313824589e-02,-6.156736837988568967e-02
-1.238520217551398669e-02,-6.858585143394985151e-02,5.415076259616058429e-02
5.665114343079270809e-02,6.093549891338758545e-02,-2.971783979562095737e-02
-2.422438841340375862e-02,7.508137822183372223e-02,-3.996909448546689253e-02
-3.141298315761601595e-02,8.104486187828474630e-02,1.680618734955630078e-02
4.300424372803255540e-02,-5.438628674700150822e-02,-5.519234125370753308e-02
1.050836693278416230e-02,-4.264773411719415680e-02,7.707213019738325122e-02
4.401761458423776065e-03,6.803910851872413401e-02,-5.689127656585971082e-02
-5.064626833244898450e-03,7.856218527409133956e-02,-4.127463764710761346e-02
-8.822764653182246786e-02,4.166364390860989933e-03,-1.075834237996883130e-02
-4.100190973871638278e-02,2.165271687202131520e-02,-7.604723154438837451e-02
-2.778251972299150552e-02,8.441965074832825933e-02,-7.113182506998688703e-03
7.675314292825191620e-02,4.419223083894133902e-02,1.100522417214466232e-02
-2.127503715968628514e-02,-1.008310340361597002e-02,-8.617883665275127836e-02
-1.862406361991680512e-02,1.530209781864110170e-02,8.611653673955760313e-02
-7.556153574505704296e-02,-1.815545956692330917e-02,4.442844661870367501e-02
-7.198009707806858615e-02,1.174466732287095857e-03,5.335287211110962408e-02
-1.882716078152977049e-02,3.520005985062099260e-03,8.762525497899720239e-02
-4.732685288387798034e-02,-7.478349079134481714e-02,-1.512071473757995582e-02
1.796374922159060458e-02,7.190348551441527736e-02,5.083536657128552572e-02
-8.931240113734997821e-02,-9.829560947070509896e-03,-4.441387930007267143e-03
-5.416435100329047153e-02,-5.562463333581638830e-02,-4.562005122221372833e-02
-6.955022308646421902e-02,-3.588486837131534685e-02,-4.472278807517581639e-02
2.002730032747763317e-02,8.773230637360657225e-02,6.561965217382138664e-03
-1.966156340053393931e-02,-6.666327981660594149e-02,-5.767641612875569479e-02
4.240965106430653192e-02,7.929027918877622205e-02,9.361975150957477232e-03
8.122003942399226573e-02,1.670518280988100845e-02,3.624161334767674741e-02
-6.711080167281052722e-02,1.885748794210188178e-02,5.784282327153070918e-02
4.357540442029262523e-02,2.739307294516355948e-02,-7.464656154056949211e-02
7.631940367303345629e-02,-3.719774395673211553e-02,-3.207858853142660921e-02
3.589327886645674037e-02,-7.946087029573231653e-02,-2.551589851878907633e-02
4.947905169316501456e-02,-1.629081353785444969e-02,7.453800842963059781e-02
-9.132201349852847594e-03,-4.839599575155142941e-02,7.655051718542618677e-02
-1.441892035712263008e-02,-7.953814065663464272e-02,4.204050068023790915e-02
-1.508821661689478677e-02,4.102886091676478247e-02,8.004174473785669042e-02
-3.106635521056201957e-02,6.933615573371519625e-02,-5.060795732244674494e-02
-4.429905566325881283e-02,-6.689020213684684912e-02,4.373979223857828169e-02
-4.202138385690296768e-02,-1.389372517275988539e-02,8.004458368959985193e-02
-7.507433208995480112e-02,5.201600199850515971e-02,6.344004229095134666e-03
-1.288875660592639881e-02,5.684089223578329964e-02,-7.071889215893155389e-02
-4.740613535946894969e-02,-2.248386485106554106e-03,7.849764418268453947e-02
-1.402671683070366888e-02,7.319553392796956937e-02,5.362885759380481981e-02
1.509700713298401525e-02,-9.058597857460355673e-02,3.573248059866045937e-03
-7.317465876117888735e-02,-5.558110376669395808e-02,4.340522141402257394e-03
-5.451811023994282412e-02,-2.304298351546572518e-02,-7.053760623594922119e-02
-3.338151882411537208e-02,-5.347857870945285641e-03,-8.574359491186625548e-02
-6.651895072937280551e-02,3.020768495143135585e-02,5.633605612303584087e-02
9.583061422990583021e-04,2.277296869848761951e-02,-8.948542940831619164e-02
4.168180166130597275e-02,7.301000950907368670e-02,-3.841199484508681095e-02
-6.752623035386730310e-02,3.975302069290578832e-02,4.918712529400084965e-02
7.601695604353086999e-02,5.273659360009511771e-02,3.987213593715527131e-03
2.139070006990563197e-02,-4.973636334138869380e-02,7.523640938348397089e-02
-2.078503682734409146e-03,3.412408165865352117e-02,-8.625067411890253999e-02
3.003183254534334476e-02,7.291819939103720560e-02,-4.904231178268147334e-02
-7.899969696949425690e-02,4.894510684610457740e-02,-1.929760979979648627e-03
-2.085379701952545448e-02,-8.426553610403107741e-02,-3.348012905663758088e-02
-6.764801500743418405e-02,5.672148630186962109e-02,2.964936410708443257e-02
1.819756537833335658e-02,8.112372180594248916e-02,4.215029522174711801e-02
-5.715191702501144083e-02,3.387246915759235810e-02,6.550852487417831160e-02
-2.754095038936833079e-02,-8.856932233730137327e-02,-1.087307279778862261e-02
-7.550546769347739329e-02,-5.064818880549108726e-02,-2.170582497958034943e-02
-8.983711646060869860e-02,-2.454412874170215295e-02,8.974733308747588623e-03
-3.749815661309295611e-02,-5.970007893083155437e-02,6.164147568235548574e-02
-4.704137260454323982e-02,-3.148462381805038762e-02,7.471231858939435255e-02
-6.796164396798398677e-02,-2.560751337953249152e-03,-6.462959540158712268e-02
-1.106807550028864051e-02,-4.565237016149591154e-02,8.131368358448932965e-02
-8.796444622465850183e-02,2.539702732988815062e-02,2.126117828684403327e-02
-2.878988725701006612e-02,-4.364426834710453257e-02,7.821348858897982093e-02
-5.453932806620401252e-02,-4.633133868117707277e-02,-6.120573711351538770e-02
-2.163402283514720068e-02,2.579956292398215625e-02,8.803336811427318886e-02
-5.479942072018987448e-02,-3.936898749273393637e-03,7.668963564833439217e-02
-5.536010458401899315e-02,1.691786964579934400e-03,-7.647503497254398708e-02
2.499520400032585396e-02,9.084903038909210304e-02,7.347850906887929724e-03
-7.482106501655366726e-02,2.639666152780308084e-02,5.151300658045755709e-02
-5.521392607614981907e-02,-6.140126264318952060e-02,4.632650728733787859e-02
-5.650899845275319383e-02,-6.010501052266997019e-02,-4.663942599558131008e-02
-8.884189687825090609e-02,1.773236103544916994e-02,-2.810833986314265412e-02
-3.585276595937429006e-02,4.200095758757470266e-02,-7.722813080089342697e-02
2.414301706230815789e-02,-3.003516741395341819e-02,8.686184957713842525e-02
-1.230116848385523314e-02,5.967605148689315853e-02,7.303235027533878931e-02
-5.916207485132627536e-02,5.332863032420188248e-02,-5.213905708976479536e-02
-3.381409026522358419e-02,8.036094590639693280e-02,-3.843965865862792458e-02
-9.045181121939072089e-02,-3.022114341581627964e-02,5.873786307175008501e-04
2.377367651966171176e-03,-8.070172535178883610e-02,5.092237845866606077e-02
-5.451637932342440207e-02,-7.738692441919738096e-02,-1.292509331270426734e-02
-1.985355070663908858e-02,-1.402958954508175780e-02,9.248331129912398807e-02
-8.531159006142029211e-02,-1.527645532697490503e-02,4.060846933788407609e-02
1.964350036865471737e-03,-7.563462963708096620e-02,-5.875682936245835847e-02
-6.576997195250902650e-02,-1.257818671943661043e-03,-6.975592794139486019e-02
-8.995069738236707857e-02,3.287698966301738634e-02,6.122142747752924372e-03
-7.782966968538349017e-02,2.542891110438132499e-02,-5.021720231733815126e-02
-6.839203069772199772e-02,6.706433220869682799e-02,-8.192336199762399046e-03
-9.016659632896198429e-02,-3.277385550752039828e-02,-7.377516632826972877e-03
3.536137659815487971e-02,-2.831403127976573827e-02,-8.498718073673869333e-02
3.806763855437389488e-02,5.678194805118121774e-02,-6.795561359065059592e-02
2.593843845972053364e-02,7.265975213045844372e-02,-5.792608890703007662e-02
-1.848825460905973448e-03,-7.877604103747798403e-02,-5.581190794917503112e-02
4.931755261678180333e-03,-1.791456807653435401e-02,-9.484292689387259501e-02
1.779038866561096291e-02,2.672333967741900851e-02,9.124794646149400612e-02
1.510543804608105792e-02,-7.584483737948888304e-02,5.824603660111182107e-02
8.554864176044393864e-02,-3.261021343375645337e-02,-3.174296547064021229e-02
-4.982679443425877541e-02,2.274905307153429410e-02,-8.003614625487731615e-02
4.600911865418145369e-02,-8.058785479189549406e-02,2.848119798381876233e-02
2.172505153031813185e-02,-8.682516924194616514e-02,-3.779210652219478633e-02
-3.573983820461248614e-03,7.696063635050152951e-02,-5.932566291364106681e-02
-6.704710095721837237e-02,-3.502446668036889033e-02,-6.123431871591580866e-02
-4.537162605177076646e-02,-4.999560838505916205e-02,-7.021359535773492866e-02
-5.050975396406230840e-03,1.948202434653438508e-02,9.539110462331157336e-02
4.612753430229336871e-02,-8.558005352003660027e-02,8.322520672954331067e-03
-1.947260599889615029e-02,-9.555129160867617544e-02,5.307272385687741324e-03
-2.785820981924912870e-02,-6.595351258000109462e-02,-6.654245409380514509e-02
-8.520037890702014671e-02,3.968425636417187430e-02,2.713574638210380571e-02
1.712759041902814014e-02,6.008450334598473830e-02,7.538729963623053143e-02
4.607109123114081634e-02,-6.970573251727478492e-02,-5.120323249878940691e-02
-3.095314601562824605e-02,-8.718470961015779841e-02,-3.256375402441057804e-02
-9.600955547290505876e-02,9.116517478200643343e-03,-1.830824855900524753e-02
-5.524359019574760082e-02,-2.517050094529530921e-02,-7.724766917578265724e-02
-4.394648983501646400e-02,-7.182010848886807852e-02,-5.079041689543143528e-02
2.927580557682209553e-02,-8.793429482916437223e-02,-3.310675868022008167e-02
3.365017259737929610e-03,9.277062924389826992e-02,3.292939165051207706e-02
-3.356377169154398099e-02,-6.757829379734497238e-03,9.244649557263923123e-02
7.708769319983393986e-02,4.961088394376068911e-02,3.648689400228966734e-02
-2.266129382773960504e-03,8.455325917925601842e-02,-5.096231971272834060e-02
-8.676469498045874529e-02,9.483770411326669647e-04,4.731850528369290626e-02
-8.662447825962629744e-02,-2.898825608704660647e-02,3.795318496165144689e-02
5.573267346995266353e-02,-6.301060332419169963e-02,-5.219781161220057863e-02
6.652043590756018601e-03,1.929271214514915317e-02,-9.695947786157362025e-02
7.383073380313295853e-02,-5.961758713127694731e-02,-2.879043693364828280e-02
-5.264269887436180684e-02,7.379667805441447737e-02,4.041595336136516448e-02
-1.846576456358356433e-02,3.129059958551486109e-02,-9.245053386255952521e-02
-1.316020067284773103e-02,9.661522592626298200e-02,-1.939157694864071871e-02
-5.512845961323294131e-02,-8.275135464673855079e-02,-3.651848810086475838e-03
-6.946707543230765808e-03,-3.199227469464142881e-02,-9.404815367604067722e-02
4.713993754117733886e-02,7.548868844224437824e-02,4.486261927413291717e-02
-7.203673851046077381e-02,-8.583578924769394436e-03,6.846136596698916554e-02
-1.084160395350432411e-02,-9.478968299976449352e-02,-2.939160500354884298e-02
5.969071318052437264e-02,7.681173131898787199e-02,2.280425836647182250e-02
-6.576693519809906352e-02,1.175824257374584805e-02,7.440485893828563402e-02
-7.945762377706093449e-02,-3.500340085004353952e-02,4.977402368021069390e-02
-7.022557851654191718e-02,-2.444851911689455495e-02,6.710756112874670387e-02
-2.014017020167855818e-02,9.337358672852734409e-02,3.041576458903928748e-02
3.761839733799485913e-02,7.664743928448518318e-02,-5.268765475971415313e-02
-7.198548069345681033e-02,4.490122533450099235e-02,-5.370780184562183590e-02
-6.769741210861120184e-02,7.056873212728824452e-02,-2.315753318320968104e-02
-9.314679690970437131e-02,-8.221918139510000709e-03,3.703829596586728085e-02
7.548292371509794652e-02,3.171794272040693446e-02,5.855484858312810098e-02
-9.074601620646194355e-02,-4.367508898398879402e-02,2.575178900287690333e-03
-3.271951066692332238e-02,3.870109216880904257e-02,-8.716227219392655434e-02
5.127019174804740148e-02,-7.326071078403614822e-02,-4.675961012271827311e-02
-6.408156402327652712e-02,-3.786160715331321480e-02,-6.825617004668634025e-02
-9.929445104713138792e-02,7.028991203112532060e-03,1.751259835577176696e-02
-6.891161096092439375e-02,7.332411233166227782e-02,1.033860996346642851e-02
-8.456059014048609990e-02,3.426669152167453880e-02,4.386416446634092831e-02
-1.012299039300304931e-01,-2.550787270627610272e-03,-3.377896137621396941e-03
-9.409742749533683837e-02,-3.771552636988021595e-02,2.296612471787222963e-03
-6.355931739103347355e-02,7.795421656176029779e-02,-1.349333406880642156e-02
9.566026223446427723e-02,-2.752871946089155072e-02,2.016582791176642006e-02
4.763110436403037926e-03,9.154325308637403791e-02,-4.392251955199469315e-02
3.796014584126256725e-02,-9.437454716970410107e-02,1.088149714716159363e-03
-8.131881543871222195e-02,-5.992454154556784568e-02,-1.271556648368079093e-02
2.262225030391128502e-02,8.532873129792169220e-02,5.088522371553607510e-02
-8.987788069744354416e-03,-1.004578315458046350e-01,-1.503965475000971011e-02
-7.115541155643285987e-02,-7.279546052891355812e-02,7.291359129303915526e-03
-1.841700812710982474e-02,1.256951714679708371e-02,-9.967421917538607512e-02
-2.517292724606049262e-02,-1.000555686558146293e-02,-9.856489332513840296e-02
-3.746095950209816280e-03,4.379605619669871969e-02,-9.237640252408527153e-02
5.772447177747551394e-02,-4.801698965616821996e-02,6.960236072674381991e-02
-6.764805126793337064e-02,1.937508202472355140e-02,7.448015290350289141e-02
-2.976966362695508683e-02,-4.785897575749645944e-02,-8.566765348556343307e-02
-4.737751417518340502e-02,8.525828708029006830e-02,3.191829381505675856e-02
-9.641361632667366788e-02,2.452915287491278656e-02,2.553121075616201358e-02
-4.042864961436418852e-02,7.699582509783238146e-03,-9.419170859265524332e-02
-4.158302404468451619e-02,-8.175554876367491230e-02,-4.657739253806848778e-02
-6.007268491270664756e-02,3.051333995982205213e-02,-7.784291008821730973e-02
-4.988545658673563003e-04,-1.519217854981854722e-02,-1.019068338581577554e-01
-2.705322431148424536e-02,1.729426538322082971e-02,-9.798894488851020435e-02
2.241407604648569876e-02,-4.220829122986646809e-02,-9.146378588311206148e-02
-4.078684388464789805e-03,9.910635147465877981e-02,2.876816170131801451e-02
1.584047702035750599e-02,9.947377065804967333e-02,-2.317590730448908579e-02
-8.971903332383271770e-03,-1.029153123582729756e-01,-5.271021977683521681e-03
-7.842595904907033455e-02,8.136840768931214926e-03,-6.708034435511002480e-02
-4.873084068241204103e-02,4.124224723176948826e-02,8.159515647819301498e-02
-7.312176354932542477e-02,1.418770279502646475e-02,7.212547739440222649e-02
8.745403920132736875e-02,-3.003072803299440888e-02,4.708395981127267566e-02
-7.685900393353632676e-02,-4.024601498578860709e-02,-5.706745676066567186e-02
-9.687082591097540343e-03,9.785882582500167459e-02,3.362063766796900832e-02
2.402634160209126193e-02,-2.190894480152338897e-02,9.879306236108123529e-02
-2.010603309314304421e-02,-8.295769991436781343e-02,5.956430875801228819e-02
-9.489497185485454289e-02,-4.188872099382851683e-02,9.551272147042242505e-03
-2.797339598329637647e-02,5.269693167935633055e-02,-8.548849421184855080e-02
-1.020470395781248041e-01,2.166375138460726116e-02,1.288478241177608719e-03
9.312456892620266102e-02,4.715762293546473666e-02,-2.317732324353040385e-03
7.637561224169498245e-03,1.040927659141018535e-01,4.958733313840364178e-03
-3.293799110881825282e-02,7.561946363143055502e-03,-9.895939249018544104e-02
2.386053983557789165e-02,8.126029131370120229e-02,6.147626561066505541e-02
7.846824300536769589e-03,-1.627084586855447393e-02,-1.031620957357974599e-01
-5.571157549145740184e-02,-5.448551601251968440e-02,7.009368728979829821e-02
4.018317967913193761e-02,9.668744119656380587e-02,-6.267092299893348151e-03
-8.147028477848125561e-02,-4.903827476306327204e-02,-4.446480763943415349e-02
-4.557061259817870441e-02,9.105495287990728048e-02,-2.585444295637411016e-02
-2.119711266363813809e-02,-1.455409979859401993e-02,-1.019404780168622487e-01
-2.697896768371425835e-02,-1.000113563268872352e-01,-1.843181769118694760e-02
-2.478643953681459317e-02,-9.817872586274818680e-02,-2.886711229807389922e-02
-5.522651751468467263e-02,-5.502963909304209311e-02,-7.088996369621328175e-02
-9.243679142449055808e-02,5.051254275360534535e-02,-4.941733005695271748e-03
-7.763985797996905691e-02,5.296606478792240807e-02,4.800033056621581806e-02
-5.905161333231760679e-02,8.401347353105217963e-02,2.467624414790492091e-02
4.140537476392175398e-02,-8.630701053922534838e-02,4.480919007609093091e-02
-2.492094139688024942e-02,-1.011381016569939950e-01,1.838746561457856379e-02
-5.733297173935771041e-02,-4.752947862352223385e-02,7.522533654830189376e-02
-7.145795319567040116e-02,5.082660485698622249e-02,5.943313999250374874e-02
-4.774741356780097534e-02,-7.275088231017116935e-02,6.054987679900231817e-02
-2.822908391612666268e-02,9.231543448352526327e-02,-4.400784686974571619e-02
6.090179743641628562e-02,-8.256116217961020909e-02,2.733604223605337613e-02
-4.292645028148465297e-02,-2.422803544631045233e-02,9.412694857012376959e-02
9.049005599035925620e-03,-4.287296524659164887e-02,9.688403594204857139e-02
-1.023672514218899460e-01,2.742672443185718151e-02,-9.599409651262862803e-03
-2.252048958317497823e-02,2.757299176374903432e-02,-1.003639668871087465e-01
5.763645789811894238e-02,6.337322993915371627e-02,-6.339704918749618223e-02
1.127803885790574362e-02,-1.535390682178900713e-02,1.049348661331890031e-01
-5.073470486379833000e-02,-8.406902147961617389e-02,4.182828647843988418e-02
-4.690803465799449345e-02,-7.715732831392824176e-02,5.704873059215575387e-02
-7.885033103210827010e-02,-6.457798451060366152e-02,3.220943048638617856e-02
3.617109266386737271e-02,-9.534695919733780778e-02,3.229110076131279372e-02
-1.806105971328780119e-02,-1.014182272366103282e-01,2.910703716577810879e-02
-1.560583038441447877e-02,5.298990505743012697e-02,9.178552656666555398e-02
-5.382156127462467410e-02,-7.228381908534756151e-02,5.806310760449458208e-02
-9.926714895009708384e-02,3.898803552395914418e-02,1.166139314089364304e-02
1.133452954713172131e-02,-9.407100486373493053e-02,-5.048947167691425486e-02
-6.656618427576753427e-02,-8.433746743612342833e-02,3.759091732546140062e-04
-1.017540857163816287e-01,1.883825311771084726e-02,-2.919301443865875145e-02
1.073458264042305849e-01,-6.406536589874316928e-03,3.720182618510246321e-03
-6.797321671959824507e-02,-5.608363362972803440e-02,6.188122280431880562e-02
4.033646237137114565e-02,2.070092496072183444e-02,-9.775721045244657736e-02
-7.687546557464133845e-02,-5.263876159268250643e-02,5.429891218732096902e-02
-3.841128792736148156e-02,1.000677022345564243e-01,1.253389898428137507e-02
-6.374491782313634891e-02,4.534794346499246981e-02,7.445298104723445387e-02
-3.080047229795689762e-02,9.804813034517115278e-02,3.343684985782768848e-02
-7.769070040366572727e-02,5.534474738639945379e-02,-5.097329348724834175e-02
5.063019819642867667e-03,9.895217712535900323e-02,4.355497162059222133e-02
-9.278787149570352777e-02,4.067509646010154800e-02,3.830397754745861610e-02
9.898605854385514324e-02,-3.993480654008127462e-02,1.884854314381486165e-02
7.744154153238189987e-03,-2.369874928354826979e-02,-1.055639476462088139e-01
1.578901680267661561e-02,1.064952636733540459e-01,-1.385184639827694540e-02
-3.778126101350944704e-03,4.878849609101994222e-02,9.697875611460046730e-02
-9.947014622752589630e-02,-4.322526296596834045e-02,-7.335112328903267871e-03
1.649728217669541724e-02,-9.831018768962000720e-02,4.354946573600071424e-02
-1.062997251274163391e-01,1.975696446956777888e-02,-1.267737236071990112e-02
-1.016557171883405164e-01,-8.647308308971422483e-03,-3.819822585027487366e-02
2.274464072792577868e-02,5.645989874696323574e-02,-9.044230868658813260e-02
-9.434479351870779518e-02,-2.994900419554517162e-02,-4.586999544715346377e-02
8.345205671810585965e-03,-1.021816045633944514e-01,3.752747619631200543e-02
1.603723808626722827e-02,-8.093397452869681430e-02,-7.161446344533989317e-02
-1.036981405402915279e-01,1.887431886621852503e-02,2.904636311645302296e-02
-1.211817688688213678e-02,-1.087086450183162162e-01,2.433740626815213658e-03
8.623251306513911307e-02,5.240898879983457020e-02,-4.248183347071760735e-02
-4.579322173943958796e-02,8.843733083129753925e-02,-4.567702017494396083e-02
-2.550330213704793837e-03,-2.906949247183552784e-02,-1.056889392498231856e-01
-8.022108898839455660e-02,5.485046078101002420e-02,5.093938859997475949e-02
7.672416442241815349e-02,-1.683518942934834201e-02,-7.671978820253037845e-02
3.649541974936403727e-02,-1.034132190495285625e-01,-6.846324171884634983e-03
2.088282724898078008e-02,-9.686619374774618763e-02,-4.765572248150265477e-02
-9.426718463186907482e-02,-5.671291329134924009e-02,2.169490981818978162e-03
-1.066031960559739589e-01,2.722765750243296562e-02,4.350215652985418499e-03
-4.272917784654236412e-02,-8.061355538803288701e-02,-6.178458761956225759e-02
-3.199349458407588220e-02,-9.973806582183085412e-02,3.446092160644297075e-02
-8.041208643989476712e-02,-6.043035963712440478e-02,4.536572757028467517e-02
2.403820702144644425e-02,6.614560703456702495e-02,-8.508860335497474281e-02
-5.146882692313609065e-02,9.254770934771075486e-02,3.156261452846646776e-02
-5.009761682580512673e-03,8.881083058766779670e-02,6.568889028410615505e-02
-9.195213817329381256e-02,-2.082928247143819682e-03,6.152345823631731603e-02
-4.390833666848282385e-02,-5.562636944981029508e-02,-8.508595039502349355e-02
-9.735819141121095435e-03,4.498664752983091986e-02,-1.007990935011952721e-01
-3.181385982604535007e-02,-2.224456000435897848e-02,-1.038715207225303361e-01
8.255766242117701381e-02,-4.953455589474707599e-02,-5.517237817210590006e-02
-3.628026689743216182e-02,-5.903190242440393282e-02,-8.677332095036292825e-02
3.161215859591533922e-02,-8.343046628112299468e-02,-6.624098168754172233e-02
8.064486946720790528e-02,2.143102468482310438e-02,7.349941958027662869e-02
-1.537903549844002807e-02,-1.028505027913833858e-01,3.959194889110212445e-02
-1.328178694967576713e-02,-1.045107807308737480e-01,-3.606346596808355370e-02
7.359925229905847632e-02,7.852399575663908393e-02,2.887626338405336127e-02
3.264179354697019884e-03,5.370202279034010789e-02,-9.766970898090243658e-02
2.587661916944006268e-02,9.539744345394104985e-02,-5.177736257243147067e-02
-7.991613747524220490e-02,-7.794090706215776876e-02,2.651344958060265593e-03
-1.036406644955692874e-01,-3.129396169555715822e-03,4.164690758375241136e-02
-1.050831268215822933e-03,1.116821908667849361e-01,5.373550928169633541e-03
-7.693662503417439402e-02,-2.198646971805042274e-02,-7.821440122964613828e-02
-7.284218652162079144e-02,7.812191389510285411e-02,-3.359134828873330120e-02
-9.991037845417016783e-02,-3.851366409293793119e-02,-3.300408586700440128e-02
-9.290784391772564932e-02,1.729397259633048967e-02,6.034045214342810548e-02
-6.712798633348561472e-02,4.749108139925086597e-02,-7.633883692942217136e-02
-6.950477415529213165e-02,1.554488039739988087e-02,-8.679805638869508844e-02
-8.904013455130854737e-02,-6.587774283093031369e-02,1.886038090280547225e-02
4.126230520523927608e-02,6.275166294145832768e-02,8.366999664103588752e-02
-4.271253611359246416e-02,9.967450408599767830e-02,-2.998225360200787101e-02
-7.869859150022212591e-02,6.844861305974275778e-02,-4.239000566428245687e-02
1.149503026048461982e-02,6.641537896570740007e-02,-9.027596858313401140e-02
2.883237725069558166e-02,9.644307361755942443e-02,-5.077022173201310717e-02
-1.643504560559889277e-02,8.281138312704076909e-02,-7.483084096970563093e-02
-1.050496083291609234e-01,2.514630307443997681e-02,3.281832510738031533e-02
6.364085538004397857e-02,-9.205431544094883067e-02,-1.542582485153827510e-02
3.776797282047687082e-02,-7.912528463632753639e-02,7.135963229486902426e-02
-9.858151284860844354e-02,-4.562202396681402927e-02,3.157634477915755022e-02
-7.230337158681035548e-02,8.700585307501788879e-02,4.034687945645769498e-03
3.322986937750138647e-02,-9.675764167559207374e-02,4.863269865307454781e-02
-2.002205702439755972e-02,-1.100429652609713205e-01,1.839572268673936653e-02
-4.135898445553715108e-02,1.050383956091492099e-01,-1.106561534210322682e-02
-5.966410149751043973e-02,-5.476695066233887993e-02,-7.952482089062089254e-02
-9.069871065383374245e-03,-8.833852370213378380e-02,-7.081533279048940477e-02
-1.000864274675020427e-01,-4.715337367272040558e-02,2.602666597291094022e-02
-8.347622330272216895e-02,7.188710467073392008e-02,2.827440775719169963e-02
-3.434009394707715490e-02,3.778658811575320679e-03,-1.084403887636940095e-01
1.123243439528709975e-01,4.682477891665158369e-03,1.820770111694112667e-02
-5.382342638499422460e-02,-9.900774109833211656e-02,1.697291159753833503e-02
-9.630428624601482246e-02,5.852008546228903291e-02,-1.748804917035673423e-02
-3.501999970726142608e-02,9.925101449849019208e-02,4.410399231297252448e-02
2.073359528492260337e-02,9.062084653088700592e-02,-6.631507884328155522e-02
-5.959030344768991710e-02,-7.629582996551828589e-02,6.070452307112318702e-02
-2.332043278815046361e-02,-1.009786558827734798e-01,-4.831105026715198231e-02
3.572770113816934462e-02,4.152681186693886473e-02,-1.004536702713748064e-01
1.345532224169455719e-02,4.344508374453703858e-02,1.050750425385380132e-01
-9.559858332765715228e-02,5.912411146505953952e-02,-2.217972603049009339e-02
-1.651970545679060445e-02,-7.585866545569262820e-02,8.436031030885192405e-02
-3.937862566615325799e-02,1.066641237715033191e-01,1.528406049016150896e-02
-6.057912665057980624e-04,-1.033084771123430889e-01,-5.005919620851628782e-02
-9.335289038217878255e-02,-4.161272394645933875e-02,5.244019066515522715e-02
-2.590847900552248687e-02,-1.245658681203938925e-02,1.112985400561771615e-01
-4.073822966442149085e-02,2.048285260974429256e-02,-1.056033235437918161e-01
-9.815808366874972934e-02,4.769204801243897424e-02,3.659382112407359722e-02
-9.190420764731321857e-02,-2.979395713437220372e-02,-6.270585807201180251e-02
9.812772413055682527e-03,-7.687767492050584517e-02,-8.530571581164689277e-02
1.030206867883050881e-01,6.842740818926032823e-03,5.138965352588521773e-02
-8.680277241058051430e-02,7.459643940594358480e-02,-1.480150834397510849e-02
-7.455237473826877015e-02,3.136364825937849182e-02,8.242667768085520930e-02
-2.775834336967970481e-02,1.577376390468541653e-02,1.110586228598852976e-01
1.137741932332710960e-02,1.056254874389746523e-01,-4.565776680413314442e-02
-4.969414653313181801e-02,-1.019665053155044826e-01,2.283890870054463076e-02
1.617674575971882536e-02,-1.146258894177694804e-01,-2.232695315188344860e-03
-4.052584904125237225e-02,-9.057194325208592009e-03,-1.081613099457442162e-01
-1.613312988825767874e-02,6.435098908596151301e-02,-9.507577138778094961e-02
-5.927774839416692643e-02,-1.261500740996514443e-02,-9.892031699279929535e-02
1.606928286023511648e-02,5.889503556399428019e-02,-9.873633594936372104e-02
-9.270897100771607890e-02,-1.772062376374881898e-02,6.770697587623888958e-02
-2.076078190660730904e-02,-1.086482569611458560e-01,-3.571072675509356226e-02
1.056714190981233592e-01,3.099401858766304835e-02,-3.743176909691976750e-02
-1.132849505823679270e-01,-2.292856570951644357e-02,-1.365748315139807094e-02
5.480142170173404881e-02,-7.425636826065760976e-02,7.103545355901000335e-02
-1.057057913358206702e-01,-4.892294808315299920e-02,-3.686514430907138640e-03
-8.971063561335471115e-02,7.415903892827985233e-02,-7.121884208648336656e-03
-3.275513991585864149e-02,1.117875565896397777e-01,6.815671889542041298e-03
-7.212641282510316720e-02,5.835435786368827621e-02,-7.089352477235973116e-02
1.559297306418992550e-02,5.185565883544881322e-02,1.035312909120555402e-01
-5.857794054725648861e-03,6.305527794824324073e-02,-9.827582392929005983e-02
6.290321331615839062e-02,-2.587709569835312459e-02,9.518154283498456159e-02
-2.248355588947932235e-02,1.019027343955246495e-01,-5.304560172844071525e-02
4.306377731680244986e-02,-3.074244124106953469e-02,-1.045058889183810152e-01
3.202932890603831656e-02,3.885508453173464744e-02,-1.058443662970092319e-01
-1.155300324993943500e-01,-1.165023705388028991e-02,-1.653090545015334367e-02
-5.513974619053368248e-02,-7.426668512622587592e-02,-7.223449306252328894e-02
-5.628915955258103482e-03,1.019157809917947827e-01,5.807594001474224860e-02
5.525767668178410696e-02,-1.013102794239735815e-01,2.217471681487422075e-02
-6.091992787941149373e-02,-5.323350339469201664e-02,-8.533134064637594440e-02
-1.724480514480481244e-02,-1.161376181001460284e-01,-7.663944226804231437e-03
2.393960905405203426e-02,3.168069661602028464e-02,-1.108371896491921610e-01
-4.913273550999412015e-03,-1.084177453899402982e-01,4.583338837042131436e-02
5.905844754362004484e-02,-1.007044201225472668e-01,1.635737951906788765e-02
-2.895536360394387887e-02,8.062032534248324278e-02,-8.109497678153421152e-02
-3.611953942792675565e-02,5.709509245004412009e-02,-9.678626587286000282e-02
-6.927268368910659280e-02,-2.566364143691627492e-02,-9.215386203504737084e-02
-6.546761191407876601e-02,7.690898833427382841e-02,-6.136999409842542469e-02
4.085690175978359123e-02,5.533695026224718511e-02,-9.619475289957109265e-02
-9.032632393307164775e-02,-6.363639150286459767e-02,-4.235662641347065493e-02
7.764595444172438243e-02,8.490293601856749306e-02,2.797755920817462591e-02
-6.547656333793235028e-02,-2.978166007360266709e-02,9.414696165694390328e-02
7.259524609174419774e-02,-6.637719326480870374e-02,-6.617713079884278427e-02
9.034995001648312221e-03,-1.179034683394336314e-01,9.497163744468753444e-03
-1.031587607784010957e-01,-3.510384871504373949e-02,4.708174419974760216e-02
1.685238557296103723e-02,6.146201892693731184e-02,1.002335643094052625e-01
1.701304853143623813e-02,3.821047206952448566e-02,-1.112498048204607071e-01
-1.167884452059722855e-01,2.078007738765826756e-02,8.503423003056372401e-03
6.135747594604726990e-03,-4.174246731537181038e-02,-1.112710301383760397e-01
-2.661057462174797744e-02,-8.568275399405319778e-03,1.157473634534874340e-01
-1.138016664394950195e-02,7.944714072944596139e-02,8.806420647127408130e-02
-9.799923755413400550e-02,4.380520877935368401e-02,-5.188052862622986872e-02
-3.076011426574667626e-02,-9.040926963880711875e-02,7.149821958690945334e-02
-8.855723095623867225e-02,-2.306311787628386248e-03,8.001248246898923222e-02
-5.626915439410521552e-02,4.805534065453424125e-02,9.376488788941914065e-02
9.669159501918343780e-02,-6.860751932877089121e-02,1.512693530669113537e-02
-4.761566526455155574e-02,1.090760231732544605e-01,1.174509824810501639e-02
-1.109170709454676551e-01,-3.510564958881701170e-02,2.802633249600472443e-02
1.047182670964389578e-02,-6.759083996216504187e-02,-9.828531511735748294e-02
-1.063788958091457237e-01,5.357553725350502893e-02,1.300331698921765311e-02
-7.032174253818589127e-02,-7.865315712740539311e-02,5.693980865150053555e-02
-3.373732243182355622e-02,7.180281551908514193e-02,-8.998597180986200872e-02
-1.161765565328822802e-01,-2.964730043595167550e-02,5.752841957728472774e-03
1.430112475092473051e-02,-1.148300067915308392e-01,-3.219199045805266890e-02
-8.892866799898337116e-02,-5.366158165153560311e-02,-6.047011667823258552e-02
-5.393616345565217796e-02,-1.072878629631632275e-01,-6.515210205498609894e-03
-6.128436917008817791e-02,9.736723454168297320e-02,3.526799377019516901e-02
-4.731308256220935482e-02,-1.095341358115443087e-01,-1.617015273417723997e-02
-1.038795872477946136e-01,5.424106800304270837e-02,-2.797167634157575467e-02
1.310712089845064536e-02,1.196094341999030253e-01,-7.417283895747899675e-03
-1.000233696897598612e-01,6.035594967485544832e-02,-3.005780148305317936e-02
-3.818807458968560137e-02,2.521967894146695879e-02,-1.116887946243808327e-01
-1.068614397372643354e-01,3.392055219409801509e-02,-4.490593325124436763e-02
-1.042255309979077116e-01,-5.597763200146215617e-02,-2.465416208339275481e-02
-1.138942084327627530e-01,-3.123316943934148840e-02,-2.597416773955112806e-02
-1.681378211074842713e-02,6.734953488465816873e-02,-9.910184102637970005e-02
8.988178994722767143e-03,-3.991558560973416242e-02,-1.139455088501043212e-01
-7.876031173960147680e-02,3.489976292577525591e-02,8.517175523313612329e-02
-4.721100737993411123e-02,-1.035707440423356829e-01,4.168239266726671971e-02
-8.023415687426645182e-02,-6.037016688926086921e-02,-6.803615514440340684e-02
-7.680524189908163879e-02,3.603030087540613335e-03,-9.389765197323013401e-02
4.301388967952959191e-02,-8.589685093429949569e-02,-7.428415868219785667e-02
-2.725202913071672617e-02,-1.054252254375376563e-01,5.391899411498753819e-02
9.831079456486525869e-02,-7.041273698676882298e-02,1.261965716242387930e-02
-5.909456113702637320e-02,-9.028897317688569513e-02,5.617627199699173207e-02
2.442426378191893052e-02,4.874381661555997336e-02,1.088363774574672843e-01
2.178804905277040294e-02,-3.675569401662526214e-02,1.140613321656135937e-01
-9.941601361871134357e-02,-5.537187936053241527e-02,4.363402585998926025e-02
5.792277449783082843e-02,9.865034770141972720e-02,-4.224231013890696745e-02
-7.064029547940375853e-02,-9.910022533361796671e-02,-8.847854936571416390e-03
-1.057766274977795934e-01,-5.425158778626621575e-02,2.784068782126193284e-02
-1.049402424776017112e-01,-6.254789219320756877e-02,4.330392946726966969e-04
8.537262627616427901e-02,-8.740990438307696953e-02,-3.708990546119642247e-03
-3.412486345456715309e-02,-1.162469553187844423e-01,1.681451552419886697e-02
-5.942747970796044554e-02,-3.843164072150997285e-02,-9.984904702714789138e-02
1.180694449571659081e-02,-1.080852478413716899e-01,5.634260118083549151e-02
-2.042947488227740693e-02,-8.957374619119892745e-02,-8.107627899614391898e-02
-1.065377564022256529e-01,-4.472249750550687936e-02,4.100805127807926470e-02
7.905842012887628889e-02,8.846772004781061627e-02,-3.119553698788780915e-02
-7.092249978834877511e-02,5.141976517131764679e-02,8.598732980825654626e-02
-6.529352291329264257e-02,1.342573021964055778e-02,1.031610692652387973e-01
-1.074058966783562885e-01,6.400286885756096764e-03,-5.938518079587365439e-02
-1.215356014593132472e-01,-6.054234722927678359e-04,-1.871404887392841623e-02
-8.300944034987713105e-02,-1.786940778453883355e-02,-8.904774154219613491e-02
-1.128185972696614386e-01,5.832260102251622669e-03,-4.894113488774772674e-02
-3.096112713778949657e-02,1.130087525007162641e-01,3.802136295663263721e-02
-7.586235373054919795e-02,4.385367969940007910e-02,8.668831171586750817e-02
-1.047292280725432428e-01,-2.536301610658945466e-02,5.999606042651572241e-02
-3.279289585132494442e-03,4.179157056749840948e-02,1.160674445130508575e-01
-7.905697164703391622e-02,6.303208783362819305e-03,-9.464211729573450416e-02
-9.639187762972981077e-02,7.244654649733486829e-02,-2.692391221180912356e-02
-5.180900901547479120e-02,8.834247659733474034e-02,6.923987597000168248e-02
-2.471351060786696960e-02,-5.319783244867827554e-02,1.089031526394401844e-01
-6.818911850321603130e-02,-9.902926333559458616e-02,2.936076311053009008e-02
-1.087985069060747462e-01,-1.333421760544165231e-02,5.763362204217860330e-02
-1.175981431126197838e-02,-4.959743168191309975e-02,1.129437995556407948e-01
-7.719675602775410983e-02,9.658663154759715430e-02,9.172690068006413705e-03
9.361841548846953909e-02,-6.673648633233560112e-02,-4.660736840201566700e-02
-1.017753068465322291e-01,6.946570163478286465e-03,7.072416419846608293e-02
-2.935138737403978487e-02,-9.064281738938508026e-02,7.967884414129747239e-02
-8.198928487600735948e-02,8.950102029540042692e-02,2.667654463074335680e-02
-8.935020111693317557e-02,-2.044773408948526855e-02,-8.402809102282396414e-02
-1.122306215362859211e-01,5.369897048257269573e-02,9.880715432920811163e-04
