-0.000000000000000000e+00,0.000000000000000000e+00,-0.000000000000000000e+00
-2.709922403500254827e-04,-1.590637634206475094e-03,-1.123094238410456353e-03
-1.167795210937047461e-03,1.706638918061518856e-03,1.861035549705107638e-03
-1.292171240893858408e-03,2.120856084729844191e-03,2.335282047592797481e-03
-1.336823129048591045e-03,-3.703506317067723277e-03,-7.038776956215656900e-05
-2.727427631738341043e-04,-2.923735855787999716e-03,-3.282794097397551732e-03
-1.781366720389527701e-03,-4.220943338212793279e-03,1.518269727457070319e-03
-4.174624396752762631e-03,-9.964531245826987668e-04,-2.962016710641947239e-03
1.563838716523261634e-03,2.669376876963115187e-03,4.639548672199639984e-03
-3.133752986647760520e-03,1.799233239238888808e-03,4.684528714623365994e-03
3.668002036015580777e-03,-4.468482506093536186e-03,2.343040304276769372e-03
2.205881648997646237e-03,5.251040375557736173e-03,3.222403192377030524e-03
6.297400825950022658e-03,2.258107563976106784e-03,1.407664690590260202e-03
-2.706657075551871950e-03,-8.323385627798776708e-04,6.529652262988911403e-03
-7.074840297965088141e-03,-3.560482072296144670e-04,-2.096373931490922490e-03
-6.608909420800748030e-03,-1.156435863482318345e-03,3.671808141195310148e-03
-8.627348736004728695e-04,-6.846991135942869129e-03,-3.846596543772715961e-03
-2.214098152266493098e-03,7.827074571266546058e-03,-4.284286704372824712e-04
-8.036587420790056863e-03,1.558002953286752171e-04,2.380563332809993143e-03
3.617970221690047154e-04,-8.562033551479164561e-03,8.776011188850428579e-04
1.304116464704477068e-03,-5.899624836909137492e-03,6.452648605759963088e-03
-1.253505144536867311e-03,-5.536861254453407689e-03,-7.060488137829380902e-03
-7.569474890710492856e-03,1.310019772958372596e-03,5.196447251335327422e-03
2.485876815480350492e-03,5.501659636333064256e-03,7.314909100589987376e-03
1.818193444826637830e-03,5.129558507712356739e-03,-8.017422423224770944e-03
-7.147716661309003357e-03,6.776517824098931587e-03,9.108488413239676507e-04
-3.358576940292767096e-03,-1.412247543094141537e-04,-9.512409599007841041e-03
-5.060155273599026456e-03,6.570085677408120731e-03,-6.079617206970843075e-03
-8.062105024415852986e-03,-4.899079578150617419e-03,4.547890622078995700e-03
-9.374946094149943371e-03,-4.737896422117617891e-03,-1.815265604034139481e-03
9.368641239704644623e-04,5.038968791975027665e-03,9.555934373856050587e-03
1.675943770044148722e-03,-8.227804676487595129e-03,-7.143755284519940491e-03
-1.068226106950253759e-02,-2.992278882741149400e-03,-1.558895379188421793e-03
-5.702344428405465432e-03,1.351247796565886250e-03,-9.752398445008350278e-03
-7.752925589692373845e-03,-4.180552272762026213e-03,7.471680557153075920e-03
-1.839549810982386716e-03,8.266727341550541078e-03,8.102388536516593603e-03
-6.276083878622633859e-03,-9.647196888961949435e-03,-2.979257528064628829e-03
-3.189113854360286007e-03,1.090126204327964039e-02,4.036006599035538156e-03
-3.404314024059650837e-03,-1.107347738534590099e-02,-3.879598529877034338e-03
-9.906093798168433620e-03,7.205918104098014455e-03,-1.781407359312835170e-03
-7.238003805963036559e-03,-1.129863795296271378e-03,-1.017507952260650501e-02
-3.939334285751482437e-03,1.154356304961000682e-02,-3.520662751678759091e-03
7.067279212164010794e-05,-1.092660543782885199e-02,6.763338520026015120e-03
-1.179499903291862661e-02,2.083267598579383734e-03,-5.064489904754298534e-03
3.039890335547156420e-03,-8.968255920980694115e-03,-9.133162488135494056e-03
-2.248230470506001281e-03,1.347640296574039462e-04,1.311441520485669317e-02
8.881530904675577834e-03,1.005273742758484336e-02,1.048028709351057821e-03
1.678780833861720284e-03,-5.127313325437361400e-04,1.348831279052671236e-02
-5.959506508144743996e-03,1.129138436630557421e-02,-5.097472802647226922e-03
3.450797996503080813e-03,-1.301827905268195147e-02,-3.404811434425410351e-03
-1.355134513308977121e-02,1.655456872170493624e-03,-3.252553372795429117e-03
8.741408533752740781e-03,8.136426847998779258e-03,-7.637314720895186509e-03
-8.748659549371791758e-03,1.130862462183289570e-02,-7.093721198408408073e-04
-2.095618139602525333e-04,-1.149738531786166293e-02,-8.756695465187685351e-03
-4.722362418454379568e-03,1.379930855301856468e-02,4.234820894909478912e-04
5.881716993975986962e-03,-1.197502852331979763e-02,-6.236493163853026704e-03
1.048719507212655944e-02,1.040098120252755387e-02,1.648710703171113847e-03
1.237090295411774794e-02,8.033943153252927696e-03,-2.699594319251098686e-03
1.987480036160877914e-03,-7.907671079638153508e-03,-1.274294059241084381e-02
5.731533728089734797e-03,-1.066495799079082187e-02,9.287943584449323900e-03
-8.277981435005141511e-03,-2.349280263256462234e-03,1.275964860688149315e-02
7.820222702108074742e-03,-1.246866123802338813e-02,-4.921943367121842279e-03
9.581399263093348315e-03,9.345167996475348127e-03,8.106236318815893127e-03
6.444679561416654517e-03,-1.423887425535655393e-02,2.136732808765051585e-03
-9.265575677162728521e-03,-6.231814335429810246e-03,-1.132071519591009573e-02
-5.897353097249131634e-03,4.332891516141259246e-03,1.425809272580031220e-02
-1.337817437447575905e-02,-1.317846498721828828e-05,9.048338229266879307e-03
1.152180050994566036e-03,7.564768524747739545e-03,1.436308767826735035e-02
8.560799665659651544e-03,1.146505652004308623e-02,-8.007569398570703323e-03
-1.576643934879026765e-02,-4.733622080452989586e-03,-1.368916188544979078e-03
1.165183567640956305e-02,-1.175050791850774760e-02,-1.740357779744930835e-03
-1.353852958500146447e-02,-2.367086001802343014e-03,9.590703041143219809e-03
6.621797531036720252e-03,-1.233481876140842329e-02,9.428121897339419161e-03
7.387562218462016134e-03,1.284565127944150426e-02,8.325191595800659691e-03
-6.781077644322163270e-03,-2.957590700013123380e-03,1.543297188726645668e-02
1.007098144775938307e-02,1.395430456798299468e-02,8.786648909027417994e-04
-5.469889328840652105e-03,1.542179428492326809e-02,5.760326867428349276e-03
-3.146127016291199591e-03,-1.693444051566006525e-02,2.876439207428610045e-03
6.890994493775352316e-03,1.272949163377908380e-02,9.971819419615748220e-03
-1.591412391412856675e-02,7.291947913060013026e-03,2.558851478126642886e-03
1.067866406540150109e-02,-1.407993128711670060e-02,-2.172354723459813796e-03
-9.992373655813112723e-03,1.354804675293819205e-02,6.133436689310728211e-03
4.337736692836550306e-03,-2.389377849822415384e-03,1.733525443784715570e-02
-6.396843451844401451e-03,1.642343757300376503e-02,4.290461043595318949e-03
5.077855553975123629e-03,1.582972725371895040e-02,-7.530878153363172386e-03
-6.632273306766849064e-03,-1.241332717395167082e-02,-1.179085491040346607e-02
-1.216895221400580984e-02,-1.910247625203790548e-03,-1.376203357056123185e-02
-1.634241336481381465e-02,3.059435164653107227e-03,-8.289542163207475750e-03
2.368920973624276307e-03,-1.781653561722278817e-02,-5.112375670470984020e-03
-1.784776705628587923e-02,-3.298037298008051153e-03,4.876925580903718194e-03
1.571794423838356047e-02,-9.159542080381720061e-03,-5.126530938589128963e-03
-1.858957249837992279e-02,-3.637999314717121555e-03,1.566581557664919284e-03
3.975737076343536548e-03,-6.722960467794618193e-03,1.744382113643381735e-02
2.712127272165576908e-03,3.136141521366791161e-03,-1.876516893053497767e-02
3.879978846758548768e-03,-1.846844551612654081e-02,-4.149343728172774463e-03
-6.585658105424260778e-03,1.683941188490675409e-02,-7.102894570604078965e-03
-9.501333565569350728e-03,-4.355864992712260575e-03,-1.649766493816027038e-02
-4.623061330122550314e-03,1.426372062450705601e-02,-1.267400277968368065e-02
1.114443455629794515e-02,1.538287449563751665e-02,-5.353644702583027631e-03
3.133485760254650556e-03,6.697522951834017878e-03,-1.840799120461022662e-02
1.271132271777317309e-02,-1.536141150140888680e-02,-1.300085552170270910e-04
-3.371571972000282635e-03,1.514075262112823559e-03,1.969635565712009317e-02
-1.502899651347486785e-02,-5.401209386432919216e-03,-1.227201679821065053e-02
-1.491617807287653813e-03,1.227208023702727746e-03,2.014835132472140092e-02
-5.027680151125373149e-03,-1.268449348466034639e-02,1.508491321272210049e-02
-1.062428934393554181e-02,-9.977921935742883192e-03,-1.432957648590555202e-02
-1.052228451561586925e-02,-1.761310692727885083e-02,-9.352725518742587615e-04
1.251794723019141430e-02,-1.628787268000213978e-02,1.966070630554392438e-03
-1.208403734206051940e-02,6.604888412707673323e-03,1.550019666044337094e-02
2.070647546167353210e-03,1.002841340109120356e-02,1.814095679536492645e-02
-7.537362312348728187e-03,7.720756763389281969e-03,1.793254977455283408e-02
2.453338543791114355e-03,5.744031121841708734e-03,-2.007569773664206678e-02
-9.021261161938669976e-03,-3.895443099278707820e-03,1.869592787905332079e-02
-1.616315831669620784e-02,-3.544628197641870940e-03,-1.327905649323480805e-02
9.215030755371314899e-03,1.886572912871910257e-02,-3.655633470869087791e-03
1.328936816252428502e-02,-1.641156551817987003e-02,-3.507305720432073431e-03
-2.139096303975601687e-02,-3.482992154430883305e-04,2.146153361708790560e-03
-1.714962274518702992e-02,1.259028796630488889e-02,3.705299081156715902e-03
-2.552799409341285821e-03,2.130390563140681023e-02,-3.167851115825883346e-03
1.772971055733006457e-03,1.964397862105610876e-02,9.243081127557397150e-03
1.840845469540969628e-02,-1.149161762557459644e-02,2.755267433172236841e-03
-5.788336793634100974e-03,2.616815393207854931e-03,2.102913204430575944e-02
-1.432865888469426335e-02,-2.633900782216815843e-03,1.656463407410442915e-02
-1.018872401797157705e-02,-1.887720836694900192e-02,5.525813005575073468e-03
-2.104817536958310253e-02,4.311373545778168608e-03,5.756720065387733315e-03
-8.122822979072212221e-03,-1.074765122987864432e-02,1.781352304212547449e-02
-1.786918221438803939e-02,2.977173784571466867e-05,1.354868152867029496e-02
1.189175856527080639e-02,-1.908480581766711787e-02,1.137423609958727660e-03
9.041069634430796628e-04,3.214521849043640647e-03,2.235732823135414341e-02
-8.536713611031941651e-03,1.507935312141879883e-02,1.465613291528433844e-02
-1.502290419089759473e-02,1.568032562408127814e-02,-6.897040982978532887e-03
1.684505564431773572e-02,1.026510194574109525e-02,-1.157872155780481985e-02
-1.253252590781260903e-02,-6.775830881421237260e-03,1.800792216529178286e-02
-1.454077868928728597e-02,-8.112499818211807781e-03,-1.593994330307694010e-02
-5.288709614607619951e-03,-1.506820016168988231e-02,1.674442462762518527e-02
-1.769098526037650486e-03,1.188364038505753360e-02,1.987750693978815666e-02
-1.759614857155999620e-02,1.525328257790040977e-02,-1.117393169755505605e-03
-1.556473779265229833e-02,-1.066018820514703057e-02,1.384577378244087123e-02
-1.528072472077644621e-02,-6.298126750181490090e-03,1.668863872862231049e-02
4.932275450023984077e-03,-2.275055614148997762e-02,3.719514953247745215e-03
-1.025711443252127694e-02,-1.734414565941450048e-02,1.240141779723242903e-02
-1.750827880836491879e-02,-6.840786161003305915e-03,-1.451071080715318415e-02
4.767394553327593482e-04,1.863043564872621238e-02,1.485432754483903203e-02
-4.688623401365216614e-04,2.563800873795397017e-04,-2.391153526721198630e-02
3.592894569473912159e-03,9.531856119049480353e-03,2.173380418052344928e-02
4.713249126404949960e-03,1.742355656781819848e-02,-1.595009376183500333e-02
-1.771515099629440010e-02,-4.082362782709863906e-03,1.593066294180675233e-02
-1.376492674751767994e-02,-1.980905089137780309e-02,-2.546657663162461491e-03
-2.329607882283014908e-02,-6.696057348855010034e-03,-2.211821666354547161e-03
-9.754126319139152720e-03,-1.935546977501797355e-02,1.125787525745395104e-02
6.228283609698524563e-03,6.243973378357933410e-03,-2.286524150350374707e-02
-5.421708575093893423e-03,-1.590182839621614996e-02,1.795596755359563437e-02
-2.443390185008756377e-02,3.403356541510950406e-03,4.052058481430489099e-04
-1.864436418573502813e-02,-7.136345820196590868e-03,1.463920591702360524e-02
9.674962563986047592e-03,-9.724530211285144221e-03,-2.070649302872917472e-02
1.986644596481511663e-02,1.345129764799595992e-02,6.738119198850116807e-03
2.117954956490823368e-02,-1.087285207031619440e-02,7.636019569465028051e-03
3.460740641404231287e-03,2.478443706428350851e-02,-1.715398779300060820e-03
-1.434703316885257811e-02,2.092116440746658338e-04,-2.067350227281703964e-02
-3.437402720717905053e-03,9.106415413787765853e-03,-2.329421331459829297e-02
9.231119918031759422e-03,-2.074397877428388673e-02,1.122165540473611320e-02
-1.441056046773726146e-02,2.081101020349336583e-02,-2.186123678105345632e-03
-6.754427134036896513e-03,2.453988874150262942e-02,1.342911235006019870e-03
-1.642232854859155058e-02,1.807738286502785785e-02,-7.565604543233408856e-03
-4.544992601553441043e-03,-2.198566787415445756e-02,1.240114590483287239e-02
-1.339818985992455996e-02,-2.072085171466663336e-02,7.283020595434864901e-03
-2.493705115514347620e-02,1.336502422609054351e-03,6.508317505857437110e-03
-9.621468647495247731e-03,-1.159655894816922356e-02,-2.104857214540908905e-02
1.364742533362870054e-02,-1.976696905160568729e-02,-9.859247949804028632e-03
-2.362458308759598363e-02,-6.115342783789793658e-03,9.097661455654045687e-03
1.175017592529140585e-02,-2.217076999752023644e-02,7.264478428790356948e-03
-1.351271719413705240e-02,-2.242201323779632188e-02,1.067296099422232079e-03
-2.081341684071874240e-02,1.498371363578473829e-02,-5.733008790330496734e-03
1.647230808956883646e-02,-1.112030652080585845e-02,-1.731120402520199691e-02
-2.113525013809351445e-03,-2.214930816686623213e-02,-1.427292903395760253e-02
6.205505720560520154e-03,2.174318584654550898e-02,-1.384200406778071830e-02
1.220385327840864745e-02,2.317940933069004283e-02,-4.556015844502458480e-03
5.153935994536377845e-03,-1.915701462985562598e-02,-1.781919432308299439e-02
-1.629516963492631462e-02,-6.148789447498126870e-04,2.119598175300754436e-02
-5.207044145255723330e-03,-1.085746288870138854e-02,2.396425226530236527e-02
-1.766982576757205638e-03,1.828635599135512019e-02,1.964367133056594064e-02
-8.826509001114826725e-03,1.177382508984124200e-03,-2.545973170765003166e-02
-2.652311148324367970e-02,4.467091913502091102e-03,2.857656492286945668e-03
-2.301264482109631471e-02,-1.126290034404558819e-02,-8.903251184927501310e-03
-4.343610154481655251e-03,1.851034338344391753e-02,1.945018147402766823e-02
-2.176911054308837412e-02,1.632671506519097621e-02,-1.860307488217827990e-03
5.927113051185217869e-03,-2.663488469997084274e-02,-1.864654519054245643e-03
-1.277400462523111194e-02,2.693588706800026088e-05,-2.426844678117156748e-02
1.716415677281130786e-02,2.143381859667179215e-02,1.491999483000971396e-03
-1.116694903643568326e-02,-1.143845693099124726e-02,-2.246806684866062623e-02
-2.378981086084884164e-02,1.312371688374569870e-02,-5.126110693606696078e-03
-8.437269218423958453e-03,-8.874537947809372704e-03,2.487229067297067400e-02
-1.898175681969570608e-02,-4.873961150161656118e-03,1.971358848034289457e-02
2.375644070792746684e-02,1.411542261837468205e-02,3.631457827569800709e-03
-2.069607875869988386e-02,1.668198031880613330e-02,8.619667704553510279e-03
-2.690945804128020563e-02,7.718253144992773436e-03,-1.157069398695666478e-03
-2.074919510735005659e-03,-4.421731691431448480e-03,-2.766382763854683541e-02
9.058707529233005554e-03,-2.239723060687320941e-03,-2.657411824337832865e-02
2.114429268865604741e-02,-1.863413552551512753e-02,-1.750584156599179061e-03
-4.160227082662366384e-03,-1.160615550460058695e-02,-2.548496692479593206e-02
1.631451093873191593e-02,2.301578412331598336e-02,-3.118055120537380643e-03
-1.080494372030401523e-02,-1.976807626562175971e-02,1.738409848678427669e-02
-1.318926375778283790e-02,-2.528338133836060056e-02,-8.023540583833728120e-04
-2.432683610832555784e-02,-1.276142595037701999e-02,-7.957431355055343686e-03
-2.544189739400318576e-02,-1.285920250837104505e-02,3.072661148288750605e-03
-1.223799962409801052e-02,2.597229473205189820e-02,1.372211793474052656e-03
1.768110727224193879e-02,-8.273016497190380236e-03,-2.119597572491088711e-02
-1.390024562982540741e-02,1.127233242179303749e-02,-2.267541069369281501e-02
-2.803661347368655021e-02,-1.556716443497462151e-04,7.245955993076992271e-03
-9.128690033795918172e-04,1.731906785745507618e-02,2.327918588950101883e-02
-1.817316500261403900e-02,-2.158067006331406204e-02,-7.130173456763673825e-03
-1.757340302182022751e-02,-1.841949783178625788e-02,-1.424259988537327631e-02
-3.256253816081537168e-03,-1.261749720698871272e-02,-2.617777150394216476e-02
-2.014164159896230169e-02,-1.840483150838042106e-02,-1.071369698481685305e-02
1.671522894691016003e-02,-2.326511749045945265e-02,-6.532211595586705395e-03
1.858899309806445396e-02,2.060372183935203078e-02,9.869058741779427810e-03
-1.271083546205385500e-03,-2.901945039493272066e-02,5.277034530619375587e-03
-2.486960617540521015e-02,5.786568965330115069e-03,-1.495790114951469144e-02
2.277473407492274990e-02,1.898875053567799717e-02,7.678894122293465846e-04
-1.293650535615922109e-02,-5.149010347791358085e-03,2.627005634435854858e-02
-2.390591760618506617e-02,6.059373413421009942e-03,-1.673032873471064913e-02
-1.003276353408595785e-02,-2.804357023812147770e-02,-2.268634366018114964e-03
-5.205539902489102026e-03,-2.754657169552887988e-02,1.051030495398947232e-02
-2.243701646799864738e-02,6.228627563178512107e-03,-1.892869876185546141e-02
-1.324360200683409247e-02,2.409093295829202452e-02,1.220160528822498806e-02
-6.627542746457165332e-03,-2.170774679556131473e-02,1.984009387562176568e-02
-2.493930791792488971e-02,-1.568659940796073363e-02,-6.699008294852537571e-03
-1.776454974448847882e-02,1.666456037301727866e-02,-1.799345565665214433e-02
-2.439344224001854453e-02,1.369546723567086760e-02,-1.177208162231694298e-02
3.329945048476285439e-03,2.930042261818277538e-02,-7.464709790457257736e-03
1.498192839363680570e-02,1.973255644862022262e-02,1.776601458514243115e-02
-6.893989514237316464e-03,2.845709980699038730e-02,-8.733167140090942332e-03
-2.983803536669227957e-02,-6.587242892838161140e-03,2.010171173676742525e-03
-2.890317174780451803e-02,1.008117254428974978e-02,-2.203995141937566994e-03
-1.938906578416721774e-02,2.284101307068885783e-02,6.955117430732793427e-03
-2.860065433808387306e-02,-8.606646312244552177e-03,7.621722225726124469e-03
-2.081383722294787020e-02,2.265490421727741135e-02,-2.800674322302433832e-03
-1.454558050319191068e-02,-9.267744215388800180e-03,2.570956802421457341e-02
-2.819520458377348590e-02,-9.338459966350486086e-03,-8.967358460823209379e-03
4.516376962280457472e-03,2.019964344128112599e-02,2.320151587899629136e-02
-2.658970864007354981e-02,1.616012371009466903e-02,1.648012854086568528e-03
-1.656645228305171635e-02,-3.054565347416189538e-03,-2.629154355416482222e-02
7.064522931613858268e-03,2.897122492531541138e-02,-9.483101121826318855e-03
-1.026208081901655925e-02,1.858435759546608196e-02,-2.307869632306486229e-02
8.719833110333856385e-03,-1.129983928042588119e-02,2.799535661841746903e-02
-4.576257752271287171e-03,2.040504477248561432e-02,2.354360747715900440e-02
-1.073526124208253399e-02,-2.003328323460756497e-02,-2.189016501281765975e-02
-1.308980405147778733e-02,-1.332291212335448907e-02,-2.551594220320258302e-02
1.382872649937895958e-02,2.775351674761739051e-02,-6.524132779348457492e-03
-1.627025939181217865e-02,9.915506589533811671e-03,2.540014121223007140e-02
-2.892922075504745019e-02,-1.299370620999647057e-02,-2.572944380164404049e-03
-1.938692897324003836e-02,-2.221555420823347754e-02,-1.212945775860897225e-02
1.447998792723947242e-02,2.233138656023430854e-02,-1.767197313188765759e-02
-3.115400622172076819e-02,-6.809635734970095715e-03,2.805165603476148916e-03
-3.549844145704387165e-04,-2.913802473187850420e-02,-1.340950546601141734e-02
2.202997384986866546e-03,3.204867863348954959e-02,-1.071392050107051542e-03
-1.558557246535066144e-02,2.601019777371858799e-02,-1.085508621013488856e-02
-2.578037991018636982e-02,-1.882304832484993015e-02,4.742708958999759805e-03
-2.142309643340877326e-02,-5.635370720457995135e-03,-2.355583967769723716e-02
-1.415511273653133686e-02,5.846629235886819514e-03,2.855153032328009918e-02
-2.865283785223200416e-02,1.445466856794226304e-02,4.896374921914145931e-03
-1.844022079521352372e-02,-1.434851036790886838e-02,2.263035224449442412e-02
-2.504113656556890624e-02,-1.375084157475558143e-02,-1.568656767109561159e-02
-3.043484500712050761e-02,1.021610758139166603e-02,-5.976828881042836779e-03
6.674625643224313225e-03,3.141175304230052479e-02,6.267510614802350097e-03
2.421561280261932611e-02,4.830575669802158328e-03,2.156292729946907016e-02
-1.383754809831914089e-02,-6.263426785110998672e-03,2.912288898100523493e-02
-2.978186669158007158e-02,1.268433660952556635e-02,5.929569934112095819e-03
-1.839362667350490782e-02,2.344829223571985935e-02,1.410764724108901774e-02
-4.841538629409279301e-03,2.712087397853825410e-02,-1.823056542623313625e-02
-1.224162060529121465e-02,-2.958579708843794495e-02,8.385818483798431616e-03
2.462823795580605310e-02,-1.390073106172060556e-02,-1.731709679112613046e-02
-3.058870143142603318e-02,-1.211340778739745765e-02,4.628513899870274548e-03
-2.268469731939659964e-02,2.015187828202752093e-02,-1.368566426294662644e-02
-5.416371214570149528e-03,2.881374706664964133e-02,-1.589299800224206610e-02
-1.072809617056471460e-02,-2.519859491810191518e-02,-1.913794741074551983e-02
-1.630598196869211675e-02,-2.907890381664755483e-02,3.003498440933469703e-03
-2.989015100625774107e-02,-1.044562531000798461e-02,1.105095147209642081e-02
-8.991568111186294676e-03,2.485475484777313268e-02,-2.074166156579571388e-02
-1.812078461293145648e-02,-4.869237790020711394e-03,-2.794493692368467050e-02
-2.450151256514661660e-02,1.036141058385995446e-03,-2.314655587085161573e-02
-3.202091823175510360e-02,3.275916172046483207e-03,1.025959657747318489e-02
1.621241179418603500e-03,-3.287065093454715620e-02,-7.898870238413305267e-03
-1.007126030341673473e-02,2.681554642872055125e-02,-1.814295849443626346e-02
-2.072503475909425949e-02,2.095794418496204140e-02,1.688429437428067351e-02
2.315333116056604926e-02,2.365157685391841222e-02,7.908229148628652047e-03
-2.635927463120688388e-02,-9.212912889709306413e-03,-1.955753286736436683e-02
-1.861451653504670248e-02,-1.566027683742994558e-02,-2.397112519298598074e-02
-2.618191543119332762e-02,-1.997448711762551260e-02,9.276843147776360488e-03
1.390456477332717607e-02,-2.629330382629548393e-02,-1.703033391141115307e-02
-1.638745970581165397e-03,-3.048729395182429858e-02,-1.570736218386248675e-02
3.118636981685817683e-02,-8.899948540628825969e-03,1.145679828613910441e-02
-1.075204262121627966e-02,-1.633872017784673142e-02,2.836675147309779960e-02
-2.043246567601510535e-02,7.382888617423620688e-03,-2.682194662610124652e-02
6.084978391621138731e-03,-2.847568497870876791e-02,1.864657942701568316e-02
1.510656624011100235e-02,6.456831652407041267e-03,-3.049368863522941217e-02
-2.170223795888857540e-02,5.228334232619583598e-03,-2.656350525824913503e-02
-1.477114418919456967e-02,1.196443204237531560e-02,-2.909959808452864879e-02
-2.327809589270499538e-02,2.392906106212014036e-02,-9.890945656451427884e-03
-2.793943931291702903e-02,-2.052724269306561294e-02,3.807956453073186968e-03
1.036940925412028125e-03,3.452424212810639714e-02,5.259495828644850969e-03
-1.434804588780692024e-02,-3.087398695082736386e-02,8.110033489915995791e-03
-1.435205263683931275e-02,-1.938543121890630438e-02,2.544105681026984436e-02
-2.841214949481124866e-02,-2.891104142679277924e-03,-2.043519463179977597e-02
-9.936057550632303517e-03,2.204834724990175840e-02,2.554474035457336006e-02
3.007966805683557482e-02,-1.608294921408093964e-02,-8.838804578893610583e-03
1.833595610937101619e-02,-2.197753923692465430e-02,2.065276369426352968e-02
6.387076856104112292e-03,-2.720649508008025214e-02,-2.165531106758700891e-02
-1.748154788928810849e-02,-8.134592426382284899e-03,-2.970436634660127487e-02
-2.278057865554793809e-02,2.081682294464639454e-02,1.749332686448309276e-02
-3.018135454058794298e-02,4.516713432647218723e-03,-1.819842647783666278e-02
-1.895623841841068483e-02,1.012942230623379951e-02,2.836793882297774030e-02
1.879873700133519177e-02,8.708956524973351584e-03,-2.901091411130719833e-02
-1.578944517325156852e-02,8.527952070394617320e-03,3.087113612630918227e-02
-3.550934777423078725e-02,1.853547831825830532e-03,-3.859845500123826670e-03
-3.347518595334312425e-02,-5.196704296812876267e-03,1.165517365120421166e-02
-2.801197930017803109e-02,1.360180716211512909e-02,1.783104794441776539e-02
1.420850458987887172e-02,-2.395083523338133180e-02,2.272207283226214056e-02
-1.044741439185322557e-02,-1.303243878607782819e-02,3.189066447302190549e-02
2.365106152973974266e-02,-2.555977817205077815e-02,-9.355417805605708431e-03
-8.215920724807109984e-03,3.003430634685554101e-02,-1.829835127527236135e-02
-2.670031538403698501e-02,1.096093246651059887e-02,2.180674405686571296e-02
-2.811871098905591171e-02,1.626432632111145596e-02,1.604946848110786264e-02
1.835066329762269008e-02,3.084316225931547223e-02,5.377894366316939706e-03
-9.069062457568439865e-04,2.195029655777663499e-02,2.895730301057273734e-02
1.565085267624332158e-02,-1.463198817943687190e-02,-2.943320910915304262e-02
-2.619263165345659186e-02,2.225626893443883800e-02,1.217199441394012545e-02
-1.094217794664984096e-02,-5.663464085538793278e-04,3.483815231724174399e-02
-3.562415732237831506e-02,3.099686380673898154e-03,-7.697810814857167228e-03
1.230338594887946113e-02,3.209317895731327031e-02,-1.268054779400948351e-02
2.331252329499784379e-02,-2.458867459377690398e-02,-1.408057458551640120e-02
-1.758102680881026142e-02,1.379297530526964362e-02,2.917530512866033446e-02
1.207500531016796400e-02,3.475785016157599550e-02,-9.064816595366684401e-04
-3.381111794519051084e-02,-3.508041734755920973e-03,-1.426311189637475933e-02
1.025836252602104620e-02,-3.184351182938443409e-02,-1.561700655026809770e-02
-3.489982273131785051e-02,-1.083001000618349398e-02,5.661039073972221232e-03
-2.709156396967823954e-02,2.111846552154423087e-02,1.384169487042454828e-02
3.121980236211308046e-02,1.922856729800976119e-02,5.596615017095685207e-03
8.691230852442692265e-03,2.624225712098680885e-02,-2.481419433332685692e-02
-9.468505233651038078e-03,2.158211630350359567e-02,2.878714556743244141e-02
-2.688559539545885488e-02,-2.356464232365602929e-02,-1.049834283162175835e-02
-1.915748991876508711e-04,1.239082528689058361e-02,-3.519910536209538976e-02
-2.810791593291279370e-03,2.626929755173982445e-02,-2.643432554114794747e-02
-7.432060520107162081e-03,1.090889150572168197e-02,-3.502448948906531495e-02
-2.370766163022464817e-02,-3.018856273543196224e-03,-2.887893298545846088e-02
-2.235855649230168718e-02,-1.901231458350817471e-02,2.340922492068734165e-02
2.079058497915872109e-03,3.035652155074080108e-02,2.208461387049881833e-02
-2.848362647913267598e-02,2.274104669469393866e-02,9.450143323182606803e-03
6.997455828992784656e-03,2.364879428525453950e-02,2.852638705352853604e-02
6.776575667229763587e-03,1.940269556858194300e-02,3.168289447066303249e-02
-5.423711138085873795e-03,-3.164449946837227801e-02,-1.999023885291426050e-02
-2.503010381291074365e-02,1.157484349658211703e-02,2.596394198860053557e-02
2.073010256883565244e-02,-2.629892975545670974e-02,-1.781706269162123407e-02
-1.662564780992956126e-02,1.619751621308448269e-02,3.007085823050935705e-02
1.849373982262425553e-02,1.966237731501175451e-02,-2.680692241795388370e-02
-3.462388167149615253e-02,-1.461578889705262077e-02,-6.246188460715023164e-03
-2.891440276035867063e-02,-8.003967082374542370e-04,-2.487925770325853658e-02
-2.652203010596604436e-03,-3.741126441126760988e-02,-7.296301785004456232e-03
-2.208101916849913512e-02,3.119269937391077122e-02,-1.878678050391277034e-03
-1.911048165223170475e-02,1.738897181414795698e-02,-2.829684671666573073e-02
-4.121232366284823499e-03,1.959895326858374781e-02,3.273237187090445588e-02
-1.021187629922237078e-02,-3.703410089195315752e-02,9.585791395635502631e-04
6.575649127780203336e-03,-2.749656795097464579e-02,-2.610823524769674553e-02
-2.807612823986722211e-02,-8.316598783880288503e-03,2.505435157007352559e-02
-3.209308466580902686e-02,3.070061796192904372e-03,-2.121272676468187804e-02
-2.579459182040471851e-02,-1.996168829153376761e-02,2.073058434935262651e-02
4.570748241045158138e-03,1.073301844696726397e-02,-3.690141496833145018e-02
-3.695140178500350148e-02,1.041227996085660780e-02,-5.310308543623624110e-03
-1.087649145720728100e-02,3.030415484870238249e-02,2.167022805702851010e-02
-3.520424032249529211e-02,-7.895684100235795394e-03,1.444910480430970472e-02
5.905687910403792026e-03,-3.845271421397830625e-02,-1.089643863680466937e-03
-3.479966669653324074e-02,1.148449657129548863e-02,-1.326592029509700808e-02
-2.250976571850639429e-02,-4.126814508535448477e-03,-3.161320417254675358e-02
-3.430588471152790780e-02,8.537819954987441867e-03,-1.665974501120667112e-02
2.165989133921423365e-02,1.229772039593760892e-02,3.018561536819056729e-02
-5.889523653171839339e-03,-2.650827003768785328e-02,-2.825601841777558229e-02
-7.174621259661963756e-03,-5.489569400934743437e-03,-3.818885591216681502e-02
-3.605916108419229132e-02,-1.503372531538327457e-02,4.236233603119463932e-03
-4.321909343339936857e-04,-3.636516589462521903e-02,1.502772505749407073e-02
-6.947356965836809853e-03,-2.715379020955532852e-02,-2.769609999370639328e-02
-2.351836406851712941e-02,-2.917533416119510309e-02,1.235226360553494038e-02
-3.943397065240078492e-02,-2.878428176976990070e-04,2.448572760466614148e-03
3.472417152854844011e-03,1.802287306708768438e-02,-3.504938853652375674e-02
-3.228176407972790235e-02,2.023458576720743238e-02,1.086352469015192286e-02
-1.934723974715060399e-02,3.108778263551042684e-02,-1.526522414808733838e-02
-3.409030341511427170e-02,-1.912220409132738691e-02,7.086039639745950365e-03
-3.619786425202764502e-02,-1.263104421298462572e-02,-1.060273322180551626e-02
-3.096653793221191067e-02,-1.009118134890766433e-02,2.292849130240011760e-02
-1.018737945289708777e-02,2.349130059712356208e-02,3.057904623176033523e-02
-8.792221287354736597e-03,-3.883123212716618061e-02,3.124537574680289181e-03
-3.287219350773751270e-03,-3.985313469950525073e-02,-2.854277796876100379e-04
-3.803645864542583299e-02,1.135341623548181446e-02,-5.264707610454489456e-03
-3.596729504726037946e-02,-1.367127680826092477e-02,1.127250114793588824e-02
-4.478869196809401147e-03,-1.654144134564366694e-02,-3.630661710816539267e-02
-1.567463750021338975e-02,-1.703294702855470168e-03,-3.697953050056280999e-02
-6.057681602876435062e-03,1.776765051893829800e-02,3.560797567846955836e-02
1.367703406244364685e-02,-3.754105600494565126e-02,-5.305897991325742372e-03
-2.430663119160057437e-02,-2.969892467979478451e-02,-1.248755257468486465e-02
-1.951493724241887273e-02,2.966462722115754957e-02,-1.929216760252611823e-02
-9.404969818139466767e-03,3.909794271318513259e-02,4.487949826145645575e-03
-6.955614082337402459e-04,-3.394127866681144468e-02,-2.211298658966916880e-02
-3.607856494820119338e-03,-2.822604413207091892e-02,-2.891343477714358040e-02
1.452175565185684879e-02,3.747766317460900221e-02,-5.872952778138490135e-03
-2.780319975113106426e-03,-4.055012312462284024e-02,1.463287950256775792e-03
1.289273434674252129e-02,-1.160713398371316513e-02,3.684388363979870101e-02
-1.798218798061479093e-02,-3.634168876374240659e-02,4.310364910472879937e-03
-1.428498891371397274e-02,3.709358705202734502e-02,-9.321944243789454312e-03
-2.028533819743296579e-03,-4.082313768321582659e-02,6.985599310749536451e-04
-1.979939884220219964e-02,-1.574891452083854518e-02,-3.217646726466048129e-02
-2.224463640891835223e-02,3.472872923345117491e-03,3.424505119701577727e-02
-3.122768923015378090e-02,2.437275336322737920e-02,1.070737319979759607e-02
-4.348233032448837847e-03,3.753513935834839471e-02,-1.613360574613530510e-02
1.385814206093831207e-02,1.273535120468138535e-02,3.657991101420372121e-02
-3.193699186461280981e-02,1.690905067454691324e-02,1.976563659400127140e-02
-7.002374984038868197e-03,2.560195956063827591e-02,-3.156446518731016726e-02
-1.541191585152278110e-03,3.302248944346852094e-02,-2.474248805135144738e-02
-1.950013365741979157e-02,3.624563212499367498e-02,-3.910450206865386143e-03
-2.996545845440902120e-02,2.381452543166295843e-02,-1.576309309361272060e-02
-1.233968703643659182e-02,3.228523622775127805e-02,-2.287300349979255049e-02
5.247197370663057641e-04,-4.051471745379170430e-02,-8.961286511729702614e-03
-1.329507650883467954e-03,-4.147373275169415757e-02,2.104359718462764199e-03
-1.718362366125559051e-02,-3.765478082948644362e-02,-4.165515501918855279e-03
-5.008137289157492834e-04,-3.088057450986782249e-02,-2.794450212793618896e-02
-3.524507571801872158e-02,-4.666089674340283266e-03,2.179481201181908759e-02
-3.824367309593516839e-02,1.661265288844831003e-02,-2.165381380259947738e-03
-2.269733577729987975e-02,4.330945894425795688e-04,3.510182050239928075e-02
-3.308222909300932713e-02,2.398008383345381217e-02,-9.069908322082152405e-03
-4.121976497097476488e-02,-8.605261081836882114e-05,-7.544040096705044267e-03
-3.561491016982930996e-02,-1.851097419509989406e-02,-1.221307007326488149e-02
3.772094204234194975e-02,1.771399587153470179e-02,-5.275446799973701473e-03
-2.919159381586894017e-02,1.488817227755985691e-02,2.636148054882371181e-02
-2.364240472456714814e-02,3.157911672220319044e-02,1.472345783741086343e-02
-2.286869186588137356e-02,2.979796910132967783e-02,1.913995744107864841e-02
7.356880166003885654e-03,3.182196778216385413e-03,4.143952707362196647e-02
3.708422417883520256e-02,-1.656689755034236947e-02,-1.166334972032753887e-02
3.241849980202236164e-02,1.853687134536964251e-02,-1.988497850031071060e-02
-5.617616464396221320e-04,4.200202197698715834e-02,-5.454670592719055265e-03
-1.420772200405789366e-02,3.950217837905834611e-02,-6.017447874017760497e-03
-4.033796798805090733e-02,-6.661687270264023304e-03,1.145489278635356163e-02
1.871047559290430970e-02,-2.081607548187785345e-02,-3.199385400762152359e-02
6.718032329093040446e-04,2.309777807068971386e-03,-4.249076316466374181e-02
-2.836585730285135637e-02,-5.887566607006714317e-03,3.124452979552362619e-02
1.586259980055582108e-02,3.012204830057693336e-02,-2.570604478299324744e-02
2.454167941803424985e-02,2.696086051017770879e-02,2.224486558599583080e-02
3.121819070223073520e-03,-3.130436160699747589e-02,2.895795476425462589e-02
-3.354446695251173810e-02,-2.653610410800709765e-02,-1.769787386667180792e-03
-1.911350203093019340e-02,-2.114729369805283532e-02,3.200392006598432038e-02
-2.439381013714341309e-02,3.480678771790390869e-02,5.871273323729324367e-03
-2.760320013815903764e-02,-2.323455143510269258e-02,2.331349417809399499e-02
-6.374564400069471573e-03,-2.830702200908182323e-02,-3.174327599892966950e-02
-2.520298242526684829e-02,-5.983155136179224565e-03,3.439227323070323528e-02
-9.039685667679984646e-03,2.617431303258822839e-02,3.303430700171690326e-02
2.899094658085332385e-03,2.690304869050245962e-02,-3.361780212709334498e-02
-2.247933437757302505e-02,3.374428433577526809e-02,-1.491973920780617462e-02
-9.250156162040563956e-03,-4.195677752380968378e-02,-4.991947574314193475e-03
3.939100157033820909e-02,-1.209036468892943274e-03,-1.794448769086769840e-02
1.869056951364532829e-02,1.200953864285182228e-02,-3.722650312411432405e-02
2.996716505430359681e-02,-2.665580243961660281e-02,-1.658548411472793305e-02
-2.764753187471078247e-02,2.974053722854556533e-02,-1.546020109430155595e-02
5.821874483031299306e-03,4.103111426192349032e-02,1.321815876758253815e-02
-2.521363829433890050e-03,9.315986295594295627e-03,-4.246510152825039297e-02
-1.577853131326707736e-02,-3.901172320287022571e-02,-1.139373106188895299e-02
-1.576149924357192478e-02,3.779144322396416761e-02,-1.511092886029687110e-02
-1.331483468772562406e-02,1.197568606976172172e-02,3.985625368272254637e-02
4.615109328278976103e-03,-3.664708228427582953e-02,2.343459991297794365e-02
-3.379492370427628067e-02,1.664344307581057739e-02,-2.233054572972694579e-02
-1.070044290688384678e-02,-4.217113653100585530e-02,5.395940321478540948e-03
-2.719648431891664997e-02,2.268139052109667889e-02,-2.592668666457502089e-02
-3.603995694766021652e-03,3.635475655762424041e-02,2.441100500640870641e-02
2.060014360657177329e-02,3.501600130197886004e-03,-3.870652305014956468e-02
1.969625794673128105e-03,2.245075244196960765e-02,-3.783086725859394206e-02
-2.442544033779741209e-03,-4.319736573993109702e-02,-8.448690888438662935e-03
6.817141215237168018e-03,4.334804306571368032e-02,-4.701266299508654808e-03
2.243102058862110268e-02,1.621334753500874512e-02,-3.443652363994818832e-02
-3.636293252928952946e-02,3.083371492609650235e-03,-2.498794737286074569e-02
-3.695767005617114215e-02,-2.430698928562425795e-02,1.933614213514306662e-03
-6.375290369150229952e-03,3.551154250472346452e-02,-2.574869164146784822e-02
-2.244815573461527575e-02,-1.742899319975977843e-02,-3.407772063521733591e-02
1.026235257057919736e-02,1.298386353212799098e-02,4.122324214827258193e-02
2.392068964095465239e-02,3.739122652889022291e-02,2.687283533404062185e-03
1.795460954802890335e-02,-2.610134120415033218e-02,3.127538613608586704e-02
-4.189629021162052415e-03,-4.218182076055444069e-02,1.375542620651055460e-02
-1.706074816344918879e-02,4.122223298473096098e-02,5.575626453102028421e-05
1.767694778101587885e-02,2.101064217680542398e-02,-3.522353441358885839e-02
-1.623394313692864618e-02,-8.704429605086823004e-05,-4.165747575595068336e-02
-3.649098628871789984e-02,-2.559751444265606635e-02,-4.042768709122728822e-03
2.458802950301148399e-02,-2.777410706586740108e-02,-2.512911072428323719e-02
-3.587887134672079759e-02,-1.189971432426948847e-02,2.414174822636064657e-02
-1.225579883651128216e-02,-1.730512111611931178e-02,3.957682594816797073e-02
-4.439787283465790324e-02,6.420642780266178767e-03,2.806797624880488264e-03
-2.450326332067544188e-02,-3.068308853892734445e-02,-2.197019534506568575e-02
-8.688743460916005523e-03,2.233727926152742280e-02,-3.813634715798680519e-02
-1.130514122581082782e-02,-2.010340214999337127e-02,3.874473847485567640e-02
-1.874498882227305799e-03,4.130140731003742460e-02,1.811261258496218648e-02
8.820137052595759808e-03,-4.431113104688547133e-02,6.281947820852273054e-04
-1.371272932337790941e-02,-3.903650658322488365e-02,-1.827725134953051347e-02
7.673851704472082862e-03,-2.406994979493388628e-02,3.757625860374208537e-02
-2.217499709270354113e-02,1.631365915700348779e-02,3.600889552018976536e-02
-2.694807578555056399e-02,3.093080812620239289e-02,1.938747317991024524e-02
-3.575652988847839026e-02,2.790335247929736327e-03,-2.787030108659459271e-02
-2.669687758290710880e-02,7.848022926791630924e-03,-3.595881596849456741e-02
-2.830109959709651950e-03,3.230373214272472954e-02,3.193889549934422756e-02
-1.119403026498881105e-02,1.898112688359183259e-02,3.987891011653731110e-02
1.645005212350640622e-02,-4.234148680451636781e-02,4.098108853832809623e-03
-2.270061968367767177e-02,-1.777834629432280961e-02,3.539910312443313861e-02
-3.853594609708136526e-02,-1.797536830352317039e-02,-1.675216954571449868e-02
-3.430512636525011230e-03,-8.299985903431703754e-03,4.485972708785569002e-02
-2.135309395041756417e-02,-1.030266967847333869e-02,3.918212214535166799e-02
-9.926632678111838720e-03,-4.125441878891750180e-02,-1.735393192065140186e-02
-3.288758633948061366e-02,3.184739685732189407e-02,-3.171762149391835553e-03
-5.658820683937644752e-04,4.185546055298421803e-02,1.892080939718897292e-02
-1.063961549895030105e-03,5.852711749416801210e-03,4.559712256435786287e-02
-2.149610778854764426e-02,4.057985440133883570e-02,3.156624610674162081e-03
-1.262561829772880333e-02,4.429140684135607353e-02,-1.387257105643853938e-03
-2.279513470048476556e-02,-4.005647480859856474e-02,1.791163019241462937e-03
-4.527492137855772952e-02,3.049257366556002227e-03,-8.515863419911931867e-03
-3.499213392362828662e-02,2.896635099807036429e-02,-8.510399812783774401e-03
-2.676413287580432093e-02,3.427136252628532054e-02,1.579146483545331228e-02
-3.832268625089765846e-02,4.038459145633668639e-03,-2.568206096312771955e-02
-1.329527100026967230e-02,4.141462586196028445e-02,-1.602688499148697057e-02
-2.814776239652475032e-02,-1.946625553506970948e-03,-3.683750285505010130e-02
-1.250709135738713521e-02,4.463766983535540078e-02,2.903471557445933514e-03
3.307703223633826767e-02,-3.203636118119598114e-02,-6.422823413479591959e-03
1.317353467807021866e-02,3.929486699227675850e-02,2.117392801114811526e-02
2.262073637879548349e-02,3.688792389924228782e-02,1.725804006917702055e-02
-3.311375542114111063e-03,3.468735590467954960e-02,-3.098986965374107491e-02
-2.931073494040187591e-02,-3.510127000662060376e-02,9.360841786813267271e-03
-3.805635239632405159e-02,-2.706419714334374477e-02,1.543140351426351047e-03
-1.545701944169571539e-02,-4.262560483598002575e-02,-1.147042945934314759e-02
-4.266590462174797010e-02,-1.763197341545402058e-02,-7.775716156020867457e-03
2.403267017254459310e-03,-1.574634741775277069e-02,4.407153570016089650e-02
-3.210114268346851707e-02,-2.544401663882973896e-02,2.285689931582311069e-02
-3.261927391763414646e-02,2.673887913192795479e-02,-2.063082999018935049e-02
-3.323561156776547870e-02,-8.147091812834053939e-03,3.221694450427417533e-02
1.440777134522888995e-03,3.648841358783068423e-02,-2.966023988406929490e-02
-4.464088424394798554e-02,3.873474599827028773e-03,1.448086861708549299e-02
3.658915538671696915e-02,-2.767806970528002841e-02,-1.081500747714503330e-02
2.844238632467235503e-02,-2.859835141622166579e-02,2.447998941498100850e-02
1.047691887872217054e-03,3.516723760954051925e-02,-3.150510671886971870e-02
-1.630597959447449780e-03,3.212051599626910420e-02,-3.464559225965405803e-02
-3.910624547473384033e-02,-1.600087137499581549e-02,-2.129969366146544987e-02
-2.616680410312841043e-02,1.406889396526651934e-03,3.945406027107462021e-02
-2.668262102335355705e-03,4.567131100616939748e-02,-1.243448785193638877e-02
-2.889325072111528087e-02,3.218578713407187208e-02,1.952334930218575793e-02
-4.347245664324429076e-02,1.861398422999273198e-03,-1.904963735760905816e-02
-4.101743536584741973e-02,2.167648860584857687e-02,1.040240799459416464e-02
5.376856028749608767e-03,8.458262171810095043e-03,-4.652268316326940018e-02
-3.423414051976969574e-02,1.593652708807762400e-02,-2.903732792052829068e-02
-1.393996142761531193e-02,-1.235907239706034166e-02,4.389020441007159684e-02
-1.748884671483378825e-02,-1.221020686601045208e-02,4.269396404586896232e-02
1.862909233809536408e-02,-2.096057197529416910e-02,3.867349621044034041e-02
-4.513011036542821652e-02,1.380674494207125881e-02,7.679819840638579635e-03
2.323537851063979531e-02,2.890029168310054644e-02,3.025770008204157688e-02
-2.488345837235403368e-02,-2.640629617869050955e-02,3.128042068334453002e-02
-4.521862628195364581e-02,-4.613520667200630976e-03,1.527223640650895130e-02
-2.282610434198336508e-02,-3.806430005992816196e-02,-1.826566193665989796e-02
-4.459195993679047898e-02,3.419751204796933272e-03,1.754211659686216729e-02
-4.017583824465705694e-03,4.279748739828159038e-02,-2.155005278898478385e-02
-6.028511448282746280e-03,4.606657173344051032e-02,-1.257008205670890298e-02
-3.592979475192228239e-02,3.530452612165343052e-03,-3.189628020727702795e-02
-8.678704166622436961e-03,4.743101590541382723e-02,2.734211734556994938e-04
-1.748899449809682496e-02,-3.533584915739348964e-02,2.783734733411345058e-02
-4.158890012429330985e-02,2.142217854581092776e-02,-1.204858565804141010e-02
-4.684885866591279729e-02,1.082744771775612409e-02,5.096648041620387322e-03
-2.712753100707745307e-02,-7.632882200198786056e-03,-3.934681083002429525e-02
1.716998903089240330e-02,-2.865957310568343491e-02,3.507800697635566484e-02
2.753715423412535224e-02,-3.393403645720424050e-02,-2.100342656503971506e-02
1.653520462487691710e-03,-2.530085373432467213e-02,-4.138118163807928684e-02
6.315886437790857975e-03,4.766398558103764060e-02,-6.916324919253478629e-03
1.558940210788298079e-02,4.202671019218486015e-02,1.883137160093560289e-02
1.838002820372548751e-02,-4.302434321126716310e-02,-1.338983857809439466e-02
-1.449021952814612962e-02,1.142947413446742527e-02,4.507684353339012212e-02
2.078726528148795716e-02,-4.195368985785333932e-02,1.358721983456813269e-02
-2.537996267627557270e-02,-2.019338769610494119e-02,3.645866072545750347e-02
1.430775915177354141e-02,4.048273967593807310e-02,2.327874422313943800e-02
-7.886690851382206074e-03,1.609847714003594804e-02,4.547986864394018558e-02
-3.563074724149587619e-02,5.450906851176688314e-03,3.308825159290454399e-02
-2.603151375549934629e-02,3.492835231469226809e-02,2.237815653277073005e-02
-4.767299819581022856e-03,-4.658355128847516125e-02,-1.449045998266509754e-02
-3.044326994128871561e-02,3.611379739548026963e-02,1.326821809467379140e-02
-4.229775264526040857e-02,1.483011019084307276e-02,2.005817196174432271e-02
-3.324514732816149370e-02,-3.577625979708313336e-02,5.522618477136987010e-03
2.629512878147938909e-02,-1.505948020716723137e-02,3.875276188467630806e-02
2.392247437191154930e-03,-1.962007363899503226e-02,-4.509597443904962005e-02
-4.037851797019940958e-02,2.735962384365614453e-02,-7.047156789288010550e-03
-1.984672093472432050e-02,1.731571017080924327e-02,-4.170406981258550916e-02
-2.920699341248299621e-02,-2.168971932626722124e-02,-3.337338716873568256e-02
-2.927175579124786930e-02,-2.427178155679362084e-03,3.973498469281879636e-02
2.754869095234227169e-02,-2.335937035980823265e-02,3.378351927097834884e-02
-3.908826674747197666e-02,2.517525822252799847e-02,1.698680816441523744e-02
-9.126136376007893194e-03,-3.842603284630361632e-02,2.991176002593092312e-02
-3.025280627622366561e-02,2.643061635857414660e-02,2.907011707689533681e-02
-1.430500391296071587e-02,-2.910145723895089104e-02,-3.757228238757757965e-02
-4.712061720416553523e-02,-5.048137436366336578e-03,-1.488928478530372572e-02
4.860963580092431124e-02,9.402449448694078643e-03,-4.532958575531354471e-03
1.628757184592903020e-03,4.846349554713098862e-02,-1.117187821066937051e-02
1.053312835538400966e-02,-3.759116962316723376e-02,-3.092661669103080255e-02
-3.581408784339527255e-03,4.056929777365964745e-02,2.874245291792783610e-02
-1.659554472435704683e-02,-2.308204305325219433e-02,4.099945637207623450e-02
8.363286828796020686e-03,3.558580520600417713e-02,-3.401734236900186975e-02
-4.130316415051946133e-02,1.284223015941761935e-02,-2.503847203089099027e-02
-3.766254099793088506e-02,-8.680494452850630663e-03,3.175386710414095093e-02
-3.889424211860641883e-02,-2.562668630022376173e-02,-1.835656297941136092e-02
-2.754904415666187614e-02,-4.139110824511185727e-02,-6.213368012242606597e-03
-1.407045671146470861e-02,2.800765940356412728e-02,3.914972013868964207e-02
-3.726724527253408997e-02,-1.640452664646203929e-02,2.935096465376382108e-02
2.691360409955205046e-03,1.645899793474198472e-02,-4.738799025578623730e-02
-2.851756957716578781e-03,3.467613691461085557e-02,-3.629773708950478905e-02
-1.173194308347802126e-02,4.688906067452718041e-02,-1.400711940232635989e-02
-4.669016792533402238e-02,1.885157255503123325e-02,1.182405762238912051e-03
-2.910858755091582858e-02,-3.421458928245264819e-02,-2.287211267444341084e-02
3.126680523555790819e-02,-3.658669245220660254e-02,-1.513977487895485675e-02
-4.819904720564201911e-02,1.902204049711237735e-03,1.493239443745711902e-02
-2.833363467010110905e-03,4.805996690130230620e-02,-1.537159996455915792e-02
-4.222205779710958007e-02,-7.887288139021285047e-03,2.671131919247741668e-02
3.806665660207278479e-02,1.558457628266105878e-02,2.950913859336604800e-02
-4.972258856259429566e-02,7.136774217982172486e-03,6.618266429519799321e-03
2.719312214099123184e-03,5.589121997739946064e-04,-5.063296269703559949e-02
-2.916137930400523534e-02,8.557333915398245353e-03,-4.064632318386784265e-02
3.279792416641538755e-02,-3.751873775819732776e-02,9.834213936785823895e-03
1.007152657285702736e-03,2.614183921976910227e-02,-4.358893581394702316e-02
-1.024719660227169917e-03,4.063054008741377038e-02,3.060800043653536320e-02
-1.352799081904562835e-02,3.843815035094158561e-02,-3.053813508865698897e-02
2.000078069281656726e-02,-1.387468535849397874e-02,-4.477580395534844215e-02
-2.508908867165135156e-02,3.521989959925345831e-02,2.705259794481215327e-02
-4.951744057951846384e-02,-1.209409405911671294e-02,-2.799852689420165731e-03
6.085308893203633662e-03,-5.094907888723114280e-03,5.047208164304632649e-02
-3.224217313020296544e-02,3.451290815220870584e-02,1.959740797762198061e-02
2.972940245613173854e-02,-1.538434072809687081e-02,-3.871148898719353748e-02
4.584991611893424884e-02,-1.083145581107616481e-02,-2.009720353841785989e-02
1.556978297267187783e-02,-4.518047783927753303e-02,1.854933044039163217e-02
1.271015300674291706e-02,-1.034122973017928548e-02,4.861708385903813073e-02
-2.845965768563121084e-02,-3.406506827417718659e-03,4.260155851563528218e-02
-1.989495610258834590e-02,-3.935202172341324689e-02,-2.638935404402554044e-02
-2.800289063157215472e-02,2.681284785155664801e-03,4.305552002737551148e-02
1.840281504121486084e-02,2.306716521699310463e-02,-4.217477569691151229e-02
-5.403027781416551607e-04,3.682377914215530929e-02,-3.602121009496292436e-02
-2.283948591146737345e-02,4.486510060953785572e-02,-1.111901284318230973e-02
-4.816700348306304086e-02,-1.303498986548577536e-02,1.313476740296349796e-02
-3.870390410277541743e-02,2.256009457686461873e-04,3.418760719965505818e-02
3.125045878663225418e-02,-2.178537960167842638e-02,-3.492827271944203005e-02
-1.133235072282118283e-02,4.099429589639001087e-02,2.943750365087399387e-02
-4.770767137843229255e-02,2.663496190947857358e-03,-1.991853898045129606e-02
-4.325231256060507040e-02,2.068591158589223530e-02,1.963514252913636099e-02
-3.609060889728163413e-02,-1.157388675911313544e-02,-3.538453358684355565e-02
1.671961079012860424e-02,-4.446791205251120205e-02,2.087956182501810032e-02
-4.755399705245295927e-02,1.612991244746874581e-02,1.325463257570888738e-02
2.108904569417460327e-04,4.033111262231314081e-02,-3.278633850089492097e-02
-3.920815728285555191e-02,6.877824474274540044e-03,3.348654784926558686e-02
1.488632112679257220e-02,-4.597637184763257029e-02,-1.936104823175606796e-02
-8.888944933971494947e-03,4.281200610965343184e-02,2.833274872328892663e-02
1.802139859923515552e-02,2.726239311021261963e-02,4.063205659401096514e-02
-2.908524542841565974e-03,-4.309815074422675835e-02,2.928156550721280893e-02
-3.281184065825509810e-02,-3.578727095589861323e-02,-1.924376556645001138e-02
-2.954517530352119767e-02,-1.812313421210449277e-02,3.912353480975704068e-02
-3.168288138680575017e-02,-4.995961096346136082e-03,-4.132312450481079313e-02
-1.739455662719461768e-02,-4.365492162310909141e-02,2.307361060388631036e-02
4.291188792064624946e-02,-1.702277162833107371e-02,-2.477617151599132567e-02
-4.129512911230139027e-02,2.427475874492692615e-02,2.132749100445171728e-02
-3.741960321642723991e-02,-1.491186598607562724e-02,-3.363292415998129364e-02
-2.396573174412653870e-02,3.857990549365360872e-02,2.636947808408640972e-02
-1.645205661272290329e-02,-2.114085155440548897e-02,4.522012733666379986e-02
3.401514073555092499e-02,-3.689198707370486968e-02,-1.577240347030943457e-02
-2.105573553385678073e-02,4.325097510014342360e-03,-4.805328748712357767e-02
-2.982170388911672271e-02,-4.063277027389200491e-02,-1.533509568233503047e-02
-8.705999567805308703e-03,9.230212728133495997e-03,-5.117502173288908385e-02
-1.032645884161026428e-02,5.180607589877392859e-03,5.148546095768559427e-02
-2.609115543805935744e-02,7.049384903015641114e-03,4.536671182109384276e-02
-3.748194530639813171e-02,6.354110595549507766e-03,3.671053738285372237e-02
1.876831053740877706e-02,3.352572958781428747e-02,3.634645501751473246e-02
-1.522089271884809929e-03,1.216760552890362203e-02,-5.149054597556204649e-02
2.867950836876667978e-02,-4.338682618770256516e-02,-1.005324821337404313e-02
-3.823475097391732663e-02,1.460107076051522269e-02,-3.369372012494450258e-02
1.747327195048274662e-02,-2.956558603601444971e-02,4.043848666952712390e-02
-1.312792499171027902e-02,-2.843451549194987368e-02,-4.287426256048474521e-02
-3.722827849498144825e-02,2.458669239589478597e-02,2.886127182647810901e-02
-2.159082713633559553e-02,-3.382496494080308030e-02,3.489252545554946683e-02
2.599492732244477328e-02,-4.617898516129530923e-02,-4.889093686139015134e-03
-4.731447809769278451e-02,2.425779377578905077e-02,3.065216675590755162e-03
3.215511635186830280e-02,-2.842887434562713783e-02,-3.160224439865631785e-02
1.196909569801406052e-02,1.565303294322775013e-02,4.956749309385349161e-02
-1.190003238113946857e-02,-1.432257872621083700e-02,-5.002824065257875652e-02
-3.727303068153702686e-02,-7.148906937927705131e-03,-3.759715418981148666e-02
1.547618767752509047e-02,4.897740941125242053e-02,1.483214332994391323e-02
-3.176349451982866945e-02,-4.035639929411615617e-02,1.500310718882960984e-02
-3.642508101124958958e-02,1.367569473750099990e-02,-3.678588547239825673e-02
-3.857329109986894905e-02,3.041054068001504407e-02,2.141667494247555953e-02
-3.085163998133975266e-02,4.194388776463250229e-02,1.283051035064455662e-02
-2.239522499191008709e-02,5.097549976558208261e-03,-4.850325691671623918e-02
-3.784750531318682720e-02,3.223724579699805554e-02,-2.031713410710105777e-02
-2.805897917140816756e-03,1.583922046972868758e-02,-5.128419024067642357e-02
3.134125099321691948e-02,-1.638887360698724691e-02,4.052550278849596788e-02
-4.129061108183063045e-02,1.251963303600786559e-02,3.218529432628337850e-02
1.182837186716787815e-02,-5.004255643668992920e-02,-1.605443566902801586e-02
7.449399759807961985e-03,5.326582085041882408e-02,3.679092013297969189e-03
-4.151914653336227605e-03,-6.627764483851842671e-03,-5.338048685596537279e-02
-2.222142756769312881e-03,5.353427540353269259e-02,-6.644582786911332542e-03
1.122131423202841691e-02,5.239315093481635571e-02,-6.957893544764059968e-03
-3.400603633572354262e-02,-1.810800112658731906e-02,-3.793979456952035340e-02
-4.400608986865351541e-02,8.858284644006556973e-04,-3.147671755833841151e-02
-3.908619395217602377e-02,-3.560113404686094524e-02,1.171751242276570897e-02
-4.101394916971132926e-02,2.000131819443841386e-02,-2.923425292146795279e-02
-5.123267909836101697e-02,-1.342158323892624246e-02,-1.167387056786564972e-02
-1.752690589106609478e-02,2.473081810723313026e-02,4.501963856865446451e-02
-1.935934370935039894e-02,2.659112979717631955e-02,4.322117210609936061e-02
-4.285304111730494497e-02,3.120438261619832079e-02,1.200890340039126487e-02
2.366389124881844788e-02,4.368441439838781359e-02,2.214433768900802776e-02
-5.298926372432725095e-03,8.263071694878786760e-03,5.354149763266075057e-02
-2.809132249851463078e-02,-9.107607403473621036e-03,4.577496906920824893e-02
3.712999332433539190e-02,3.770019564903136916e-02,-1.310908503989554642e-02
-2.490550384493584943e-02,2.039981003677419913e-02,-4.404228969039886143e-02
-3.450297329331450391e-02,-3.489612186445930492e-02,-2.392355194452623623e-02
-3.021790159624839628e-02,-4.107460660845877604e-02,1.961268488968055321e-02
-4.442663084339923407e-02,1.597823375011149516e-02,-2.757253289083711270e-02
1.560984671988849097e-02,-5.205496359336803797e-02,6.345040924273229709e-03
-1.907658631400471847e-03,-4.139522302653969588e-02,3.578847926174769101e-02
4.452561887529554036e-02,-1.557893592721673257e-02,-2.787754486361442019e-02
-2.355745597290106325e-02,4.443666126378597453e-02,2.184477588069648479e-02
-2.410043981162797444e-02,4.693438644692037032e-02,1.508214461317459315e-02
-5.354022411041422375e-02,-1.031175342962582439e-02,6.528775681821924123e-03
-2.789071632491696776e-02,4.733568697093155225e-02,1.152404600186836964e-03
-3.018443124277084277e-02,-4.499673369189630123e-02,-9.405118194942864440e-03
-1.453767034262957655e-02,-3.179164850168194473e-02,-4.250394047563280792e-02
-3.206380546833065281e-02,4.382324655721238360e-02,-9.189610784832122001e-03
7.946377755102483273e-03,4.779251125235209341e-02,-2.627014377128753311e-02
9.278369278303791323e-03,-5.402667694491000705e-02,6.065950952961324076e-03
1.741217882948354820e-02,-4.948640079859034646e-02,-1.714802603780021112e-02
-4.231649607788919021e-02,-2.432579762203761209e-02,2.584743642579271153e-02
-3.232581859094123527e-03,1.107045482632526903e-02,-5.405453726462230990e-02
2.789522951809443596e-02,2.733632029554406914e-02,-3.916449046904119102e-02
-1.341643118384186571e-03,3.528721029395798930e-02,-4.262237684004131083e-02
-3.665199746286806892e-02,-2.570258145636645022e-02,3.261964845459445345e-02
4.876801345042686836e-02,-2.449024876063902317e-02,-9.711883574446900785e-03
-7.377434614637781198e-03,3.913104873359563723e-02,-3.861510419367403246e-02
6.591745507879285919e-03,1.815672771798014853e-02,5.203896391119561954e-02
-2.266853248484905145e-02,-2.499687213453732210e-02,4.412307954891633160e-02
8.582413764000334675e-04,-5.107372722550996419e-02,-2.192420087508108184e-02
-5.092806781456137022e-02,2.029127163267566928e-03,2.228292189811997490e-02
3.618017708524317450e-02,-4.178288711877537615e-02,6.624243804108837820e-03
9.794265600394400778e-03,-2.768708272814600704e-02,-4.733471593203423394e-02
-3.268847462116026420e-02,-4.231359283545954586e-02,1.576334926466195496e-02
-5.024701112329760938e-02,2.148273238930165085e-02,1.120591627250755104e-02
-7.596030698297768710e-03,4.748248437468879229e-02,-2.835382463974798692e-02
-2.908191141402302268e-03,-5.417136142245890934e-02,-1.332722421253034265e-02
-3.013236348261553663e-02,1.289028243893499022e-02,4.528657387766802517e-02
-2.622699881463778221e-02,-4.795877919192927108e-02,1.189439837581906904e-02
2.035589872548844437e-02,-5.194998537461965882e-02,-4.538487870872462589e-03
-4.857311488232210483e-02,8.716485471762124753e-04,-2.789335178446282135e-02
-5.200203992228120964e-02,-1.613138261683849661e-02,1.334534068710121167e-02
-4.046826869119685838e-02,3.720822778339047399e-02,1.117068982614926459e-02
-3.675329914631259715e-02,7.202149148850815058e-03,4.181659274602864823e-02
-3.974191665876517648e-02,3.786598999299183727e-02,1.193469244902502918e-02
3.720909673152445613e-02,-3.513012864689939868e-02,-2.326874298899959947e-02
2.272656075604023718e-02,-4.361342392842792320e-02,-2.731001930955880008e-02
-4.986333905454441717e-02,2.428555484996165748e-02,-9.628655116133498504e-03
7.475024442123450082e-03,1.904913554214201360e-02,-5.248327855733264657e-02
-5.627672824584244865e-02,4.136539987274373315e-04,3.222916727592149439e-03
1.434560615535973062e-02,-5.426975747347171503e-02,-5.569051932042935228e-03
2.295403285606654673e-02,-3.434512548615457211e-02,3.846987095071204010e-02
-4.579723696633199864e-02,-2.909101110311079763e-02,1.572012485513058291e-02
-3.516984456706738482e-02,-3.242264203775019338e-02,3.011711172212954563e-02
2.799270731534113724e-02,4.850557406300463198e-02,7.949475812591788246e-03
-5.263862812853997708e-02,-1.935116574160865299e-02,-7.659908384141272605e-03
4.548495926228950798e-03,2.295997381763808382e-02,5.158011927762087140e-02
-3.727838740659779326e-02,2.841708325957323020e-02,-3.186755491618750019e-02
-2.915150120176032353e-03,-5.097348495512631777e-02,-2.470520150113120900e-02
-1.260649516890163802e-02,3.103343413997537714e-02,4.582069273384243441e-02
3.459143014922498593e-02,4.444099868447107943e-02,-7.372726465109840852e-03
-2.441013969564134745e-02,4.042397670897583672e-02,3.162857114087500032e-02
-2.004333237249646474e-02,-1.508122940601533271e-03,-5.320435139209749725e-02
2.171328579564833078e-02,-3.251669534936887235e-02,-4.135582310953639373e-02
5.180525577091842776e-02,-2.182290048172972480e-02,9.136577618493960801e-03
-2.652961597895303614e-02,-4.386995887799392119e-02,2.488978491697710002e-02
-3.646058799670699735e-02,4.048011640474276363e-02,-1.686047127633934217e-02
-2.913047103644248598e-02,1.374526981384397231e-02,4.710805170161124628e-02
2.137893600244833436e-02,-5.167835040417718961e-02,1.154859158084110132e-02
4.073737067031108113e-03,-3.171406061786572611e-02,-4.736137861668893861e-02
-4.132885575905566322e-02,1.079372837563511399e-02,-3.801702998710991543e-02
-4.738591093110293417e-02,-9.906879432953158079e-03,3.050736569438950926e-02
-3.223602903551384125e-02,3.077427267929117374e-02,3.595065893026967718e-02
-5.056154972307873308e-02,-1.701298729889363925e-02,2.090819913730036783e-02
-5.611286535934392056e-02,5.087081974470381365e-03,1.062688625094060715e-02
-1.818314454483720144e-02,-1.796694680926825063e-02,-5.136558362050840099e-02
-7.492149987493828926e-03,-2.573607805766741155e-02,5.077186031575000452e-02
2.943369316272139921e-03,5.146283011241457178e-02,-2.536873323373319000e-02
-4.815336489936170722e-02,7.669813403751371897e-03,3.045465203418544486e-02
-4.977890146605634322e-03,-5.677039102968178125e-02,7.861366487120437577e-03
-2.147924741722367567e-02,2.234669118751252820e-02,-4.850902315002736387e-02
-8.099226642412315352e-03,5.694960500959018318e-02,-3.066531985418776037e-03
-2.145656163199475067e-02,1.398347539749457066e-02,-5.164046802607003689e-02
-4.830638234842581785e-02,2.144282564446038999e-02,2.310323624154908204e-02
-1.265980218274452736e-02,5.167205193695240811e-02,2.238729532798197988e-02
-2.701252102595805976e-02,2.287030543543701333e-02,-4.564139984116499099e-02
2.419277177333634468e-02,5.181592995856855455e-02,-8.371743313887234847e-03
5.158067051420243965e-02,-2.595099265238416317e-02,3.263509608991693386e-03
-3.969114835349937809e-03,-1.510728990228131681e-02,5.572332560480771496e-02
-7.399135924313815851e-03,3.508201387666316090e-02,-4.547506485544866583e-02
-4.035522628336987022e-02,4.034446545650220012e-02,1.008267935166857684e-02
-5.430091341038673081e-02,-1.891608747875902358e-02,-7.475092788780559987e-03
-9.268081254126599167e-03,-3.125360461670068785e-02,-4.800004415173930034e-02
-5.185452702167617917e-02,2.597003782843877381e-02,-2.785611794797269569e-03
5.378245032748644322e-03,4.141801841361834186e-02,4.038715268203646458e-02
-5.429866046885040848e-02,-1.707035628332501803e-02,1.183908667846382719e-02
2.673886451746828805e-02,-3.812830368127066022e-02,3.486513516328054035e-02
-5.311467615443452028e-02,1.848884502616427936e-02,1.502371870615577115e-02
-4.461536550462913420e-02,2.913969330126284230e-02,2.352600347122799432e-02
-2.340136582619642067e-02,-5.240479638349463537e-02,1.018067482622801723e-02
-1.571064792802606691e-02,4.966502541989957498e-02,2.623930545529195441e-02
6.949063518678506510e-03,-5.719717655833993913e-02,9.302781674942082676e-03
-2.849572686676307004e-02,-1.450130093396678581e-02,-4.887189577436547999e-02
1.567600876951602551e-02,3.455724174230010576e-02,-4.444350435766083324e-02
7.694536327261400355e-03,-1.340817793036389038e-02,-5.639671378590684764e-02
1.123375969069881179e-02,1.206295303284442288e-02,5.614509477146208127e-02
-2.987909718676539511e-02,-2.448462347272533160e-02,4.400155445108033803e-02
-4.680836138489936904e-02,1.350494421097403128e-02,-3.254839015437086674e-02
-5.298036602962311742e-02,1.780257145622106407e-02,1.770208512097981579e-02
-3.154502231057015188e-02,-3.397775765727656383e-02,-3.594508992327916791e-02
3.808778106843829780e-02,-3.231109278687947090e-02,3.084398222245793297e-02
3.050891488149743563e-02,4.516057379852453368e-02,-2.191295356078886911e-02
-7.855683339901820689e-03,-2.573475131995231827e-02,5.225774293173720414e-02
-3.818474560366080101e-02,9.176324244434493071e-03,4.378348320888904993e-02
4.128421668923308585e-02,-3.684439363884081664e-02,2.004470510350835413e-02
-5.073010747209342336e-02,2.091844696760264757e-02,2.137695091906331724e-02
-7.772774359233538405e-03,-4.156390042819628483e-02,-4.104313949568286213e-02
-2.926839361145761390e-02,4.692141140512359060e-02,-2.046140202923506929e-02
1.599664408099721324e-02,-5.298485527255659966e-02,-2.044636771508756209e-02
-3.761681524385668274e-02,2.582122732040895152e-02,3.746992560908180003e-02
-5.806027795310279155e-02,-1.090144888568234452e-02,-5.775471165903840265e-04
-5.317557889713338953e-02,1.764932387291182417e-02,1.885326229846569571e-02
1.014952008625516489e-02,-3.247636335374361194e-02,4.838672728579407334e-02
-1.749384108402830124e-02,-4.984268970597033332e-02,-2.670375006503191220e-02
1.418310629383078871e-02,-4.024523831362567666e-02,4.107304533138447095e-02
-2.480427835047905802e-02,-4.207093411165767349e-02,3.357135716574048689e-02
-5.322488032960826648e-02,1.522520565032007070e-02,-2.125968239387649589e-02
-3.687645496479206864e-02,-2.612952549668890595e-02,3.845076888869212312e-02
-4.969027290506521782e-02,-3.132826015837596872e-02,-8.655719779482970444e-03
-4.254423421327581389e-02,-2.055078544706696181e-02,-3.602188229650912094e-02
3.793627048748584099e-04,5.759088655871527629e-02,-1.474744845338687993e-02
5.771039460980163273e-03,3.707437129276935223e-02,-4.616217963816394987e-02
1.343429829168481151e-04,-4.154835311158032451e-02,-4.262506916458546485e-02
1.434204065377463720e-02,-5.281988444845143321e-02,2.349394578816019555e-02
-3.858579723629478736e-02,-1.186017089193589641e-02,-4.384623864905048962e-02
-3.459271383683264894e-02,-3.431621950024055928e-02,-3.438286799504271934e-02
1.683772640674548876e-02,-2.840919781322963703e-02,-4.970180880094743348e-02
-3.968974752609420037e-02,-1.047468030813505056e-02,4.336228722807199815e-02
1.345928759728013714e-02,4.983456387195081549e-02,-3.008435543617061711e-02
9.307052464781718007e-03,5.905083160632528666e-02,-7.102452159929992844e-04
-3.847557662793962135e-02,-3.406030825882960106e-02,-3.062799650081507105e-02
-3.773247930920376608e-02,-2.163074598900423251e-02,4.112593566082525104e-02
-2.062782789230677150e-02,2.663100754897776770e-02,-4.952450869664783845e-02
3.708977582642528775e-02,1.013425057623018252e-02,-4.597242028627575305e-02
1.258145480664122663e-03,5.896623340866617019e-02,1.084629148597098316e-02
-1.288775607523678229e-02,-4.367881933025632296e-02,-3.907342378447190706e-02
-4.156175461892130940e-02,6.609324988177627371e-04,4.332752679823522607e-02
-5.974352351782401954e-02,-3.301400755079027531e-04,6.333893577229507410e-03
3.357500463646237530e-03,3.929470077988778814e-02,-4.537173650616680570e-02
-8.124513574016214643e-03,-3.736969167669428743e-02,4.643129094500624693e-02
-4.098875753824147289e-02,3.904842152287666540e-02,-2.044345911804527904e-02
3.159085631632518876e-02,-4.830174199167507065e-02,-1.720982772519312476e-02
-3.267324906727562400e-02,4.181413274318065976e-02,2.856015539157585187e-02
-1.345819487061816928e-02,-5.640081365591027157e-02,-1.654986011575715343e-02
-1.974286350733055542e-02,-5.521196122460157729e-02,1.422528165757408480e-02
3.667877092787893284e-02,-4.792853063315218737e-02,1.565734096572427621e-03
-1.493613899990312889e-02,-5.842157665283096574e-02,3.631437112331027672e-03
-5.654034134590645022e-02,-1.699850425521470115e-02,-1.296245554159465747e-02
-5.202588397860066771e-02,-2.157042695815973056e-03,3.077122190233567284e-02
1.375813355550681988e-02,2.697258946129648532e-02,-5.240072690231647318e-02
-3.289612596871237943e-02,-1.284106682558698240e-02,4.919374307427410581e-02
-2.740526271403731853e-02,-2.503325683182061091e-03,-5.398321383889549685e-02
-1.237507819203951913e-02,-5.508277508951531926e-02,2.210605645082259346e-02
-3.939487481260566665e-02,-1.660515215405119344e-02,-4.304272507514397827e-02
1.835730150425962312e-02,3.468215769392801046e-02,4.631362468775483687e-02
1.051053229455472041e-02,1.749864227604736033e-02,-5.720622466900328329e-02
-2.448235011345963746e-02,3.442620930538303065e-02,-4.369334068741925758e-02
-4.330577087682636883e-02,4.215259084402575573e-02,6.771939991507918560e-03
-5.900434648393351744e-02,5.525908104648456949e-03,-1.380122354873792104e-02
-3.423038949922350277e-02,4.785427459383336662e-02,-1.565899498039622847e-02
-1.339692853387722000e-03,1.637288309049355489e-02,5.866448759841223770e-02
-3.372510630057681813e-02,1.438770889877574038e-02,-4.869736278295939969e-02
4.536001943916360274e-02,1.552458297548746022e-02,-3.770559539527180287e-02
-2.583048177891060851e-02,5.735171746670403303e-03,-5.499622092161514375e-02
5.301551513668659871e-02,1.155864454556494378e-02,-2.801566446180873624e-02
4.175982408108647203e-04,3.901318151289552560e-02,4.702506904385934938e-02
3.889545411675763035e-04,-4.224747048252464054e-02,4.419270286092623345e-02
-1.286872059014548646e-02,5.666759453030761201e-02,-1.912094268615596032e-02
-4.869784341167660707e-02,-3.142720899657527878e-02,-1.969054038556140168e-02
-9.402113999717687460e-04,-3.991354610506035738e-02,-4.644704727640828340e-02
-2.299612751643446626e-02,2.657329505817593307e-02,-5.020735483544658956e-02
-1.562524371545898766e-02,1.087934120328137681e-02,5.828952713324643542e-02
-2.310482651247670535e-02,8.648922276527333877e-03,5.617808970904542704e-02
-5.070085610108570479e-02,-2.969844806664455675e-02,-1.778982251695588115e-02
4.327077623241293303e-02,-3.471140720083647213e-02,2.638652615090432071e-02
-4.796945037328548961e-02,8.242056124981378754e-03,3.753571117384679051e-02
-5.388455228918649642e-02,2.030461203487510941e-02,-2.159967810011793193e-02
-5.916754681515570130e-02,-5.523501037633097265e-03,1.598437259902019819e-02
9.159620748362648154e-03,-6.010513379634471048e-02,9.732493187827741254e-03
-4.634165868597642235e-02,4.031584484021779463e-02,-4.771878670917047843e-03
-5.629661023396573954e-02,1.155500854437594219e-02,2.230024960073066428e-02
-1.072746117729454947e-02,5.750428835471566719e-02,-1.956391212886435249e-02
1.435246422069826402e-02,5.901848807646275369e-02,-1.094687527591516052e-02
2.171786605990128072e-02,-5.720560328745923767e-02,8.324927369804373950e-03
-4.144337780579838981e-02,-4.041118340758400457e-03,4.565094456358854969e-02
3.301984841283914923e-02,-5.214148248139860442e-02,-3.645616103308340142e-03
-5.494576848781604350e-02,-2.832549498817550984e-02,-2.325071237125484348e-03
3.033638822536033688e-02,4.594436084640490109e-02,-2.828496560739747825e-02
-1.498907853510104884e-03,6.767744734438132723e-03,6.154359620318371193e-02
-1.799356865076549156e-02,9.270271794963827472e-03,5.856962141210744766e-02
4.063487547980217801e-03,-5.753814134969222061e-02,-2.274645928733737277e-02
-1.199349929913433137e-02,3.920135682899779372e-02,4.656613050451717528e-02
-3.458169351805831515e-02,-3.778726775932089721e-02,-3.506663023469545892e-02
2.306615913106005791e-02,4.687364775489054336e-02,3.359610496947755542e-02
-2.699126135293992285e-02,-4.734709147764834536e-02,-2.986728133570526814e-02
-5.378047520281063060e-02,-2.908517646646231053e-02,-1.133528074350591969e-02
1.575204064937273801e-02,-4.546981964474366977e-02,-3.944097480770615560e-02
-2.569682245144269683e-03,5.267713122085156130e-02,-3.307846555835872171e-02
-2.877654866195863970e-02,-2.527816895765721064e-02,-4.912269372356814490e-02
-5.911619492197663778e-02,-1.971671159219860747e-02,1.043360376188132632e-03
-4.542671933875631202e-02,3.353061441645523166e-02,-2.647867857403667438e-02
5.238742371518475063e-03,-3.543812461469600383e-02,5.108964782724276926e-02
-4.673810658368599685e-02,4.509641902022933774e-03,-4.114751414998538137e-02
-5.150933791994825872e-02,3.374511644710873753e-02,-1.050757469269328337e-02
3.783286489348194198e-02,-3.964054984067618553e-02,3.006831998365453937e-02
-5.952651673364407758e-02,3.918288844820608241e-04,1.917530010441948624e-02
3.086546277652702647e-02,-5.441420198569001110e-02,-1.455723570994258299e-03
-3.582589819211494820e-03,-2.872442888539350134e-02,-5.551777449182492691e-02
3.404649703106093356e-02,-4.471715195110409491e-02,-2.767334486341759339e-02
-4.485938301051282939e-02,-2.849685318052942729e-02,3.323578066181201440e-02
-6.883056523341527476e-03,2.894259167975137687e-02,5.521279850516792875e-02
3.797601916288430995e-02,3.612949860302851202e-02,3.450268727115238937e-02
-1.159643881175425120e-02,1.113411528449458586e-03,6.169836971747536675e-02
-6.226683781711572774e-02,8.081187185840768214e-03,2.096016089719752919e-03
1.216431531296083106e-02,5.942750408173585325e-02,-1.648367342709803132e-02
4.196276526159554987e-02,2.969313606508040132e-02,3.623819686768804671e-02
4.742949208942935429e-04,3.080833047495840863e-04,-6.292770837621990132e-02
-1.761278181356583849e-03,4.380658659963182489e-02,-4.519458345678994265e-02
-3.642013155328015141e-03,1.351255376466715952e-02,6.142694938249503717e-02
-4.223216967519979187e-02,4.456916457317246227e-02,-1.426923717447045777e-02
-6.282784174364973440e-02,1.512595993514319033e-03,5.329728341791111629e-03
-4.869395543817055944e-02,-3.001172424217785073e-02,2.665862089100622459e-02
-1.431980506979259153e-02,6.121017367992894614e-02,-5.932939685198807336e-03
-4.581096181554709240e-02,-3.778372658607303397e-02,2.156717361197555902e-02
-4.730332280507584114e-02,-4.108577344946776067e-02,8.379028127120038624e-03
-1.326837958400707562e-02,5.966334134367617253e-02,-1.626484947658820082e-02
-1.793413950832816600e-02,4.337522044967911136e-04,-6.068726839131283884e-02
-2.611276801788018406e-03,-3.502478553763888752e-02,5.268461282732411072e-02
3.167086674520282457e-03,-6.062621487096995360e-02,1.811386131307180652e-02
-3.010191575117810228e-02,-4.940360691755160075e-04,-5.578322453312945656e-02
-3.622085381332428022e-02,7.335398447601728170e-03,-5.154451676581315450e-02
-7.585360421914116684e-03,8.385304745153133316e-03,-6.244359619533178252e-02
-3.829360040973196766e-02,5.048220847426002772e-02,4.081606418797965700e-03
-1.964665736289314402e-02,-6.040341327358830781e-02,-1.186533867319967831e-03
-3.836754363371465415e-02,-4.926730838606940138e-02,1.187832737024271078e-02
4.389803044622217661e-03,-1.182591072396674790e-02,6.233592709423230183e-02
-5.134941473588627153e-02,3.463168498398007389e-02,1.460255827895252587e-02
-6.023673123567258036e-02,-1.679201187760063010e-02,-1.197394042522654210e-02
3.015396213251623353e-02,5.321994573363343639e-02,1.779458902777179483e-02
-2.754644075427966493e-02,5.143794921123357421e-03,5.724917412218316626e-02
-5.183182364953271837e-02,1.082810493858545921e-02,3.554445510675811187e-02
3.261467279043291784e-02,5.472146592876375032e-02,-3.674268291414727484e-03
1.338317312629969461e-02,-6.239484063118933693e-02,-1.972955527569389845e-03
-3.786410482193613286e-02,-5.135973514534750151e-02,3.011214298460558256e-03
1.110482825871528245e-02,5.326442256942562348e-02,3.353546304123242866e-02
-4.773223195263739949e-02,-3.182975018633226599e-02,-2.824902424685029126e-02
-1.300752634603142416e-02,-6.226793921837664447e-02,-6.890401567677542118e-03
-4.158033482649651363e-02,-2.714362523963745333e-02,4.040709118297759750e-02
-1.036793221714320083e-02,-5.188747618098103753e-02,3.609838819935101001e-02
-5.683214361741682069e-02,-2.804178895741916283e-02,9.546082476580380199e-03
-4.369818180513389272e-02,3.741068607293729364e-02,2.833260830475202441e-02
-3.565335158543882221e-02,-3.963417210776947440e-03,5.319231393741537250e-02
1.914148372763214631e-02,-3.638286537717256436e-02,4.930160713293248870e-02
3.163779360321313720e-04,-6.380242565114427333e-02,7.373885986149377597e-03
-2.312759769625961567e-02,-5.992439917027488766e-02,-1.967384916928689633e-03
-2.281927285496767113e-02,-4.234385882118821970e-02,4.266655939006874787e-02
-6.113746404456046196e-02,1.050401964708471553e-02,1.704405947129103080e-02
5.524045859822963866e-02,-1.347875024284996351e-02,3.016464935889055440e-02
-4.670788363998554932e-02,-3.859750828283708274e-02,-2.182118856486476785e-02
-5.279627999611008482e-02,2.244564842171833247e-02,2.933891529674587106e-02
-7.749088385520834336e-03,-5.314265268574925455e-02,-3.566938466732098856e-02
-4.973400764966657422e-02,-1.444345746415553154e-02,-3.845619172079516729e-02
-4.600951833964262577e-02,1.864933885543736819e-02,-4.124025832560062471e-02
1.851392425211477455e-02,3.134380059420700110e-02,5.333575033735338949e-02
-5.920220208771061199e-02,-2.335400743579640198e-02,-1.113828130972943815e-02
-8.362927015889516300e-03,-2.108607961359980354e-02,-6.053329780452151865e-02
-2.392575687701020345e-03,-6.347722878330334939e-02,1.217492750290613025e-02
-3.961418466008950062e-02,-5.027556626391808253e-02,9.532374352355979172e-03
2.097354712171515742e-02,3.542393236887280555e-02,-4.997508226305596296e-02
2.635023144281463305e-03,-5.668183111434593052e-02,-3.125622225189196579e-02
-1.941973463735188754e-02,-1.906133914237899407e-02,-5.882801978694336686e-02
1.434533826696722525e-02,-5.035178628197727047e-02,-3.826979907588155122e-02
-8.725901408077036889e-03,-5.968428474707464237e-02,2.391204841964819638e-02
4.195933565665838777e-02,-2.929216779813654734e-02,3.994993136391963851e-02
-5.540351760081408533e-02,3.124993350647683327e-02,1.315215550493999824e-02
5.513479100539503408e-02,1.264933096720318589e-02,3.199546770925817962e-02
-6.154300297271642073e-02,2.072602444616774425e-02,-3.305278948408323699e-03
2.487859288743529337e-02,5.630519015649603637e-02,2.105444017303428547e-02
2.990886747874968790e-02,-3.723534546985419330e-02,4.422636882601488351e-02
2.175012598683950110e-02,-3.466440408963659958e-02,5.066328943882520558e-02
6.310738689211206100e-03,-6.455452687724072547e-02,-6.230590190857992865e-03
-1.188051527913499238e-02,5.333020867771544327e-02,3.556895089365316037e-02
4.375645631307931854e-02,-2.802676075198941297e-02,3.943041151122805149e-02
