0.000000000000000000e+00,0.000000000000000000e+00,0.000000000000000000e+00
-3.009406069847373171e-03,-3.566594578408978887e-03,4.023166467744374378e-03
-7.796712610273409845e-03,-3.242231358856221147e-03,2.362421842030911975e-03
-1.075004670434107079e-02,-2.837943382635559194e-04,8.916049916835948851e-04
-4.274201888332205580e-03,5.164112735149875219e-03,1.056335426764585216e-02
-1.123051542581684700e-02,8.095483449281033056e-03,-2.324297670371454436e-03
-9.962733425860487158e-04,5.715080958575053521e-03,1.429571062356953248e-02
-1.177984625745841923e-02,-7.024710832832191214e-03,9.552645234172615560e-03
-1.114438673905794944e-02,-5.667902725514270025e-03,-1.283523132950871448e-02
-1.847716848015857130e-02,1.901103889027070835e-03,4.252755445933843227e-03
-1.013315442018310371e-02,-7.284308557005271523e-03,1.580274065851236878e-02
9.674085511686122962e-03,-8.414813052925466247e-03,-1.684467246366667600e-02
-1.610854774369469000e-02,1.517392471220750313e-02,-1.172365595527162605e-03
-2.029866008347539635e-02,6.803715385582598078e-03,-8.719841794681720479e-03
-1.076730725125046167e-02,1.019106309336044805e-02,-1.892353726679182543e-02
-1.254644048469709741e-02,1.873541070173835588e-02,1.064256755909355479e-02
-2.034975419801182163e-03,7.330171085614491100e-03,2.465526399003167141e-02
-2.588980968651167364e-02,-7.257132740949603878e-04,6.265967671434701132e-03
8.853519971182209972e-03,1.968546004021580823e-02,-1.699220284305561976e-02
-2.077078520193515951e-02,9.123686475174129853e-03,-1.687540228458930813e-02
-1.033496749206251619e-02,1.314350501072931131e-02,2.376828192604086079e-02
-1.381754075013763398e-02,5.818570410086145936e-03,-2.578751939873281940e-02
2.375752265093723434e-02,-1.925755630092945703e-02,1.215994971812838670e-04
-9.624791592864513287e-03,1.774073165543740838e-02,2.395110144188372994e-02
1.957199768863768924e-02,2.466160987093213297e-02,-5.977179806125353101e-03
4.424452175022980209e-03,-3.132408239758880525e-02,-8.508159795074755546e-03
-2.921043011035028003e-02,-1.522494486592751960e-02,-5.874331620385647365e-03
-1.995989521582833964e-02,2.523165279898844163e-02,1.145109396202199925e-02
-2.087483520272788787e-02,2.253454845375351193e-02,-1.641376549030608770e-02
-1.984389964058805647e-02,-2.497861950664038294e-02,1.556553999826783968e-02
-4.835521213391725040e-03,3.569462107168709653e-02,3.120155794229741760e-03
-2.396741444583961114e-02,-8.982234273229083854e-03,2.644869475246077947e-02
-2.997922078231881129e-02,2.019753876322472400e-02,9.776679955417694537e-03
-3.202357160394535968e-02,-1.726165453977682868e-02,1.125291241974185272e-02
-3.081687390588130210e-02,3.589182928460873511e-03,2.314215173196850633e-02
-1.872422506626656574e-02,-1.933000851222758942e-02,-2.867206748701253693e-02
-3.183337025689134125e-02,2.409221438226578568e-02,9.687921568946858322e-04
1.047344473254810306e-03,-1.246529803011759384e-02,-3.855968578900703658e-02
-1.117086395492554972e-02,-1.795886971506849977e-02,-3.528174168519850745e-02
-3.394007112548109301e-02,-1.555098551154616808e-02,1.863640276262472709e-02
1.591856283510210968e-02,-3.853194845399680185e-02,7.219186825356926733e-03
1.178568313090223689e-02,4.106639506691563135e-02,-3.769786795781655212e-03
3.805238016903421394e-02,-1.753927886611459860e-02,1.155283382365391090e-02
-1.691072662006351882e-02,1.841588982068288055e-02,3.624438948898706103e-02
2.768306681970289854e-02,-9.757507194193413419e-03,3.357211396255572328e-02
-3.692126295470543607e-02,-2.560744916364718349e-02,4.447288653716075825e-03
2.894531577763590977e-02,2.771937778271704039e-02,2.197116535522803185e-02
-1.345397370207660100e-02,-1.385143917329596623e-02,4.202925529701824481e-02
3.320574874277131688e-02,1.596305954146635259e-02,2.885247592180489873e-02
-4.413809199259364352e-02,9.759370032578342652e-03,-1.404417190158605520e-02
-4.604873257336500325e-02,9.239980005580621103e-03,-9.258127526629916434e-03
-1.924842133645112210e-02,-4.357796443731794950e-02,-8.551378562118161150e-03
1.287663673017696263e-02,3.593332956012689622e-02,3.060907113608519331e-02
1.241135139254796738e-02,3.605590582523261756e-02,-3.148469216593077769e-02
1.013504009755367835e-02,4.816093818567487167e-02,-8.646213045795339558e-03
3.660221156667687464e-02,3.235409743632464835e-02,-1.273599614236889908e-02
-2.735111461257959745e-02,2.155509695589810301e-02,-3.725503455494227206e-02
1.932050847363205731e-02,-3.253234080502796777e-02,-3.494425869002133755e-02
2.041704828014127143e-02,4.776277550729182003e-02,-2.618149456331269383e-03
9.186159388880836552e-03,-4.550057060644786128e-02,2.455047519415144708e-02
-6.758463145261794924e-03,-3.911010456568479038e-02,-3.513856596536778926e-02
-4.102558540411249677e-02,-2.071984152046322386e-02,2.739213750946086975e-02
-3.382843026967502498e-02,-2.831492207213582440e-02,3.113753991886879929e-02
1.640423990278457381e-02,-3.360098252302692878e-02,3.963058937082725164e-02
8.852782983799642458e-03,1.775195786930147679e-02,5.126820178698814762e-02
-1.784433852010288910e-02,-5.016321388615890831e-02,-1.550954632165455274e-02
-4.360651881884244213e-02,2.563605247123175446e-02,-2.387717185819760238e-02
-2.431388315834836708e-02,4.601603411337015087e-02,-2.176951143794697563e-02
-1.189174241169306534e-02,2.389710130494590232e-02,5.023864151776101517e-02
-4.807229488432330361e-02,3.069324867557018596e-02,6.115146383944614072e-03
-5.700652184431140995e-02,-4.830763136965949937e-03,-8.455851064086821259e-03
6.781638579296796719e-03,5.525480419319480502e-02,-1.731522940292467422e-02
1.025952114470856519e-02,-5.629025625578512604e-02,1.339867728197376151e-02
-1.307435449059522921e-02,7.487713488317693580e-03,-5.727999628478917804e-02
1.270567394306034575e-02,5.528530744308684380e-02,1.857105347611073473e-02
6.026220636671843385e-03,7.238962114117447957e-03,5.940537695590352579e-02
-4.303965873941791725e-02,-2.766055578230674356e-02,3.248512174667909230e-02
-2.277449522998159070e-03,4.620563686669942882e-02,3.984833822485460419e-02
-5.648898931167334499e-03,-4.092872411555280310e-02,-4.556703707024008926e-02
1.063299183974523998e-02,-1.342987915455124207e-02,5.954444269297330672e-02
-6.092051628442401306e-02,1.595268485110376512e-03,1.344605201956859675e-02
-1.157974860492969049e-02,-5.929312715559979796e-02,-1.734133487052483963e-02
-4.866634901457255608e-02,4.024385537170391963e-02,-4.300275389369953051e-03
-4.513408054463554503e-02,7.475478375099280440e-03,-4.438063105515741014e-02
-5.453726748237738842e-02,-3.336116689715136474e-02,5.622253010895224626e-03
-4.960419616907386919e-02,3.875982241876445994e-02,-1.457466262093195554e-02
-2.981063086021224634e-02,-3.929146408175935440e-03,-5.768697238100627123e-02
-1.382735076415756055e-02,6.331035327736796517e-03,-6.369729335071989962e-02
-2.529462533022500820e-03,6.261682732404144636e-02,-2.045063947193656237e-02
-3.713649616099409800e-02,-5.352481641699396997e-02,-1.258908319500823270e-02
-2.016767534571545575e-02,5.089750468271140270e-03,-6.345890249752277057e-02
-5.811701940510657916e-02,2.500750389536494228e-02,-2.267195007083386282e-02
-3.181566122236951372e-02,4.119526256024406974e-02,4.318734620839047994e-02
3.004297838142967747e-02,2.865914846914822608e-02,-5.392682118334314600e-02
7.830433278626609123e-03,6.739528774420147639e-02,-9.291418455049313407e-03
2.799345753542649418e-02,4.682847253536063376e-02,4.208462755558685375e-02
1.980718306224294942e-02,4.688445210292299659e-02,-4.706598884583199083e-02
-4.981935119745555668e-02,4.393252754056765214e-02,-2.125606517538668541e-02
2.398966594813490422e-02,6.251350362578510234e-02,-2.094580301174328932e-02
-7.755827980152801664e-03,1.324503882512077096e-02,-6.888426019426306668e-02
-4.437561909566226787e-02,-3.980666026529016549e-02,3.854164610758300386e-02
-4.202285095421623429e-02,-3.900088924457396217e-02,4.255555154505673288e-02
-6.354903973598247102e-02,-6.095759663754505425e-03,-3.288171290226579030e-02
-6.390188940248561766e-02,2.831245559461921177e-02,-1.818852449641489635e-02
-5.892690905085318925e-02,-9.186799182905235062e-03,-4.145183707839770332e-02
9.865976394355274390e-03,3.350161523934576391e-02,-6.414547231341108380e-02
7.329600725532547933e-02,2.843166414032688178e-03,-3.659792794326240453e-03
6.678765349395478397e-03,-3.770216991631863968e-02,6.314513201204197124e-02
4.920405838522847602e-02,3.316069473336023116e-02,-4.463653663925810922e-02
-6.663019913753744083e-02,2.997915729757255274e-02,-1.531737450925263304e-02
-1.364530044314639021e-02,-3.411294954872551299e-02,6.544517422710881271e-02
-5.517449674501524043e-02,1.329510415673730919e-02,4.972037425216813133e-02
-7.425278412636972247e-02,5.260330527076271211e-03,1.456826702511237852e-02
-1.047712028700586821e-02,-8.729392779791428358e-03,-7.501885555162317309e-02
-2.712201901736610229e-02,-5.872575768279404695e-02,-4.111009645919122546e-02
-6.794776892152437631e-02,-2.794085966708872645e-02,-2.318324937099211155e-02
-8.177728663778441711e-04,-7.644151305618465675e-02,-1.232529973928097808e-02
4.941430465456433940e-03,4.357804959716670562e-02,6.429147135601701035e-02
-3.868223270311205164e-02,1.219511544202512210e-03,6.797177855290124915e-02
-2.111954485034591225e-02,-1.170844427809022894e-03,-7.570868047273730805e-02
-7.496552538042515479e-02,3.178195701554528425e-03,-2.471154986641517157e-02
1.911317945341175356e-02,-7.430561846204289389e-02,-2.038311275530567401e-02
-5.740606760653226698e-02,5.471104279955918415e-02,8.660826670855065884e-03
-6.397434575317476058e-02,-4.027164747371701770e-02,-2.666519733181192328e-02
-6.768117570791057358e-02,-4.314721044275138251e-02,6.712571541942642314e-03
3.167851943685933563e-02,6.914450562022003699e-02,2.765958439007416489e-02
-1.168111676725262435e-02,-1.371918728598148056e-02,7.929109507574857996e-02
-2.534400550850153880e-02,3.339082279359957550e-02,-7.011996494022586235e-02
-7.808706109681133600e-02,1.371203437555425231e-02,2.123522216555313868e-02
-2.188889742960625079e-02,2.721709607935967820e-02,7.469439747895771642e-02
2.412330391470592778e-03,-2.015356388815114225e-02,-8.031126634294377675e-02
-6.477336403804799525e-02,4.163779435052156891e-02,-3.155096370415558932e-02
-7.914126618995791229e-02,-1.286136282503370226e-02,-2.364339174878125893e-02
4.704929743348862554e-03,-7.272133354506152281e-02,4.171783000835707633e-02
9.825624745559797743e-03,-7.866472292998959170e-02,2.880104338519728566e-02
-7.574733653159998470e-02,-1.915334698639370404e-03,3.789806563762083969e-02
-3.254584939028391105e-02,-4.980380102941282805e-02,6.083980939701921081e-02
-1.843384399990828301e-02,4.248072505565496891e-03,8.334840916778661624e-02
1.058260349885557046e-03,-8.581612189886711484e-02,-1.758747512256791413e-03
-5.131011755512375483e-02,5.906484354077007337e-02,-3.621021075323679894e-02
-2.947810261187454664e-02,-2.245276726679836660e-02,7.825313924054000392e-02
3.409827838096531061e-02,7.592092124496925554e-02,2.518271142475244848e-02
-7.230635676650715160e-02,8.405340896178909588e-03,4.823204558917876944e-02
-8.522487172318846116e-02,-1.836832925852820500e-02,9.433424581874745585e-03
-8.763092510904274546e-02,7.274951576738456459e-03,4.708143434641289676e-03
-3.619056718129311928e-02,-2.667812756392727927e-02,7.614151143566957880e-02
-4.203437226553775191e-02,-2.252014777306282373e-03,-7.817877028482925206e-02
-4.766825942894411389e-02,6.867944365348446767e-02,3.097990521855676152e-02
1.504596388464761285e-02,6.905403473167061323e-02,-5.494704499477827409e-02
-4.006652121084929019e-02,5.174214990921516266e-02,-6.161744058256881512e-02
-3.570776035094323786e-02,7.469260185558020126e-02,3.592568135509021515e-02
-6.731063040503401651e-02,-5.540504216772813850e-02,-2.469359821970855406e-02
-2.570676677693664244e-02,-9.329236556696543113e-04,8.725918900281834367e-02
4.568962060244319279e-02,7.432126086859663916e-02,-2.702729634740004896e-02
-7.400761334427832794e-02,3.314536008135979955e-02,4.280009112451749892e-02
-5.540011348067119812e-02,-7.267854847649571348e-02,1.105894145388053133e-02
-2.810578850731016570e-02,-3.060260415062271075e-02,-8.254316752540320767e-02
-6.251660566078055814e-02,-3.990103167706060550e-02,5.572904599760371974e-02
-4.901151246052096525e-03,9.264667969205882259e-02,-8.072344837952209751e-03
-1.948799019205727651e-02,-3.802915383028485780e-02,-8.314547222388053715e-02
-9.329915063510495210e-02,7.886040755491758973e-04,1.002603561633523196e-02
-7.465521972657583605e-02,-5.000800866409057382e-02,2.825791241826231329e-02
4.317670158939682611e-03,-3.571268972747800030e-02,8.743935454300162669e-02
-4.354501389352603835e-02,1.359471426618777921e-02,8.322134806271200280e-02
1.483535627791945401e-02,-4.616995953920709911e-02,8.198933709179932749e-02
1.568058402868780302e-02,6.970597074642775892e-02,6.353391693004117879e-02
-5.129233464007419002e-02,7.638605568342768382e-02,-2.726014758935031007e-02
-5.417107238003539271e-02,7.753247835388368814e-02,-1.818446648205135005e-02
8.739540570967353761e-03,9.155259497798126644e-02,2.976496426168019974e-02
8.361699382778494880e-03,-6.090434693454577914e-02,7.505216969198220955e-02
5.543225529546521452e-02,-6.133618992911191170e-02,5.143177661880456164e-02
-2.514268240716699063e-02,4.019584324485455523e-02,-8.544216801114531967e-02
9.760598471250428107e-03,4.282368211789731177e-02,-8.767753376197785775e-02
2.797102368538866707e-02,9.377256178201393011e-02,-1.045024195646218797e-02
-4.594582216614408882e-02,-6.667580210916602967e-02,5.653952883339529584e-02
-5.426641441490572676e-02,4.501347682633047992e-02,6.964906269668624805e-02
-5.876758032080137140e-02,-7.919004687728571634e-02,-1.288935505737303332e-02
1.136531909187930975e-03,-3.272082254011316610e-02,-9.427507931442069555e-02
3.961543984534587892e-02,7.273115649180328379e-02,-5.629889293146107809e-02
-2.436222449351169508e-02,7.698507634134042765e-02,-5.981398886589708169e-02
-3.832902593072733816e-02,8.793587422084925276e-02,-3.107079037201752533e-02
-6.653256097237889022e-02,7.166289994565135102e-02,2.597101490420486436e-02
-2.280001998495533033e-02,7.535323966351741010e-02,-6.409558533931107582e-02
1.515018902443510682e-03,9.651886749607796467e-02,3.252207899989601608e-02
-3.156565400841637031e-02,1.538984196057760316e-02,-9.598145420541109862e-02
-8.378296144989948180e-02,-5.860105514355194722e-02,-7.870323327531705132e-03
-7.042624889060840332e-02,-5.373237746449121416e-02,-5.233207976567353509e-02
-3.925731615986663425e-02,7.534381713972189420e-02,5.863473573077074980e-02
-6.298875797577587095e-04,9.491194520740568741e-02,4.144275762590216711e-02
-3.457120377245925108e-02,6.352603293808750662e-02,7.460492960971726317e-02
-5.952494621917845535e-02,2.431142061833769380e-02,-8.205442195065038025e-02
-1.130511990371654146e-02,-9.814772610586736112e-02,3.430904314330896626e-02
-6.061896352159534124e-02,-1.593116372456800794e-02,8.414426948316132415e-02
-6.473030657065954874e-02,9.044258037557170379e-03,8.250976730307869877e-02
-3.683393464529002154e-02,-1.122038376645148258e-02,9.832659253405118260e-02
-7.355351462865863943e-02,-7.614253916940469380e-02,3.762708804087208300e-03
-8.578975948251087169e-02,3.520549833105626053e-02,-5.190365717136544849e-02
-8.026927216952395305e-02,-6.934261555497180096e-02,1.063995014859915079e-02
-6.319253826499243720e-02,-2.714175175154001987e-02,8.189249850764823702e-02
6.942148364527704618e-02,-8.168016632988125969e-02,-4.132612444584143722e-03
-1.070195581743193791e-01,-1.082050446379540995e-02,-3.105726422787842989e-03
-2.015474691937105267e-02,3.850189494736756812e-02,-9.880929547705627480e-02
-4.380474701449367514e-02,2.841337826817962389e-02,9.485677860720431731e-02
-5.177807893966815400e-02,-7.744838739345177858e-02,5.582998152408388121e-02
-3.907297183256842887e-02,7.662128348811553247e-02,-6.686585365528423253e-02
-1.818724633645721345e-02,8.226390430397109710e-02,-6.959104372734607746e-02
5.244714967499478769e-02,-9.476742241443890380e-02,-1.679512552237357598e-02
-1.094138642674566120e-01,-1.070784289182979618e-02,-5.689316251018699568e-04
1.656833653471772097e-02,-4.429412860787183825e-02,-9.961302264125365680e-02
-2.497238704362516465e-02,-1.058409812335151523e-01,-2.015650492621094692e-02
-9.099751332435751516e-02,-5.989697332553325926e-02,2.090775584697132997e-02
-7.084784496050487712e-02,-8.286608384266513916e-02,-2.218923216033969956e-02
-4.121381947891366443e-02,9.430133222428059570e-02,-4.313479877236350846e-02
-1.065065997041394763e-01,3.165844376482564171e-02,1.339804235718824836e-02
2.546042040945761115e-02,-9.098793528156003119e-02,-6.059702833904842545e-02
-8.280309242767032452e-02,-5.287032959680107447e-02,-5.496504256641275565e-02
7.911119626349667755e-02,-7.307830819016261636e-02,3.387665503934874506e-02
-6.072611897406159781e-02,9.247632864169431921e-02,2.410622375122423167e-02
8.239280682985236637e-02,7.016233045416662983e-02,-3.440110057086143147e-02
-8.756260416496451648e-02,-5.037133506255902365e-02,5.257879435356653530e-02
-5.259329327308434610e-02,4.174206525190765626e-02,-9.238467812964522297e-02
2.776943979219542377e-02,-7.989148606569294875e-02,7.722752556810980051e-02
-1.114758338082947053e-01,-5.666549175077865291e-03,2.708385028363139574e-02
-6.208256424319055083e-02,-8.460674474558661784e-02,-4.748379898600189886e-02
-1.078849035756818397e-01,-7.954695059888286512e-03,4.049325338567581756e-02
-1.046057715684403505e-01,-4.951504253913897868e-02,-4.798809083100053115e-03
3.561827443675130538e-03,4.309659571388316929e-02,1.078065869374389557e-01
-2.939908016834132803e-02,-7.154550784147063747e-02,8.708875713617582337e-02
-1.002048824275824923e-01,-5.807610377404558849e-02,1.513420131448359185e-02
7.915905483098946427e-02,1.625166776722907283e-02,-8.478283071589257092e-02
2.727829412750485891e-02,1.058842953894731376e-01,-4.287706112282946291e-02
-4.566338387050400405e-02,-1.035849655461309887e-01,-3.247765276275372398e-02
-1.035879646555427913e-01,2.620525660550858046e-02,-5.028406627724160000e-02
-6.570688594860657483e-02,9.810648891593322374e-02,8.910599731394169137e-03
-3.629924505712390365e-02,-7.702497530776862555e-02,8.274857529989919358e-02
-9.866580631179676787e-05,4.430064841284279964e-02,1.105057024316018349e-01
7.766858742564120011e-02,1.033066875088733960e-02,9.006286198072507854e-02
-1.303775347551782392e-02,-1.180570002694677212e-01,1.481625050882989444e-02
3.558692228618384745e-02,-7.651758216291018599e-02,8.533595051260896291e-02
1.487035378680828974e-02,-5.666728459907960369e-02,1.051096853359864275e-01
-3.780928902331763541e-02,1.144670083824248508e-01,5.000044630485287606e-03
-1.162166513959294895e-03,1.200865727743845035e-01,1.456412315020553204e-02
7.610186715384632816e-02,-4.660396372407371590e-02,-8.214597822560987250e-02
8.945160978925319195e-02,-7.431931793113080720e-02,3.554847165357158389e-02
2.560499917973027215e-02,8.417951897955586182e-02,-8.440512116397055897e-02
-1.990078011464413085e-02,-6.089364248814894964e-02,-1.041127586851048475e-01
-8.646739464143182730e-02,-8.577904672373608264e-02,-1.365740856309327275e-02
-1.223781186131626675e-01,4.870140332127722259e-03,9.940790278481078171e-03
1.437467496060238978e-02,6.079864819554781086e-02,1.061777817724502276e-01
-6.513161806289861910e-02,-1.046676168576810145e-01,7.576409649902548539e-03
-2.057181401892422060e-02,-8.723003233627764363e-02,8.544412983995479383e-02
-9.734144093521160390e-02,2.815021788882639958e-02,7.171784199331167342e-02
-1.015709914660333502e-01,4.453535783922486779e-02,-5.647620521758373036e-02
3.754547890296974777e-02,-1.063647062360453810e-01,-5.333877159134835233e-02
-9.124245199383694549e-02,8.480097555316921942e-02,-1.141862661647204819e-02
-1.162571858858870988e-01,-2.540774697707292792e-02,3.955062107279441047e-02
-5.103949762055355610e-02,-1.073143228253458162e-02,1.143863259501658736e-01
3.707017088015101343e-04,1.260169563693042394e-01,-1.739666436106482913e-03
3.880121487439454342e-02,-3.202912802234736400e-02,1.158929496568134876e-01
-2.993268464882907487e-02,-1.210812520665136005e-01,-2.202728694960245578e-02
4.169259021442776186e-02,6.653763354511728345e-02,-9.977822689624632480e-02
7.422311309048516825e-02,9.711974632686658226e-02,3.548831172161952957e-02
-7.903345442797758691e-02,-7.833931535880993280e-02,6.242625619482834731e-02
-5.136686133527267745e-02,-9.879155148675426712e-02,-6.294290461865993669e-02
-7.099401740470095978e-02,-1.048511256977462669e-01,2.015222872791406356e-02
-4.580545688669084015e-02,-1.069162320652064235e-01,-5.468831395182873617e-02
-7.160155887488973969e-02,-4.918368666591577815e-02,9.515435037000691265e-02
-3.306117438731053654e-02,-9.866929017245876579e-03,1.244589595398075815e-01
1.161161405607097213e-01,-5.354326284376018791e-02,2.027257050467985711e-02
2.310288817706629156e-03,-1.119646053273562342e-01,-6.557375401778378632e-02
1.824106452886054344e-02,-1.269910865374459519e-01,-2.150557769603628905e-02
-3.179158192817180956e-02,4.800572760713083670e-02,1.169934580870375107e-01
-8.940111463386250790e-02,8.186724763883222733e-02,-4.887538713824611525e-02
-6.152066874237934607e-02,-9.286210233762468014e-02,-6.896706399723424863e-02
-3.986807613902580705e-02,-1.019559187401195000e-01,7.253468528970107021e-02
7.513881163968906540e-02,1.072655247453411370e-01,1.323934412472661110e-02
2.306900204449788272e-02,-3.289739135125781255e-02,-1.256741042416785192e-01
9.250117415543416058e-03,-3.349856417119102814e-02,-1.276016807688400423e-01
-1.073851236915459445e-01,3.083644421793198254e-02,-7.133786155286489516e-02
-4.422032454040573241e-02,-1.108192318846157598e-01,-5.845477281898589506e-02
-5.750942398024107977e-02,6.959227890384370174e-02,-9.790181119603112714e-02
-7.617206101507081883e-02,-5.465644621816754742e-03,-1.094766455443237918e-01
-1.537389469911897011e-02,-1.907636822436808641e-02,1.315258944583072853e-01
-1.247920262115729678e-01,4.780826830906219349e-02,1.108615874563309914e-02
3.765182475961226759e-03,8.598833808783032384e-02,1.032269070331205685e-01
6.271221678571282931e-02,-1.183670414769001644e-01,1.424410858191037417e-02
1.117662460208288661e-01,-5.574962867128389898e-02,5.127758690548792769e-02
-4.236077181206869546e-02,-2.740177472859774838e-02,-1.255650031826223978e-01
-3.839387865511522530e-02,7.972667433219914057e-02,1.027828343760156249e-01
8.320903766771944876e-02,9.720569256112872314e-02,4.588093069875410351e-02
-8.397691176321825379e-02,-1.764805980583579806e-02,1.058173213256784623e-01
-9.842736603078716673e-02,2.659965213611203624e-02,9.082207259191715787e-02
-1.044810907940404987e-01,-8.546734350028190041e-02,2.250672503668382438e-02
-1.092065357081401372e-01,-7.930339104193032118e-02,2.441162651368923228e-02
9.193752880758587764e-02,-1.401806861623297248e-02,-1.012207341186088377e-01
-9.481128962546574168e-02,-1.255785784583745429e-02,-9.915405816237314596e-02
-1.208378573376028553e-01,-4.637888930835272960e-04,6.678535726182978360e-02
3.692220678894325703e-02,1.190925554788445223e-01,-6.000004811742118416e-02
-1.328199358733109792e-01,-3.976574180794305996e-02,2.823427196874776345e-03
-1.106180660254415665e-01,-9.832920583921571887e-04,-8.412699511857581192e-02
-5.158830803134603626e-02,-6.226485798202079786e-02,-1.134054090281736010e-01
-1.517076491945157021e-02,-1.003425350628100732e-01,-9.583725897654819803e-02
7.233518680209459484e-02,6.118626550530351788e-02,-1.029176667825526525e-01
-6.902827022029746351e-02,1.091569835318317860e-01,-5.452329098919655309e-02
-1.356794634610708206e-01,-2.719736313064395616e-02,-2.427348802507093076e-02
4.107829598058174159e-02,-1.214798564026330213e-01,5.812087598140660422e-02
3.627175169799728982e-02,1.319910669938311742e-01,3.421496668820968312e-02
-9.104405710159846343e-02,2.596598309654368081e-02,1.050235461347473059e-01
-7.843994190812174361e-02,-1.100311698337097521e-01,-4.264847850509331795e-02
1.226992824413574712e-01,4.263717678277750833e-02,-5.736753752932845229e-02
-6.875157354113775598e-02,-8.564448275284523848e-02,9.048727640375256454e-02
3.301783227148749611e-02,-1.382923530497194853e-01,-1.097740299243850706e-02
1.769208231166741543e-02,1.280810886205193122e-01,-6.085685353418033433e-02
1.704028653680036282e-02,7.256156507637968878e-02,-1.222774741082464783e-01
-1.312530385224930374e-01,-7.223117181488876914e-04,-5.801359016268867186e-02
1.293669850137264821e-01,-6.274678641720142502e-02,2.594950579736310554e-03
-1.381824330697162262e-01,-3.695145845840042131e-02,-1.750117682791731827e-02
-3.442377092040003334e-02,8.322633017233360686e-02,-1.128758978799518919e-01
-1.395225582603175363e-01,-2.942534870527730578e-02,2.463365241868857233e-02
-1.113485664412292714e-01,-8.852265874405806922e-02,-2.812826388716950510e-02
-4.361206736231195563e-02,3.077018277320996836e-02,1.351444494233673688e-01
2.312425154713092929e-03,1.302853419647379274e-01,6.496323890890269570e-02
1.790107641922732487e-02,9.414791338495670514e-02,-1.100122100401755981e-01
-4.792846785960661049e-02,-1.159636350947783889e-01,7.503008031566771319e-02
6.265243613421353497e-02,-1.134866430301301882e-02,-1.319373740443703646e-01
-8.753898659903239232e-02,-5.357974107041835882e-02,-1.049534601888834351e-01
7.097516241897957288e-03,7.021494905627491401e-02,1.290589140751107755e-01
1.022354292514989112e-02,1.291614789431696775e-01,7.026563558905758733e-02
9.687433811754844401e-03,-5.511463770060286843e-02,1.366779904147805702e-01
9.247585914603917434e-02,6.904762053761719087e-02,-9.263360682837508409e-02
-7.621425156802691392e-02,-1.269317428297496719e-01,-8.257764278542660194e-03
-7.156530599408338078e-02,2.235117184262779694e-02,-1.282791994948712100e-01
-6.803714579292347020e-02,-1.194206766345203702e-01,-5.722538195225335828e-02
-7.330909605871328838e-02,9.697207346755822022e-02,8.646265721809025251e-02
-5.959581567455488754e-02,-1.324892824288029514e-01,3.517316953211072766e-02
4.855940379977381760e-02,-4.704507874137085766e-02,1.336402641574260253e-01
1.925870113140566373e-02,1.455386624937301532e-01,-3.110388577939764490e-02
2.836677068609748040e-02,2.936255366475704412e-02,-1.447135775425157367e-01
1.444753756807481693e-01,1.489757212337888478e-02,4.003633531283389002e-02
-9.150645680839446239e-02,7.657348655923759684e-02,-9.246783816958956126e-02
3.787216505013886458e-02,1.119964925562152158e-01,-9.433500607582011310e-02
-6.701075231659309184e-02,1.274635343765783968e-01,-4.720930612614705757e-02
5.070217774124469168e-02,1.179254352288062468e-01,-8.110869256480117417e-02
9.034622558235333445e-02,1.143573573486882933e-01,4.365141878338995446e-02
-3.961755829626585623e-02,1.341978371884692545e-01,-6.047115109042391218e-02
-1.239329789798035569e-01,7.663486689647881767e-02,4.575028203472020910e-02
-6.677130673179373921e-02,-6.745669938516063446e-02,-1.200278758921481115e-01
-1.144905304796596524e-01,7.198809754681441408e-02,7.221766140498940556e-02
1.104031875155051801e-01,9.439885106079796973e-02,4.996129527084996330e-02
1.153255765799914567e-01,7.214683371002497680e-02,-7.198256859141453912e-02
-1.124731661934290639e-01,6.627298015554279609e-02,8.206676443271129773e-02
-5.110540400776670406e-02,-2.528230360883343408e-02,-1.435864655851002702e-01
-1.268489031795511091e-01,2.440294849645206071e-02,-8.528050039438815622e-02
-9.792806886085599072e-02,3.020887329143957106e-02,1.163934561514377158e-01
6.970748669077733717e-02,1.076071632232974140e-01,8.776455492748368170e-02
-1.297024909294992312e-01,6.049497615598421058e-02,-6.123669215119600939e-02
2.731209238768144906e-02,-7.004968293560044634e-02,-1.366410836264921602e-01
-1.420508191931963149e-01,1.650721594580136994e-02,-6.296253192468849458e-02
6.864893711901767781e-02,-1.232789158804469959e-01,6.779727386279979506e-02
5.647966269553802987e-02,1.000927889555339317e-01,-1.067243203125583795e-01
-8.059861762953696163e-02,-1.300752001322302009e-01,3.570421601239347209e-02
-2.723706245901708761e-02,-1.080691163745215594e-01,1.111832101344537305e-01
5.731712502670164959e-03,-1.557934810972591566e-01,-2.387829826611732181e-02
-1.444441473401480436e-01,-5.263525262104094826e-02,-3.650091844483367709e-02
6.917163451354059467e-02,-2.821673593388533338e-02,-1.395649953015050126e-01
-9.280027534097906594e-02,8.625206835470604350e-02,-9.539650011929104445e-02
-5.982374822704916023e-02,-3.924976720962541910e-02,-1.418626743481725405e-01
-7.190361424097110876e-02,-1.342159403359949599e-01,4.640216528912053523e-02
-6.201753051245639803e-02,-1.164922607420112860e-01,8.951804577019749354e-02
-1.188662990519963186e-01,-4.140624564978810131e-03,-1.066619786082050741e-01
-7.869659303923699778e-03,-1.211199633244853524e-01,-1.043277828405273777e-01
1.070813683885621370e-02,-1.569563900091451858e-01,-3.097678994657005261e-02
-5.433560756698782579e-02,-1.508663827430203885e-01,-9.481898466562010269e-03
-2.706532847514555445e-02,1.582579119690279146e-01,1.087905579153678436e-02
-6.104834611692433466e-02,-1.118818086688749824e-01,-9.872011015341225493e-02
5.504189305559199774e-02,1.510351928571623259e-01,-1.557674654297131096e-02
-8.639851044275176362e-02,1.119454597995612755e-01,-7.862114812405925079e-02
-1.727630782856006894e-02,-1.377698144998173446e-01,8.362300445060986964e-02
6.200959435963777910e-02,8.829139605956227987e-02,1.213482252132713213e-01
1.449443477536143665e-01,6.873631165694070455e-02,-2.695713077697641999e-02
-4.006114489341233015e-02,9.591495582064385461e-02,1.254992484378474049e-01
-5.183332293977842287e-02,-1.314979793458655732e-01,8.167468158207744078e-02
4.228763132907673722e-02,1.373261857063090563e-01,-7.808391579373018254e-02
-9.772372925116080619e-03,-9.805321236845054855e-02,1.308765610671225044e-01
8.795415192766313506e-02,-1.345997036236654676e-01,-3.287100201793284604e-02
-6.367780044236065473e-02,-1.147190298190571556e-01,9.906176991324155967e-02
4.306026537090699297e-02,9.547908071586391765e-02,1.270955250082950461e-01
1.335024073246283277e-02,9.546374000712037899e-02,-1.338934214943436618e-01
-3.026137059288281847e-02,1.606847777337616079e-01,-2.406386632666986103e-02
-1.088499329818478495e-01,3.849760798982689719e-02,1.186574277205938444e-01
-2.591496069053711784e-02,-1.013752667360852677e-01,-1.286743832166218071e-01
6.027191037539103222e-03,1.372383823516058476e-01,-9.343832668557706944e-02
9.726138638310158346e-02,-4.900192481883775680e-02,-1.258426615302671858e-01
1.485554051182786661e-01,2.995602146097152765e-02,6.947889974902364540e-02
3.207368818583929138e-02,1.547193715779033862e-01,-5.406253461735655713e-02
-1.237016713039289367e-01,-1.094873620359403943e-01,2.638709069692037404e-02
2.580520728043991796e-02,-1.429204255101185206e-01,-8.360702687462577554e-02
8.529860915974442348e-03,-1.089308080485289348e-01,-1.274369060184667168e-01
-3.521669137232301405e-02,-7.542540373359528372e-02,-1.461037944706027047e-01
-1.475925684688212114e-01,7.683637624356065565e-02,2.617132943831789599e-02
-1.012131918091375704e-01,7.033819214469422265e-02,-1.152288865627676823e-01
-9.897269192058330556e-02,-1.344337139217714194e-01,2.642557781455398200e-02
-3.080058534139469562e-02,1.257477399987240174e-01,1.090978750242290879e-01
-1.319136924376691222e-01,7.817804442596637537e-02,-7.244171219956813124e-02
4.659749236395108879e-02,-1.280872530227219197e-01,1.013932991018650920e-01
-1.185340217186307832e-01,-1.134793707697385606e-01,4.503287285098089843e-02
-3.352137732234482942e-02,-5.880215299660666341e-03,-1.670187920936558601e-01
-1.128390061056607496e-01,1.106772493421273873e-01,6.456984549052870170e-02
-9.889997093870001033e-02,-1.393719016060880334e-01,6.601376947646024965e-03
-1.091207918271019234e-01,4.302320394355418909e-02,1.248560850006365519e-01
1.346639877488776671e-01,-8.916573767669173922e-02,5.797128870281714058e-02
6.430173606821629195e-02,1.478519382711743213e-01,5.957357303364052559e-02
-4.371239869026052882e-02,-1.279880354356797423e-01,-1.065395069531354516e-01
-1.018570847764309617e-01,-1.275753702504738574e-01,5.559336119110389746e-02
-9.950206116783404109e-02,1.281991737986604984e-01,5.919449068393937974e-02
-2.866209828587444955e-02,1.426424510757804964e-01,9.364897997257172479e-02
-1.708277693466622449e-01,6.957233711056996436e-03,-2.840691622683440970e-02
5.079293983732115214e-02,1.314505068769971641e-01,-1.013776045806670800e-01
-1.388382563172803064e-01,-1.019476908792086439e-01,-2.379929024309328234e-02
-1.290309934691896421e-01,6.085881628822311512e-02,9.991174159371211949e-02
-1.633132135108550653e-01,-2.524708639336323973e-02,5.591068536190067079e-02
-1.209135086921323127e-01,5.963303177209963030e-02,1.111667882433511612e-01
-1.632285463809557136e-01,5.899663392998179962e-02,-2.257874497117471485e-02
-1.660426852004743825e-01,2.813438577129704146e-02,4.870424308048744433e-02
9.941022955776359846e-03,1.715059824687039103e-01,-3.634118683238531794e-02
-5.122323683516119552e-02,-1.271012584802069523e-01,-1.102514103855709859e-01
5.746247087738202280e-02,-1.491807344532380952e-01,7.400904103367529629e-02
-1.540817886845264641e-02,1.643080490099467217e-01,-6.244988256468916865e-02
1.464110267868026505e-01,9.877332064346802665e-02,6.532668184735785852e-03
-1.368156683213901659e-01,5.863275085270960169e-02,-9.580883455214592170e-02
-1.567837091225663393e-01,7.699260009455649589e-02,-3.045358065442404019e-02
1.497471976082206113e-01,-9.246579974565785620e-02,2.373068334684338282e-02
-7.557022490098003024e-03,1.539445547506905765e-01,-8.878213944105736721e-02
1.059315992917597288e-01,-1.380090148845784792e-01,-3.835945447489349375e-02
9.695990477297421195e-02,8.101104612805003213e-02,1.260027456157846171e-01
-1.565919642024090341e-01,-2.914157693337050478e-02,8.106677981015383838e-02
8.870598459938131355e-03,-1.689639035524967692e-01,-5.844768280976287561e-02
7.990638624146725183e-03,-5.834634738902502726e-02,1.693432066315343487e-01
-6.743805046666224989e-02,1.704407592272230709e-02,-1.655555979913854170e-01
-1.694630624039976940e-01,4.393048990398711051e-02,4.124723598959214449e-02
-1.611116937093920454e-01,7.827870424853951292e-02,-1.914293737251672803e-02
7.351282653882529328e-02,-2.607731547091845029e-02,1.626929227306118941e-01
-1.560913238644499601e-01,-2.428421648690817780e-02,-8.775656769345513419e-02
-3.079457945024594023e-02,7.094186280662961863e-02,-1.636361958488309065e-01
-8.047760452763491612e-02,-1.405142758965171046e-01,8.148312153801945401e-02
-2.269325001516743490e-02,-1.488518378036580436e-01,1.014456874079222304e-01
-1.449091668697312374e-01,1.005726274217020183e-01,-4.418557683964076388e-02
-1.340416690231302221e-01,-1.058286349356965389e-01,6.326095523250228891e-02
-1.361593612178653608e-02,-1.435001035949370896e-01,-1.117774817655469849e-01
-1.267448941272022143e-02,-4.647528489111641542e-02,-1.762227980205395006e-01
1.320495786671055209e-02,1.783807581284883870e-01,-3.852689019263184217e-02
-5.761834081844537103e-02,1.594942874520278719e-01,-6.945165649082321591e-02
-1.702550598564111228e-01,-1.338381599946859672e-02,6.722721384174683290e-02
-2.604620382159348463e-02,1.614498710749529276e-01,-8.393240225263040588e-02
-4.132438245053436654e-02,-1.641738516700921025e-01,7.233387228761309351e-02
-1.779117152884314434e-01,-4.072210390911571581e-02,-2.619241028290393569e-02
-1.224422819053869876e-01,5.784587623039030846e-02,-1.255497673815476611e-01
2.683223153889372978e-02,5.878663592850764258e-02,-1.732898840524135786e-01
-1.396462332384780791e-01,5.543831000892514987e-02,1.083286347113723985e-01
8.181081191119725371e-02,-1.656924617189982352e-01,-1.634156869837693690e-02
-7.334679181382715296e-02,8.472938574757064856e-02,-1.481885084843472811e-01
-1.242221759500902328e-01,1.164328380458400369e-01,7.507087311168943178e-02
-2.712371286640554227e-02,-1.149055434668443537e-01,-1.441848729837575949e-01
-1.395399693236415162e-01,-1.122362962178087564e-01,5.258195237317426357e-02
-9.587258063492289095e-02,-7.611498761446980343e-02,1.412562627393912640e-01
4.678300627101140974e-02,1.794583725323443679e-01,-2.548862512155985333e-02
1.846276469556240585e-02,-7.525416391138572969e-02,1.707189111407345083e-01
1.612138881492022977e-03,-1.421984436481583125e-01,1.226031211351122918e-01
8.384011180603703761e-02,1.566133314176851588e-01,-6.167059277270304368e-02
3.526650522347055811e-02,-1.844988025775244067e-01,-1.350551480453136659e-02
-1.386009155159687589e-01,8.942626846168146015e-02,9.145797691789225858e-02
7.477338535781484496e-02,1.734277540356226888e-01,3.101315104632065053e-03
-3.517966075684354765e-02,-1.858660215476674316e-01,-4.843566760733168729e-04
8.878385593669047005e-03,-1.681854721031463273e-01,8.674751312698880668e-02
-3.691358844279769846e-02,1.111533232450635650e-01,1.492616992446190449e-01
-1.836909383313084232e-01,-2.644186312616702422e-02,-4.076449916240723614e-02
-9.517329005567780331e-02,-1.026822916112407613e-01,-1.288733724106879974e-01
-4.705984887030549568e-02,-1.841764001861811439e-01,-1.346058735254146606e-02
-1.285277941519352984e-01,1.138970900997131747e-01,8.325718921344282819e-02
-3.375760158214097251e-02,1.134861958702404888e-01,1.500402468540736889e-01
-1.759307350831089689e-01,7.710097192764037545e-04,7.540389483619137911e-02
2.299583357178479684e-02,-1.256280432412457126e-01,-1.429478188906792846e-01
-8.264525708071185361e-02,1.528893087382698079e-01,-8.153140597045843707e-02
-5.839994807113229464e-02,1.662643669158703763e-01,7.685012819370695691e-02
-1.695853341967424321e-01,7.208195069079791073e-02,-5.579480492710904571e-02
1.862469126523808027e-02,-1.734565022022593606e-01,8.210885956799758578e-02
2.807864049449747268e-02,1.133985947113610171e-01,1.537407839307259327e-01
-1.325443239889426417e-01,-5.460355130349181518e-02,-1.297784382758890853e-01
1.392266214942289304e-01,1.284426709135748912e-01,4.023250581384149593e-02
-1.117978734003110403e-02,1.920873800050542091e-01,-2.420841118800617225e-02
-5.600682385812712216e-02,-1.555773025585169556e-01,-1.018628183024339329e-01
1.027769475642000135e-01,1.628566237520548965e-01,2.720925266017490060e-02
7.168570895937045884e-02,-9.866539909722416013e-03,-1.808267013708484139e-01
-9.266289796771882969e-02,1.123617767952916902e-01,-1.297374017353795095e-01
-4.504301618600765195e-02,1.895180450166003561e-01,1.436779646609332231e-02
1.231784436270115385e-01,1.347091502356563553e-01,-7.029982304000091664e-02
-1.792348038589871781e-02,-1.260196345259953499e-01,-1.488913450115730008e-01
-1.516646727863051602e-01,-7.268037679097086312e-02,-1.009734342611218055e-01
-1.072320827929246490e-01,1.623901238325098639e-01,2.684247141943868833e-02
-1.175851879098251118e-01,1.577116001254612598e-01,-4.899383041475759235e-04
-4.547464351072909305e-02,1.047777786340132189e-01,-1.605083966837904663e-01
-9.792567938756295554e-02,-9.892786746474098447e-02,-1.397964426328912324e-01
-1.122598114889881149e-01,-3.436185116395262806e-02,1.588907584380843119e-01
-1.508992262915414273e-01,-2.045982095245868840e-02,1.262944711894429806e-01
3.724306521580085516e-02,-1.908657951500612460e-01,3.785506954199296253e-02
-8.928215519245076559e-02,-1.139704754857849001e-01,1.356454700582359341e-01
2.577411068473368233e-02,-9.236263729505699016e-02,-1.739991297188703545e-01
-1.973654390458743080e-01,1.416637743246552256e-02,2.068281781611005024e-02
7.403001708028236760e-02,1.836063593257867554e-01,2.237628736060662954e-02
-1.501600685484585640e-01,1.275066720741795945e-01,3.158202918290178851e-02
2.156910656091459971e-03,-1.003963381736225208e-01,1.727149744599931758e-01
-1.863609411150829454e-01,-7.276424925604335625e-02,8.671986926955185804e-04
6.721396785578372113e-02,-1.884051508506616457e-01,1.108831429788139332e-02
-9.490884835688880028e-02,-1.181536359035431361e-01,-1.314561149311578026e-01
-5.707428226374559876e-02,-1.851090834184249967e-01,5.326798881049001066e-02
-8.979783088221662823e-02,-1.372690711952772452e-02,1.794993644712847558e-01
1.579547797088810823e-01,-8.305739062808129014e-02,-9.346530988145641816e-02
-4.609365190953321895e-02,-1.600295050525739060e-01,-1.138506870964536427e-01
1.554918101452889279e-01,-3.901324551033116123e-02,1.229165587593538111e-01
-2.562190015452644326e-02,-1.340686344542114938e-01,1.492971461547066836e-01
4.934050941750031671e-02,1.525892304853190273e-01,-1.237537617639199866e-01
-1.717232695228483597e-01,-6.479049933388116023e-02,8.636450503729013739e-02
-1.309570244643698533e-01,5.293735801033825142e-04,-1.552681384874938786e-01
-1.497961115599561466e-01,6.009984032196619835e-02,-1.237747212400004820e-01
-4.834106675023120553e-02,-5.413011726499205971e-03,1.977823266270984648e-01
-1.876988104747318309e-01,1.071184567939129084e-02,7.906652792111296124e-02
-1.935616933582441912e-01,5.351980392866641234e-02,-3.714608104626662688e-02
-2.962946949612424441e-02,-6.636303963343977153e-02,1.911589141132780112e-01
-5.734820827081954508e-02,9.116906252072091987e-02,-1.741739505275069488e-01
1.420651057290491792e-01,1.267611895676888367e-01,-7.615713705732334027e-02
1.939211393883567003e-01,6.733619832739777544e-02,-4.998586762497246941e-03
-8.727560805137471456e-02,-1.845544424229966507e-01,2.451677323494975969e-02
-6.902624683881658507e-02,9.661287654450036178e-02,-1.682076019079040696e-01
-5.157625323747858093e-02,7.064252154127092197e-03,-1.994908716734215270e-01
-1.551780558016521185e-02,1.537138364278732572e-01,1.369385283763885353e-01
-1.522906539079699750e-01,5.742221783104015792e-02,-1.274581112872124333e-01
-1.826967781320138207e-01,-5.992759317407610892e-02,-7.668407029371503147e-02
-9.818801543269675691e-02,-1.696179108779260480e-01,-6.747916792587228818e-02
-6.062533953149030347e-02,1.877611278998365663e-01,-6.441820071458016772e-02
1.792186392869379585e-01,9.537964796205479490e-02,4.447167501787346183e-02
-9.242224777446308992e-02,-1.863081281342248707e-01,-7.537807572021589485e-03
9.985794201176900753e-02,1.827935043998474562e-01,6.288961499119544336e-03
-1.356111866774014074e-01,1.579069552255963627e-01,1.466195446728578780e-02
-9.422331904559217612e-04,-2.047546488409054399e-01,4.159449822137467612e-02
-4.490080852166398323e-02,-1.554431125238629197e-01,-1.326364501784271233e-01
6.241902165095083999e-02,1.614550811794776275e-01,1.179955173801630203e-01
-1.083255006723127661e-01,-9.089723150102602123e-02,1.549386299486704976e-01
-1.901387070716232253e-01,8.888805946886513265e-02,8.056116279679113520e-03
-1.913034388932506602e-01,-1.655587292062084964e-02,8.581235300658913989e-02
-7.111690684509096305e-02,4.644256101632026484e-02,-1.927086377426115438e-01
3.822390401150494495e-03,-1.735274583306014862e-01,1.197546238392062923e-01
-2.077112495267259829e-01,9.716508839742272682e-03,-3.668424621760844884e-02
-9.933007607531381400e-02,-1.537918664643821154e-01,1.057468082171289375e-01
-9.485815186146062672e-02,-8.910525090816434624e-02,1.669724247540932127e-01
8.183202977184450208e-03,1.187100511711249723e-01,1.754295117195907305e-01
1.264711784261566552e-01,-1.528412337484512107e-01,-7.547341102593148332e-02
-1.109737300444555742e-02,-7.429562957588217720e-02,1.988111249465466246e-01
-1.498301861607557461e-01,1.137201037746479876e-01,-9.952315643353744357e-02
1.627415604787190162e-01,-1.327783589358514094e-01,3.589961201715908407e-02
2.271407631424645496e-02,1.912709876907708606e-01,9.176485384548128954e-02
-1.553133008698696638e-01,6.307452745512126709e-03,1.465505244766965864e-01
4.732696255674641306e-02,9.701912729581696482e-02,1.846737541872399690e-01
-1.258921984608561140e-01,6.936341034040074960e-02,-1.587918160927199174e-01
-1.090861822925790064e-01,1.440132251620858672e-01,1.155574364453001851e-01
-1.586444503242571968e-01,-1.051722468734186539e-01,-9.940900960585874468e-02
-1.554954463352376526e-01,5.261930712505499819e-02,1.388604074397717103e-01
-1.780086277326849153e-01,-7.093279263681309676e-02,-9.813186000002979692e-02
-1.007684027038278501e-01,-8.939222871270989523e-02,-1.682909564824117687e-01
-1.490400524579930386e-01,1.027538432092228310e-01,1.175356353562019007e-01
-1.563106883160172156e-01,-7.128712709652819390e-02,-1.311105999633638275e-01
2.257690218734883722e-02,1.808515820668565310e-01,1.166488763239088705e-01
-2.138338703721470169e-01,2.120282957528827825e-02,-2.772576836898034761e-02
-3.385224983485507055e-03,-7.517182380235247485e-02,2.034706477454092666e-01
-6.924039600555241536e-02,2.058026953898843547e-01,5.752095472785882964e-03
-1.354358132662337733e-01,-1.018926145692078816e-01,-1.362965125317291415e-01
-1.528302797254434686e-01,1.524233924371764803e-01,2.883553597733101714e-02
-6.130152332140018784e-02,4.002006860814917577e-02,2.053823113246729393e-01
2.569556137973085311e-02,2.154393479927935728e-01,-2.422897234030291572e-02
7.583900615696516356e-02,1.859092671174172595e-01,-8.641631969688616521e-02
-1.634878908210248560e-01,-9.967481202816806662e-02,-1.060119945894600901e-01
-1.271649825699510405e-01,-1.738995650767624357e-01,-4.012922449314956785e-02
-1.817262596571378730e-01,7.697109738644068722e-02,-9.588505167420614816e-02
-2.259096662451338597e-02,2.185039064097281103e-01,3.055052062483062936e-03
-1.578612527192361226e-01,-1.481337468762188025e-01,-3.899627605902395572e-02
-1.275996869704720815e-01,1.444049912066455721e-01,1.066348762154414737e-01
-7.807083052929418565e-02,1.563216194680518700e-01,1.345180186705292602e-01
-1.547588226685075175e-01,-1.565780937214926727e-01,-1.675904460099534796e-02
6.676367501603622245e-02,1.533584431415732641e-01,-1.445442794084289551e-01
-2.007125652511012603e-01,3.697733992164983774e-02,-8.566166953283610441e-02
-6.901738091872912373e-02,1.345918277284781639e-01,1.619693904574231180e-01
-2.062160610624874379e-01,7.811962795514119928e-02,-2.462727431660753294e-02
4.551365760734926019e-02,-1.447839471938145994e-01,1.622414674706451343e-01
-1.462628715405284441e-01,-1.318801679261749349e-01,-1.034071674937929591e-01
-1.929481376961102168e-02,-2.218688804824453797e-01,1.538161931793168577e-03
-1.735033382883165998e-01,1.185709617324585546e-01,-7.456754488161677907e-02
-7.118222674995799276e-03,-2.177126888069435828e-01,4.894686092819135192e-02
3.507360081640929078e-02,-2.093510788330371353e-01,-7.007041658980610321e-02
-1.506917748982413430e-01,-9.464933819107212987e-02,-1.357355416042926033e-01
-1.045422226170038271e-01,-1.972189677499053273e-01,-1.972650846687864362e-02
1.114672920022787561e-01,1.262329101731592407e-01,-1.482459162499157879e-01
-1.802732260301712353e-01,1.033751922427318254e-01,-8.529273379092337792e-02
-7.901752881309415111e-02,-5.054020693648708998e-03,2.105081962795079253e-01
1.519764392786088769e-01,1.624967428138813508e-01,3.470471827904010598e-02
-1.430738293418832296e-01,-1.553613874417912877e-01,-7.888431623928675307e-02
-1.152971108825021629e-01,6.794462940791010097e-02,-1.817796091779907419e-01
5.425551718758601233e-02,-2.066921129411779245e-01,7.356817533526772979e-02
-1.174811234565471540e-01,-8.661390498464958954e-02,1.729096955654151890e-01
2.499129194212157748e-02,-6.187026895872001914e-02,2.165021193590546400e-01
8.393861384329542874e-02,-1.595265234446391900e-01,-1.376790213871608437e-01
-1.516655140630178422e-01,-3.412776940512009943e-02,-1.655511213722300479e-01
-6.171872542044912202e-02,7.903441815477769972e-02,-2.040666346635052475e-01
8.594832339369076757e-02,1.586926229448690218e-01,1.387553025594012168e-01
-6.505946086219215052e-02,-1.085445138239029828e-01,1.895617393952900021e-01
-7.477461482934533166e-02,-6.500154553906287158e-02,-2.055645666028121932e-01
-7.396686481340333796e-02,-2.156842300609267404e-01,-1.440582274632971373e-02
-9.327470779656342470e-02,-1.269226073793935233e-02,2.084760419319396652e-01
-1.651087087325149305e-01,-1.558728645952297542e-01,-2.986030043180248547e-02
-1.346504120050688036e-01,1.776292213709266821e-01,-5.377255531294552332e-02
-2.784246710887449544e-02,1.513483083108975724e-01,1.703480906636730685e-01
3.824633211173228409e-02,-1.196678394816460544e-01,1.924644727786375409e-01
-1.267828938937488048e-01,-7.810713880501089779e-02,1.754338079245376658e-01
-1.269430221702390615e-01,2.871817837186667680e-02,1.901010795175404333e-01
1.492437256660453238e-01,2.671784087268485805e-02,1.738284405317400694e-01
-2.211170212493905884e-01,-6.605098615852493527e-02,8.643113698378990933e-03
-5.897600533525110267e-02,1.468286285629182009e-01,1.685817521485931669e-01
-1.729670109112384502e-01,-1.471637075851777443e-01,4.481592956080143048e-02
-1.950441558729626434e-01,1.245458466266899378e-01,1.249186332345281376e-02
7.116835109243405295e-03,6.517826806539653295e-02,2.225712126725765960e-01
-9.146431319399778159e-02,-6.435544979288726486e-02,2.036085923698149058e-01
-1.963350961838679354e-01,-9.132492822538446076e-02,8.487186161083361269e-02
-2.000137973388345924e-01,-2.193274574833107768e-02,1.171821576595066111e-01
-5.714146336114632463e-02,-2.234687250378492029e-01,3.379675988035923256e-02
-1.333461270590015346e-01,-1.903176820631102550e-01,-2.170678929895243636e-02
1.664922453798662050e-01,1.624610673551128703e-01,2.208218509344728187e-02
-1.576430367709385216e-01,-1.405692888356048220e-01,-1.005866231886329010e-01
-1.223220339330868683e-01,-1.402775183958602789e-01,-1.421837873170631317e-01
-1.827308433916144045e-02,2.326191804063160451e-01,-2.322090711352069528e-02
-7.898898707753755632e-02,-1.879552284078291335e-01,-1.163899481906495309e-01
-2.155081468726646743e-01,1.444775526939607799e-02,9.267650535706156711e-02
-1.034244467139551135e-02,2.350407920305718490e-01,-4.337985698475323518e-03
-2.861206385961320015e-02,-1.197296235239568019e-01,-2.008601221831745054e-01
-8.785938764008632829e-02,-2.182978403023102532e-01,1.594380209019808856e-02
-2.059202991425106988e-01,-1.072409664117309341e-01,4.304152180087827267e-02
-6.090441211248995290e-02,-2.279840290890652876e-01,1.412026861392428646e-02
-7.435042220017676383e-04,-2.365080911930122209e-01,8.833770345085277531e-03
-1.937305254172095592e-01,7.345797005376858424e-02,-1.149627549684296840e-01
-2.118655016436281624e-01,3.759670041590242040e-02,9.986501010463957884e-02
-8.736869437123580273e-02,-1.265023998455457876e-01,-1.810166115456440794e-01
5.441044515298787410e-02,-2.194914718413978894e-01,7.345702276829736699e-02
-1.355613397048237995e-02,2.297456075207761350e-01,6.079506502239747506e-02
-2.216795988471175760e-01,8.725099214124518165e-02,-6.190892499656500993e-03
-1.553385214576996354e-01,-1.793780136722768481e-01,2.483091505453837930e-02
-4.733607401687098953e-02,-2.328477933693157975e-01,-2.438518218306538407e-02
1.682747556372602912e-02,1.687780991781152040e-01,-1.685666018134205912e-01
9.452651967802845612e-02,-2.516194886466699421e-02,-2.185088966509017294e-01
9.628476866525113864e-02,-2.067032771969042892e-01,-7.381243763036468564e-02
-4.229687764293709601e-02,3.123296002560025167e-02,2.341188739737936342e-01
8.447552314155545861e-02,-1.042241301458927127e-01,-1.992697199242632888e-01
2.974696099582053305e-02,-4.395626256082894173e-03,2.386088293065355415e-01
-2.973686223821365299e-02,-2.173795267029390577e-01,-9.915418085569961681e-02
-1.332519039566290586e-01,-1.133518642230188916e-01,-1.658204718766990160e-01
-1.054433074935919867e-01,-1.575268341923257223e-02,-2.164862555265389121e-01
1.399786952526202999e-01,1.442007269964725447e-01,-1.340767894886154832e-01
-2.408668739425300909e-01,-1.502166676278294307e-03,2.184573993280334789e-02
-1.849373303230211207e-01,1.039599896062716605e-01,-1.166998892388670106e-01
-4.411000672937408912e-02,1.333243255803219854e-02,-2.379854349150627990e-01
-2.412946284476235465e-02,1.759506340782262812e-01,1.653842531110858716e-01
-1.553681577587150420e-01,1.368256228644053885e-01,1.271405861874538024e-01
-2.001224673202318116e-01,-1.353381408554631959e-01,-2.814971341242383449e-02
1.861834627888733218e-01,9.340776614758623808e-02,1.261001373087914379e-01
-1.600606773350462531e-01,-1.758197856593043118e-01,-5.377154017052152013e-02
-8.689205779264939922e-02,1.686920011861386959e-01,1.534574006242292732e-01
-1.661747620302740924e-01,-1.426606283953840149e-01,1.082747760342188670e-01
-2.106361108849294506e-01,1.512135248976993578e-02,-1.233960613465151929e-01
-2.295185846577648403e-01,6.595160860342005882e-02,5.410951794293367145e-02
1.389516662986269580e-01,-1.720977644303554044e-01,-1.056626336760751461e-01
-7.152213412950070293e-02,-1.083280172957717669e-01,2.082621570469734840e-01
6.625869815918317141e-02,-2.169891239732523458e-01,9.424887748134967713e-02
-2.230134728250556253e-01,-8.028038780128822494e-02,6.566112281886560265e-02
-1.657699600779237725e-01,-9.560589359955164179e-02,1.549364156466365994e-01
-1.449834751645854292e-01,-5.856634777873888364e-02,1.905505259074253555e-01
-1.845574479726271311e-01,1.593933566364837406e-01,3.776830584982313749e-02
-1.208913719779223100e-01,-9.229886064672766788e-02,-1.946660927798999352e-01
-2.232620064107668223e-01,-6.570042771124841308e-02,8.367146272524250694e-02
7.060699604840739441e-02,2.281979475162877469e-01,6.510428959071741517e-02
-2.258352019214261708e-01,3.160637131022987073e-02,9.712205963839913581e-02
-1.501374084469473402e-01,-1.866004689890997659e-01,-6.486400491005372970e-02
1.718302405937156552e-01,1.732918098264066287e-01,-4.634535812232157964e-02
-2.373202883989738443e-01,-3.187269473404451270e-02,-6.709836641107642941e-02
1.787203406856690824e-01,-1.549681074735753672e-01,7.757865270949164394e-02
-1.458390568902264983e-01,1.823738859784083954e-01,-8.706861750956010337e-02
9.425978622177487443e-02,2.013566029089990661e-01,-1.132106396988467878e-01
-9.897944929820109983e-02,5.846001515500999501e-02,-2.217374703576781014e-01
-1.840116369140173125e-01,1.483078614957915320e-01,-8.162486400024308864e-02
-1.291275643185695876e-01,7.624552348870967944e-02,2.004172425171711625e-01
-9.798292321070364852e-02,1.702675394206899506e-01,-1.555605616245522849e-01
-1.644038150365301487e-01,1.882391022401412595e-01,2.155792502110578587e-02
-1.695052827975655763e-01,-6.133254384652462102e-03,1.851873203804006163e-01
1.093215543543746421e-01,1.892905997181536792e-01,1.241720287520414051e-01
1.744168310607629169e-01,2.344747228044009868e-02,-1.799076979272387633e-01
-2.260393236461669553e-03,2.384463362251016405e-01,8.132122974842419250e-02
2.655136193743107276e-02,1.964807184607696156e-01,-1.558926341513902081e-01
-2.281104713923151894e-01,3.012691244718924272e-02,1.039593108384571918e-01
-2.461122351736789449e-01,-3.838073596525290454e-02,-4.292766583236144740e-02
1.687072705819763485e-01,3.813039305161451675e-02,1.846854366407271464e-01
-1.784228392061986412e-01,5.257587995028203953e-02,-1.719409037018543585e-01
-1.676719342393851453e-01,1.128096612274682303e-01,-1.531687887428904993e-01
-2.268399790936577176e-01,9.289412801782134799e-02,6.597722184865216499e-02
-5.757393102790184930e-02,2.468257878276286788e-01,-1.841784903586963021e-02
-7.145069811699824094e-03,1.878968051546571483e-01,1.713449204303376106e-01
5.791703110462854270e-02,-5.355843000881177485e-02,2.421383856535591628e-01
-5.165669036515982415e-02,-2.321866523283417361e-01,9.172523630239953762e-02
-1.666249118416307795e-01,1.732076194323994567e-01,8.582926796940723579e-02
1.362869615451457739e-01,-1.400977221155880748e-01,1.645261973930555177e-01
-2.089412792078861741e-02,2.502534736622578082e-01,-4.843685067655625898e-02
-7.015610323423643324e-02,4.403530009171181814e-02,-2.422555843482711024e-01
1.982009890284340894e-02,2.547717227229623349e-01,1.966453340560851346e-02
9.793992265132712982e-02,2.036053023532062300e-01,1.215745072663073356e-01
-2.093871659539930652e-01,-5.349567748750861523e-02,-1.387898733455110445e-01
-2.111081280164597840e-01,1.402646335007386724e-01,4.320219205416259839e-02
-1.313863064231242661e-01,7.186144889297772786e-02,-2.093341628719154190e-01
-8.239989116557505655e-02,7.623842317058286688e-02,2.319165919570090606e-01
-1.674517697293856633e-01,-1.453952005681804771e-01,-1.317108758858374917e-01
-2.128823737614601516e-02,-2.545891408049184568e-01,3.740601469744304908e-02
-1.059772797267849453e-01,1.030809770733952940e-01,-2.120181988074293922e-01
2.670441224201727456e-02,2.427597410298992786e-01,-8.546269874492742891e-02
-3.199875648262898858e-02,-1.858866171965995184e-01,1.775172760848553466e-01
-1.595092725646810039e-01,-8.230243065167583416e-02,-1.871209062466575868e-01
-2.398814249253340969e-01,-7.499794760900305168e-02,6.484194937380897972e-02
-9.690145122139854489e-03,2.508979249275662404e-01,6.685718728145563505e-02
-2.572435261518047911e-01,-3.840506579868385034e-02,-2.407538409646773400e-03
1.722912341877214440e-02,4.085464215777736413e-02,-2.565747535877137553e-01
1.690038458327575432e-01,1.984327070992606690e-01,6.532605920572749679e-04
-1.384274418635100257e-01,-1.772046908902300266e-01,-1.323497916156358423e-01
-2.379159400073660446e-01,-7.545799642986944500e-02,-7.696901290008292817e-02
-8.829827425822323050e-02,-1.677270616411669912e-01,-1.800981178996440002e-01
-2.184886901431064843e-01,-1.437831035722199891e-01,9.782299011468174876e-03
-1.760123804589723562e-01,-8.155194084975808666e-02,1.761191298544407535e-01
-2.140603353300189193e-01,-1.042771055409407732e-01,1.099821430950351231e-01
2.489427659691773875e-01,8.217960521149969555e-02,1.443467101757028165e-02
3.360628178065628441e-02,-2.305666604291307376e-01,1.216012366278251128e-01
-1.942252603567190261e-01,9.030815798380839587e-02,1.527783877738025653e-01
-8.561310500089927555e-02,-1.545547748316155046e-01,1.953116478164316216e-01
2.490979117191719494e-01,-2.770190312423824811e-02,8.178981273414828723e-02
-7.195311875536782031e-02,2.411819423135075913e-01,7.939911884916447948e-02
-7.200974430940650095e-02,-2.541355156031107065e-01,4.852298699037058821e-03
-1.391200645071090647e-01,1.554647146191687375e-02,2.243690683665383878e-01
-1.126881642539123152e-01,-1.202226639636059108e-01,2.071940004153738357e-01
-7.818431673918968539e-02,-5.223992316930688162e-02,2.477573661203632538e-01
1.352361620775120732e-01,2.216582846156872066e-01,-5.429999365378546106e-02
9.093299676278171484e-02,-2.045232187596151829e-01,1.428827659287687790e-01
-1.632993286145808243e-01,-2.898964881492049200e-02,2.077292874200383221e-01
4.035921198310780944e-02,2.500860491818623910e-01,-8.143255152046488532e-02
2.880586065715285207e-02,-2.452394501494182741e-02,-2.636602661318715457e-01
2.418449955946097921e-02,-7.190037675821613072e-02,2.556135906405180291e-01
-2.093921176792715444e-01,-1.625841156645523033e-01,-3.097225636302927340e-02
-1.305664507129817783e-02,1.934517905012805850e-01,1.838180646774100202e-01
-1.700609715768886809e-01,-2.063107880628916868e-01,-6.606248641743643797e-03
-8.460433701002999241e-02,-1.146371708626123774e-02,-2.537414400431985961e-01
-2.492320627183381987e-01,-8.543574925510774576e-02,4.902856070333326544e-02
-2.054676886482258713e-01,1.225371109466006359e-01,1.213803129774703310e-01
1.530894999892160047e-01,2.111971910867387336e-01,6.380281241514071389e-02
-4.870510322018862387e-02,-2.606672770673821860e-01,4.402194028767023731e-02
-1.834918853786318138e-01,-1.673620054903390275e-01,1.035590790272684081e-01
-2.506444855402540917e-01,9.758499552829270896e-02,-1.430741728051896332e-02
1.240935717733022969e-01,2.359558869261460246e-01,4.027825645336986088e-02
-2.651649438029174410e-01,-4.614714507988975506e-02,-2.003536623457521232e-02
2.115515385445235208e-01,-1.489098601334270522e-01,7.785922880956050451e-02
-9.656747855744060582e-02,2.402067288915228083e-01,-7.818371850470567930e-02
-8.923219478745547661e-02,1.748975169431609411e-01,1.863675162937731555e-01
-3.184440316757692485e-02,2.690903009291953363e-01,2.828731025484797559e-03
-1.006898594173761402e-01,-2.504640927138631068e-01,-2.661534788347208816e-02
1.262986481483378276e-01,2.390569994137667909e-01,2.504126815909564138e-02
-1.576354571689428941e-01,8.917443881660150340e-02,2.026656578914122764e-01
-1.217186545965215499e-01,-2.950209933272693319e-02,2.415294062203406922e-01
1.323561558127975546e-01,1.197150276797007834e-01,-2.057193205603987385e-01
-1.269995994961078678e-01,-2.376940007305339830e-01,-4.112313915261500696e-02
1.034603586063397446e-01,-2.290905906244382062e-01,-1.062083795455060209e-01
-2.111040247047588636e-01,-1.027516399743647231e-02,1.730454911438340793e-01
1.025607780099092523e-02,-5.558990644703303702e-02,2.675227450408771412e-01
-2.580860118138826875e-01,-6.749719666367536008e-02,6.122372451598308285e-02
-1.629446047376843787e-02,2.307876840650165406e-01,1.467414487208426876e-01
-1.295655469074791233e-01,-1.765723622897809320e-01,-1.650622517532580880e-01
1.256963929362848176e-01,1.687375827907041104e-01,-1.763174113090303641e-01
-1.365345833524238550e-01,1.888038219010342855e-01,1.456728073667430678e-01
-2.012713995531806299e-01,7.855830154926147710e-03,1.873145957633612635e-01
-2.266869000728752026e-01,1.515661902060521649e-01,-3.806627148760553803e-02
-1.888922273325878975e-01,6.367239823134396293e-02,1.903251369144023097e-01
-1.323512246401559178e-01,-2.252092783568579171e-01,-8.872425858497606788e-02
-1.258401770827102251e-01,-6.399979808913958124e-02,2.373319142671231063e-01
2.498409934432052615e-01,9.754284586128438017e-02,6.688260619686810238e-02
3.034315217809852722e-02,-1.719241330877719354e-01,2.146629861989856058e-01
-1.231777037641536426e-01,2.379004877486989578e-01,7.028494787293669555e-02
-2.442042749032841409e-01,1.027980072762005453e-01,8.158986115337334144e-02
-1.948495832355243984e-01,-5.614184658796333299e-02,-1.894535442676991976e-01
-2.658008871078713087e-01,5.109813400420196161e-02,-6.245623079504047936e-02
-2.136558518752832980e-01,1.163657218134021148e-01,-1.346226373185013536e-01
-1.517504421445600993e-01,1.481647961835645677e-01,1.802313932953703013e-01
6.509422403007892634e-03,-4.568385445432444208e-02,2.747479196048909222e-01
-2.580090303559109954e-01,-4.983421406796153391e-02,9.335574980772423648e-02
-2.491515298026373559e-01,9.399471052882839295e-02,8.371178428096760771e-02
-2.590748650822995436e-01,-6.968666428985712501e-03,1.044160149563779921e-01
6.755164772938573869e-02,2.293260498289717009e-01,1.451531496496866469e-01
-3.655098075757243214e-02,1.714833564568227220e-01,2.182493599810757523e-01
2.442000769058774723e-02,-2.127045651568802431e-01,-1.807984451055515973e-01
1.679958887646327420e-02,1.009174345974717113e-01,2.611773198051753897e-01
1.229057933421747323e-01,2.406609934402799689e-01,7.621843875457844086e-02
-2.523468941923009967e-01,-1.193087647605768353e-01,3.274233991486408257e-02
-2.694294451317854611e-01,5.977340383803342663e-03,-8.068825557656188197e-02
-5.051945192269047258e-02,-2.510487823313995448e-01,1.171065553976312623e-01
-9.343533986447494222e-02,1.910801182236625539e-01,-1.849408823126978130e-01
-1.754627130167039639e-01,2.193954266675598452e-01,-2.601520028626827172e-02
-1.060468112378259303e-01,-2.508223063847109247e-01,-7.479375473082733317e-02
1.892514729958157116e-01,-1.668851565283799021e-01,-1.274315209922022574e-01
-1.065564501612497605e-01,-1.926907623928124647e-01,1.776947263729198589e-01
-2.064925223119288070e-02,7.310154648905833885e-02,2.728428169763235656e-01
1.012662540280074575e-01,-2.079868177790729911e-01,1.638725744905272785e-01
-2.356050598449225542e-01,-6.167131302696972350e-02,1.456324308648374311e-01
-2.548132602482182651e-01,1.254823301935852897e-01,8.654466366694290582e-04
-2.158209927046342291e-01,-9.053698045691066509e-02,1.614166376628015098e-01
1.821657486384052893e-01,-2.185775645958343005e-01,5.022978073441678078e-03
-1.015534715755846140e-01,2.121371479082048983e-01,1.607027717986765913e-01
-1.531606831254130052e-01,-4.864590443279753762e-02,-2.355230468672638022e-01
1.036908965461639520e-01,-2.654020673783081263e-01,-1.615200368888843399e-02
-1.179782323415896617e-01,-2.099039786297411392e-01,-1.537132826144602671e-01
-2.390537676812209966e-01,1.324090455398006239e-01,-8.416044753576890081e-02
1.784070567674687566e-02,-3.939919401811218386e-02,-2.829256603657875346e-01
-4.576828922252092896e-02,-1.510482927247970564e-01,2.390878983368428523e-01
-1.350058651328369941e-01,7.085939459404033691e-02,-2.428614604385138098e-01
-1.978733922838505355e-01,8.668115632812724292e-02,1.889919442872859678e-01
-2.827167262560276173e-01,-4.202322994516490690e-02,2.910398808561715650e-02
-1.436808636009259954e-01,-1.310083554459796074e-01,2.118744882318496225e-01
8.765565387613574386e-03,2.719767928044388161e-01,9.384326307227812414e-02
-1.021975227930040780e-01,2.467717813491695222e-01,1.080317867123382070e-01
6.588460689516352498e-02,-2.317748289013767116e-01,-1.584552123236834253e-01
-2.712095574406448439e-01,9.176261113725811547e-02,-3.674852148087125181e-02
-5.070404749132057659e-02,2.733746290664019196e-01,-7.860068277027251749e-02
-1.081603422754958549e-01,2.307203428906182407e-01,-1.367825680866499860e-01
-2.558913662291609770e-01,-6.660912385332032337e-02,-1.178148886475418045e-01
-2.428629419606001261e-01,-4.149385329768872505e-02,1.524828661190194834e-01
-9.148671563569131526e-02,-2.128892361543304693e-03,2.752065328049926873e-01
-2.345890934168391173e-01,5.414767137699830202e-02,-1.621941393433498912e-01
-1.894581297727334912e-01,-1.537892183584165795e-01,-1.577452487993888930e-01
1.443971050123682709e-01,-2.325002356983771890e-01,-9.838933269963881512e-02
1.172766041567408074e-01,-2.376632763575372564e-01,1.204497177223779469e-01
-1.712179390634674669e-01,1.872421393960028990e-01,1.432799667011905309e-01
-6.641753192309046705e-02,-1.969697021065095754e-01,2.045842857605166820e-01
-2.690649512470792357e-02,-3.070128844998600351e-02,2.890595808723066540e-01
-9.433220981997584784e-03,9.616697101658448765e-02,-2.757606508807592949e-01
-2.812571734654744082e-01,-7.917809945847706365e-02,-1.286212263789708946e-02
-1.276062890604487687e-01,-2.634695139429852340e-01,-4.071665867314205130e-05
-2.547767151395865515e-01,-1.317059607380260677e-01,-6.001181920079907278e-02
1.651752435750781511e-01,1.655632172072447061e-01,-1.769877705151107761e-01
-1.945877460199737230e-01,2.191656000284399053e-01,1.675017761119563728e-02
-1.587866974099482187e-01,6.354066746005752192e-03,2.471535858168616984e-01
-2.866160186020192957e-01,3.606538145569300382e-03,6.585481136805380886e-02
5.622989210102347091e-03,-2.938125265135735353e-01,1.736256387840645968e-02
-1.445952542177737221e-01,-5.208671088185532622e-02,-2.513931035716506224e-01
-2.362179927969073057e-01,-9.186692544541533167e-02,-1.508025787921822847e-01
-2.885573200866841659e-01,6.212025368186218505e-02,4.046276222484422938e-03
-2.469362485766755499e-03,2.379500484158799112e-01,-1.751433514765422250e-01
-2.426478786919005481e-01,1.435291292537021479e-01,-8.935301208536973461e-02
-2.914332547353022940e-01,-4.096962477241774397e-02,3.181059857498862858e-02
4.451284093759298732e-03,1.899822837005327170e-01,2.273148523925774822e-01
3.296604414390736509e-02,-2.879184170342641291e-02,-2.933102547145255978e-01
3.389453963828252536e-02,-2.916990770819471446e-01,4.325632474509504000e-02
1.713345522662909071e-01,-2.427168695588722280e-01,1.764964582733008491e-03
-3.384332050770449962e-02,-2.926679405413550872e-01,4.040058100469460373e-02
-2.697006838795309447e-01,-8.379765341418693447e-02,9.398790834471418276e-02
2.587009528381335136e-03,-1.924487872349720657e-02,2.972868358668762645e-01
-5.816885399549355518e-02,-2.072532872143758031e-01,2.063526709460724862e-01
-1.412436572378125421e-01,-2.495719715446693687e-01,8.273828775971452110e-02
-2.222604569097386129e-02,-3.818538898294812634e-02,2.954525307244861843e-01
-1.942004743798433630e-01,-1.294004781340863108e-01,1.869463090541337580e-01
4.546065711918956254e-02,-1.616879845504607671e-01,2.477107590514927293e-01
-1.896119151109011691e-01,2.050022776818230252e-01,1.084200545610734812e-01
2.693101715631214255e-01,-7.744837740146817695e-02,1.066333872474499039e-01
-6.863574452382510682e-02,2.882900078916323383e-01,4.731212639764947880e-02
1.507096886707963712e-01,-5.259031428855247964e-02,2.544503324384953524e-01
-1.737522329808388333e-01,-3.573187751426068481e-02,2.427372363444547654e-01
8.723767487211787908e-02,-2.799290508093615903e-01,6.768521534945537432e-02
-2.062306018874235924e-01,1.480191651071417480e-01,-1.620968879227875359e-01
-2.565378469959817553e-01,-1.015673556009351886e-01,-1.214613375310188981e-01
-2.767587258356619673e-01,-1.015100828460127197e-01,-6.438349451026707804e-02
4.094380262153884953e-02,2.638110662832542919e-01,1.411980138540586682e-01
-1.877503408968336784e-01,-2.279058434421104076e-02,2.358065736168846460e-01
-2.705015445264232626e-02,1.418847291327257065e-01,-2.658501399424355038e-01
-2.942307372343933025e-01,5.956348435591040519e-02,3.981015260587248555e-02
-2.728740470724733691e-01,-1.222458595404116444e-01,4.965223326848032526e-02
-1.717498446707423632e-01,9.156521554871050947e-03,2.499063922322289633e-01
-1.644571884140732243e-01,-4.047994408252962584e-02,2.520234776694140755e-01
-2.666488752916933991e-01,7.108425476870643134e-02,-1.273254165270962524e-01
2.095945322410404377e-01,1.530436149309717941e-01,-1.586821547669784727e-01
-2.776604852772174281e-01,-1.222195550721219132e-01,-2.579381839602678736e-02
2.170591585235562004e-01,1.289964595338259079e-01,1.706157127066141310e-01
-1.574642523295835261e-01,2.176490375115403830e-01,-1.444463644285897685e-01
-2.914441426916123401e-01,-8.742777031194973181e-02,2.478018669035122676e-02
2.440114179566333363e-01,1.535971010185923358e-01,-1.011454086320624918e-01
1.603771916214568050e-01,-2.025865142270922570e-01,1.636115212738473157e-01
2.558058755319118915e-02,-1.689745829521158427e-01,2.539509430260755707e-01
2.854580962612842665e-01,-6.028006024855739331e-02,-9.351468022672956848e-02
-2.250269711168961240e-01,1.514835531931119361e-01,-1.429961765437483545e-01
-2.654880712122424380e-01,-6.362597619508541039e-03,1.538680529394051422e-01
1.534757453709851005e-01,-2.658830746469207362e-01,1.089884807270241444e-02
-4.037736475546686854e-02,1.907020372775162023e-02,3.042058086267913075e-01
-1.809529008883379309e-01,2.336597577045116392e-01,-8.580374738429973058e-02
-3.288994515247754998e-03,-2.993572655828884432e-01,-7.242670317425953241e-02
1.377687515647698091e-01,2.271852587639542898e-01,-1.563524970650342905e-01
-1.201286375519201449e-01,-2.086120317877904473e-01,1.930233632066322425e-01
-2.805560879270475039e-01,-1.044359513248091509e-01,-7.588066836196827314e-02
-2.592625373753625340e-01,1.513089123589688723e-01,7.371392983935907972e-02
-1.471841650311097871e-01,-2.549819777573247293e-01,-9.505313176049536017e-02
-2.257475684076063194e-01,2.109673223114826579e-01,-2.034603810240837723e-02
-4.149376002556254273e-02,-3.587404327118159236e-02,3.050306001444576531e-01
-5.726454845297432317e-02,2.206701425900869373e-01,2.103501250642313136e-01
-5.819529659933827398e-02,-1.284160436316280074e-01,2.766114051170933674e-01
-2.817288694267582744e-02,-1.452371854027466880e-01,-2.732643000990031545e-01
2.948883630264321210e-01,6.465873242560797596e-02,7.477217585558440516e-02
-9.099405205209479264e-03,2.697264139207716793e-01,1.551310629501451710e-01
2.740288476353394675e-01,-1.052710138640255422e-01,1.043894330342935856e-01
-2.792293820759576550e-01,8.023466109137086799e-02,1.132900098046069198e-01
-1.587457739701750026e-01,1.483551288072652019e-01,-2.240586885592461830e-01
-2.318570103797288340e-01,8.624039763914694012e-02,-1.907546199979784640e-01
-9.643458950321692758e-02,2.876905376339630172e-01,7.541707897823425599e-02
-2.662732459841796739e-01,1.605194119559930077e-01,3.544365463108210823e-02
6.987117832331661560e-02,-3.019533377350427372e-01,-4.513868698129459150e-02
1.880481522951656659e-01,-1.887216863706510095e-01,-1.651926264382988230e-01
-1.298727056903224153e-01,-6.849882269132799573e-02,2.772706692174435883e-01
-1.408044079012028549e-01,2.157840437412471279e-01,-1.795021009770606524e-01
-1.484357175466790579e-01,2.370231283907347705e-03,2.770245947936544328e-01
-1.356461118828991841e-01,-2.601506158511557310e-01,1.134685899404607318e-01
-1.767974154808029941e-01,2.535849546144555156e-01,-5.968889995366354756e-02
-2.593032136454586079e-01,-2.335163306635923766e-02,-1.775224324999888081e-01
-2.344210616604029962e-01,2.201395476424849659e-02,2.098385834452684562e-01
-8.369238550414298539e-02,-2.957624654420489829e-01,-7.185259982518503452e-02
-5.661780106122170364e-02,-2.822515531196054250e-01,-1.301685999583390152e-01
1.119285094911142003e-01,-2.463832002787482434e-01,-1.635713876191163541e-01
-2.284650508788328704e-01,-1.849233816799254748e-01,-1.173387751865934553e-01
-1.679991476833542496e-01,5.399081926201853426e-02,2.630509773451659705e-01
-1.858571081028652094e-01,1.572123587508819642e-01,-2.030992947858842046e-01
-1.456685813914487537e-01,2.740558448181313889e-01,6.599629565590704738e-02
-1.028981279585445829e-01,-5.378985569231131691e-02,2.955905600440015824e-01
9.431213318872304352e-02,1.498288265139892383e-01,-2.639802165539567591e-01
-1.516943616752104707e-01,2.795058616308579991e-01,8.265966739429052301e-03
-1.425928386501504885e-01,-8.113510087739091159e-03,-2.845675161812514231e-01
-2.241391743305619355e-01,4.325472149905483510e-02,2.223560691685229906e-01
-5.628951796065636420e-02,-3.050184810964405302e-01,7.430535752198427768e-02
-2.109515304948020031e-01,-2.969374372257355468e-02,-2.377361399053419255e-01
-3.408102737126048748e-02,1.717390268450842694e-01,-2.672447607590584528e-01
-4.889833333924301084e-02,3.013074372598973927e-01,9.525410549763738133e-02
1.388338056502512463e-01,-2.093559495282236449e-01,1.982951832407374715e-01
-3.165824902632053406e-01,-9.944463949187085441e-03,-4.772497279867403408e-02
-2.483521220412197583e-01,-2.025222590488714725e-01,9.081715115354421081e-03
-3.096943381282792340e-01,-7.970372183012698619e-02,-2.624681741493841911e-02
-3.153686154727265434e-01,2.540092184891198229e-02,5.500361635829482954e-02
-2.814118788354669221e-01,1.334768786631232440e-01,-7.934238137185384288e-02
-2.766129876292051093e-01,1.459490772722639162e-01,7.526081499175968359e-02
1.790961859775642151e-01,1.259117959734040448e-01,2.360659607103383073e-01
2.402529496194042713e-01,-2.139303930108548135e-01,-1.857759806430767102e-02
1.336657988127471497e-01,-2.579657914387185058e-01,1.399876573358857512e-01
-8.733730610734360966e-02,-2.332449487901298024e-01,-2.053173453591057573e-01
-1.220010338512781400e-01,-8.596535406064235996e-02,2.865115611225786951e-01
-2.765250503778807767e-01,-1.640003430918214600e-01,-3.432292269406807261e-02
1.476323824742266193e-02,2.973087885621790716e-01,-1.269136783865836282e-01
-2.979132646001171336e-01,2.439771690437039786e-02,-1.246893144694286720e-01
-1.968725055964853921e-01,-3.977387115311183802e-02,-2.544245340014149037e-01
-4.979350067276819974e-02,-2.557585139538443020e-01,1.932835820246874559e-01
7.771265877943411404e-04,2.828790099036526118e-01,-1.593961803941636168e-01
-2.827540673292338602e-01,-1.444310620123577804e-01,-6.925442430664761895e-02
2.707433036618652200e-01,-1.699669544396208987e-01,-5.994934652389031365e-02
-2.723301768198732598e-01,1.529916039395990135e-01,-9.161271037613384627e-02
3.925207737755650322e-02,3.175289774443753044e-01,6.145120870149919229e-02
1.009918194035709128e-02,3.257234620001261960e-01,-1.107290269669558222e-02
-2.960551622510340097e-01,-1.127964124510959926e-01,7.827898611922431971e-02
-2.680497224820062585e-01,-1.709253653807433493e-01,7.491482004303909314e-02
-3.227238151667499721e-01,4.358354746171127364e-02,2.841510276578555066e-02
-1.668869074152072030e-01,-3.472315259848286761e-02,-2.792491224225823188e-01
1.547224895012627999e-01,2.818065709376486594e-01,-6.214971777970416250e-02
-2.616665762133209006e-01,9.022310607064282229e-02,1.754614165961241312e-01
-2.436790616787329611e-01,-5.889492932489968913e-02,2.114902292527227334e-01
-9.151513110048363486e-02,-1.093646757455353086e-01,-2.956697917289040078e-01
-2.021544078837021752e-01,-2.396559933156321709e-01,9.815858583314635011e-02
-1.696298617633887618e-01,-1.647776447595135363e-01,2.284533612513123257e-01
-1.230488045732664876e-01,-1.039041811388257200e-02,-3.050385095211598507e-01
-2.295511559445482519e-01,1.674025860601896232e-01,-1.666158024462962850e-01
4.498659427404599204e-02,-3.265153010086733754e-01,-4.800069753501448426e-03
6.257614319222983001e-02,3.239190158818465726e-01,9.096613664315905592e-04
-1.614714261701482578e-01,-1.861369276633359215e-01,2.197757378240643156e-01
1.100452707192013796e-01,-2.077144829020445005e-01,-2.322659444056410505e-01
-1.697966703441711467e-01,-1.931619971485597775e-01,2.079466845915696194e-01
-2.663781483328774291e-01,8.725695881650530339e-02,-1.760537243190567480e-01
-7.242556848903274058e-02,2.330595488373797264e-01,2.240215916218816772e-01
2.979705458708042376e-01,-1.404917705793841953e-01,3.749074095915945481e-02
6.535810550321115298e-02,1.946464704336222096e-01,2.606783981931313776e-01
1.193293676443273749e-01,-1.739418032491434341e-01,2.565137222717298049e-01
3.597580533061656843e-02,8.209408843239263120e-02,-3.200677854565752156e-01
2.147760470210440809e-01,-2.517450429574468740e-01,3.399240282430307514e-02
-1.156892593193263735e-01,-1.433587171456401077e-01,-2.773210323683520384e-01
-2.099216026343176944e-01,-3.412628181620871309e-02,-2.565035008437269726e-01
-1.879705718547068083e-01,-1.284357736133293348e-01,2.436806518408311806e-01
