0.000000000000000000e+00,0.000000000000000000e+00,0.000000000000000000e+00
-2.216748727919265385e-03,1.036313651275851469e-03,-4.176551875891638434e-03
3.832284090087977480e-03,-3.363161595860853642e-03,4.607778555259368740e-03
-1.023055433225193928e-03,3.944416972290834718e-03,7.393451724769707460e-03
-1.250817635284882413e-03,-7.195607294936462971e-03,6.493382580304480484e-03
-9.780902817764444007e-03,2.853599717450250751e-03,4.013182583073916093e-03
-8.683291365458367661e-03,-3.544721932150882767e-03,-7.517621723120294919e-03
3.591458407388346753e-04,8.092427947038122529e-03,-1.017692919543994150e-02
-1.329155956328959345e-02,4.111891532532340604e-03,6.729098638643597838e-04
-1.359150135630501910e-02,-5.640971733577383566e-03,1.562394554207041522e-03
-1.020375985185108421e-02,-5.498659005326192971e-03,1.047480479774244751e-02
8.053129803824441921e-03,7.199397679250052647e-03,1.235252715353304942e-02
-1.044668638478173962e-02,1.104449719048681243e-02,7.966118294567741190e-03
1.346490614341513958e-02,7.090521847273331159e-03,-9.402232762722641940e-03
-1.619288097672824450e-03,1.797606959857169645e-02,-4.441674177133523617e-03
1.027341331278952899e-02,-1.118478165938216473e-02,-1.185128222609183740e-02
1.002407954299568832e-02,3.349395932520171561e-03,-1.688474166356344897e-02
6.643468867626659349e-03,1.652732212348857754e-02,-1.026152223183736736e-02
7.779766219920198830e-03,2.531218816475359987e-03,1.953294523450242737e-02
-1.883353679230163544e-02,1.078056719758404593e-02,-1.874373345814281649e-03
-1.341085441680259054e-02,-1.143354060183040914e-03,1.786983526475038192e-02
-4.597679400935823709e-05,5.500135754129277001e-03,-2.227941745154870742e-02
5.899069299036004783e-04,-3.690435533349221715e-03,-2.321372597384693467e-02
-1.546863286702511615e-02,1.147993944730909925e-02,1.442480666753098544e-02
-1.879940375999244670e-02,8.461737850414322720e-03,-1.343506137839933952e-02
2.446097914382520163e-03,-2.368989251170612251e-02,-8.048535660734310038e-03
4.972167766164823852e-03,-1.228172703045041052e-02,-2.197589205287174205e-02
-2.087222570353703885e-02,-1.378836727913580230e-02,7.703171095993249784e-03
-7.186440146509277468e-03,1.890877838507635383e-02,1.739536585628809195e-02
3.203791311674947240e-03,1.240442949320393409e-02,2.396667747227717790e-02
-2.572451691226164405e-02,9.505742833167024272e-03,3.639684001109998179e-03
-1.030215171804432566e-03,5.799270788348930006e-03,-2.752374184610958952e-02
-2.326582356947005242e-02,-1.520550054328386781e-02,-6.834085193650944398e-03
-1.928520124450107051e-02,-1.522276237725133166e-02,1.557526820307014725e-02
-1.030904295047995432e-02,2.844202898752040774e-03,-2.754944807989459510e-02
-2.012626751872292202e-02,5.780242642596556367e-03,2.149475520770455922e-02
-1.084595410050866009e-02,-3.482768641191668138e-03,-2.824833232002265521e-02
1.403799215630830745e-02,-5.995115907030596110e-03,2.687046435540087902e-02
-1.926220759265820717e-02,-2.324507008415499162e-02,8.427520955469327765e-03
-2.324910137154642328e-02,-1.990744604422499398e-02,8.543198113893623810e-03
-2.241475450656856341e-02,2.308091358819103212e-02,-1.466734339235121901e-03
2.572819936967547100e-02,-1.488165460822266431e-02,1.347025225454390705e-02
-9.046458584972333003e-03,2.117765608779969416e-02,-2.370933272534928374e-02
-1.076922806132421702e-02,-1.937031705461150777e-02,-2.507892438571560079e-02
-2.276086728553116528e-02,2.100052919249609934e-02,1.374020993465868180e-02
-2.889394755989647609e-02,-1.172924915687963837e-02,1.425596216482645853e-02
-1.957288107909392963e-03,1.865625385683698789e-02,-2.918280731951239729e-02
-2.797386041947246341e-02,-1.579707060340008323e-02,1.411924651755402590e-02
2.962830459789821819e-02,-1.948780544276558155e-02,-1.341470693813148632e-03
-3.156222644150442208e-02,5.189559882309219448e-03,1.625842968751416498e-02
-2.618775825713454478e-02,2.405811283169485577e-03,2.497889427767542234e-02
1.687731500582951433e-02,3.246656042399717612e-02,-2.181207487711298108e-03
1.951083562556222076e-02,-3.037347645130675927e-02,-8.286265310718934213e-03
-2.036243629658841467e-02,2.208172538558040437e-02,2.231394612458426074e-02
-1.472847535727671991e-02,1.436359888855686523e-02,3.170519550727892572e-02
3.317359365175143356e-03,-3.688632133338411168e-02,9.231879048814785674e-03
-2.886590541462179943e-02,2.079874985830008211e-02,1.481326917406206901e-02
3.236097519259946431e-02,1.493050433765679384e-02,-1.560743221510085821e-02
-3.884090447000134588e-02,4.087027809578264691e-03,4.118628108875825068e-03
5.471061486260422706e-03,-3.334575257157542522e-02,2.071239702814436576e-02
8.642339649136543747e-03,3.861539541459829694e-02,-5.803655702727603984e-03
-2.818162786335494732e-02,2.862420621623420688e-02,3.830427401444292702e-03
-5.492554501847365933e-03,3.479084097161472267e-02,-2.040598232427423900e-02
-2.703475773708963192e-02,-2.814298898930921861e-02,-1.276225784041845439e-02
-1.678926052081686909e-02,-3.600868282182736330e-02,-1.166771391340861580e-02
-3.367187103544272420e-02,-1.167721012206206221e-02,-2.175774819257626433e-02
-1.384051286134085554e-02,-2.357572928649282959e-02,-3.201781920389128872e-02
-2.874175570774663985e-02,1.258510222498795961e-02,-2.858422037852030237e-02
-4.049206902955672371e-02,6.565127826517503393e-05,-1.381977064046441793e-02
1.506628289020666865e-03,-9.668197704075435009e-03,-4.199966861697317089e-02
-2.462628075791718774e-02,1.746313010455678716e-02,-3.126453345487566898e-02
4.349830087765174658e-02,-5.061411662727209083e-03,-6.208954981938354665e-04
1.667665957849386385e-02,-3.940938363161086699e-02,-1.077801628685597438e-02
-2.449216902132749993e-02,-3.191301235306712863e-02,-1.893119756698198944e-02
5.948890752093755410e-03,4.083144322921801461e-02,1.742043961473150812e-02
-9.606332431914176712e-03,-4.172931178068809560e-02,-1.420814618614838626e-02
-1.143251079485363940e-02,-2.049288767919770632e-02,-3.891397664035592396e-02
1.739608274252918895e-03,-2.817484018041790592e-02,3.602263049465669054e-02
-1.057032923216747085e-02,-4.405279776988815787e-02,-8.465541200777602915e-03
4.763610839462825361e-03,-6.833078622725216253e-03,-4.565391904065599360e-02
-1.110871185711386280e-02,-3.160349556606641824e-02,-3.257521928912587156e-02
-3.115433795045615545e-02,-1.649689381274566449e-02,-3.114968700783688621e-02
2.231152184468895502e-02,4.165589786037702386e-02,3.128572242980380211e-03
-4.506235820434194295e-02,-1.552458221003249345e-02,-9.937797916963234893e-04
1.369983825950709701e-02,4.341328251805271626e-02,1.516825414697409342e-02
-4.111235263127553663e-02,2.402549746150534071e-02,8.057945885106844106e-03
-2.999140053109315349e-02,-3.562673740206114686e-02,1.391348437292011346e-02
-2.364603577654056377e-02,-4.266937241903553252e-02,-3.538923325435355989e-03
-6.659012996406993984e-03,-3.670874604707853595e-02,3.210151686857080910e-02
1.315153089249236455e-02,4.404705202952235998e-02,1.842201491551313797e-02
1.493632553751949893e-04,-2.252056975486554230e-02,-4.444568051976127004e-02
-4.097800384289203290e-03,2.832986799550447909e-02,4.115132014502446284e-02
2.109652894838115120e-02,4.575883495472148760e-02,-2.025819270382960263e-03
-4.344603227437773829e-02,5.770907069210514523e-03,2.554323614528847264e-02
-3.215471162504523334e-02,2.918613087975997777e-02,-2.679343661844476795e-02
3.752274116637574486e-02,2.165559273014881075e-02,-2.751535986138653467e-02
-1.727071495577524318e-02,4.803853307807006562e-02,7.645580388218290759e-03
3.808412204317455224e-02,3.133017059204701998e-02,1.621468648653629635e-02
-3.450252984370257014e-02,-1.348172571793022564e-03,-3.915561117397269031e-02
-2.517287979175580892e-02,4.232125048751731594e-02,-1.819877134487727158e-02
6.056688262245197088e-03,-1.128921513672455877e-02,5.120962846107467159e-02
-3.305821809050792787e-02,1.018661302585665770e-02,4.025650842937270740e-02
-1.546959744824466694e-02,-5.038990668064122908e-02,-8.332825101243279686e-03
-3.525189470925002566e-02,-3.665738487198135637e-02,-1.709269260001146373e-02
1.577891684485813184e-02,3.575770736206002748e-02,3.717269075267909395e-02
-8.098542009433482014e-03,4.749685402056989802e-02,-2.487329215971169002e-02
-4.944236296767563071e-02,-6.934353162398616995e-03,-2.187353069265082078e-02
1.156900036811748383e-02,-4.249346308596071292e-02,3.259535598358284658e-02
-2.271067825860942357e-02,-5.016600816281650138e-02,-7.373608505861068124e-04
-4.963336091932088467e-02,-9.494706104552875364e-03,-2.259035901163664734e-02
-4.221469581463275361e-02,2.402568841725984811e-02,-2.712325172412565627e-02
-4.020919452605675043e-02,-3.736595446289026068e-02,1.063367880060105478e-02
-3.475359001482584802e-03,2.236810939432085435e-02,-5.142748836044819249e-02
-5.270591107834998734e-02,1.441605712513256178e-02,1.423489028690459041e-02
-8.605328003011572524e-03,-3.711786170655793221e-02,4.204515029793756686e-02
-7.248133858032244567e-03,5.046608382607690318e-02,2.552407150277144141e-02
4.224992096140885167e-02,-2.867711013891451749e-02,2.597511754368753145e-02
-3.095877723635603526e-02,4.045416593422868079e-02,2.680479037086607244e-02
4.752531280227691168e-02,-2.773945732915769277e-02,-1.779705026025611009e-02
-1.830872738980720074e-02,-5.265668026815983893e-02,1.638170168032421214e-02
-5.263370275126091902e-02,1.253468902136499648e-02,2.191668424180627864e-02
-2.791892841169736281e-02,2.898339803256441694e-02,4.265882169129687346e-02
-2.630038915800711821e-02,3.142752586634474377e-02,-4.232533455187643956e-02
-3.796791408165786641e-02,-2.368869649087055435e-04,-4.539617419559114492e-02
-3.282701343077697176e-02,3.552371421516612587e-02,3.456187802361556510e-02
2.601573472578139201e-03,-5.956854474642037101e-02,3.251388937329091535e-03
1.508868172155840293e-02,5.619784808996290681e-02,1.454674582420937244e-02
-4.150196730890347296e-02,-4.353656924211243145e-02,-3.375297267824132856e-03
-1.726215444063644924e-02,-3.518038595357852322e-02,4.610209375539052468e-02
-5.692315902293000607e-02,-2.122018970034550422e-02,1.532984426348877032e-03
-2.524238158405195734e-02,-4.449810968096477165e-02,3.327944970314479500e-02
-3.428932562661986955e-02,4.769638473571336662e-02,1.749309913542523853e-02
-3.757595346518136092e-02,-4.769182479994953788e-02,-1.011040672681420317e-02
-6.131227353327971252e-02,-7.179618961788545965e-03,3.154964447758205198e-03
1.424701074006691666e-02,6.040018786269928802e-02,-1.260723491188282157e-03
2.187246029389197568e-03,2.727113117298793354e-02,-5.600307982316156397e-02
-5.400911229487934118e-02,-7.632373131976572488e-03,3.068781222787208066e-02
-3.844184344684770799e-02,8.865773582453868526e-03,4.891602714128155671e-02
-4.917822486572205609e-02,1.316422844281559673e-02,3.727702942967265481e-02
8.693447409021887520e-04,4.849387812114812346e-02,4.075803183221643478e-02
1.883560896268775958e-02,-3.280650061907202514e-02,5.113590039339093590e-02
-2.624090226863136019e-02,-3.822929757134229528e-02,-4.391127926857354286e-02
-2.974169895181109913e-02,5.049277182196709041e-02,2.601066292126402724e-02
-5.582650502514588386e-02,-3.168874614931201095e-02,-4.720867832817778401e-03
-2.160926455362929474e-02,-1.389019118910526235e-02,-5.929268841856244476e-02
-6.267206747536170630e-02,-1.029044261120905766e-02,1.320372451658592856e-02
-2.835981040830690483e-02,-1.159589997150285365e-02,5.746141853563689617e-02
-5.047428632685982408e-02,2.835042086519764040e-02,3.036012453918572954e-02
1.060447036700388259e-04,-1.458491987313753971e-02,-6.397674805738993997e-02
3.140451526976863889e-02,2.783717661598393220e-02,5.076673656844496452e-02
-2.675638557105876336e-02,-4.571699921394953292e-02,-3.956214648685282831e-02
1.011279918701669250e-02,-3.824019101998724079e-02,5.328478078863599365e-02
-6.071607183332934643e-02,-2.687473695427681705e-03,-2.725732834194274229e-02
-4.248378392172545703e-02,-3.907233321660238262e-02,3.373311093803112864e-02
-3.966617076002016545e-02,1.207741575093362494e-03,-5.410576741349192031e-02
9.391030710107460544e-03,6.411686327842071320e-02,-1.833109625329402623e-02
-6.448972256437740525e-02,-2.021886235182022290e-02,-6.325969267903675669e-04
-6.480803119431903514e-02,1.681783380474697817e-02,-1.087104673317004777e-02
5.896073384796416024e-03,5.776724706778800511e-02,3.552877931947463069e-02
-6.750158356119606573e-02,-2.261368954830473513e-03,-1.027551458185614781e-02
2.742296643940287174e-02,2.674326527105952075e-02,5.685976650003687904e-02
-1.201571680884109747e-02,1.580458140784588017e-02,6.587276215363149778e-02
4.271323716383858271e-02,-3.151748607206140279e-02,4.414497520421321874e-02
-2.829676085380424672e-02,5.407417869716907299e-02,3.278771942474112411e-02
-4.726852206480331581e-02,-2.282708699834986102e-02,4.558085424024458515e-02
-5.972513073595257793e-02,-3.528776862892414601e-02,7.346383936472879878e-03
2.651951149238651866e-03,2.657594716963607509e-02,-6.470158908370382544e-02
4.153667285702107581e-02,-5.412013204813210382e-02,-1.669390993217325508e-02
-4.114062916232601175e-02,2.923853393195870176e-02,-4.918258259771050162e-02
-2.335212523909228899e-02,4.886714620682851284e-02,-4.545862992920707973e-02
-1.393040497619354827e-02,-3.744439550892947333e-02,5.862716110455093443e-02
4.949445073433313136e-02,-5.054111402660989294e-02,7.917828824960830569e-03
6.202673762123232098e-02,2.076266375143879725e-02,2.866957733633171065e-02
-6.586251018914701660e-02,2.414517979500285794e-02,1.459724107595757395e-02
-7.011979129528266019e-02,1.702085465483457218e-03,1.574438405760777634e-02
-1.709549693245259469e-03,5.919516686923365079e-02,-4.116118757756010577e-02
6.201651088456979627e-02,-2.261593153065398487e-02,-2.962111053942166269e-02
1.554402833710097527e-02,-5.647939859553428865e-02,-4.286187870622069906e-02
-5.501795315740103803e-02,4.762638470208510610e-02,-2.685496820936949386e-03
-4.168105693737206990e-02,-1.175427182035221341e-02,-5.882859587532017487e-02
-5.811284946444333910e-02,9.456002769634718613e-03,4.363041624676161634e-02
-4.952453760584613063e-02,5.022955561180671852e-02,-2.069630334120443893e-02
3.609420902287947819e-03,7.330766767793854555e-02,7.135363399361992730e-03
-4.114274971756554794e-02,7.344770642133706916e-03,-6.103483904863279269e-02
-4.273890384993338926e-02,-6.065092199874932283e-02,8.833680760016418727e-04
-3.812550665581976306e-02,-5.157136036238962190e-02,3.777316311989275394e-02
-6.364744499533352140e-02,4.998789673326620164e-03,-3.870485997720225779e-02
1.451804804458613554e-03,-7.145228797742515792e-02,2.237479580407003218e-02
-1.680621629138901590e-02,7.051664819607801615e-02,1.967935017696234579e-02
-3.212269059344151356e-02,-6.398830034716779247e-02,2.345517130995347643e-02
5.377608863639226624e-04,-7.298644368639718716e-02,-1.958146428324418487e-02
-7.125202050049904423e-02,1.946715742273506800e-02,-1.700556270046284235e-02
3.916472587848942970e-03,-3.724504890819645142e-02,6.615723916536697669e-02
-7.611110156913422631e-02,-4.543255746120958803e-03,3.343214513121411957e-04
3.730983260815252424e-03,-7.492550947418737117e-02,-1.484173309650748708e-02
-5.611173404858893488e-02,-3.625404744667739404e-02,-3.767705425309557377e-02
-4.498039941549611398e-02,6.226892334716881833e-02,-4.029700811006919382e-03
3.003327837991065855e-02,1.579370901627105347e-02,-6.928161377299381363e-02
1.136087369720838874e-02,6.478990356904990033e-02,-4.073210562122862866e-02
-1.360644795541157172e-02,-7.072402225508329920e-02,-2.886942334333508428e-02
-1.780556388107907076e-02,4.840155047668124461e-02,-5.826933096912286641e-02
-6.348867202326101411e-02,1.818780474523919860e-02,-4.157029726123100122e-02
-1.379638112012264266e-02,6.809032952351562473e-02,-3.602408420686479401e-02
-1.673151365723018341e-02,3.165133232399035268e-02,-6.983784687128304081e-02
5.742287116527428070e-02,5.262336178622508548e-02,-1.127892964346420383e-02
-1.078801825465912703e-02,3.843265587049331938e-02,6.808192345444927240e-02
2.398061602469681378e-02,7.404827588375611364e-03,-7.505673565048191775e-02
-5.732516230002843161e-03,-6.750252693442715390e-02,-4.133781346224826153e-02
-7.454508133173444809e-03,5.086167609552660895e-03,-7.906780350445317962e-02
-3.989710437453633692e-03,3.899228245148004396e-02,6.951090509965085484e-02
1.251334661870070163e-02,7.528487575500655837e-02,2.405507301617471755e-02
5.458481879146941801e-02,4.635465285444345662e-02,-3.619094171739409976e-02
-3.584182818991887148e-02,-7.050320390076383892e-02,-1.475585117674321073e-02
-7.563812704597860925e-02,-2.224713761466864601e-02,1.709041203760092859e-02
2.652016142204009080e-02,-7.141557015627876537e-02,-2.719828698174873299e-02
-3.798227316269531945e-02,-6.757390543720051546e-02,2.386430143085930405e-02
-1.122463118391582582e-02,-7.633051861059429732e-02,2.571434970989569524e-02
3.535422509922429846e-02,-2.305387348819838700e-02,-6.976660585828546590e-02
-7.621554396962981759e-02,-2.484011526924691585e-02,1.606831295577692068e-02
-1.698427643102135096e-03,-1.606170320624986797e-02,-8.036450338068962251e-02
-2.021926678894691090e-02,3.353609488345625500e-02,-7.225751956445186641e-02
2.417292786384987388e-02,-5.927188582565294517e-02,5.188936885316568909e-02
-3.676745501826677361e-03,-6.896262652419191119e-02,-4.534339695712191753e-02
-5.886184118398592180e-02,5.494963123502017571e-02,-1.940711731649869681e-02
-1.807298918098476648e-02,5.278923424817125176e-02,6.150562422600149709e-02
-5.787375639534245164e-02,2.937388733018400991e-02,5.214959025301436207e-02
-2.857953747432988648e-02,-6.251615304760239043e-03,7.817569322302060641e-02
-2.402002845840036510e-02,-3.282251983779854720e-02,7.313413816181528471e-02
-1.846730319665519301e-02,-6.438991394017370973e-02,5.051124310442873383e-02
-6.257924432725852325e-03,3.227340662591642994e-03,8.381259984899605553e-02
-1.404155985992202628e-02,7.099753821651991204e-02,4.326649973632344659e-02
-2.187090199375585700e-02,7.102345678020161035e-02,4.028460740640546489e-02
-2.797949635226737800e-02,3.530938116717877856e-02,7.177506736288385980e-02
-6.086058763588518550e-02,-4.329331078896174467e-02,4.048117390494716111e-02
3.220263542362347686e-02,3.164089842988284523e-02,7.221294055915826460e-02
6.703414035359592238e-02,-5.246884418926420213e-02,-6.493273599305036080e-03
4.173637818390489584e-02,7.423239530766621852e-02,-8.498989175719163375e-03
5.767343341772847992e-02,-3.272373084827901596e-02,-5.443769206159338597e-02
-4.431143520360189547e-02,7.117931300046299870e-02,-1.914393603072704272e-02
-7.514977597003333343e-02,-4.165978032007170567e-02,-7.032440004796068102e-03
2.655608639913537711e-02,-4.001584507771064475e-02,7.184717706713081298e-02
1.378372278014897503e-04,5.745587740321503323e-02,6.483345363104751902e-02
7.600816677973837310e-02,-2.714076663510438248e-02,-3.204387623374949090e-02
-3.256866847370561147e-02,7.795426981595614258e-02,-2.095756205437274838e-02
-2.490046863663790411e-02,-6.907892958005786010e-02,-4.712793485272758626e-02
-3.489565880411434756e-02,-1.041669400779843963e-02,-7.951705958998213364e-02
6.730804382831342969e-02,5.490119355513174704e-02,1.187021149727910882e-02
4.586610715283951506e-02,-4.401793988739638452e-02,6.066638512850616033e-02
4.697803769902669790e-02,-7.273222522679914648e-02,-1.615808218292131074e-02
7.670558376749318785e-02,6.537406725916257606e-03,4.321868637407891289e-02
-5.057335883922817188e-02,-4.873958134232943273e-02,5.382847962216348592e-02
1.389877655011577916e-02,8.718318318012203971e-02,8.546636746486820091e-03
-7.831042039906280228e-02,-3.270082198416977143e-02,-2.648979458208938070e-02
1.128435690225118929e-02,-1.684331679727277264e-02,-8.676993578263399176e-02
-6.659518269648273536e-02,1.408085769545063849e-03,5.949512929559043484e-02
-1.305327754301854881e-02,-5.433868845853948026e-02,6.992883037375616229e-02
-2.324797569572812153e-02,-5.935908517881075853e-03,-8.645231843176665043e-02
-8.746609287956676540e-03,-2.595869537908879546e-02,-8.565027390142163077e-02
4.420189363498598645e-02,-6.794981439072352025e-02,3.939537754243539747e-02
3.288206608938423064e-02,-4.350176598274946987e-02,-7.201412686941434382e-02
-6.525638356747454766e-03,-2.248517778632045175e-02,-8.745412719764071585e-02
-8.946624670364121401e-02,-1.260434110888586888e-02,-8.370787359032221681e-03
-6.393730537405435677e-02,-6.466325531619609990e-02,7.900741691651027004e-04
1.617702909502754735e-02,-8.540731995004244292e-02,-2.739816325990222443e-02
-3.586798221704592948e-02,2.108852875017110454e-02,8.131658976433883690e-02
4.299360614589841506e-02,1.718185546576287553e-02,-7.897375589798896756e-02
-1.572456778724425769e-02,9.012473775446325219e-02,6.907870290847223892e-03
8.639483403212083398e-03,-9.095533215620864309e-02,-1.033920617847994793e-02
6.099849805530427327e-02,-3.823278674233101387e-02,5.752257221860892361e-02
-7.359323416540858309e-02,-4.049718715252632190e-02,-3.837257322209391974e-02
2.327693459253670123e-04,3.934816548977052020e-02,8.376857205103899195e-02
-7.097716628919757686e-02,1.152036936253956340e-02,-5.858437061269357315e-02
-8.503385882089495307e-02,1.651751931138461735e-02,-3.370687505461392175e-02
-4.677041181864535768e-02,6.577015626380756930e-02,-4.651582632595181038e-02
8.351831338003668989e-03,1.058116545493162364e-02,-9.237095935328802632e-02
-2.263835324578647099e-02,-5.816236019711263500e-02,6.968492746165855234e-02
-4.491212425098261435e-02,-3.344222965957791005e-02,-7.518731458262488399e-02
4.013674083248933155e-02,5.463374786231101760e-02,6.503932098276343776e-02
-7.946428935283987582e-02,-3.602256225222993241e-02,3.537028355597049423e-02
-9.141271825008022434e-02,-1.133342059916219759e-02,2.039350147968082769e-02
-2.634357068906978058e-02,-1.101059194954481747e-03,-9.079006334452423277e-02
-7.826022687680118939e-02,3.012708058733732080e-03,-5.330789880493819188e-02
4.156659876148479510e-02,-8.279030807147996773e-02,2.075878165861749780e-02
-6.411201625405095472e-02,5.634453698609129951e-02,4.201658684162020568e-02
4.728063555156913206e-02,-8.223006799955127899e-02,9.526232307668936264e-03
-9.480659970555761415e-03,-9.164384245590563582e-02,2.524062447819390778e-02
2.105499879628526180e-02,8.558895901678642559e-02,3.734155040264608427e-02
5.805872335623907254e-03,-2.252282918842024931e-02,-9.305820588326293996e-02
-8.128617691054541849e-02,-7.946672543048555887e-03,-5.067444507684846361e-02
5.241993818648740810e-02,7.318443774182954720e-02,3.424016539718397617e-02
-4.845954615053403905e-04,-7.583808593889056204e-02,5.968495484533052620e-02
6.525831550906292799e-02,6.615570506434176323e-02,2.676742215577285200e-02
-5.901062363127855537e-02,7.503005583942012890e-02,-1.666635060258207443e-02
5.507633185807658815e-02,7.373675600036494471e-02,3.093318846048744020e-02
-7.684708117702324093e-02,5.491272316289529803e-02,2.333173425262847003e-02
-2.906418770897073456e-02,-3.754977938946783139e-02,-8.513782153972417055e-02
-5.612590534498709122e-02,-7.369987933999531948e-02,-3.097282859742519004e-02
-9.488566031140820145e-02,-1.555785619505625252e-02,1.826877144125184371e-02
-9.620448630741630647e-02,-9.634095175868283550e-04,-1.899638646330358005e-02
1.104948012195020382e-02,-9.499582323667130068e-02,2.255751440396066079e-02
-8.402521885924958689e-02,-1.589172027345102378e-02,4.878967830443493164e-02
5.216653512918908997e-02,7.565784387269623712e-02,-3.585904389911744039e-02
-1.152105765424574560e-02,-9.204265578397438641e-02,-3.413045214146284007e-02
-8.340430287897198508e-03,3.437225521405141981e-02,9.250208627948641738e-02
-7.279552121976726360e-03,-2.442270470160516974e-02,-9.589787199929233896e-02
7.900803739431461192e-02,6.020026750800163556e-02,4.214785248850578571e-03
-6.553869830304105693e-02,7.118331855498973015e-02,-2.366428897310873802e-02
-4.749848539414444626e-02,7.315391129842965801e-02,-4.850871482457523587e-02
-7.423180193414406769e-02,-6.313464377724980169e-03,6.669947506434827089e-02
-7.351874570417617216e-02,-3.636333087830435906e-02,-5.753364231933599110e-02
-1.001504676784614745e-01,6.759845256003759427e-03,1.306977053631994752e-04
-1.322860668926291797e-02,9.435477233664001095e-02,3.219400242852955840e-02
-9.574098059621101442e-02,-2.485724873285302672e-02,1.919718113619483732e-02
-6.703705420410151217e-02,5.048398348627650134e-03,7.531140439667360909e-02
2.508418800445800026e-02,-8.767322336344056388e-02,-4.374920727759211425e-02
-2.331301774458587744e-02,8.624526585558735248e-02,4.781880606418739688e-02
-6.740474877558259859e-02,4.355002961886383916e-02,-6.218508544367148949e-02
-2.862299503021529731e-02,4.321885765932334533e-02,-8.751278413425979397e-02
-3.400059970837076423e-02,-7.522800203004030573e-02,-5.974124206988906671e-02
-1.729043499199086481e-02,1.002856778066802262e-01,8.175647057272663470e-03
-5.638477622515635640e-02,-3.275897718327996748e-03,-8.527475838383641316e-02
-1.031395943462214485e-02,-1.019290392033660175e-01,2.151082068069132269e-03
1.076013642376394755e-02,8.791822857426000171e-02,5.190323731527873158e-02
-7.370544509746171412e-04,7.149736771550103953e-02,-7.393081507572622779e-02
-9.370485812937782988e-02,4.278263506271386130e-02,2.470166118613964772e-03
-5.404522328710537060e-02,8.766246085311868441e-02,7.097138229102822014e-03
-5.019854980489690810e-02,-1.768912716296812751e-02,8.866849544292811081e-02
-8.297011466312967376e-02,5.727409286574975528e-02,2.386446073762524961e-02
-4.226847413719232727e-02,6.502754100591034980e-03,9.457255940170844477e-02
-3.970477075964260090e-03,1.473762688985351572e-02,-1.028540458749505893e-01
-8.670343705216966568e-02,-2.158530140666185468e-02,-5.354976101415979961e-02
-5.705623331710747009e-02,-2.238272822066023418e-02,-8.446118263920680824e-02
6.566060845614594965e-02,5.428369641019100550e-02,6.059036422198270377e-02
6.153580795314228524e-02,6.397037842674525854e-02,5.558356012457286999e-02
3.389446976443927229e-02,-9.525368392343616653e-02,2.802676056596064766e-02
-1.037019186114123692e-01,7.690603340902029544e-03,1.528396321341088208e-02
-8.146539743103643760e-02,-5.546724976233306792e-02,3.705230803161450176e-02
-8.468039144292886788e-02,5.989912390141944459e-02,-1.915012186241427106e-02
1.983156881578657452e-02,3.151863018350442580e-02,9.888386286881849230e-02
-4.303485287516913699e-02,-1.035432408825645058e-02,9.615034194864666151e-02
-3.519064382368530114e-02,3.195453763338494679e-02,-9.478408539835457558e-02
-6.230349504695777835e-02,8.575255919147571626e-02,6.906523744628307281e-03
-5.764187076893693973e-02,-7.995019486232357239e-04,-8.943805593803935694e-02
-6.578889236387881756e-02,3.806764532927900402e-02,-7.472992477278043999e-02
-7.491538761955691961e-02,-6.425912223909777121e-02,4.074143510787379963e-02
-7.704879230342905061e-02,5.463038227855398360e-02,5.019940386733109938e-02
-3.077360774106295202e-02,-8.089311081076640264e-02,-6.316532901359796226e-02
-5.084213730052064562e-02,4.081783766283907794e-02,8.525946491662149407e-02
-3.412098649672495182e-02,-8.274087251946177224e-02,-5.957817961002673940e-02
-6.343440449800068215e-02,-1.093115692590359948e-02,8.634889152376507004e-02
-6.547173606155447245e-02,-1.442842053945777268e-02,-8.452538522368907570e-02
-2.725442676746549914e-02,-9.878943817962551610e-02,-3.430549749253995750e-02
1.121831537032824504e-02,-8.048341749055791874e-03,-1.073693884505983326e-01
-4.225386130867561651e-02,-8.442310621912311162e-05,9.986609531628749814e-02
-9.083562924132375371e-02,-5.638383785315256164e-02,-1.918952714821293287e-02
4.198763423797849392e-02,9.397679198851333071e-02,3.526716909963254626e-02
4.969150482903585131e-02,4.971771366344611420e-02,8.328981476646267479e-02
2.608827212297299509e-04,4.620703000786023640e-02,-9.890947065663102666e-02
3.080427944112427291e-02,8.904271868678978463e-02,-5.550417948326730883e-02
1.821867959845578644e-02,6.678992365679253806e-02,8.488477067036317991e-02
3.908094797232917333e-02,-9.211905946940995848e-02,-4.500049728773629354e-02
7.502487972501969103e-03,3.851508620490944751e-02,1.026580082084684875e-01
-3.988172886437196113e-02,5.496248759205040607e-02,-8.664323609200298704e-02
4.377666856562140857e-02,-1.004036267630437074e-01,1.270188088921391130e-02
-7.566978044181379981e-02,1.463800137579652876e-02,7.911139061506446135e-02
-9.360176056440200343e-02,5.837068401166588261e-02,8.401281697491493408e-03
3.995847457976526435e-02,-8.021699785696637108e-02,6.517516495949958466e-02
-7.160505847879868047e-02,-2.321905812526658952e-02,8.156662131769594482e-02
8.929527448591701583e-03,1.040353444533710509e-01,3.816723749737210847e-02
-5.784036575279496127e-03,3.804398566175979518e-02,-1.044957665908460287e-01
-8.903218761763631584e-02,5.617159373705173098e-02,-3.685861629201923201e-02
4.640688610954398635e-02,8.914038898441603576e-02,4.879886919588758559e-02
4.724858264840801382e-03,-1.017205138078766807e-01,4.638949060132701446e-02
-1.035681034099631553e-01,2.644135192855590587e-03,-4.276089914630709643e-02
1.696599216406058028e-02,-1.808237757097710952e-02,1.094875336992311571e-01
-5.133599216826918027e-02,9.833672386917262365e-02,-1.836770234851007808e-02
-2.637211937091473585e-02,1.086861274683208756e-01,-1.323886169165852666e-02
-1.876783020024464649e-02,-1.096547604395379516e-01,1.864475822193350021e-02
-5.490837500316507469e-02,-2.208996138217706254e-02,-9.623801826335706688e-02
-1.270802659049941052e-02,6.221476323750994852e-02,9.366504329784840210e-02
-4.821167137637812766e-02,6.996507316436947899e-02,-7.501016998449103190e-02
-5.673818122436512235e-02,3.555981599573514174e-02,-9.166790149393380660e-02
-3.860384992936124332e-02,4.471585786745911617e-02,-9.714790476643646311e-02
-7.546713658301715255e-02,-9.617138271216966322e-03,8.473777314635398683e-02
-3.379537540814442353e-02,-6.326145268318192350e-02,8.868454174736790929e-02
-2.573941090964419059e-02,-1.095836150318461738e-01,1.946411971963110665e-02
2.065682456225602717e-02,-3.877969702946833935e-02,-1.056420954118556937e-01
-5.657657386753144751e-02,5.985053089325803599e-02,7.967899315800322513e-02
-9.819232890461586372e-02,5.561341222679225260e-02,-2.093078922602644582e-02
-1.078888642346937932e-01,3.188459415212627907e-02,-2.360144180881842274e-02
-1.091238755469754185e-01,3.506050147566360659e-02,-1.083576401466734146e-02
-1.003056883736078431e-01,1.669905610326890763e-02,-5.436567223276816962e-02
-1.100719245169806682e-01,-2.874581715661604989e-02,-1.986555167593644783e-02
-1.059205211258117951e-01,-3.219185293332600672e-02,3.350260927663246263e-02
-7.182558872078900758e-02,1.061270733233710128e-02,9.026345305219116155e-02
-5.519930156270393823e-02,1.015897472618227243e-01,-9.631509186962511349e-03
-4.253282318150621022e-02,-1.018189328940973665e-01,-3.640427814370934129e-02
1.002182415642824953e-01,-5.529771564213627200e-02,2.100257766793643677e-02
7.787855656280917582e-02,-7.741814823518253230e-02,-3.905469398811558385e-02
-2.623862544244985693e-03,1.260042347966160159e-02,-1.160153028188468105e-01
5.321128365276771993e-02,6.449076572463144363e-02,8.170700837507569037e-02
-2.653655364191164628e-02,1.134521235354405133e-01,1.150318127970891870e-02
6.806402575370214258e-02,-8.505582826273473673e-02,4.338298428768257858e-02
1.335080785319029198e-02,-1.135853168748036102e-01,2.666170326251308606e-02
-5.437729184498477780e-02,1.029452484678388402e-01,1.666002499435676257e-02
-7.542011859206107505e-02,8.039266102045766749e-02,4.150283068739079456e-02
-9.712136869707299613e-02,6.228936230490225018e-02,-2.454902698717551304e-02
-7.757525557792667448e-02,1.177746240180568317e-02,8.831818471212581068e-02
-4.774818156767547672e-02,7.834127646200850226e-02,7.470655753159280432e-02
-1.368403284204514590e-02,-1.159849152200853190e-01,-2.000441910628623227e-02
6.563144091273048764e-02,-7.205509248376189280e-02,-6.769160787061427598e-02
4.982011420095037481e-03,-1.112122304955195096e-01,-4.159657148874745802e-02
-3.532280484390010883e-02,-7.275896729020678300e-02,-8.731207090382669955e-02
-5.613232222603958821e-02,-7.369023401626915992e-02,-7.500412947961614119e-02
-6.668131919895418924e-02,-4.871261068566140606e-02,-8.619260190424765655e-02
-1.088895348685497144e-01,-2.946615977786123594e-02,3.956136221603537978e-02
-4.183501999900372109e-02,-3.170773337000670766e-02,1.075944902523861685e-01
-1.055755996111163997e-01,-3.037181022467161720e-02,-4.801393197062534673e-02
-1.050185177796836150e-01,-4.189530444780383694e-02,-4.039537820282475961e-02
-6.108425768436574754e-02,6.947601262817253154e-02,-7.680898932717269978e-02
7.291840347298016167e-02,9.569041184769197517e-02,5.102714023699835011e-03
-8.076272848026413986e-02,-3.221077039979254597e-02,-8.355614615509701637e-02
7.430466353653314426e-02,-7.609863415431816769e-02,5.719809943891594750e-02
1.547055863423709224e-02,-1.190186931324511421e-01,1.486869138713900126e-02
-5.109048046452061009e-02,-8.095379678024819392e-02,-7.419030546677989058e-02
1.210578742840188876e-01,5.998375064495397105e-03,-4.368874783960433918e-03
-4.703490698959830740e-02,-5.192649276612786025e-02,-9.921484957543247329e-02
-8.512591455120568917e-02,-1.647796327731711544e-02,8.530222182869651171e-02
4.158874914991162602e-02,-5.480778132277108750e-02,1.005142371331310541e-01
-2.601960801492469565e-03,2.592523649346245920e-02,-1.191637019779476087e-01
-7.902701656823096776e-02,4.912395019759141328e-03,9.301480516469270987e-02
-1.141445472749586243e-01,4.253420298457375598e-02,1.119502126913934567e-02
-9.822650963436249660e-02,-1.352237066582761063e-02,7.193403394458129652e-02
1.110329332783467071e-01,-4.941342215224683171e-02,1.667876294978659982e-02
1.223100810290730402e-02,9.199477593994218050e-02,-8.048569723912617213e-02
4.918264974600690398e-02,9.525128776032558420e-02,-6.034301479223756759e-02
5.899576654497193373e-02,5.713712861698155843e-02,-9.181686098417903008e-02
3.105098613942811406e-02,-4.085052140786774727e-02,1.121831434894117185e-01
1.039392360715220461e-02,5.691958474090585973e-02,1.091450560971655714e-01
4.054185833458476274e-02,1.003669827204205084e-01,-5.988242686026610390e-02
-9.804811272417737755e-02,-7.507955339026688157e-02,9.762113614996827116e-03
-1.070669741769887245e-01,5.872916932144916537e-03,6.237361065644994595e-02
1.014473923496070351e-01,7.168616961532740806e-02,6.866109695467450137e-04
-1.152392966603603547e-01,-4.608523377903828849e-02,8.348302492005930941e-03
1.065674397091708192e-01,-5.978700151712401656e-02,-2.419199726383081811e-02
-9.083190806746158086e-02,7.894556350143240586e-02,-3.280654077156937298e-02
-9.872305352325531913e-02,7.273612517337853245e-02,-2.377189025679405168e-02
-3.024375027566839763e-02,-9.218984709569159886e-02,7.893699408176910182e-02
1.118061368669070604e-01,3.340592238009800624e-02,4.550798418545633911e-02
-3.095929673645973768e-02,-1.100442551001668406e-01,-5.159655497714195349e-02
6.841267451316717339e-03,-1.092225656305086390e-01,-6.161943242573712787e-02
-5.324733486968578899e-02,-1.276325256541120841e-02,-1.132169832990111424e-01
-1.029881692843658825e-01,-3.238913363141134039e-02,6.483528641072022758e-02
-1.045162563613383083e-01,-1.102456916530002509e-02,6.969250800754216157e-02
-6.240741524669876639e-02,2.191206220792587742e-02,1.075659897975786011e-01
6.861857139544344508e-02,-6.798885104920894540e-02,8.159250308094452564e-02
2.378010248584039917e-03,-3.222639360522853557e-03,1.265518995969713567e-01
-4.270586292310706023e-02,1.123589336975435587e-01,4.032651274576374428e-02
-1.178693441770140432e-01,-3.880568963105794633e-02,-2.680748397384463688e-02
-1.070434359103159538e-01,4.209741097409241267e-02,-5.413321020490084040e-02
-7.791742805534802863e-02,4.099064765805765509e-03,-1.005792470735069194e-01
-7.232392352163001525e-02,-2.464634824132627688e-02,1.020253412418701822e-01
-1.160844364509776711e-01,2.680928033174062586e-02,-4.578549154826450085e-02
2.222677184637782480e-02,-6.772964440076875703e-02,1.060783853216322181e-01
-5.253414873132439267e-02,-1.166586022672193163e-01,-2.869818703910650796e-03
-7.078156418408439177e-02,8.067240642864674516e-02,7.001864444220698425e-02
-5.404786594859910948e-02,-9.976167920277620449e-02,5.992093582562760951e-02
-4.905005972735206748e-02,-1.167402058954809946e-01,2.175630024815505478e-02
-1.066139751009152412e-02,-4.317635572639041963e-02,-1.207192083319388182e-01
-4.121578112758475174e-03,-7.946316177337148234e-02,1.013070001763743816e-01
2.941809488216726165e-02,8.668680772021257475e-02,9.087350622200093819e-02
4.314656564006648376e-02,1.151269266772183691e-01,3.956952917803742420e-02
-2.915740935796486827e-02,1.005172245671796631e-02,1.255945261130205493e-01
-1.138443534262211509e-01,5.837344443903770032e-03,6.143444020427649144e-02
-1.100965062407264217e-01,-1.053927871946958895e-02,-6.767673379652675014e-02
-6.498842107082462849e-02,-1.616968083100929487e-02,-1.112258551359379122e-01
-1.790106854763483593e-02,-1.100906649395197306e-01,6.677917783652952133e-02
-2.789039657944629436e-02,-1.203184527121103492e-01,-4.109995695130736620e-02
-1.204881455650806260e-01,1.266927364217101948e-02,4.805712754663361147e-02
3.726839637289769414e-02,1.341349542056690172e-02,-1.243476831508411456e-01
-9.751777388172032379e-02,2.499235384649070926e-02,-8.331092314386827347e-02
4.391297458627281547e-02,-5.698341188447077904e-02,1.092861365033067633e-01
-1.191754629222199213e-01,5.389364785241231026e-02,7.450221495154304638e-03
5.381328654362456387e-02,-8.978118058954880076e-02,-7.905838000237011554e-02
-8.838539107638142267e-02,-9.793062361169543872e-03,9.665837947397266927e-02
-7.017002509593903148e-02,-4.715537105277750607e-02,-1.007336089934039863e-01
-3.545437009904058717e-02,1.264070412987410019e-01,1.014879906028364961e-02
-4.824336459558138668e-02,2.775964880347262312e-02,-1.195189926465301949e-01
-1.105656395165911937e-01,5.743066958730896898e-02,4.363322276196143074e-02
-2.635788733999838013e-02,-1.214155181582446258e-01,-4.510605441155541434e-02
8.881622513971623722e-02,-9.141853638803182358e-02,3.563010966370396687e-02
-3.930360357388594517e-02,-1.237136670355878376e-01,-2.663671596285682036e-02
1.004866354632453912e-01,-4.075958413969128780e-02,-7.645041892303310049e-02
2.111695666851738304e-02,-5.326232680063573699e-02,-1.198541552066251376e-01
2.030785184251984385e-02,1.236914425094209208e-01,-4.449847683632077860e-02
-1.135291651094385429e-01,6.856944784541985083e-02,1.207327405178117846e-02
-1.529720301008977851e-02,8.858589730510482707e-02,-9.848491048438351436e-02
-6.336716027977132293e-02,-1.062346222971558979e-01,5.023863500372370561e-02
-2.071363404996080793e-02,-1.256859008718874127e-01,4.054026224459274935e-02
3.415081497145682626e-02,-1.280061109087259341e-01,1.902899868871756051e-02
-1.041816976608007511e-01,3.968215956734998107e-02,-7.436335020084626490e-02
-1.071312725840123381e-01,8.054988450477781892e-02,-6.124374962843415378e-03
-1.269156566106254547e-01,-1.503202673694222294e-03,4.401796871327937066e-02
-5.437686023063974944e-02,-8.916937746640081486e-02,8.475824572022931658e-02
1.198865169833606831e-01,-5.180018736756414333e-02,3.287142246855633693e-02
-1.163605523040595752e-01,6.632892488310611345e-02,-1.555249965696575871e-02
-1.135166063346509241e-01,1.510003962311328753e-02,-7.149686043309232131e-02
2.697504000500694499e-02,6.019202199841899859e-02,-1.179821143966959945e-01
-1.316904273949092707e-01,2.025911789034636618e-02,2.371542106010891132e-02
7.761207554084620375e-02,1.070515150502896473e-01,-2.960238595500273850e-02
-1.125910631018360863e-01,-1.792626545355143278e-02,-7.352983257469876410e-02
-2.080498212777738207e-02,1.253116810993618047e-01,-4.810064047185632491e-02
-8.133206713771953811e-02,1.017585123748241532e-01,3.904703066207393380e-02
-1.192064363438791186e-01,-6.405563034367375841e-02,1.503119562358401322e-02
-6.869677760424934554e-02,8.969895381810598367e-02,7.628224006752193365e-02
-7.300483652485022235e-02,-3.503691831708056342e-02,-1.098715842356084854e-01
3.400432776987073052e-02,1.319724701937032008e-01,-1.004921378834459054e-02
5.116512532316749851e-02,-1.162957341965498298e-01,5.075857563391140276e-02
5.224299806020081538e-02,-9.597714103741790403e-02,8.260192228809970505e-02
-6.250278076989185250e-02,8.133702363352015175e-04,-1.220729738184084950e-01
-9.075999370279365375e-02,1.094387587132540120e-02,1.024548923088822450e-01
-1.059559623615530938e-01,-2.416758696259545952e-02,8.419336859196389911e-02
-2.048638033192317146e-02,-1.325181643693733313e-01,3.104268424223036865e-02
-8.620294846786386023e-02,1.179695898837298910e-02,-1.068618749483276897e-01
-1.341327336717474672e-01,-3.194418711228258489e-02,4.770642868754516527e-03
-7.631739032666935707e-02,5.097997612916540383e-02,1.032313530087433234e-01
-9.662546289260981469e-02,-8.425020568645703867e-02,5.187198206051487487e-02
1.055576079057753414e-01,8.585031111083896160e-02,2.564941002072475967e-02
-9.472194401546939202e-02,2.680504419582078329e-02,9.759685240446919208e-02
7.698008216950812110e-02,1.004014306099969972e-01,-5.705156307823959494e-02
-1.006883345160052151e-01,4.922074272394071949e-03,-9.562574008117487312e-02
-8.539369633445989538e-02,-8.911842439571650287e-02,-6.417080678500208801e-02
-1.080240216596875177e-02,8.801417170015300717e-02,-1.073980103456959601e-01
-9.567061725095724056e-02,-1.000337343622168806e-01,-1.683402785655203904e-02
-4.383937599123574613e-02,1.293564383909274473e-01,2.887095386609646666e-02
-1.112868384536378624e-01,-5.634668703237003667e-02,-6.304239710257063256e-02
-1.078562746160354191e-01,-6.791478549505607087e-02,5.774281314984412022e-02
7.923132630905101170e-02,5.735168849045746420e-02,-1.002916366775633700e-01
-4.150280392572176097e-02,8.663298486882149707e-02,-1.021915324543614390e-01
3.784274277097600739e-03,4.786541473403675001e-02,1.319511745725413798e-01
-4.260126344078460359e-02,-2.817307067067190487e-02,1.309718989486552687e-01
3.362584642963026196e-03,-1.295792876823930462e-01,5.482567815540712042e-02
-9.004738427018069147e-02,-9.722302848895951477e-02,4.788385714543944016e-02
-8.575669281561902613e-02,9.554265316374817296e-02,5.845418042907934986e-02
2.121121639306275397e-02,1.358017127376756339e-01,3.245455846185228005e-02
1.312946860533586828e-03,-7.068467731373145879e-02,-1.224464056433523101e-01
-5.789791912904419455e-03,-3.874545431933103939e-02,-1.360232267796553096e-01
-1.081495310597553050e-01,8.807325116992385794e-02,2.509465858262970028e-02
2.366940066166533033e-02,-5.280434279728422886e-02,1.295390448601047850e-01
-5.277247520207012550e-03,-1.041904262309779616e-01,-9.639181278417077725e-02
-6.026584256483533131e-02,-1.180704763860907780e-01,5.146134634167301436e-02
-4.257734818737136245e-02,1.358413021797486298e-01,1.105678460766596448e-03
-9.075675926565444918e-02,-1.089576248488649257e-01,1.429770402989516583e-02
5.351029086217789360e-02,-8.001462762677875873e-02,1.053251243312897517e-01
-7.571340411496138567e-03,1.410864513075724136e-02,-1.419465392073260834e-01
-2.477170616131025432e-02,-4.276684130722167854e-02,-1.341965579346122983e-01
-3.680758508459217038e-02,7.507455348884523039e-02,-1.162177145585042981e-01
-5.209452388317838134e-02,-1.035682654523501361e-01,-8.428248502435078948e-02
-7.979220391558332348e-02,-6.359472591613674064e-02,1.008906633553705995e-01
-6.284167986664963845e-02,6.978654418354370004e-02,1.087062618575463102e-01
1.007119612654247889e-02,1.288465860119809570e-01,6.308508985488119059e-02
-1.330132381642017136e-01,-3.762865478324849827e-02,-4.025548030396801369e-02
-7.714775892238781574e-02,-9.904447391486310981e-02,-7.080768558296168802e-02
3.322072309434161586e-03,1.358499539464837202e-01,-4.853317117248349966e-02
-6.037074740505721931e-02,1.217453456585746857e-01,-4.900602485945619591e-02
-9.411927545230425185e-02,-8.929363996898911915e-02,6.389693078807835713e-02
-1.170197375905283020e-02,1.292480880330175441e-01,-6.418021243678724563e-02
-9.732282477272267973e-02,9.605663179765056015e-02,4.805226959308572104e-02
1.560994983084369042e-02,1.392984096586203924e-01,-3.750289023813953987e-02
2.868790022541652107e-02,1.283502066837108047e-01,6.167656645460364850e-02
-7.144251012569671766e-02,1.262305073946220213e-01,-1.045052020892293237e-02
-9.065854973571646491e-02,-1.133801326452038710e-01,-1.095476382177622623e-02
-1.150974268412879517e-02,1.413079854450967343e-01,-3.376817694192525005e-02
-3.739352296353948280e-02,-5.264900041867835029e-02,1.308328190216959952e-01
-1.052764123722113310e-01,-9.095324651089935208e-02,-4.448081007736536668e-02
-5.202558423739346918e-03,-1.266153739287166624e-01,7.295483975706584800e-02
-1.289186268710978411e-01,-6.914217012770147719e-02,-5.203478755135404824e-03
5.435047144986417805e-02,1.334346945293116427e-01,2.675382562308510279e-02
-9.728430316370122177e-02,-9.487807689735090755e-02,5.527508926436390524e-02
4.899021070170882231e-02,-5.550090997607751153e-02,1.268381635536590391e-01
-1.246282717543817226e-01,-7.689212178132680264e-02,-1.306251467249501183e-02
-7.780526275401210279e-02,-1.213052631372281420e-01,2.989250269046661579e-02
1.393729945070617260e-01,4.745742589396790417e-02,5.668537706563431429e-03
6.711147389576817279e-02,1.301662274601177449e-01,1.757805797895040101e-02
-1.351187812902333307e-01,-2.515053507013254724e-02,5.397772838517293781e-02
-4.290483517567160454e-03,7.048585286139544270e-02,-1.298600856996799113e-01
-6.130818979854173179e-02,1.985500466507196873e-02,-1.332084677432395503e-01
-1.328963229594436191e-01,6.517565477983695843e-02,-5.937107322252886329e-03
-1.341543297539173896e-01,2.972341727780949613e-02,5.577498009184510275e-02
-5.919150908515801585e-02,-9.823610930238405037e-02,-9.425998430522897209e-02
4.158026587857986678e-03,-1.410693393115576844e-01,4.656493084949046846e-02
-1.174913566139614875e-02,-1.873318345855356018e-02,1.471204429884126197e-01
-3.120128309253553806e-02,3.100616145076804178e-02,-1.422876884316492951e-01
-7.548991059524629010e-02,1.279497497978261678e-01,1.257550068689231026e-02
-1.365844496973564748e-01,5.304391970984386612e-02,2.839699653033674748e-02
8.554247871079342924e-02,-1.168814002305675198e-01,3.666009078898740947e-02
-3.033386454858756978e-02,9.756569379062599023e-02,-1.092288561670166913e-01
-1.286362366268967994e-01,7.593119884033711076e-02,1.023544342321649862e-02
-7.575276980569323193e-02,-1.186772370519241504e-01,5.140326701552791477e-02
-9.911829563224500150e-02,-6.191851145172212051e-02,9.409691549715869241e-02
-6.007503850157625003e-02,4.804229363106244516e-02,1.290078661784185565e-01
-6.623643881348174889e-02,1.318659717910120877e-01,-2.884033958012211310e-02
-9.406942034754474380e-02,5.375585202165424591e-03,1.173767718476955574e-01
-4.203962452060753391e-02,-9.773118527307923797e-02,-1.066966252255639042e-01
-1.362201264941623746e-01,4.458292092433011056e-02,4.697851741119353497e-02
1.183767501091929630e-01,-9.372103206766850547e-02,1.241043648688211487e-03
-4.035832950488062003e-03,-1.074691587355070671e-01,-1.062075090413123896e-01
-9.262847042101635120e-02,-7.768093878772248939e-02,9.099081428342709055e-02
-4.035899376827805501e-02,1.419642933316279387e-01,-3.404055200535215098e-02
8.217808953353147872e-02,-5.434100288478237173e-02,-1.152523007224250662e-01
-3.825873513260583808e-02,1.148686745595891706e-01,9.153453539896062863e-02
8.940729973088308580e-02,-4.326656818669865484e-02,1.149753130256892242e-01
-1.511024964287059902e-01,-1.641237226564108698e-02,-5.617134146987577681e-03
-1.238332297114341646e-01,8.856389588477894814e-02,-1.606557161931008743e-03
4.998050696347918626e-02,-1.150834222087004227e-01,8.652472762975070564e-02
-1.286988611860146736e-01,5.648236879735222399e-02,-5.935578779773131169e-02
-3.021305649279479311e-02,1.183867845567618399e-01,-9.163256058213041511e-02
-1.272846915224224162e-01,-2.004662322851437362e-02,-8.227744328250261030e-02
-1.467843037771016379e-01,-4.892494418292933113e-03,4.302734807733148842e-02
-8.256862962378119048e-04,8.717490316995461785e-02,1.259717748769891565e-01
-1.081615173820542758e-01,-9.445549465891485419e-02,5.381841782863234364e-02
7.482115351036901056e-03,1.533110648806081111e-01,-2.255259294510382571e-03
-1.165809474872860352e-01,7.241368210059435928e-02,6.912811887523409582e-02
-9.843812991520727029e-02,-1.091158339900411278e-01,-4.544732776204926661e-02
-1.143188605144188075e-02,1.170245456291818531e-02,1.531091754674337724e-01
-4.056559322343165908e-02,1.270847416203135793e-01,-7.721562257427451448e-02
-1.083597543246705291e-01,-1.070605223751653207e-01,-2.455372928896326287e-02
-6.930151485355318108e-02,-1.356262293670187913e-01,2.564877046296385951e-02
-7.083297835067539974e-03,1.440278633348164583e-01,5.576040004027284919e-02
-5.093236186721467745e-02,-9.563511317174241966e-02,1.105063682294182004e-01
-1.496114976845667188e-01,-3.886015378139373588e-02,-1.032347426203808829e-02
6.937496434618038721e-02,1.350018128163221198e-01,3.178663162808429560e-02
-1.502001231228285716e-01,1.516262665863782853e-02,-3.615648834202798978e-02
-1.129071958247858110e-01,2.237943159118959552e-02,-1.043884016456053804e-01
6.939386526848208281e-02,-1.147536814913907854e-01,-7.880651542149436084e-02
-1.230688744648088945e-02,-4.791102597215709386e-02,1.476348772438387802e-01
5.558394715275247894e-02,1.413022631472573010e-01,-3.515265174182544833e-02
-1.509255618348121775e-01,-3.022335261081349200e-02,2.546171518689392330e-02
-1.299050626211855353e-01,-7.059686200329695627e-02,-5.029635944819389748e-02
-1.045367975864248122e-01,1.086449395673180635e-01,-4.130402458613773031e-02
7.688625404826340826e-02,-1.082343216974115535e-01,-8.282678474304303040e-02
-1.214785403158542137e-01,9.188931042451953246e-02,3.653138431256539032e-02
-1.125658679879377178e-01,2.221880614531689807e-02,-1.068610596388931966e-01
-4.738733032367011683e-02,-1.399654631816523720e-01,-5.288658387054819693e-02
1.439544396314571817e-01,5.652984795821601460e-02,-2.762697803744813829e-02
-4.228357229905747167e-02,-1.242206762643754542e-01,8.667168683619097536e-02
-4.405111192617259391e-02,-1.394455648061806996e-01,-5.825828435241562492e-02
-8.347979980008390921e-02,6.859964138704081893e-02,-1.146898932217009365e-01
-5.308847952556757649e-02,-1.173864719037312765e-01,-9.099222348355727463e-02
3.964215100085120304e-04,1.381231598286686568e-01,-7.647494107493320314e-02
-7.730384819126082108e-02,9.934012039970781249e-02,9.555779640754272219e-02
4.166300525868774779e-02,1.524762040569184463e-01,6.318650982073662284e-03
-1.577205271836588929e-01,1.376383740168799115e-02,-2.938263772560312584e-03
7.066153189448860783e-02,-1.418734697485198037e-01,1.362428197817350337e-03
-1.083173839770284752e-01,-6.981108549679136688e-02,9.255228036811015413e-02
-2.807285087929202103e-02,-3.670302423341099962e-02,-1.519413668109506899e-01
-1.340925532001907283e-01,-1.988037547956470353e-03,-8.535718976496901866e-02
-3.419436799633972235e-02,1.553270094032164206e-01,-4.914309252639957951e-03
-4.702749834123792078e-02,-5.430174178148748643e-03,-1.520792964759658805e-01
-5.558355782147462315e-02,1.201604475919965387e-01,8.882820733905132105e-02
-3.023347797862928343e-02,-2.733496965834442127e-02,-1.542939139857935626e-01
-1.432861115560387505e-02,1.560188851971330282e-01,3.114586704081924451e-02
1.088749393607229693e-01,-8.577957991972225138e-02,-7.971699782299439263e-02
-1.442827387516641413e-01,-6.927130212954413224e-02,-3.430040073397245290e-04
-1.424602038210759647e-01,-6.829286501088330241e-02,2.658564329610681176e-02
-1.666132393352733748e-02,-7.330944821056087357e-02,-1.416448344159292605e-01
-1.422345931517420836e-01,5.713926924493948484e-02,4.763508758968413442e-02
-1.431406685821008107e-01,-4.764491808960209102e-02,-5.527170706085031415e-02
-1.187567748462259321e-01,2.738038779860136034e-03,-1.084121145238754330e-01
-9.631126582696576677e-02,-4.897891694261925777e-02,1.193259987629758656e-01
-2.279636655101733786e-02,1.469193206174786714e-01,-6.211434741452682290e-02
-1.514616742852967768e-01,1.075387763553036120e-02,5.437429532534265864e-02
-1.600601809612746951e-01,1.508066281856584000e-02,-1.469302583213694981e-02
-5.567584066243596447e-02,-7.826161093588529516e-02,1.299524909931918937e-01
-6.829570893009327681e-02,-1.443447013466714890e-01,2.573749029126729676e-02
-1.055221063289893124e-01,-1.208532503545971665e-01,-2.171424333230248874e-02
-1.093833977383182193e-01,-7.532910857131844273e-02,9.285782443448407919e-02
-1.221118704311383307e-01,-1.104453987591396194e-02,1.061996471187435648e-01
1.114052002425430232e-01,-8.444035933364259228e-02,8.258493114100012855e-02
-9.464648884471295320e-02,-6.201494400360446635e-02,-1.166520063306330096e-01
-4.555386166321338109e-02,-2.620449999722454862e-02,1.539468721043017463e-01
-7.956892793288729282e-02,1.328830265687209466e-01,5.022305931766828102e-02
-1.460915042388838680e-01,-5.859135992596842257e-02,-4.225899489332829440e-02
-1.125260652486355893e-02,-1.582026617472678531e-01,-3.816874561760486700e-02
1.167858194980804926e-01,1.140160089323064840e-01,4.802966411434188461e-03
-1.430391945539701004e-01,-3.129410614324352243e-03,-7.900482035038473849e-02
2.592367912607466962e-02,4.237393606441249017e-02,1.558663822812566269e-01
1.454660301005777402e-02,-1.630581842614124422e-01,3.538833088006614492e-03
-7.001987911357854949e-03,-8.297749814731653073e-02,-1.411666273828734441e-01
-1.139122178177093131e-01,-4.901206293511171930e-03,1.179514106846189236e-01
1.331689368886067142e-02,-1.591720351742716699e-01,3.807554521027478600e-02
-1.506427800907980119e-01,2.869010776984896524e-02,-5.913336746418904055e-02
-3.717133459240203053e-02,1.059754493806541326e-01,-1.202121206285194088e-01
-7.696521909275008677e-02,1.043915636530555607e-01,-1.014523387009574895e-01
1.667146210301501466e-02,2.548839352785319673e-02,1.619772144705630135e-01
-9.601830413312749390e-02,-6.323099293677837685e-02,1.183087682927039808e-01
1.797509369015371297e-02,1.616302428363690646e-01,2.859463365111568692e-02
-6.400371698573378842e-02,1.020268284635589412e-01,-1.131796277884829227e-01
-1.389279430337219401e-01,6.136918112685147558e-02,6.556631889160649540e-02
8.272617361117220666e-03,-1.118983470172575795e-01,-1.217660067713701721e-01
-9.835241530286144285e-02,-7.999761397103715560e-03,1.331541195459086668e-01
2.930202023703676415e-03,1.533644124367418149e-01,-6.315528349841743883e-02
2.047603972777942843e-02,-7.472395803550881122e-02,-1.468520233256589702e-01
-1.233382150956250922e-01,-1.112182856409685561e-01,6.107270205289272273e-03
-7.080961286636963670e-02,1.791459261085138338e-02,1.494486038834385577e-01
-1.215454220300916516e-01,6.281650062083063424e-02,-9.487541026971206548e-02
-1.004796335295928822e-01,9.650614019369035956e-02,9.144239925177942430e-02
-4.313584873760424598e-02,4.965685977598986722e-02,-1.532826999428567871e-01
8.028690684587608262e-02,1.353890498842375001e-01,-5.564824920913596235e-02
-1.439038882466749658e-01,8.434691469037380873e-02,1.005124176085822434e-02
-2.142154626330279241e-02,3.497802788912552502e-02,1.621489857746827856e-01
-1.268254399837165369e-01,8.990244380936049384e-02,6.211606589885881879e-02
-8.078551021561945766e-02,-1.462573855989319493e-01,-1.260816294770638821e-02
-1.545388301298727118e-01,-4.610029324757045771e-02,4.604313294368276438e-02
1.595764219125898886e-01,-2.876094049062583730e-02,4.343537962289428789e-02
-1.471006996025586711e-01,-5.980695217885191595e-02,5.489992663523163979e-02
-7.907362348380043982e-02,-1.100562095602544144e-01,9.957681861610571949e-02
4.776912446854717637e-02,1.611364581941042151e-01,9.208391652746351561e-03
-1.346267470723395421e-01,-1.007133480844102230e-01,-1.073424047552846289e-02
-3.686541734372562190e-02,7.338767120934050481e-02,1.472722200205845988e-01
5.750605552465956616e-02,1.563481330389182855e-01,-2.708160171548476200e-02
-9.237452614828564612e-02,-1.116831510569629704e-01,8.677633429673740906e-02
-6.113327077093709885e-03,-1.156805151539410936e-01,1.231592459197207862e-01
7.960623540578921908e-03,1.395145877694419778e-01,9.545227144044522716e-02
-6.434758620509499483e-02,-1.089726332668547043e-01,-1.125810185434061722e-01
-2.595661402524539543e-02,-1.565992787899574967e-01,-5.953474905907395198e-02
-1.517091935245501177e-01,7.569506665524849964e-02,-6.885380047857837457e-03
7.474529427847104168e-02,-8.518054476514846929e-02,1.264975976953320591e-01
-1.598103924406617249e-01,5.143385848125139187e-02,-2.666175761811277398e-02
-1.370366185852302521e-01,2.669616746832939765e-03,1.008015195661050301e-01
-1.421314017772938865e-01,8.083901166607468380e-02,4.756377705809442663e-02
-6.280003807181619435e-02,9.112467980995471450e-02,1.296246838184353378e-01
-6.368374061479237236e-02,-1.534207146855685877e-01,3.883454503134180225e-02
-6.135402852385420103e-02,-1.431110137331364773e-01,7.005822627374543032e-02
-1.026035468848158355e-01,-1.349917039236799288e-01,-2.132118382852839222e-02
2.805772415319153154e-02,1.016324204790845648e-01,-1.346851689422140785e-01
-6.109785864297021668e-02,-4.737835369251727075e-02,1.527432169879762991e-01
-1.478642297717925047e-01,6.533421716414693214e-02,5.681070434170290562e-02
4.611085253300700043e-02,1.242843160787964751e-01,-1.088061248558060967e-01
-5.217577042213618170e-03,1.006914914921433618e-01,-1.389148433737400767e-01
1.047277027572353775e-01,-1.219357797397228188e-01,-6.065391554120665857e-02
-8.198568618588882029e-02,-1.448646972805285593e-01,-4.312204565875357720e-02
4.958677350413780160e-02,8.055960314020524371e-02,-1.437709826607421748e-01
-4.437252906067706143e-03,1.578944841335257476e-01,-6.870456083955214788e-02
1.527194733044684727e-01,-7.990910954983256043e-02,3.725798807546368101e-03
1.293610631433651514e-01,-7.911871316666095610e-02,-8.234361168734952163e-02
-9.487942267152189857e-02,-4.731713144119587683e-02,1.363285828634047958e-01
-6.767605276114339874e-02,1.423333708532496800e-01,-7.099058106552498526e-02
-1.136300642618801870e-01,-1.977293178393730450e-02,1.289487153789214968e-01
-4.416854485408937964e-02,-1.629286798903082367e-01,-3.854841411971650367e-02
-9.541343211869562912e-02,5.668031061425277128e-02,1.331101302325741476e-01
-1.339059382643452145e-01,-7.157044110835859840e-02,8.386705258777760186e-02
-1.543717228030508648e-01,2.012931469722753497e-02,7.683193316275307994e-02
-1.279956300842276518e-01,-6.508236530363734063e-02,9.783942434550431388e-02
-1.537494852803465706e-01,-7.156525503392965892e-02,-3.850808715884585648e-02
2.662265380273259527e-02,1.233371779755599307e-01,1.198948828726714988e-01
2.855124262240500699e-02,6.635469298834498555e-03,-1.717226839692888585e-01
-1.469869325206869803e-01,-1.787056797859616630e-02,9.206341365346264183e-02
9.008239331934031827e-03,-4.002011234392204714e-02,-1.696165249914820816e-01
-1.308960465434309550e-01,9.975792733145202873e-02,5.847624264634282421e-02
-3.947130170500773999e-02,-1.677193773185388925e-01,-2.948750577249819801e-02
-1.486383385114871114e-01,-5.031877744790357564e-03,9.214682768067315732e-02
-1.073962593980052893e-01,6.062664172962030362e-02,1.243085822530127088e-01
7.503022476253175255e-02,1.525516388992821104e-01,4.258074804891962689e-02
-1.346342020960795971e-01,-6.458629851499272934e-02,9.202943669746070643e-02
-4.978148349480544799e-02,-5.915429881309142157e-02,1.576143900043488477e-01
-1.223586787626579492e-01,-1.048287087997226280e-01,7.008278669374497227e-02
-1.303939109061692248e-01,1.103836865745460027e-01,-4.168669191813162422e-02
-4.748540961736181371e-02,6.010852146631594228e-02,-1.584602533231040944e-01
-1.344011820379277244e-01,-5.537319421732767033e-02,9.950050716203104328e-02
7.387095329805522248e-02,1.098115436582384613e-01,1.164793010716844573e-01
1.440756007004779897e-02,-1.720913861943671463e-01,-3.623020338086709730e-02
-3.686675112275338700e-02,-7.780049066437323690e-02,-1.541957771762680340e-01
-1.325556044115470955e-01,6.671055226089810108e-02,-9.602038880231060503e-02
-1.186743610598814253e-01,-1.124853756579945602e-01,6.750895639208985555e-02
2.401348374924597989e-02,-1.297571217592191073e-01,1.180394726854950976e-01
-4.227968833335136491e-03,2.627910198820125262e-02,-1.751892957680795948e-01
-1.270689970734545926e-01,1.122436646874246241e-01,5.203363404267415809e-02
1.285486669005005134e-01,-1.217520661434431661e-01,-1.254136506734586549e-02
1.545934727194064537e-02,9.726032686700550323e-02,1.478513522574269601e-01
-1.413693614530791010e-01,4.558905591622532810e-02,9.771351302680701678e-02
1.555551310666633547e-01,8.639437280998567281e-02,-1.798682902232406422e-03
-7.035575360362872344e-02,-8.473854652046197700e-02,1.399540384758819200e-01
1.085993568547156257e-01,-1.183455292898999006e-01,-7.727416312040034929e-02
-4.912555783740379933e-02,-1.578169894584488253e-01,-6.711470127268355512e-02
-2.488348351432820293e-02,1.676590455240780375e-01,5.610986859509045632e-02
-1.112291314035100398e-01,-8.734320177558131670e-02,1.092222169280864796e-01
-1.937000696854391038e-02,1.730124685597775325e-01,4.092616315524116866e-02
-1.509653231307702681e-01,2.571627374209087616e-02,9.265448387311087108e-02
5.701726837048894797e-02,-7.700177160383057939e-02,1.513596504231875250e-01
-6.728851802210721045e-02,-4.818404390823317895e-02,-1.590403938343408208e-01
-8.326902660555465796e-02,-7.009696259954299735e-02,-1.426510255126000604e-01
-1.056563806155563640e-01,-1.449582014743633351e-01,-8.593426200002144549e-03
-1.018858815486483327e-01,-4.268244725749040236e-02,-1.417775421323578811e-01
-1.259533483179856028e-01,-8.244649062784657756e-02,-9.846397786907981620e-02
-1.053027496658209272e-01,-1.455778806101487022e-01,-1.134438831551660629e-02
-1.102694108639183795e-01,-7.987699264689736289e-03,-1.422695589942934158e-01
-1.468747347549196058e-01,-1.036768328666625161e-01,1.400780515662648773e-02
-1.210336014564020041e-01,-9.985255579820975780e-02,8.916937548066161678e-02
2.752678940484206901e-02,-1.784642793301202957e-01,4.147373901927577100e-03
-1.271765980163014065e-01,9.953066867894738712e-02,8.122680022071168682e-02
-7.078748336462509227e-02,-5.266881523625188688e-02,-1.579455720955025289e-01
-1.192732606964849035e-01,-5.075876579857552251e-02,1.264230343629196840e-01
-1.199402428850527419e-01,-1.358368706835168527e-01,1.315836772601511979e-03
2.667866739169702083e-03,4.986198822898237071e-02,-1.743543658149938058e-01
-1.374119611404601426e-01,8.485391013522190773e-02,-8.285112969669750083e-02
1.105234655987037684e-01,-1.339457567907930691e-01,5.332386111964094316e-02
-6.329595099855213347e-02,1.609907504635296749e-01,5.594425911055879441e-02
-4.821159044911130925e-02,1.749461639838479077e-01,-1.332273832302849348e-02
3.192451890517553157e-03,-1.576023440160943534e-01,9.117679111441666373e-02
4.394900521070554955e-02,-6.399830711022339025e-02,-1.648893975479304164e-01
-3.982193826142309268e-02,-9.934564779800575396e-02,1.476970280405017488e-01
-1.193356317296625224e-01,1.363971553889654909e-01,-2.187590444054279479e-02
2.140336107238068747e-02,1.616312126757791512e-01,-8.243170374847878790e-02
-9.559245535917197667e-02,1.421945740900379396e-01,-6.383227721200850080e-02
-1.248150936978899839e-01,-1.265111627119815951e-01,-4.361144700072282915e-02
5.840658041115606020e-02,-1.630632529467147818e-01,-5.948936011527473228e-02
-1.419708263727542403e-03,-7.796117581642036942e-02,1.658737593620059347e-01
6.810579404427622233e-03,7.112591909501808640e-02,-1.689465663650352167e-01
5.081260447367372257e-02,5.136749587686096491e-02,-1.687657230565421662e-01
-1.437298540479481912e-01,8.408572336895416000e-02,-7.763986784144363829e-02
-6.433931631598831247e-02,2.561860097030266639e-02,-1.703379483557801999e-01
-3.560851337723711096e-02,-2.615549281546615534e-02,1.786423274747213075e-01
-1.102014089786603479e-01,6.658285935174926284e-02,1.316884145008656859e-01
1.499522589248965601e-02,-1.826775122425764730e-01,1.943901669821654354e-02
7.150693412222981771e-02,-1.693647659494575408e-01,-1.518255233016629555e-02
1.444067667396967958e-01,-6.094481061040592229e-02,-9.754482589521870639e-02
-1.823854885723879826e-01,3.441610687307575332e-03,-2.933763194429513804e-02
-3.041866343502822034e-02,-1.451102763696914266e-01,1.104951709694868695e-01
2.579033222167945519e-02,-1.093080229606847170e-01,1.470801690423908514e-01
-3.015932608411743196e-02,-8.266798572665706724e-02,-1.629628894802644667e-01
-8.784961316896498784e-02,1.584930281974464839e-01,-3.895436760446998464e-02
-6.423624420333022556e-02,1.441887851227603712e-01,9.743161567980077042e-02
-1.281551391162019382e-01,1.305793405845745714e-01,-3.145679746345832195e-02
-1.342992036597459027e-01,-1.281987075652414876e-01,-6.905995426905267055e-03
1.018556267399641224e-01,-1.154373088411728282e-01,-1.042746938284162955e-01
6.774784474155841341e-02,9.733309621605119866e-02,-1.434041641500533870e-01
1.359398095776084558e-01,-1.736795507735172314e-02,1.261019983666371580e-01
-1.849273105276701482e-02,1.259408691823985793e-01,-1.361421071338020650e-01
5.435132293195657494e-02,1.054096146181267429e-01,1.439697909247703578e-01
8.695692350317971164e-02,1.449526108516358547e-01,-7.921246575637731768e-02
-1.815608683112696353e-01,-1.551585298927808578e-03,4.399410246879572467e-02
-7.058722245987893162e-02,1.412329403883314238e-01,1.001390258904075736e-01
1.861492307439104044e-01,-1.135893350804681456e-02,-1.521448338806348673e-02
-9.565435578066264211e-02,1.378458577428184895e-01,8.316100981874190168e-02
-6.116083770328600844e-02,-8.802080785847243849e-02,1.537324247749234651e-01
-1.287987203703126748e-01,7.736233433426802086e-02,-1.122628032300718032e-01
-2.123904939577972439e-02,7.893067988456424489e-02,-1.689700192727531525e-01
-3.652761406810204042e-03,6.997230440309497529e-04,-1.878117532355597086e-01
-1.069091391910391153e-01,-7.667175806110911040e-02,1.342909681435447422e-01
-4.775378879709653995e-02,1.202306691021150092e-01,1.366070258880281163e-01
-8.866901695418543880e-03,-1.118663236350284432e-02,1.877464173760245436e-01
-7.312905443257365634e-02,-1.651325412067144172e-01,-5.376853459451706729e-02
-5.553367918018236454e-02,1.695766684897996868e-01,6.101358118523436680e-02
4.265414574774439166e-02,1.664391741396765712e-01,-7.808182117747297646e-02
-1.607197541485298753e-01,-9.634960482026080908e-02,2.365041034325809574e-02
-1.635426400362065824e-01,-8.477302283081911138e-02,-4.238018680551380868e-02
-4.634937142795497733e-02,-1.496242649961442572e-01,1.060584746079219348e-01
-1.457808498960453669e-01,-9.420726580374119696e-02,-7.558038818423010174e-02
-6.368145365750133013e-02,-8.619123113812951487e-02,-1.562389482553300513e-01
2.865318219569348845e-02,-1.874266215914162370e-01,7.452637489439307679e-04
-5.178457269084121850e-02,-3.301835252861348019e-02,1.795380510318594636e-01
-1.558775816011327350e-02,1.572477138782157613e-01,-1.053159032189841665e-01
1.220106414593281480e-01,1.311451921566951784e-01,6.349117981311291903e-02
-1.880469597676575066e-01,-1.090595133533787302e-03,2.845163388357010645e-02
1.710407401073907874e-01,7.333808978166261872e-02,3.993144871466749318e-02
9.235106650297331132e-02,1.312891607275269712e-01,1.025572374019877026e-01
4.864563548517013281e-02,-1.768034084260300398e-01,5.208986331667595643e-02
-1.385599526498762779e-01,9.729037561154993408e-02,8.792382237834106551e-02
-1.298782104136543825e-01,-8.397089547266686771e-02,-1.119425093375337465e-01
-2.268574385326492873e-02,9.969099996301275524e-02,-1.614106155800130171e-01
-1.521496013688017068e-01,7.121745070013676959e-02,9.132726061523638306e-02
-6.034475641677771590e-02,2.798967456358379680e-02,-1.794240338281283820e-01
6.197974979690281522e-02,-1.805796986793376802e-01,-1.494019806836590324e-02
-5.704175502077032250e-02,1.100741937419740524e-01,1.461488905308186703e-01
-2.942398770926631449e-02,1.887131623245811851e-01,1.752289121255401136e-02
-1.193264213996219902e-01,2.059526218610072471e-02,1.489242879860478430e-01
-8.155233198000597095e-02,-1.620923476869698954e-01,-6.302891829114570799e-02
-1.620634842310335680e-02,1.774612936362754967e-01,7.209842059144862259e-02
-4.299333916390026683e-02,-7.784882462448089457e-02,1.705886465924770778e-01
-8.769555424922781395e-02,-3.996681474955780800e-02,-1.666659573028827779e-01
1.850322685741013495e-01,3.007306672105490575e-02,-4.449880104896176969e-02
-1.247969289221145528e-01,-8.303259783555828194e-03,1.467459006394566390e-01
1.032575937082442080e-01,8.971576877969796027e-02,1.360979907888615614e-01
-1.771021702779431439e-01,-6.059847982416245726e-02,-4.746077084234846116e-02
-9.329517013063369502e-02,1.250050304885400865e-01,1.140869381752715045e-01
1.177974879074090153e-01,1.532705046069890165e-01,5.848827442641013272e-03
-1.820612457992701327e-01,3.849718465160128361e-02,5.319991787973556152e-02
-1.916833106476748330e-02,4.635782093220924653e-03,1.926809117219746847e-01
-1.357018608869316745e-01,4.616973497209680977e-02,1.304780786567642237e-01
1.250284695971333182e-01,-5.243454763367742799e-02,-1.387300184722848329e-01
-1.013840996649208598e-01,-1.649262253998265149e-01,-1.430042734509344264e-02
-3.794660280806400054e-02,-8.056720894836746916e-02,-1.726536640482372320e-01
-8.925498438802056955e-02,-8.492635332785367086e-02,1.503921921259300520e-01
-1.219524845352322195e-01,-1.189140348754113979e-01,-9.402268200351503180e-02
-1.823146230528346901e-01,5.819589262911601529e-02,3.583767548074561632e-02
1.286166494555674722e-01,6.209667085914540030e-02,-1.325443904194187617e-01
-1.657650759062460344e-01,2.520134385633893137e-02,9.954721569811193771e-02
-2.165254042001472576e-02,1.932671584663522291e-01,-1.607428768159461716e-02
-1.030685449854114727e-01,-1.425391965336481326e-01,-8.482621903057399604e-02
-4.713654371334817517e-02,-1.682240626511269654e-01,-8.758709551741582222e-02
-1.238130435013624353e-01,4.318634264729448446e-02,1.451021824948611483e-01
4.670554387951950451e-03,-1.708751971383026813e-01,-9.532020287170958617e-02
1.468284164456003793e-01,-7.999834680647785468e-02,-1.020025255345967385e-01
-7.297435589919636090e-02,1.720005834521025900e-01,-5.924654844870908682e-02
3.097711367023686310e-02,1.925959660567385934e-01,2.058229563304074181e-02
-1.874731615672816654e-01,-2.868085108760878507e-02,5.064068145639504664e-02
-2.621123834671752403e-02,-5.096505494822012317e-02,-1.878979978053130218e-01
-3.882681697553513195e-02,1.926804655918526454e-01,-3.706563628916077161e-03
8.314417181130736439e-03,1.684510531280219159e-01,1.012870363516237410e-01
5.581674619056748582e-03,6.961876648698331338e-02,-1.840733078100891262e-01
-4.603904502249581837e-02,3.015690600697257598e-02,-1.891794622689466077e-01
9.186955418338871304e-02,-1.048368617061749830e-01,1.394422455545605288e-01
-1.744172543989111479e-01,-1.966190077688256821e-02,-9.013325592554212451e-02
-1.496538071355399124e-01,-1.245327709062683669e-01,-3.292994808839799781e-02
-6.533152531084726600e-02,7.437709465253161678e-02,-1.710146399603212630e-01
-4.437572138273606498e-02,1.235147639438934769e-01,1.479128406293114262e-01
1.425912916638903127e-01,-1.033490749660833097e-01,9.026170815743542186e-02
-2.235580344818909569e-03,-1.211891554098350893e-01,-1.566073998609972262e-01
1.525147188459962701e-02,1.714950937665185027e-01,-9.814147162367253818e-02
-1.864545226211688014e-02,1.096772644337851432e-01,1.641810938785931706e-01
-7.305207135416298680e-02,1.813447561915899897e-01,-3.416076350483535085e-02
-1.111443088354297920e-01,1.523590777419014074e-02,-1.638951471292597883e-01
6.568678109413014776e-02,-1.782598343330597801e-01,5.841955926627324241e-02
1.850036793135149960e-02,1.102548696810106005e-01,-1.645088240192306983e-01
1.034715247085408324e-01,-8.344121978867040379e-02,1.481559271148153722e-01
2.636997493100541254e-02,-1.764348941494428280e-01,-8.861023287497733769e-02
-5.000477551294846973e-02,7.711181968345814930e-02,-1.768818482409923731e-01
-1.113871331829127675e-01,1.549228445219956729e-01,5.816552089874921921e-02
-8.943619830484529631e-02,4.359034536716958549e-03,1.784127627535013472e-01
-1.054448239869364701e-01,2.748439988472013706e-02,1.674291428287240091e-01
-1.136564322669040006e-01,4.566491744312560497e-02,-1.579906744367075566e-01
-6.501801793401174034e-02,-1.635102885954313858e-03,-1.891870419830046224e-01
-1.523407025166232387e-01,-6.144440756539164272e-02,-1.144391166619306011e-01
-1.956452430417493504e-01,-1.468583813756053078e-03,4.310327681842592018e-02
-2.728303759662594613e-02,1.191897034678894712e-01,1.588844984952391126e-01
-6.657675693066508749e-02,1.633185419164357235e-02,-1.885560745660778692e-01
-1.242648180094229060e-01,-7.158848622656203975e-02,1.405123323880062558e-01
-5.887756827022230105e-02,-1.414493904730268481e-02,1.915764644051484722e-01
-1.216795174122545647e-01,1.388804848916795898e-01,7.957600834249840827e-02
-8.362193042561617828e-02,-1.449803897777769413e-01,-1.116779801732473293e-01
6.425034571366405878e-02,-1.295543080478094577e-01,-1.401049382245644070e-01
7.585654917374163447e-03,-1.597868327651456588e-01,-1.225168697937525780e-01
-2.817248874572431810e-02,-1.991272819138362737e-01,-1.457266847376985017e-02
1.541544882416192586e-01,-1.239090299479969487e-01,-3.998339112805523315e-02
-1.450608468343878854e-01,4.445840188371592144e-02,-1.332462255856318722e-01
-2.569030333027121776e-02,7.731648227409908258e-02,-1.849161587198963619e-01
-1.575304120214105208e-01,1.103599402588793105e-01,-6.240801019247189940e-02
-8.414967420831380787e-03,9.078938348800305591e-02,-1.806502270415896727e-01
1.005928049878176272e-02,-1.796892525069778423e-01,9.282652506826592764e-02
-8.232828033458762518e-02,8.907133927332648582e-02,1.623351889571446882e-01
-1.844587167392474358e-01,5.746340246036949623e-02,6.160776480789058318e-02
1.772696360652459835e-01,6.417484678840226775e-02,-7.508585729995546909e-02
5.568279854887740049e-02,1.330307972216122347e-01,-1.429731766514114322e-01
-1.301224703981533060e-01,4.654599243486725289e-03,-1.560252530561038464e-01
3.232510982124191939e-02,-7.849089495619566981e-02,-1.847971999403464349e-01
-1.633909259569814587e-01,6.486753454812737435e-03,1.211421987946074558e-01
-1.261035958181034589e-01,9.553676463660221163e-02,1.282306967028070399e-01
1.205360512935452731e-02,3.919760370729279131e-02,-1.996226171560119000e-01
-1.656218049642881399e-02,-5.896795062851874214e-02,-1.945195748820068848e-01
4.111563096359209524e-02,-1.573795091079062680e-01,-1.232439633507431687e-01
-1.297490472931341343e-01,7.094294340480963856e-02,1.408498586638566585e-01
1.300212269547226795e-02,-1.871902723649869482e-01,-8.096725133046199507e-02
6.522847970395760642e-02,1.859639133673532119e-01,-5.464612768511183799e-02
-5.028180883668124240e-02,1.883832068839738916e-01,6.217435150108823610e-02
-1.730257442162112802e-01,-5.874455294887134804e-02,9.247677759856212654e-02
-8.756248550877180140e-03,-6.643865786911580529e-02,1.936716085845344992e-01
-5.313903815173012107e-02,1.946605008497808986e-01,3.662915914040709014e-02
8.658608894994328231e-02,9.736259068142752438e-02,-1.585568434656284831e-01
-1.818686053346723341e-01,-1.706855006819472899e-03,9.537589099536346315e-02
-1.762590441077119818e-01,-5.097170252531994100e-02,-9.256940392709767096e-02
-1.244800415029128082e-01,-8.210025621829725173e-02,1.416246903295998172e-01
-9.244616298178875979e-02,5.842320977859525449e-02,1.743346755725558028e-01
-1.671347758904255243e-01,-7.215753960949373991e-02,9.628233274408624920e-02
-6.684845835844965833e-02,-1.799480883492527439e-01,7.496612663267096521e-02
1.157920387488331065e-01,1.703764752770421664e-01,9.641626717793132587e-03
-1.838409766562762448e-01,-3.679059042329305140e-02,-8.623705416963950432e-02
-2.224721763969395028e-02,-1.457689515946615777e-01,1.445799608018411286e-01
-6.616094738011417398e-02,1.737289823474184869e-01,-9.026019890455568018e-02
-1.678068738446327202e-01,-1.206910501150820492e-01,-6.287278573709388467e-03
-1.158811227082380407e-01,-1.564092379518480791e-01,-7.022694945185188609e-02
2.090036125136534792e-02,-1.991623255248660129e-01,-5.273315598451989300e-02
-2.054502183174428398e-01,-1.290959089659898112e-02,-2.378984582855447547e-02
1.374510606665914070e-01,1.539350143811072658e-01,2.031795049341282924e-02
-1.581015394356574955e-01,-8.285746559332121675e-02,1.058270870706674166e-01
1.752318371898619054e-01,5.036716025500593413e-02,-9.938328693249760815e-02
1.226172624964082594e-02,-1.645251372152654046e-01,1.263348758924909276e-01
1.054246671774195926e-01,1.778072477690615660e-01,2.255910814022420857e-02
-1.575984102220139293e-01,3.909172245132634671e-02,1.301253890570754912e-01
-3.568729786773240653e-02,-1.360142625755309496e-02,-2.046920545624515975e-01
6.031384674773315052e-02,5.824547805246955284e-02,1.907525456455026469e-01
7.107482480206094022e-02,-1.753855343943247769e-01,8.754744302719459637e-02
-1.586481842622686489e-01,-1.060622030944988470e-01,-8.436412215696294237e-02
-1.064981571659185918e-03,1.580154332533081352e-01,1.364742967440936428e-01
2.207535326507835058e-02,-1.112137630385266890e-01,1.754963152049759390e-01
1.041652633860284533e-01,-6.736536442607557462e-02,1.683028460214389399e-01
-1.233920111463490260e-01,-1.074172029376113668e-01,1.304219814734778882e-01
3.295444499084160955e-02,2.038103981406446386e-01,-3.476908639425240616e-02
-9.124924997883968047e-02,2.871178528100689492e-02,1.863932038334304986e-01
1.209362471379410026e-01,-1.707757585816943036e-01,-1.276596270327015441e-02
