-0.000000000000000000e+00,-0.000000000000000000e+00,-0.000000000000000000e+00
-1.292186493066089983e-03,3.757860991943191777e-04,1.052336348078646054e-03
-1.323847444955683801e-03,1.948090826126083969e-03,5.429803411579366265e-04
1.634640901369395277e-03,6.359256003559605498e-04,2.386172497646694025e-03
-1.785380304998953217e-03,1.008554363458319695e-03,-2.737939459890583946e-03
-3.017184054016583319e-03,8.086689711149540934e-04,2.208435970635048377e-03
3.855111463331138688e-03,8.885984767572781794e-04,1.385209039080815500e-03
1.189888886921154198e-03,-4.098007444583002222e-03,1.516144686617399090e-03
7.167156555370803863e-04,-5.655737052862456257e-04,4.755471255071050049e-03
-5.122177277834608078e-03,-2.253901626702133813e-04,3.197953270016556221e-04
1.263887834325244522e-03,-4.629644924844998795e-03,2.510420363600672760e-03
-2.493224068772369358e-04,2.228597997489391563e-03,-5.220109519480665636e-03
3.000708960756803476e-03,-5.111430822604186297e-03,3.066802172224122425e-04
5.318015208027728011e-04,4.634968454196630554e-03,-4.050611990035893513e-03
-5.624091017535828158e-03,3.008105425961577709e-03,-6.661716348843212381e-04
-2.210801930945186042e-03,-8.081418902952176072e-05,-6.259369292618555992e-03
-3.169734324525648982e-03,-5.017966499284326129e-03,-3.434985394455574315e-03
-5.445119340062791295e-03,4.287240022458590864e-03,1.396514420117174514e-03
-1.784905497309329826e-03,6.932410587986871826e-03,-1.300307329418527724e-03
-4.698970527150190916e-03,-1.852874807291264884e-03,-5.511597031152113031e-03
6.925855344539402075e-03,-2.721354877133347339e-03,-1.864228413820065346e-03
-1.902255363232742110e-03,7.475420608838738087e-03,-1.518798443033419869e-03
-7.885155724353816106e-03,-1.224286815046715443e-03,-1.045172791231325929e-03
-5.275543246365204005e-03,6.305364972082653022e-03,-3.725826657587944391e-04
-6.381087897252766573e-03,-2.786069933642828806e-03,4.712675154597605054e-03
-6.566696710938940869e-03,-3.478605074310196516e-03,4.293084609137675159e-03
1.177062072147343425e-03,4.934720118606771184e-03,7.133018058549570224e-03
-6.093145420404007945e-03,-6.497354692743174780e-03,-4.898717372972552714e-04
1.060686752653343216e-03,-8.422830045601134921e-03,-3.237132385283982006e-03
-3.523101971952220367e-03,2.491889004964064486e-03,-8.178843518555885608e-03
-1.797641950312417296e-03,5.155091886485834059e-03,-7.660080930214885689e-03
7.336471383286431898e-03,1.750353260556846129e-03,-5.879191505229190706e-03
-1.129853815984074254e-03,-7.570275556338437566e-03,-5.986379947840549109e-03
7.256308558319606201e-03,-5.507241957622115679e-03,-3.795997827139345904e-03
-7.017221430083252567e-03,-1.717876527567354945e-03,-6.940659998445768836e-03
-5.915860913851276118e-03,3.632318811636440613e-03,7.426090339933333860e-03
-7.898645504266062212e-03,1.334273869044947085e-03,6.491746316000887411e-03
-4.104328665837202184e-03,1.366089578127396885e-04,-9.613637745584800026e-03
-3.294868802519075775e-03,8.386824554741481239e-03,5.573744074448329713e-03
-6.350846096397864786e-03,-7.107230286058029665e-03,4.938816763470468656e-03
-7.126583626213374260e-03,7.137666309896577126e-03,4.059614025093789477e-03
-1.079614114619350911e-02,-1.143066733896432215e-03,1.824730625092326310e-03
-6.861281987387806390e-03,7.396752147617642430e-03,4.731020862482405651e-03
-1.037246175994404641e-02,-1.619254645966258441e-03,-4.115985318651643222e-03
-5.700483981278005145e-03,-1.845614218337600799e-03,-9.707205610947480107e-03
2.961282817447612181e-03,4.808836137162740185e-04,-1.114057826987783703e-02
-1.071645957278600722e-02,-3.268826117454589741e-03,3.250721073485996187e-03
-6.129970412637773987e-03,-9.511125224055160324e-03,3.322594567591462874e-03
-9.695959331317623164e-03,3.700702864535785133e-03,5.861261615795024769e-03
-3.400410078004909367e-03,-1.154772739898406522e-03,1.149561732951289057e-02
7.044829624186103693e-03,9.292192086535486575e-03,-3.472189461023327678e-03
-4.493026110633797920e-03,-9.217771742134117435e-04,1.140085419207233740e-02
-1.224920845818205624e-03,-9.360591150681291800e-03,8.054924842305050126e-03
-1.200376941727127750e-02,3.507337732499226767e-03,7.735343409243105759e-04
-1.014807438430695256e-02,5.056931313460376332e-03,-5.605564198980840865e-03
-8.697689938470852880e-03,-5.344326573083226211e-04,-9.329071211684497600e-03
3.073623988377144605e-03,1.244981322740718911e-02,1.229404023812986652e-03
4.038852506376365212e-03,1.192010280499050320e-02,-3.247375864154845165e-03
-1.200113945539555381e-02,8.336528730316327112e-04,5.216820275208931650e-03
-3.551451421181949300e-03,-8.834002413005661442e-03,9.180239236937585631e-03
-5.971421725762575232e-03,3.992717785749780139e-03,-1.123929500916957813e-02
-7.908956983328271212e-03,-1.086114688260670855e-02,-6.311134859630458324e-04
-1.711823412826526123e-03,-7.617005992834670856e-03,1.108868437632121520e-02
6.681609760375323281e-03,1.104010110877645667e-02,-4.513819628675519273e-03
2.545669152622615471e-03,-1.309757981256540367e-02,3.445337418738203105e-03
1.189833535928151931e-04,6.466165995631797773e-03,1.229095115051424304e-02
-1.390125832929669548e-02,3.659800188695973614e-04,-1.584422402140163444e-03
-1.293989464691876028e-02,-7.115490147155963769e-04,5.562289916060517148e-03
-1.169777279140279437e-02,-7.792773067358611111e-03,-2.078132854571331130e-03
-1.879324192841483592e-03,7.832071551508588275e-03,1.183253587665584333e-02
4.476594040140306416e-03,1.092895677882590490e-02,-8.270375219067175807e-03
-1.046524828694882746e-02,9.956550951613492642e-03,-1.492066762380728218e-03
-7.710085312001246222e-03,1.221288224669535814e-02,2.298016561027464884e-03
5.273311092578243826e-03,4.585886022263922432e-03,-1.296315855330042871e-02
-1.434141197742604470e-02,-5.880814106000534789e-04,-3.723042509405445535e-03
-4.520757883516842400e-03,-1.311130538119203819e-02,-5.526434582305984888e-03
-9.307215087531128805e-03,-4.787004915868889494e-03,1.078647608558180176e-02
-3.468036267138856904e-03,-1.068175317011057709e-02,1.013725259153618399e-02
2.039722553812536952e-03,1.239881837973791714e-02,-8.602543785216128919e-03
-5.971991193520774337e-03,1.753902192078607468e-03,-1.400566466448620144e-02
1.995209686273794695e-03,1.457136923718981014e-02,4.647454643238043206e-03
-1.217773594076397743e-02,-9.406030525140964688e-03,2.034601221459998374e-03
-1.382513472378148027e-02,-6.477301143244870371e-03,3.290411876363137471e-03
-1.060557498803024745e-02,-1.104316104303253512e-02,-3.534655190891423156e-03
-3.696061400087109761e-03,1.507305487064923392e-02,-3.012160603500073103e-03
-5.122794454209616058e-03,8.891488456533350529e-03,1.215061034931254162e-02
-1.271165125204168876e-02,9.422051188524778118e-03,2.363558713132502681e-03
1.197485119461047043e-03,-7.717496299541286645e-03,1.406993483707421819e-02
-4.679587704066835892e-03,-5.705842378106724781e-03,-1.440525881637227425e-02
-1.411984740535507030e-02,6.026967132103075268e-03,-5.411338581803571378e-03
-1.511165783954398871e-02,-3.377735853204011764e-04,6.285820620510322067e-03
1.436843087846315786e-02,7.899142745487881118e-03,1.466689228476538006e-03
-7.423359799053900338e-03,-2.579903212341066315e-03,1.456877598033785512e-02
-1.522924532056806968e-03,3.259182651257367270e-03,-1.625061474303972006e-02
-1.379516843515388863e-02,7.043881823094804220e-03,-6.333586627537871050e-03
-1.162245096012859934e-02,-7.975681616777394872e-03,-9.184665006538151807e-03
1.305921283206369458e-02,-9.287157920558966606e-03,-5.410260731546458896e-03
1.074828166373577309e-02,-1.269372435392240872e-02,-3.524741982609136924e-03
1.990710873746187517e-03,-1.166829833199841022e-02,1.232814864901909079e-02
-4.166097576633985902e-03,-1.531614568081848208e-03,-1.659545281957680585e-02
3.613833623117379632e-03,1.682791845543622072e-02,-1.374463239729496701e-03
2.801373404402162162e-03,-1.487243228834630310e-02,8.491628260228254940e-03
-2.215609973321976296e-03,6.108096886526748204e-03,1.618469774634050812e-02
-9.231823993496672195e-03,1.276206479108626599e-02,-7.686575347702769533e-03
-1.077776153983397468e-02,9.997825862026120738e-03,-9.699600571954885425e-03
-3.379379576086875316e-03,-1.615362896559838224e-02,6.392029507937919616e-03
-5.015272579022396308e-03,-7.744023008430569663e-03,1.520245860245629695e-02
-1.594006632817788691e-02,-7.641459449160218319e-03,-2.603867276622769990e-03
-1.433110669243056225e-02,-1.031063920535329331e-02,3.254016810676516134e-03
1.741428223076405338e-02,3.843135186292486773e-03,-2.696820766012868534e-03
-1.425293289810247374e-02,-8.594956265769714346e-03,7.162543751158144748e-03
3.269064808904311933e-03,-1.623590686807902320e-02,7.553286847841997331e-03
-1.595742927337888070e-02,-4.864214374736552070e-03,-7.487736167076404839e-03
9.023703806343709140e-04,1.336215868442901765e-02,-1.257091887913704131e-02
9.899867094912870660e-03,-5.598050145811903598e-03,1.452817111331475113e-02
-4.862241803621719302e-03,-4.683728508886763307e-03,1.725859100550961728e-02
-1.024750428036163771e-02,-1.552557973702027583e-02,6.382776419229400705e-04
4.239583612938028351e-03,7.636359758852003486e-03,-1.652874712801815152e-02
-1.419717954706504201e-03,-1.589620456511523644e-02,-9.889814872786634875e-03
-1.671272899913259571e-02,-2.194578764628410915e-03,-8.450335351959218505e-03
3.441317442521488364e-03,1.855166028488531432e-02,1.599898543959639256e-03
-8.749704636832790136e-03,-4.795294516669254548e-03,1.618769214934442230e-02
-2.273842983934268465e-04,3.186752387683896865e-03,-1.882589343299173948e-02
1.233690732958183343e-02,-1.183434940947565572e-02,-8.683225880679473069e-03
-1.754056871303266707e-02,-4.226829762234139178e-03,-6.718675009667379218e-03
-1.433730264834893629e-03,4.908412202288682351e-03,1.864294593208717585e-02
-1.177497856896381721e-02,-1.380088076116088407e-02,-6.900916411289948274e-03
-1.659455426365713526e-02,-8.779678282712298845e-03,5.225445492867878024e-03
-1.797500488014382863e-02,7.126703735090591553e-03,2.984499233689667276e-03
-9.036105111214500288e-03,-2.601176024986980441e-04,1.743875342946700838e-02
-7.537482039867590862e-03,-9.466843039916111174e-04,1.819754750487988584e-02
-1.536626695074256796e-02,6.274349477246789208e-03,1.078902216694545280e-02
-1.770598107395941756e-02,1.838292491059490648e-03,8.834254519456500102e-03
-1.559392880326422245e-02,9.499978515085017242e-03,-8.033552968194038191e-03
-1.184446805633335847e-02,-1.604826183682301483e-02,-1.775806617721026022e-03
1.040472693641742406e-02,1.550096987656903250e-02,7.448966343265325460e-03
-6.640269868315788054e-03,-8.106738119651856617e-03,-1.724086755319545472e-02
1.812818414934874375e-02,-9.014530914848861362e-03,4.494713599568025443e-04
1.628294766635506778e-03,1.699398324095639616e-03,-2.018888174824733789e-02
9.246384273515012575e-03,1.177514435955665136e-02,-1.385699500933750689e-02
-1.076820059177523376e-03,-5.946915660982308484e-03,-1.956212892674967854e-02
-7.526817100429648855e-03,1.157862901633419789e-02,1.521582525727207397e-02
-1.818889011303949019e-02,-1.935226659476916395e-03,-9.523402879689221029e-03
4.592296996120220215e-03,1.919848416198048982e-02,-6.216324986774010228e-03
-7.099743375320695903e-03,-1.257240079814646305e-02,-1.492917272472367787e-02
-1.206211128570415861e-02,1.242499965008568748e-02,1.159806775298803661e-02
1.713664748033374118e-03,2.624962090814090838e-03,2.067854442740120480e-02
2.372157711049348045e-03,1.686893565612361534e-02,-1.225889239523067671e-02
-1.677932007090301991e-02,8.664578021371291058e-03,-9.321371787348150389e-03
-3.465825654932707962e-03,2.814983382411557784e-03,-2.065460711443382891e-02
-2.051780578241952854e-02,2.708378534602308169e-03,4.612356181158386650e-03
-8.111276162036386642e-03,-1.695994830560839522e-02,9.959827023035345422e-03
1.561061357272009766e-02,-5.748188677396356451e-03,1.337682957701033688e-02
-5.626980030543566116e-03,5.105026374409603503e-03,2.002474197542520457e-02
-1.740254751278732040e-02,-1.260582711841619005e-02,-3.899669244355867277e-05
1.007249860512335858e-02,-1.861104967409136363e-02,-4.119893141704801878e-03
-1.833078317885175959e-02,-1.113736644706232910e-02,2.790127843298473905e-03
-8.073665874687734403e-03,-1.998236320481534475e-02,2.531436476459699575e-03
-1.676238017535124081e-02,-3.476054719279950828e-03,1.344883142456320888e-02
-1.955265130681410959e-02,2.344088318330972941e-03,9.443257652683337972e-03
-6.108219887523981192e-03,-2.092626893469694271e-02,-2.191388812389989324e-03
-1.342931390554203547e-02,-1.289563115066366845e-02,-1.168002740848975325e-02
1.459371540252000707e-02,1.597430693136520780e-02,-4.237662001188513376e-03
-1.996164124721915359e-02,-7.412868549803101892e-03,5.978408218407095520e-03
-6.348928941286708511e-03,-8.773294560654141009e-04,-2.123976140441592719e-02
3.361990082400688733e-03,2.002381457790174818e-02,9.110273152873726160e-03
-1.984324809602745418e-02,-3.585407868819351623e-03,-9.575561260846751979e-03
-1.649371776462186384e-02,-1.503535243002359148e-02,1.801245287307521453e-03
-1.133159341335560760e-02,1.482492702262892814e-02,1.249856368412736139e-02
-1.834704735692888403e-02,2.375069540895568404e-03,-1.285268187623185565e-02
1.899500533830568785e-02,1.077937627524419052e-02,-5.787113197206732694e-03
-8.543705304388027333e-03,-6.742848058856059854e-03,-1.987673931048416706e-02
-1.874810621400076205e-02,3.486525518342069654e-03,-1.236723605258376220e-02
8.452896851717321344e-03,-1.506398684628617451e-02,1.487518885371119128e-02
-1.063532841021584859e-02,1.562412121684859934e-02,-1.286367054192438623e-02
-9.321459622438521553e-03,2.094856218928470293e-02,1.299590159066120129e-04
-1.592814170163863938e-02,-9.538293084679731748e-03,-1.356893116127470475e-02
-5.069336068118708398e-03,-2.827648286904213375e-03,-2.231947952298854454e-02
-6.335480629747445268e-03,7.013062040094534925e-03,2.110886638620604674e-02
-2.203973903136458717e-02,3.161091404361578063e-03,-6.497396325421796182e-03
-1.754558174926494326e-03,-6.810575078225809646e-03,-2.217092073201323843e-02
-1.937675008574565177e-02,2.094156884191165392e-03,-1.281491851400794364e-02
-1.571865677629987954e-02,1.726746302488656529e-02,1.370710990313646436e-03
1.858153965437176576e-03,1.946204379803938289e-02,-1.295959347567777337e-02
-1.603638418770559487e-02,-7.472067366016858087e-03,-1.549944365924521388e-02
-1.585124809223934644e-02,-9.463625107998023533e-03,1.467867160217566774e-02
-1.776894293574018176e-03,1.504303477878452498e-02,-1.816291149399533802e-02
1.461970218988069151e-03,-2.260865870539639777e-02,-7.007788557217375577e-03
2.542145738676210472e-03,1.956147786601736965e-02,1.327932940043975545e-02
4.513630779678516657e-04,1.960657817613218820e-02,1.356060201689382634e-02
-1.864376298856790237e-02,-8.870040194811561890e-03,-1.205410675932813008e-02
-2.632522035534024061e-03,1.205290184990926404e-02,2.055296470807363440e-02
-5.688127423068952554e-03,2.086045760528583079e-02,-1.049627175429508966e-02
-1.336172644197206223e-02,-9.754839937077196613e-03,1.752287686152573590e-02
-8.526428557657995261e-03,2.259747937402952281e-02,6.760172848037602220e-04
-1.377371106701715149e-02,7.993506030691545708e-03,1.825517189236968915e-02
-1.986204923467344355e-02,1.311103505734012922e-02,-4.849953038175544920e-03
-9.824731060511829664e-03,2.226334442681265902e-02,8.948572448561519432e-04
1.958650806588178774e-03,-6.105060753226946788e-03,-2.355706250096331958e-02
-1.465617914584058795e-02,1.944326912637411170e-02,-2.501979218633395771e-03
-1.123649725177631835e-02,-1.898275022424354697e-02,1.074997125820887495e-02
-2.264328135801717615e-02,7.553739439143647948e-03,-5.954018525373925945e-03
-2.051182219073570401e-02,-3.565288572422517163e-03,1.322283709583453072e-02
-2.263017665980163531e-02,-5.134491446590022483e-03,8.536051817647796053e-03
-2.067789518564451881e-02,6.331282523017071201e-03,-1.211422888617036571e-02
9.214032170817074499e-03,-2.167630705716344988e-02,-7.919449076313376037e-03
-1.626748192243248833e-02,1.177620483597463519e-02,-1.473880049764599715e-02
-2.098763518993092270e-02,6.349262679585525489e-03,-1.195041265555297008e-02
-8.909145156378129454e-03,2.327345609239019411e-02,2.375717752389200268e-03
-1.998728789696459923e-02,-5.296897967813640057e-03,1.421924002403273345e-02
-2.037499198652671650e-02,-1.319233346050812869e-02,-6.604762720736029151e-03
-8.581099575776433494e-03,-2.248735961898550711e-02,-7.519958274795275274e-03
-1.937980991417340149e-02,-4.935557675900503457e-04,1.622071937174856399e-02
6.221541645853223904e-03,-2.454151415753624485e-02,-1.002620568470091820e-03
-9.194954309234332560e-03,2.971053344097788432e-03,-2.348810612686327501e-02
9.915354368440744415e-03,1.877582351473324265e-02,1.404588628283206554e-02
-1.172942690591426834e-02,-2.146761725282887376e-02,-7.263757661896835978e-03
-1.095844162982790963e-02,-1.166237911930116146e-02,-1.995418226615244123e-02
-2.346705254661522744e-02,5.647716588859028920e-03,8.645054355609877589e-03
-1.763716316938024678e-02,3.482552189952206612e-03,1.836320129555358074e-02
-8.746623516238073368e-03,6.450615903281475480e-03,-2.335294208327192561e-02
-2.218609068181856200e-02,-1.314049327591133506e-02,-1.283732671804830184e-03
-1.552814149414498933e-02,-1.771118859944355306e-02,1.071463213866464918e-02
-2.738912560840735429e-03,2.578926748885373293e-02,-3.081114934221844772e-04
-4.118385535220287809e-03,2.565262885715902802e-02,-8.572763929113931146e-04
-1.894087768298855987e-02,1.789017703585496846e-02,9.426479529188828423e-05
6.644625590396112565e-03,2.174939733430110433e-02,1.283386455294966907e-02
2.867637136246876006e-04,-2.617003730357934238e-02,1.173173977513201904e-04
4.807497624823446440e-03,1.601338779008470298e-02,2.021133449514463110e-02
-1.753971316468420916e-02,1.534434795696425040e-02,1.216636736413185572e-02
1.681491637691567495e-02,-2.016591062087084649e-02,-2.185945589460825105e-03
-1.905302643361663287e-02,-1.024849107476146978e-02,-1.513959246901506843e-02
1.023134275246718192e-03,-1.805264240954181434e-02,1.932318058275637324e-02
-2.539701007198842328e-03,1.756318867861925148e-02,-1.971010131757297903e-02
-1.967124423112271217e-02,-1.268108891154156800e-02,-1.259801670540135199e-02
1.845083521702510845e-02,-1.910528603298465578e-02,2.026585704941394339e-03
-2.527049364176477478e-02,1.990351872132281770e-03,8.370644054372477008e-03
-2.384331448773929774e-02,5.939783814785721226e-03,-1.057910820875352514e-02
-1.604955826003328853e-02,4.700546170088136175e-03,-2.095457280864114827e-02
-1.770575730728719821e-02,-1.999588961507322085e-02,-2.919611039857199480e-03
-3.052755113338913220e-03,-2.322657869000960273e-02,1.327163920888535867e-02
5.034924608371911525e-03,1.859044752946523507e-02,-1.889579661011020831e-02
1.361955664501075564e-04,-2.088734654455923559e-02,-1.716925935471305328e-02
-1.267165451787771908e-02,2.131367989860544904e-02,1.092322671596156550e-02
-1.989508671774221221e-02,1.300920246036408288e-02,1.312190646223851745e-02
1.604202205480229418e-02,6.573770894735973293e-03,2.097034348736841192e-02
-1.373071511465647973e-02,2.352731383079420535e-02,-1.152195100014148177e-03
-3.431770529491862901e-03,1.441556091596984772e-02,-2.295403685087029147e-02
9.842528934252350523e-03,-2.183626434750119208e-02,1.326100997036133190e-02
-1.725323226670806218e-02,1.467530901929600153e-02,1.547878938795611489e-02
8.508064837284164822e-03,2.039506718022924756e-02,1.635131043656512864e-02
-2.556209070691030719e-02,-4.057485501132686127e-03,-9.429086798231844924e-03
-2.758478411475090430e-02,-7.287197776929822375e-04,6.484157620182541115e-04
-1.798044806483460253e-02,1.259736469822133990e-02,-1.682148825616500490e-02
-1.948557906066299833e-02,-6.745089582682573318e-03,1.851619961238575723e-02
-7.485331366539944679e-03,1.839738831439725192e-02,1.940673094922251707e-02
-2.584933932709374688e-02,-1.022698228755681768e-02,-1.190643807886011254e-03
-2.141866258950227489e-02,-1.780567884929771041e-02,-1.215686785239828132e-03
-2.768686803385509917e-02,-9.670732693558555882e-04,-3.586611532964828486e-03
-4.443839151251200575e-03,-2.435045996394253828e-02,-1.306720794938488923e-02
-8.228226847679973033e-03,-1.187767213728415337e-02,-2.403632505843602760e-02
-7.895884798091269002e-03,-2.306228110546516136e-02,1.397846369366583484e-02
-1.976890753100570691e-02,1.683715648047111671e-02,-1.088097010655888347e-02
7.113433360051723414e-03,2.670153381570006257e-02,-5.675077927144759130e-03
-8.266652603132659469e-03,-2.559309109370910829e-02,8.690224830505556552e-03
2.162559043608472398e-02,-1.638098624690116287e-02,8.120710449837555828e-03
-2.214515127201498179e-02,5.382287506767226629e-03,1.690139524892205966e-02
-4.144538959016986178e-03,2.450116095788341681e-03,2.801676905373864934e-02
-1.667514323094121398e-02,-2.302894539205958477e-02,1.677108259327283243e-03
-1.744574539805402238e-02,-9.353526484764935686e-03,2.055357114807600249e-02
-4.400082093738404664e-03,-2.811077092153856788e-02,-2.793204258202974279e-03
-2.629876964557568628e-02,-1.147660700904429493e-04,1.135019053292760961e-02
1.019115147509093780e-02,-2.605308549543868327e-02,-6.397619282898499987e-03
-1.825611403931708121e-02,-1.628091717053707296e-02,1.510913361605205861e-02
-2.878254631899568317e-02,2.241390729367015628e-04,-1.114716645234925139e-03
-1.861092552464599023e-02,-1.436475421311736271e-02,-1.673628953839127048e-02
-9.590868790090283785e-03,-2.716862981665554497e-02,-2.405312815863932998e-03
1.008621020207221136e-02,-4.146821330241370028e-03,2.683404425059723875e-02
-2.900944433197023137e-02,1.206389827249471194e-04,7.214697440103510226e-04
-1.905196490338893073e-02,2.246330395450130482e-03,-2.184374187266045417e-02
-1.164399684399388887e-02,7.568890573650320815e-03,2.560061787321375737e-02
-1.390864731251119889e-02,-9.577513869344122036e-03,2.379439709531752656e-02
-3.886453832835948426e-03,-2.147018546911988457e-02,1.945172964602191051e-02
-1.906169404725895425e-02,1.040143446964499237e-02,1.964678475186475495e-02
-1.278042832399141349e-02,-1.437868417126085020e-02,2.214812337118144889e-02
-4.661885532089649412e-03,-3.747039740979562182e-03,2.877400735103962867e-02
-1.364730511535125999e-02,2.601401122839851199e-02,-1.957300313506688417e-03
6.813444695134089060e-04,2.945711075986671632e-02,1.309749043771852705e-03
1.891348726364024211e-03,1.314976123720747875e-02,2.639129003312101762e-02
-6.966640504771698036e-03,-6.077670262699568556e-04,2.876078827456626102e-02
-8.681842509471796292e-04,3.750607619745040863e-03,2.939998059807589006e-02
2.134594338052522248e-03,1.471877725745731301e-02,2.571136317256032811e-02
-1.614810132636320186e-02,-5.568406437300017081e-03,2.436387921349512931e-02
-2.015497574444257214e-02,-1.612785406793652149e-02,1.490404112378185958e-02
-2.321280069133840190e-02,1.857264765903375581e-02,2.788930134395920836e-03
-1.433569579116274542e-02,2.268156498259988815e-02,1.321683940963126747e-02
-1.466626511725117356e-02,2.284537657051163503e-02,-1.267812306227034981e-02
8.020970434366638674e-04,-2.994557175979120633e-02,-1.860173434957421981e-03
2.467587463450294713e-02,1.438875646959003780e-02,9.380913093938689565e-03
-1.822061815730668380e-03,2.551655399512888639e-02,-1.589396685171967985e-02
1.779469444826889402e-02,-1.012992813278371963e-02,-2.215541653240437128e-02
9.480674110966669579e-03,-1.379492042922344543e-02,-2.516034512766841466e-02
-9.596156880703076222e-03,2.847759669703849028e-02,3.641880188423529067e-03
-4.103396547220880194e-03,2.991470765215045735e-02,-2.773556210651240313e-03
-6.448455267801078694e-03,2.297787212306408658e-02,1.878703934361448252e-02
-2.557909884442387607e-02,-1.013507193001237858e-02,1.298483514740862536e-02
-1.189825032627653267e-02,2.721383988553208524e-02,-6.822973570098333530e-03
3.544657733734865937e-03,1.775415100954287617e-02,2.457719361523105078e-02
-3.907012444012827011e-03,4.351828931212081697e-04,-3.032256334288334354e-02
1.152798290164866804e-02,-2.236461922181405895e-02,-1.746255134342289753e-02
2.400004229472705447e-02,-1.894462222007654156e-02,2.492001048420930225e-03
1.746946724178652897e-03,2.839920436797037026e-02,1.160361612258018621e-02
-2.699728959124292685e-02,-1.131648033394052830e-02,-9.507608377910658354e-03
1.763158631897017090e-02,2.215949889697356456e-02,1.218585624194969824e-02
-8.710715063635186481e-03,-2.203960301264339464e-02,-1.979625391797620176e-02
-1.370482054209607413e-02,2.772608661172596897e-02,2.354897598610158731e-04
2.024940259723287048e-02,2.095007007358578449e-02,1.052478831472261969e-02
8.262053121050673063e-03,7.668134863076412483e-03,-2.890942582384992479e-02
-2.906279348076332841e-02,-9.215799792338405169e-03,-6.028424453249541307e-03
-1.666688799376407973e-02,2.599221141829756096e-02,3.954873959232693519e-03
-1.895981331188714009e-02,-2.062645530475955627e-02,-1.368205872221773048e-02
-6.288049091705514041e-04,1.865680085296325674e-02,-2.503507964349325696e-02
-1.562983295826962660e-02,1.679510760975525333e-02,2.125941965566409061e-02
-1.837643097382034990e-02,5.208090534973250883e-03,2.483176262622337205e-02
1.393739801455156843e-02,-2.729984226491580582e-02,-6.708612221586141879e-03
-1.037187191979035278e-03,-2.240406093203658328e-02,2.201418753817370455e-02
2.392012260372740340e-02,1.974113211430610429e-02,5.372332349732809181e-03
-1.590814956048508186e-02,3.886222379561635968e-03,2.693844098392856115e-02
-2.766015382764967084e-02,-1.827413408615782440e-03,1.511731201466834894e-02
-1.250658261141759584e-02,2.901209735815896487e-02,1.394898601729907539e-03
-1.941185439905376668e-03,1.957824523409935902e-02,2.482120175254992275e-02
-1.391199138804182986e-02,2.800383611004962983e-02,-5.340010278110084510e-03
-1.452283141135587291e-02,7.912877826832583755e-04,2.824609134180562295e-02
-3.109530991597842312e-02,-4.329285061355821022e-03,5.179391458526511234e-03
-1.387382946672729815e-02,-6.743528087659519769e-03,2.788612514403768922e-02
-1.137444615726576624e-02,-2.924316065696918807e-02,-5.844736801610226663e-03
-7.564757489623467716e-03,2.517784376297488302e-02,1.818404965009632127e-02
-2.768832948709894562e-02,1.607070001683508914e-02,-7.828236281553601749e-05
-1.138320713072639434e-02,-7.376447268816067881e-03,-2.905229740155764601e-02
-1.036955009568395333e-03,-3.208506384388744997e-02,-7.792012764662343280e-04
-4.919943708786892432e-03,-4.181309750832935997e-03,3.150481473624975465e-02
-4.054803825797612636e-03,-1.327167413160743709e-04,-3.195141133332756594e-02
-2.547377532861121521e-03,1.739586630224231392e-02,-2.704359427787887682e-02
-1.876504889699367323e-02,4.230724136640409000e-03,-2.595274202079353443e-02
-1.246145458959929328e-02,-2.661706734329795723e-02,1.352497744465339276e-02
-3.172573438524491172e-03,-2.151203798690401459e-02,-2.401995829307692135e-02
-6.638925947372208841e-03,-3.166323931667656272e-02,-2.503174811195360387e-03
1.179709540866095757e-03,-1.649696642445202047e-02,2.797269096337701502e-02
-1.685696909410479283e-02,2.690109083330952805e-02,7.162264647765384518e-03
-1.235141556246232251e-02,2.365479878878130535e-02,-1.871172775367880084e-02
-1.817143782470278732e-02,1.625209277495008944e-02,-2.170290000874443292e-02
-2.913839811524277304e-02,-5.617135957998468411e-03,-1.370624272792798741e-02
1.909537750952218851e-02,1.219885850824772508e-02,2.362469973871044598e-02
-5.696320873945991473e-03,-1.388282627771470672e-03,-3.225383011799731053e-02
-2.753703203382931730e-02,1.801312626252503423e-03,-1.778383747015122029e-02
1.656714238300735151e-02,-2.089387085251559820e-02,1.923245104397618838e-02
1.734256604985247167e-04,2.755458760611805349e-02,-1.802052807593251468e-02
-2.815098113825076007e-02,-1.608007766151152082e-02,6.007673075448355729e-03
-2.701761779878579517e-02,-1.385468996854228446e-02,-1.297492580428029688e-02
1.899761807107606948e-02,2.459495436537286958e-02,-1.129363542770521305e-02
-3.205577018642009196e-02,-6.954676398453525296e-03,-4.532355609926530353e-03
-1.080428292561953080e-02,-1.767659552232507970e-03,-3.130079919241521985e-02
-3.127463728314013036e-02,5.207506354632977265e-03,9.873789091463507778e-03
-1.819472925898891341e-02,2.219187656951428222e-02,1.680180883643029449e-02
-1.571670119793967813e-02,2.236724368095765331e-02,1.901673395528981000e-02
-3.138993215229729516e-02,6.131342806629911865e-03,-9.441361724006114287e-03
2.410411424672510156e-03,-3.183301227307881037e-02,-9.799302950795955175e-03
-1.352132213444261211e-02,1.158574395978695555e-02,2.830615224613903733e-02
-3.287524587795751657e-02,-5.548115608635124235e-03,3.138113010149674170e-03
-2.929355440032383601e-02,-5.018514501332243041e-03,-1.553160469937975817e-02
7.003006340323726653e-03,-3.275957485704504568e-02,-2.326865011992052326e-03
-1.006396379741903227e-02,-1.696835733855029185e-02,-2.723151923481713019e-02
-2.749748382533378707e-02,1.751389113643505788e-02,8.428202048360903045e-03
4.343272542969505746e-03,2.788025950873168970e-02,1.846153393239588145e-02
-4.363484223039170405e-03,7.638839049037115213e-03,3.259951198505018494e-02
1.298963359544911406e-02,-2.472957862995667569e-02,1.905141417607856408e-02
4.636251980392122607e-03,1.487588718973372956e-02,3.005947115260112351e-02
3.742580270230126162e-03,-3.328874940678276662e-02,-5.227866155884788868e-03
2.188466842785564970e-02,2.067708751524343150e-02,1.568813749770112814e-02
1.541394355547307492e-02,-2.873630863585529757e-02,-9.610073959497488633e-03
-2.706189908708456562e-02,1.820960945483972304e-02,-9.741813644041984882e-03
-5.828820735805046414e-03,-2.727287364562458113e-02,1.960038916620466046e-02
-4.551494329456113111e-03,-3.038299329314853026e-02,-1.487410743309882169e-02
-2.220323520114931420e-02,-2.130890023307854819e-02,-1.487111021147982312e-02
-3.331582327735686799e-02,6.351386327414726071e-03,4.586991154560405605e-03
4.644200887673064632e-03,3.180784834912078751e-02,1.188017837097996889e-02
8.261145121710779596e-03,1.401905660658377129e-02,-3.021239102505035232e-02
-1.012048904853843009e-02,2.771743246201220992e-02,1.760713298919349551e-02
-3.643506814669315863e-03,-3.099437345763066121e-02,-1.448751486154676617e-02
-8.521111944854520628e-03,-4.650387268235919337e-03,3.305604381627005178e-02
-2.404723959787837331e-02,1.194878180359943212e-02,2.165682041043560588e-02
-6.379846097701090055e-03,-2.153684098872533231e-02,-2.624208379442841826e-02
7.816644252547869098e-03,3.369009116594290365e-02,-4.318222500302184804e-04
-1.044285784561121803e-02,3.110761477671369901e-02,1.107682653923234943e-02
-5.852696877821709533e-03,-1.349526341722329797e-02,-3.140352466194554909e-02
-5.522220631494280038e-03,3.425603705558697559e-02,-1.308211778362337353e-03
2.900481935469225933e-02,1.252260916958323166e-02,1.451593377224022659e-02
-3.211953360132045049e-02,-7.188707586622547323e-03,-1.133980620035773303e-02
-9.287765687875949036e-04,-3.292929276384655435e-02,-1.139551507457797937e-02
4.866261765215418138e-03,1.748645955053335782e-02,2.981154318639220660e-02
-1.785410389822578853e-02,-3.310874917973809489e-03,-2.985933869951322775e-02
-1.566946281733246418e-02,-2.962075519070134742e-03,3.114693893915209191e-02
7.124354682507066765e-03,-2.117435675921768706e-02,-2.698989875986224779e-02
-3.474212789334388263e-02,-2.683496754888180669e-03,4.058951873590172302e-03
2.320905747557757554e-02,-2.401163011536533443e-02,-1.089036892813568559e-02
3.202759064282108617e-03,-2.108711855953877140e-02,2.796466219351634308e-02
-2.897947343290529360e-02,-1.422985354586001061e-02,-1.406328060325165961e-02
-2.455945955790433261e-02,2.512095834532978786e-02,2.995544043942888982e-03
-1.362592200547124537e-02,-3.159573001821624344e-02,-7.897800799830885510e-03
-2.543590530630434124e-02,-9.985517783691690713e-03,-2.242240816387560190e-02
-6.738947588786678607e-03,3.107548188993747296e-02,1.553995328068048278e-02
-7.232213536265623410e-03,-2.404061693787650986e-02,-2.500924464721478169e-02
2.004256653583000314e-02,9.772758996779358151e-03,-2.759776585246451544e-02
-2.856494712343976561e-02,-1.633256767883459193e-02,1.338913377652544388e-02
-1.925827366416327235e-02,2.436510480237771663e-03,-2.980420272967837167e-02
2.390285028665895678e-02,-1.650913876730766838e-02,2.059953080080024340e-02
-3.482010969392159566e-02,-1.037085578043791525e-03,7.606167137037833821e-03
-3.853272005699067120e-03,3.295014663612091943e-02,1.318864399559706649e-02
-3.493882250713078313e-02,-5.189586214033521314e-03,-5.475241413481429266e-03
-1.609635013621274024e-04,8.585793808653451042e-03,-3.474221013792745671e-02
-2.341583341751096378e-02,2.431247357495741612e-02,1.202069774500704076e-02
-1.231832151873930858e-02,-2.694934641351477006e-02,-2.022421007201557000e-02
-3.087403480940186656e-02,-8.791237541737625602e-03,1.611419513733172368e-02
-2.591955292721516771e-02,-2.452347906306420744e-02,4.479699631979687513e-03
-2.298393839024073099e-02,-2.762011717110516781e-02,2.300524559173735498e-03
-2.496358181598687040e-02,-1.699896171670417164e-02,1.968280804761247602e-02
-4.333878493264582167e-03,-5.995559092835819025e-03,-3.532650693303441419e-02
-2.833710805936954461e-03,3.506518227515296321e-02,-8.260038527285571905e-03
2.304503803793358022e-02,-1.518981034380947372e-02,2.339134696505809630e-02
1.912498188699928922e-02,1.768224951409082257e-02,-2.517273593893008463e-02
2.453215644621704536e-02,2.201971369975479209e-02,-1.511732494975316643e-02
-2.561360231068885926e-02,9.670892643685964282e-03,2.384910689123142385e-02
-4.210104046327224278e-03,-2.310365622159056553e-02,2.774876511234142251e-02
-7.323367139784535515e-05,2.919904674082815510e-02,2.172656279310448621e-02
-2.566491671755237111e-03,-1.710023989823327914e-02,3.207434563409151951e-02
2.722185674554292514e-02,1.099532413405011205e-02,2.165590146411043929e-02
-8.440195801900361380e-03,2.647497084762404085e-02,2.370400437605184318e-02
1.095767780486175437e-02,3.342490159168279990e-02,-9.994128664161635103e-03
-2.504393736814190460e-02,-4.892772990065174035e-03,-2.625216150650675970e-02
4.403236356335590309e-04,-2.651519483154118548e-02,-2.530220623962145879e-02
-8.815120249117807186e-03,1.910316692312292661e-02,-3.006577630758974426e-02
-2.222631607295193906e-02,2.460043662944086384e-02,-1.582830305207654983e-02
-2.282946698909896644e-03,-2.427752418239084373e-02,2.753640076375018023e-02
-3.641445371930560060e-02,-5.666385680822899271e-04,5.446820466755568010e-03
1.051886346153534102e-02,-3.169259955517040456e-02,-1.562281526417178511e-02
-2.289419854371402968e-02,-2.202621908081491345e-02,1.878775523987268395e-02
1.814485128207808315e-02,1.875820096382303445e-02,-2.615934571600182432e-02
-1.431591083820970244e-02,-2.089558942231605626e-02,2.696266849939567278e-02
7.916847751279225756e-03,-1.098136174945564016e-02,-3.447359871776007473e-02
-3.568007488008440031e-02,7.537061552022243302e-03,6.705251333701537503e-03
-3.046403008588637745e-02,-1.019583292490602693e-02,1.860008689837566731e-02
-3.012447791803565811e-02,-8.821180665537877927e-03,1.989517173124408927e-02
1.864753501979091177e-02,2.932498812067481711e-02,1.328797390913782038e-02
-3.423449257471443408e-02,3.649889743159137655e-04,1.467183647109528664e-02
-3.639807920570111571e-02,2.335074388233465258e-03,7.763036260202514985e-03
-2.334978749940904916e-02,-2.535826653425430829e-02,-1.433263556023225624e-02
1.105197331819906051e-02,3.537180708540899055e-02,4.848638938924915848e-03
-3.435546038105770361e-02,1.078662035256110208e-02,1.016429915218314620e-02
1.028306247956934684e-02,-3.597962245362974071e-02,-1.682083959742957649e-03
7.155444820478358385e-03,-2.765062620999354445e-02,2.429997014380892370e-02
-2.478170735785219583e-02,-1.955773005166487610e-02,-2.031626971939712659e-02
2.731313492609801011e-02,-1.196272486183465669e-02,-2.287832134364650369e-02
-1.853391810100209550e-02,-1.831674801076197540e-02,-2.714157757926035502e-02
-6.982072418988570159e-03,1.782246439347233771e-02,-3.244115316867605958e-02
-3.217978795153271510e-02,-1.409775421656010198e-02,1.369949200737532145e-02
3.670693651388863468e-03,-9.639038948158012987e-03,3.631419036073438994e-02
-3.226623414537604928e-02,-1.121573535503307857e-02,1.616623000268193819e-02
-3.308583661748299570e-02,1.075269110662435690e-02,1.486945944212001054e-02
2.496995633905300764e-03,3.775525113828646917e-02,1.686542439997862656e-03
-1.908834755517691472e-03,-3.772342098733865584e-02,-3.314107089612910138e-03
2.077636125703747824e-02,-2.456170458979517468e-02,2.014681229595504178e-02
-1.254799795468062966e-02,-3.560261537769252027e-02,-4.356100069265162085e-03
-3.281156912605068948e-02,1.870072615981710137e-02,-4.561076951456164569e-03
8.958981853371823486e-04,-1.883530774942510436e-02,-3.308616244365600312e-02
-2.954641956460903052e-02,-1.505577037025130314e-02,-1.880810413402762490e-02
-2.691874783135667429e-02,1.445354306123454533e-03,2.701574008047291295e-02
8.107250357829607831e-03,-2.918613017540766866e-02,2.328405517032208771e-02
-2.307232262750581048e-02,-1.577402421775107519e-02,2.610938599159607146e-02
4.909795357254479256e-03,-3.797226766434156492e-02,9.723152733531644350e-06
2.103480254291146059e-02,-2.736341056405140401e-02,1.667115673568716691e-02
-5.285268337539562357e-03,3.136627235561283839e-02,-2.145966340495445226e-02
3.165493582004335910e-03,3.141517972326967473e-02,2.187484085371080994e-02
-1.862710864876796282e-02,2.617841184504710733e-02,2.112610531027947144e-02
-1.821855686920246381e-02,-3.364164823567511453e-02,4.250051359846535731e-03
-2.071774897634117221e-02,8.535079507577069888e-03,-3.134988530316066419e-02
-6.035832280705761242e-03,-1.339962027530101560e-02,3.566589328015087879e-02
-1.831691798805166679e-02,2.344989930560103727e-02,-2.461257910073377103e-02
-2.739706582346377803e-02,-8.079573746518551453e-03,2.604720900639526798e-02
-8.967664781439023056e-03,-3.725394537936792955e-02,-5.404637692579472401e-03
-1.455175865028297127e-02,8.912386743416907467e-03,-3.477716507373840998e-02
-7.064459374121844978e-03,-3.454249143706930592e-02,1.614607513654734913e-02
-3.238785563782278776e-02,-7.348402923973638675e-04,-2.138745500139611899e-02
-1.134774383905252492e-03,2.244797760717604299e-02,-3.169996702771247371e-02
-2.333202020785240388e-02,-1.023422295538472561e-02,-2.939584872775102137e-02
1.761949277717863444e-02,2.974879025278130695e-02,-1.791515059770764501e-02
7.478941242679913834e-05,-2.642980861047144331e-02,-2.865311603950539132e-02
-2.463113250133036267e-02,2.353400229526801668e-02,-1.903027595998958016e-02
-3.865565349359638414e-02,-5.319738844401995445e-03,-1.812801747591913024e-03
-3.781734357119685003e-02,8.969447848005898324e-03,4.288956238630737584e-03
9.011019089679961694e-03,-3.647997034993551851e-02,-1.096191503607203688e-02
-2.797907781369014107e-02,-2.699758130688207150e-02,-4.858484745251507794e-03
-1.939181105880312048e-02,-3.166520871509537205e-02,-1.263837500902158587e-02
-3.681209550788011597e-02,-8.393958395617935955e-03,-1.077129152865660688e-02
1.301948241970493116e-02,3.377431994261561460e-02,1.531507242495064487e-02
1.056945097117194081e-02,-7.820954581407416756e-03,3.708148155698683807e-02
-2.504501471687057765e-02,-2.281758922229470618e-02,-2.007924356217295411e-02
-2.416188683533094725e-02,4.943709244672567921e-03,3.075692520366320182e-02
-3.373052769704472376e-02,1.808408946458293920e-02,9.622755141189728509e-03
-1.340554983330867565e-03,8.549028064585920128e-03,-3.854415651717960772e-02
-3.687757212652530842e-02,-1.411628041354451822e-02,2.113153312963521845e-03
9.702208832550846766e-04,-3.956830362206689711e-02,-5.036414874959192680e-04
4.339285501670691984e-03,2.248534257159563385e-02,3.233544708582716809e-02
-3.452815546185902806e-02,-1.241962594345697238e-02,-1.505710556591904198e-02
5.141316645650846097e-03,3.539390670842215703e-02,1.723808352477212286e-02
1.717531957682742793e-03,3.928576773248219911e-02,-5.757434557653307722e-03
-2.578323452732123738e-02,1.877909358046880167e-02,-2.377386230949063775e-02
9.194937769898752639e-03,3.309738705032688744e-02,2.014445410828328079e-02
-2.012470763270401281e-02,-2.229739754970404882e-03,-3.433605294456338469e-02
-1.797959221023086654e-02,-2.584941438229236207e-02,-2.450795095790554365e-02
-2.742688631295429891e-02,-1.206039769355664835e-02,-2.641150824545625969e-02
-1.232612185381553281e-02,3.505767950237971553e-03,-3.787069367523915320e-02
-4.541094299131266492e-03,3.621468139828776939e-02,1.641482382307192858e-02
-3.074739546181494421e-02,2.424204455765456220e-02,8.464652654809876053e-03
2.217123757078039506e-02,-3.288611358696345160e-02,5.901498566700067762e-03
-1.698366676623977445e-02,2.756952661803519639e-02,-2.371757436466541066e-02
4.620256311576583647e-03,1.623780614632750266e-02,-3.645809898278486172e-02
-2.846109158704002162e-02,-1.788836957510170703e-02,2.207573020890982868e-02
2.200193804284432397e-02,1.396007564210820923e-02,-3.068478237935311909e-02
-3.751512543216539708e-02,1.145528634893605395e-02,9.223703707216712039e-03
-1.548135303666093969e-02,3.722926975548224854e-02,1.074262332254314212e-03
-3.800297238574548708e-02,8.997391478816103502e-03,1.023847559057453928e-02
-3.695960019834775706e-02,-4.347839309134283320e-03,1.575596001759438022e-02
3.801039632235381216e-02,-1.360488470941270851e-02,-2.538460899566727727e-03
-1.978095325577189020e-02,2.457932664011323876e-02,-2.537830845501498969e-02
9.427561305679328305e-03,-3.354754204255305794e-02,2.069619966584308399e-02
5.696230789150592139e-03,-3.527770716913801452e-02,-1.920538684327051729e-02
2.125026803962146507e-02,-3.448509424879061397e-02,-2.859516006361449009e-03
-3.931625560864959040e-02,4.093332334654352714e-03,9.466317512784698518e-03
-3.456514109081848529e-02,-1.048529451557866227e-02,-1.872449344057378409e-02
2.669041970705713848e-02,1.802532106373533338e-02,-2.492325503951963589e-02
-2.442772864888474033e-02,-3.039173744491258794e-02,-1.188488569494724340e-02
1.261669224982967137e-03,1.666542486977020537e-02,-3.722173041684773143e-02
-1.958549812251194483e-02,-1.760961792867557149e-02,-3.121310693365375935e-02
1.621392790108646190e-02,-3.451643920788494829e-02,1.472536005801369785e-02
-2.584567443265861977e-02,2.935725869985563938e-02,-1.201783265871851636e-02
-4.019212763711418890e-02,-4.298787386728872111e-03,6.599480280325884483e-03
-2.288287695631969001e-02,-1.937876081578304016e-02,-2.795428153893201803e-02
6.410595919021344104e-03,-1.697281809387901630e-02,3.680484350138865657e-02
-3.647226014243720726e-02,7.709130278091435966e-03,-1.724172039574786014e-02
-2.830943915399831978e-02,-2.240941384019976348e-02,-1.965940450419921548e-02
-3.100330542497030731e-02,2.325006530094244489e-02,-1.383810937427542090e-02
1.520727649277728126e-02,-3.572121888458101857e-02,1.375363400327670772e-02
-4.090336717673492134e-02,-4.034122276982674005e-03,3.199226999154451342e-03
-3.383343100234389306e-02,-1.303580227427636766e-03,-2.358729480398507813e-02
-2.728046989029798194e-03,4.090139015213940799e-03,-4.100921352299830708e-02
2.622052987793307630e-02,1.277752121894067984e-02,2.929696331717498645e-02
-1.124067809271876890e-02,1.562911042605576867e-02,-3.662838124707417514e-02
-3.391991513602761764e-05,4.048880969611357017e-02,-8.722518624694660869e-03
1.586514894100533174e-02,3.667761278144685000e-02,-1.102922868220037461e-02
-3.848898347438995532e-02,2.676179931886329705e-03,1.527082055042495133e-02
-3.623582294401407611e-02,-1.353431064873790446e-02,-1.512338973682698234e-02
-2.171896066510995219e-02,-3.448300080074623991e-02,-8.204064502826048655e-03
-2.979613513490905058e-02,1.798502883002703334e-02,2.280338164692868527e-02
-4.130980180619621411e-02,3.919321637855436788e-03,-3.545827731739896200e-03
3.911918193728045057e-02,1.435540137245861804e-02,1.101929593728684462e-03
-2.805937352879551289e-02,3.082274556051988953e-02,-1.844151504775485336e-03
-2.146716097259000408e-02,7.044088958415653263e-04,3.581347328074196285e-02
-2.603755463939904161e-02,2.589120665851880193e-02,1.996999221560209758e-02
-1.245719373726191133e-02,2.154695157209029349e-02,3.362776031338227806e-02
-2.536201652366662507e-02,1.731700481657672680e-02,-2.846644395413750264e-02
1.608093764186485988e-02,-3.673287688373520765e-02,-1.219499763959357337e-02
-3.423209794525426675e-02,-5.238928927515966276e-03,-2.367501395208927023e-02
1.661491032948457730e-03,-4.138343587032642518e-02,6.900012646045174461e-03
-3.217455692112627247e-02,-1.692141380981751139e-02,2.108539888853867492e-02
-4.113456204896311086e-02,6.748761169284243563e-03,-5.630593184269143056e-03
-3.967687338971090383e-02,-8.017785975341907428e-03,-1.157295891812755440e-02
5.575282079843344590e-03,3.675368196831323847e-02,1.984256125534546514e-02
3.554329160679575825e-04,-3.424458194247792520e-02,2.461703124171238030e-02
2.039838448936746179e-02,3.244987537777234421e-02,-1.768895383192579246e-02
-2.376138685461056266e-03,-4.324122721944289628e-03,-4.196207487563851507e-02
3.031009339496719759e-02,2.547669594877417787e-02,1.485154553314889728e-02
2.415009953365766099e-02,-3.109869244113056680e-02,-1.552897894494430740e-02
-5.190225141162623824e-03,-3.858215136877243129e-02,-1.670799480390667766e-02
1.156388234636447805e-02,-1.598068925921792074e-02,3.753325277473874150e-02
-8.514873840966212526e-03,1.816659226771537641e-02,-3.739647301476677760e-02
2.013764277251758536e-02,3.188168268358787787e-03,-3.726270127628004275e-02
3.639752123660423833e-02,-1.329984785212452898e-02,-1.748445766679648100e-02
2.493835307686755390e-02,-1.603801362991284091e-02,-3.051895080751928710e-02
-2.437369100296603308e-02,-2.455591110870727206e-02,2.483244961714566046e-02
-4.203646396644630107e-02,-5.992874426720254215e-03,3.730397408647594375e-03
-2.020670755390313253e-02,-3.651202622234855921e-02,-8.867373903107508490e-03
2.158909499981627369e-03,3.331013157688995918e-02,-2.662740780126417878e-02
-9.864912360761937671e-03,-4.103106881881823237e-02,-6.749401570388662876e-03
-2.104577159895218430e-02,-1.936336819632920522e-02,-3.180771576050508975e-02
-1.689405403170535572e-02,2.085116974398627115e-02,3.335551638888971382e-02
-1.410556122329925492e-02,3.311685343430165879e-02,-2.324336354584290512e-02
-4.213619313767300728e-02,5.862883192418380865e-03,-5.412085759178653609e-03
-2.435153459900725806e-02,-2.162308064232239951e-02,2.795969426483164641e-02
-1.344471708426072699e-02,2.938113895682768067e-02,-2.831014300084259278e-02
5.212296315539224466e-04,2.944040769674239819e-02,3.133119345511958809e-02
-1.229413391746935402e-03,-1.259532267572051160e-02,4.112999445238736673e-02
-2.477539318575094907e-02,1.874964083068810655e-02,2.982680729143952908e-02
-3.926140832423155591e-02,2.087751067340222044e-03,-1.767394255232640488e-02
-4.021224798720254151e-02,-7.888319338216127387e-04,1.561139288438436606e-02
-2.669943869109864601e-02,-3.357442769979970126e-02,4.943533335437524066e-03
-6.343775981235122950e-03,-7.599147321688031788e-03,4.206814268968547127e-02
-2.950710188182230700e-02,1.152057949789907915e-02,2.945343420821227437e-02
-9.846038502024272512e-03,1.223841771175308325e-02,4.034046467303506467e-02
2.797791965458865798e-02,3.086210824585433610e-02,1.191727970037397173e-02
1.965520292294930041e-02,3.832532942451979258e-02,5.027585020181372412e-03
3.438987088554441157e-02,4.924831203926270141e-03,-2.601339853144215425e-02
2.424220798684866007e-02,-3.442257151422904032e-02,-1.068623362654083989e-02
-4.296262508252871037e-02,-5.479759044379960489e-03,3.762804812331797984e-03
-3.521860637944569054e-04,-1.085200667704661233e-02,4.213387530170240036e-02
-3.544870102831961661e-02,2.420759119856876959e-02,-7.329114991105216415e-03
-1.384447484095725767e-02,-4.112403938329659697e-02,-4.081460678650857161e-03
-3.983085037774280329e-02,1.598792797586919695e-02,7.783629949537259826e-03
-1.563929930524548401e-02,3.705076085329823271e-02,1.698616261149870146e-02
-4.137748407365708647e-02,2.006181684373090860e-03,-1.389016064490443576e-02
8.167175301647528612e-03,1.779620426698102706e-02,-3.910027407580220909e-02
-2.171377144909402562e-02,1.382706973977059287e-02,-3.539414097808690762e-02
1.719224321395887781e-02,-1.021395667235452942e-02,3.897056068405968521e-02
-4.187083527235518909e-02,6.582345904560399537e-03,1.119335076363674360e-02
7.834088297504435486e-03,4.217925505828622884e-02,9.192666956889227955e-03
-4.212716087447906932e-02,6.379862760875650712e-03,-1.061837936012849024e-02
-3.835602897821963758e-02,2.114626568360575623e-02,3.603246818221376557e-03
1.422788538816751464e-02,-4.152681175760543353e-02,-2.758140553253648260e-03
-1.252340385926276620e-03,3.362028162510100754e-02,-2.838675741906277611e-02
-3.040574808414480204e-02,1.529849608326470066e-02,-2.797015556217674614e-02
2.222126141553121270e-02,3.547325268213183391e-02,1.385390417657868418e-02
1.111799026220350317e-02,-3.858861159149508391e-02,1.829099361761692480e-02
-3.786691845046101512e-02,-2.257486228649247320e-02,2.628186302305949174e-03
-1.222149764993196372e-02,-4.086784912833200251e-02,1.157901619218289560e-02
2.599194342186857479e-02,3.232967786253476694e-02,1.536278586230400457e-02
-7.218790188996415842e-03,-2.274468316773632301e-02,-3.729018293017527519e-02
-5.015046090839033778e-03,-2.051482568855486621e-04,4.402251295429717576e-02
-1.260434426241996246e-02,-3.113811629149640034e-02,2.894664047920084138e-02
-1.038299909183773226e-02,-3.904135714643522381e-02,1.837147544984735550e-02
1.377374631036077345e-02,4.084545346173399510e-02,-1.070812664737813037e-02
-3.106385787059050621e-02,1.064063912015398260e-02,2.996216030225986801e-02
1.382185714563323974e-02,-1.406468832657111097e-02,3.987786997622112112e-02
-1.113644040646889939e-02,-4.234840069584844963e-02,8.054982563745352944e-03
-3.155236184508464908e-02,-1.522363206302432444e-02,2.753482426914670433e-02
3.854380128650079784e-02,-1.328062458808429436e-02,-1.807385424130393201e-02
-2.182257839633961263e-03,-2.344566308512266092e-02,-3.791292360510846449e-02
-1.424512519477175263e-04,2.320931291393419846e-02,3.816210352642616932e-02
-1.697430227303564632e-02,4.131809067179233880e-02,1.707265780982012262e-03
3.941235053398588900e-02,-1.140652153544889288e-02,-1.783177024962799909e-02
-2.327159020791576272e-02,1.671841308291959274e-02,3.440246900892185433e-02
2.302519003140289164e-02,3.000346573675797407e-02,2.402963416212479386e-02
3.797767125891355136e-03,2.566193011562931808e-02,-3.657897255214887650e-02
-2.079219993322443255e-02,2.683974743621799983e-02,2.935098152420516707e-02
-1.370279500191475507e-02,3.589917988076744143e-02,-2.325594492214554804e-02
1.048772836103292229e-02,3.975593939365407170e-02,-1.816642475752921690e-02
-4.348330056813812239e-02,-3.829684444362000187e-03,1.087526705025471628e-02
-2.774292243388387647e-02,-1.210231822612648465e-02,-3.332850433972104481e-02
-1.215408780873913040e-02,-4.205106269991271128e-02,1.068183260478586596e-02
-3.147378120952296077e-02,-2.780780950622899206e-02,-1.641438465824892820e-02
-3.910526791843253747e-02,-2.219108791893514496e-02,3.850877746946071781e-03
-4.280874432353500708e-02,1.257711298207430696e-02,6.993838627401323220e-03
-9.932498709682100954e-03,-2.902389369221719181e-02,-3.319391227449770831e-02
-1.829657095633888814e-02,-4.101162825509666043e-02,-5.417534413117224348e-03
-3.619495814058744376e-02,2.173636362780647160e-02,-1.633139650152117331e-02
-1.457658228890505552e-02,4.235524423631643887e-02,-6.782859992146045465e-03
-3.861684000333592826e-02,-2.374094481766592449e-02,-8.657799070253861199e-04
-3.752957291769059428e-02,2.544604200573948732e-02,1.692407872518153153e-03
-2.686880485757421611e-02,-2.154960567720189124e-02,-2.959236718582126946e-02
-2.986298635183897311e-03,1.668538943592676876e-02,-4.216513321846224183e-02
-2.101517495734348331e-02,1.906036381710191421e-02,-3.554541244809512890e-02
-3.680665909608541592e-02,1.657695598023448125e-02,-2.102566394829904692e-02
-1.965587518235366662e-02,-2.610870617743282079e-02,-3.172978111653671635e-02
3.960828670020817913e-03,-4.430607148186276739e-02,9.963638224936583604e-03
-2.704975999314069429e-02,3.611475050970235773e-02,6.724520312908484170e-03
-3.576088950698123187e-02,2.563435101598458485e-02,1.218262760626923763e-02
-4.947209065070727607e-03,-2.122477805076030538e-02,4.015725601741375328e-02
-3.442012318531541271e-02,1.120011812330335386e-02,-2.793882398774500189e-02
-1.869723781949226768e-02,-3.814661935482778488e-02,-1.700613628666763910e-02
-4.188315188821463420e-02,1.522418574164284555e-02,1.054420343566892133e-02
-3.878389700983677496e-02,1.988210289636604261e-02,1.417253380665992567e-02
5.004189019793695362e-03,9.870610784901588317e-03,-4.450925125950442457e-02
-3.354426465117867594e-03,2.218423502474007117e-02,-4.004181760685694702e-02
-3.981985473752627791e-02,-1.783413871707914154e-03,-2.282834868554126442e-02
-2.028212329931816313e-02,3.906297332299010772e-02,-1.326085034366680966e-02
3.471699423322751471e-02,-2.708306222032147784e-02,-1.332533871067928533e-02
-3.347179164584357380e-02,-8.999919701916658799e-03,3.030120802930978338e-02
-2.112417373556261385e-02,3.881817506854399330e-02,1.302449735884084886e-02
2.173627681739600387e-02,2.171750050851745453e-02,-3.437731403954687182e-02
3.236659979037308926e-02,-2.355278609645825375e-02,2.295172858226935189e-02
-3.092592669612690554e-02,-3.350158537577679202e-02,-7.317118114125678585e-03
-3.239488586199611858e-02,-2.941046335176893817e-02,-1.486951094866014594e-02
-4.244552282282916533e-02,-1.829583676349595678e-02,-1.530878549466363307e-03
5.973608392638406206e-03,3.865736250432027371e-02,2.473511700961160409e-02
-4.448500870015744540e-02,1.288697086760878623e-02,-3.304932986308440203e-04
-6.192808106361304479e-03,4.177599438304255980e-02,-1.909745948801559734e-02
5.458502748774966135e-03,4.520323820853455743e-02,8.852555931359487595e-03
-2.346853152407240781e-02,3.964455280932632775e-02,-5.677299259748232706e-03
-7.879881092903434983e-03,4.572127031061897634e-02,-2.316466520448877235e-03
1.763234594075871464e-02,2.403837158745276981e-02,-3.567000001639797357e-02
-3.713685525461995346e-02,-1.746951287153580140e-02,2.190802095879913758e-02
-3.807843359738019573e-02,2.124266421046720407e-02,1.631786522431296835e-02
-3.348270101666841331e-02,-2.578033202012256636e-02,-1.962074040116084522e-02
-1.056029472206727535e-02,-4.480052106178807753e-02,-7.435269354429566852e-03
-2.576965242163885630e-02,-5.302395890456211916e-03,-3.853439444067948555e-02
-2.710385597852916356e-02,4.355636401095754236e-03,-3.777168048230794550e-02
-5.610343597356867371e-03,-4.433727085635946058e-02,1.364628971305221865e-02
-5.933243111830455857e-03,4.056329718698522407e-02,2.249682032016302180e-02
1.189920080706303833e-02,-3.027010005808694962e-02,-3.364553933795005197e-02
2.315351561374783332e-02,2.277677988131342462e-03,-4.064259208554328595e-02
-1.837730069628822072e-02,3.165000255172287918e-02,-2.927194812601860777e-02
-3.405343090680073431e-02,-1.955198566519048692e-03,3.218753608964137342e-02
-3.041998807255749410e-03,4.205988098763120860e-03,4.664498087140517973e-02
-2.562829754951906347e-02,3.839687873842247134e-02,8.646971874084677726e-03
-1.767396748260359777e-03,-4.616388768310038249e-02,-8.652988759602579100e-03
1.808407052882941499e-02,1.562542068210243801e-02,4.051070533420503966e-02
-3.069492397793062780e-02,2.241490878547406848e-02,2.776510348326345981e-02
3.296459678819198269e-02,1.803419434603120361e-02,2.840445924566234806e-02
-3.076102047068884904e-02,-1.918599807467051208e-02,3.012591069117975459e-02
-3.815932227282551464e-02,-9.026301712513361275e-03,2.622038292697346368e-02
3.518054415444563793e-02,2.987201012019752647e-02,9.915266836959849353e-03
-6.349661384413553223e-04,-4.312530033086101749e-02,-1.926989831426672434e-02
-3.484351437129876161e-02,2.404463068898887029e-02,-2.103599425141165075e-02
-1.009565822488307091e-02,4.067480641899094002e-02,-2.194469228496416166e-02
-2.813720649113871097e-02,-1.234119033743741409e-03,-3.805142290103540048e-02
-2.599519878793209171e-02,-1.975647179146765645e-02,-3.432597248205471879e-02
-2.360951215141391876e-02,-3.147906209155343360e-02,-2.644249223134299137e-02
-2.341169730383889369e-02,-2.089978627014009091e-02,-3.557867080580257024e-02
-3.911289439465994583e-02,2.686363314419275630e-02,1.575563169694516779e-03
1.807564880895759507e-02,-1.521211106633822176e-02,4.121921518658960837e-02
-4.306038533525014672e-02,-1.968160559170126223e-02,-4.336440803842630046e-03
2.164795602851118939e-02,2.624394622696935020e-02,-3.325949680844949435e-02
-2.658940824315048426e-02,-3.849511832476889411e-02,8.826549295371325862e-03
-9.296035731661088722e-03,-4.667573534438966554e-02,2.223659154020865732e-03
7.740401876007041264e-03,2.576879706422096142e-02,-3.936047647271144478e-02
-1.974294560532032297e-02,4.277875062038039716e-02,7.522816464848968224e-03
-2.430686224708572540e-02,-4.109390710186331536e-02,2.689340005342874822e-04
-3.916690287581676977e-02,-5.417291458138280428e-04,2.735823079997838983e-02
-2.489944629569981055e-02,-4.014321121063443853e-02,-7.386466262048952368e-03
-3.794735749620425924e-02,1.971328886155480908e-02,-2.146186713482870975e-02
-2.409860556655071470e-02,-1.558582957483040619e-02,3.832459278462151120e-02
-4.655186068416384410e-02,-9.163007812590641399e-03,6.678832613009338601e-03
-4.708771392399016542e-02,-5.628310010709181022e-03,7.065454868466314146e-03
-4.496487098792519704e-02,-1.340011475469590416e-02,-1.003278714077356255e-02
-3.666396105382989379e-02,-1.410064756384564987e-02,-2.760785998882731712e-02
-2.514641264849983709e-02,3.649487484880534899e-02,1.855422042349818418e-02
-1.104925313017024978e-02,4.668755234565058476e-02,-3.142110667143224820e-03
-1.393090496248212615e-02,2.031504773986743395e-02,4.132945837006553325e-02
1.363877246683443305e-03,-1.878481325634279164e-02,-4.430999391395568782e-02
9.021796198775810377e-03,3.405707498681061901e-02,-3.286392209267467029e-02
-3.247341256256755515e-02,-8.636981985669684933e-03,3.457462469292572199e-02
-1.804327372472153135e-02,-2.283995902533426242e-02,3.847740845286923977e-02
-4.004968909635997498e-02,-2.061695912323749727e-02,1.737551456571225297e-02
1.091096926245410138e-02,-4.163744508761192675e-02,2.194149838709808301e-02
-1.575317307213185483e-02,-4.564794867035740222e-02,-2.338498580524698243e-03
-3.736696602887772979e-03,2.497763757989897651e-02,4.126417154363195422e-02
2.810925420436146977e-03,-8.028800685645157836e-03,-4.765947496586737941e-02
-4.155476016204797535e-02,2.051681768291599775e-02,-1.411600433901165352e-02
-1.494745853059399089e-02,6.317063095473468906e-03,4.568237695569057899e-02
-4.647231519257615656e-02,-5.231859524639285303e-03,1.289862136412804616e-02
-2.336661539373791063e-02,3.532694770145318464e-02,-2.372009454583479116e-02
-8.467982497767640023e-04,4.834658709576675206e-02,4.662372265275973628e-03
-4.785649101119955617e-02,-8.489574552892007733e-04,-8.490893174183724093e-03
-4.440608901282967758e-02,-1.448458906021284770e-02,-1.358558618801392233e-02
6.064798643150695612e-03,-1.565653267364755866e-02,4.569000278759283856e-02
-3.486390677436076307e-02,-3.325286011261701508e-02,-7.173103024160004844e-03
2.385235139571059704e-02,-4.188377829941752201e-02,-7.261264160700881334e-03
-3.633057334433226204e-02,1.664832720487017040e-02,-2.796511326340008277e-02
-1.796457943695502170e-03,-1.644990109365980935e-03,-4.874838983138345821e-02
-2.912119798765063980e-02,-2.078901172756935159e-02,-3.324643485862497500e-02
3.627156945603975807e-02,-3.234414527627980235e-02,-5.195764615008403864e-03
1.165010010233722901e-02,-4.108852923289711689e-02,-2.383251258388323010e-02
-1.603392441013740816e-02,6.051379166200776408e-04,4.623572741960921273e-02
-3.501385838876407836e-02,-1.814252560382195387e-02,-2.903943136763114871e-02
7.463372129835983346e-03,1.971074081299838479e-02,4.424262595421116218e-02
-1.324664912563168311e-02,4.485050607078313462e-02,-1.475800242834691620e-02
-4.541029473945491779e-02,-1.575692915833967755e-02,-9.883320857196181350e-03
8.089528957086481592e-03,-4.708991665748889222e-02,1.133006736267215542e-02
-1.689514957890043793e-03,2.598665530243722196e-02,4.166924862565110632e-02
1.141606103166595970e-02,-3.447706642715157865e-02,3.314676810437839488e-02
1.412962005556041289e-02,4.473756490051928464e-02,-1.482643280178980172e-02
-1.061262317904516049e-02,4.018629687741132744e-02,2.639260006117958787e-02
-3.497064433538894096e-02,3.015327977898312264e-02,1.718097337097871172e-02
1.071784455208471196e-02,-3.917208110678752075e-02,2.795075013125363633e-02
-2.708682068094361850e-02,5.842034921240113129e-03,-4.081618088265478311e-02
-1.759243281071771613e-04,1.254373046045593847e-02,-4.774543901091963388e-02
-4.003644480380520038e-02,1.783089205738806055e-02,2.278952825047719441e-02
8.194467248161439732e-03,-4.800153414152126541e-02,-8.493621486290519815e-03
-2.916112362130792238e-02,3.880977593869643083e-02,-9.491353008959443546e-03
-1.263188055260982233e-02,-2.069157891752759076e-02,4.315284482772573094e-02
1.739259695757066487e-02,-3.193015675457203800e-02,-3.363115634946718668e-02
-3.018763454261011447e-02,3.783956100659174870e-02,1.063883768861269806e-02
1.666756730144132795e-02,2.707724664531686518e-02,3.805974636484606849e-02
-2.804472062788708475e-02,4.061441383169362568e-02,5.168285211762178866e-03
-6.148985194680431539e-03,1.712416080476120844e-02,-4.620519814290014599e-02
3.347625217654651153e-02,1.841393722935141114e-02,-3.177190093330663906e-02
4.580537011515464080e-02,-1.235200293499112180e-02,1.488966403897678051e-02
1.278893059767196097e-02,-1.520467239827850113e-02,4.561673873597085066e-02
-2.456120378234205245e-02,-2.427068836508100916e-02,-3.586818368839823218e-02
-1.029458242745313890e-02,-4.828706446128258611e-02,6.666820024750711414e-03
-3.361183683266666389e-02,3.681088802909737029e-02,-6.990290984905281162e-04
-2.482442111103018434e-02,-7.944882486497779894e-03,4.253390591098874657e-02
-3.191077408580232644e-02,2.017442708920713298e-02,-3.265611723400532740e-02
3.878533482808450839e-02,2.064159589136836323e-02,2.376069115849888808e-02
-4.683805629754643485e-02,-1.742388259331032266e-02,-8.797162834629904983e-04
-3.511978826825575689e-02,-3.463258275053983370e-02,8.281006470655962598e-03
-4.934455706621561355e-02,-5.934856148318908876e-03,-5.874021889094925390e-03
-2.226275580875528709e-02,2.650637028376772245e-02,3.618861524776761235e-02
-1.820948000791305574e-02,-1.114586730970444531e-04,-4.668466523838288307e-02
3.796677657822680480e-03,2.686802597372955209e-02,-4.216601027971249305e-02
-3.778224443916152614e-02,-2.652534490923847896e-02,-1.965727282398458536e-02
-4.750206602664819311e-02,-1.166138458970047628e-02,1.132645986933819571e-02
-1.012097933494536181e-02,5.097101797157794351e-03,-4.894416242729203448e-02
-1.264460357960742187e-02,-2.419400873275930758e-02,4.221294017220087597e-02
-1.577418927321687717e-02,-4.768888030867217409e-02,2.708765541233993518e-03
-4.319237848399945512e-02,-2.294278642174411853e-02,-1.190218303933813192e-02
2.431340513499195832e-02,-1.621867531814338501e-02,-4.102013333401439976e-02
1.113825992162290751e-02,-9.861454655766271546e-03,-4.815343229592317087e-02
-1.890667224204980665e-02,-4.653970530527035132e-02,-4.458668059156492038e-03
-4.529495279103765842e-02,-1.643361514489009162e-02,1.499379621795078957e-02
1.382825484702098840e-03,3.942929238445315454e-02,-3.151433893359706362e-02
2.426210418015432510e-02,-4.426158442604596205e-02,2.285177285185593671e-03
-1.913921800006675167e-02,-2.845781848879386927e-02,-3.714871480868215531e-02
3.309509204105249604e-03,5.035972586933306488e-02,-3.514893648283298408e-03
2.317085487741638028e-02,3.656200212054346033e-02,2.624815795592838966e-02
1.522594713618547271e-02,4.146301281529300026e-02,2.479615063985922407e-02
2.873145799062734249e-02,1.955175576941085500e-02,3.689603778253904703e-02
4.376863510514490685e-02,1.427117458966560559e-02,-2.128265182081733389e-02
-1.605580098605839667e-02,-9.796806929538796546e-03,-4.713566895189167522e-02
7.852435457577511962e-03,5.002307048792561939e-02,3.846459322838381018e-03
-4.688980647209326641e-02,-1.201060002063093941e-02,-1.546225847817412138e-02
2.367516309647337697e-02,4.039033751312064852e-02,-1.983239087327296271e-02
-3.172518460129708506e-02,-3.855385253324587758e-02,9.775290411740805360e-03
-2.865198463956312308e-02,1.100766508698457387e-02,-4.061483991262792442e-02
-4.921608161693222933e-02,-6.477420500973513767e-03,-1.143320043669275241e-02
1.648913191124116995e-02,-4.625631829482664686e-02,1.365967175916010280e-02
-2.398812967849667938e-02,-2.217117070330276371e-02,-3.917092609942811332e-02
-4.089727867457457200e-02,1.985361220719151706e-02,-2.319109825701825417e-02
-2.848576750419035478e-02,-3.434042013439090463e-02,-2.484159560900521882e-02
-3.804401961829969193e-03,2.757780512469190821e-03,-5.088180427422366037e-02
-4.087917690158354017e-02,-6.084008445261107623e-03,-3.010220679175283284e-02
1.978619436421990771e-02,-1.675598443474385357e-02,4.410484184898425669e-02
-5.006587523805156037e-02,-1.067493033449786605e-02,-4.203131998094545847e-04
-1.067703421233440891e-02,-4.032314420244264425e-02,2.973207779226579375e-02
3.393981234475982461e-02,-3.081793826643538722e-02,2.292432577914120528e-02
5.080031322632960755e-03,-4.508744120102971958e-02,-2.391079160580543428e-02
-4.603785292088022709e-04,3.957339033217587010e-02,3.267069951353680779e-02
-3.661040792681951456e-02,-2.442813173712890529e-02,2.645399962162005292e-02
-4.408853888026290080e-02,-2.606559986443524393e-02,-4.109134821959838264e-03
-3.422359466751425522e-02,1.226311377097184102e-02,3.635507621057309374e-02
-1.053833043599327300e-02,-2.183167094348875681e-02,-4.537490553145228506e-02
-3.697813766795141760e-02,3.568447646078926061e-02,3.004379087584241673e-03
3.305921285682014710e-02,3.560644040112560110e-02,1.709654255831432462e-02
-4.529870712258524806e-02,-2.119532535324658920e-02,-1.245142631199953540e-02
-1.557450937070224521e-02,-3.487786301330053629e-02,-3.464755984462434407e-02
-7.908839936940191421e-04,-4.181374649928427251e-02,-3.022748225785537243e-02
-2.053975145491694632e-02,2.027146753204638486e-03,4.732817865844744787e-02
-7.229128850600756960e-03,2.483199159091002261e-03,-5.109552214005010085e-02
-1.703098987950957049e-03,-3.866870836657693850e-02,3.426720427414543801e-02
6.731737913691250921e-03,-4.452722447901626135e-02,-2.544903299868029115e-02
1.301564834475875398e-02,-4.181471619334024836e-02,-2.758618880580088889e-02
-2.532860033794667731e-02,4.411737736063837262e-02,9.707064698019234050e-03
-5.035235893936245571e-02,-7.625158689722142183e-03,-9.583202915163986993e-03
-2.419814896211804067e-02,-3.637948918638723300e-02,-2.792054049181884670e-02
-3.518470030589124220e-02,-1.130659049928582800e-02,3.641435292780756394e-02
3.182020454593249142e-02,1.538674697283522880e-02,-3.802319527089337292e-02
-4.986580935461635417e-02,-1.202755317395721828e-02,-8.186174371311747897e-03
3.309211130190731209e-02,1.995422630182733595e-02,-3.475987908074473082e-02
-4.213765705720672744e-02,-1.440686497438296333e-02,-2.686265255574540184e-02
1.436401097066221507e-03,1.735565241318997795e-02,4.903768411683936956e-02
4.195389103624450923e-03,-5.180128472112348337e-02,-3.199446208167976667e-03
-3.057029193312107811e-03,5.178399603523382855e-02,4.849506508322309548e-03
-3.847988266686651337e-02,-1.574456643054810562e-02,-3.144975774191663409e-02
-5.184133313146860322e-02,-1.107734281764408656e-03,5.671354530438348605e-03
3.563267548064256302e-02,-3.721669897160316542e-02,-8.329474072702293744e-03
-3.578323757914910613e-02,3.700925809277683803e-02,8.789789388108863732e-03
-3.405308377758006072e-02,-1.633102893656614152e-02,-3.611518339451543630e-02
-2.991021748113397924e-02,6.336197409990449586e-03,-4.241566220537780485e-02
4.338906437883636308e-02,-2.921879172305524505e-02,8.629088991066724817e-04
-1.575243601433897259e-02,3.436179094795949185e-02,-3.621404952428663310e-02
-6.006753366029877507e-03,1.122822067210253738e-02,-5.080759571596568658e-02
-2.828618561559449046e-02,4.386204568809577709e-02,4.776506552706899153e-03
-3.534338617774673581e-03,-1.051126962137365756e-02,-5.125485952956713998e-02
1.055469077754466606e-02,4.929811355435145814e-02,1.454546577280294885e-02
8.505091839023508002e-03,-5.107116585779406664e-02,8.712786558213033231e-03
-4.471090523551285445e-02,-1.090710388857967297e-02,2.533220162376759524e-02
5.710622709934945300e-03,2.215634371838421518e-02,4.732307369770148014e-02
7.564355791856486669e-03,5.188833730544688966e-02,-4.075140137292997816e-03
5.252606341405486462e-02,2.675693487706322631e-03,1.821224298828632605e-03
-3.851608162845385902e-02,-3.584357518841067847e-02,-2.109818256355446269e-03
-4.923050415938044766e-02,1.504317361894751126e-02,-1.122498976836254145e-02
-4.074607293620774451e-02,3.276644015896067186e-02,6.730280873576380447e-03
1.305863431457136500e-03,-4.543375648733041783e-02,-2.676725575895016682e-02
-3.973519712551998317e-02,1.320076611375965540e-02,-3.213269566574232516e-02
1.480145186022345169e-02,-4.067982473071406202e-02,-3.024837789714265521e-02
-2.739414400492049678e-02,1.389003189852381151e-02,4.299723957556171594e-02
-4.996344855850422262e-02,-1.458897228714235196e-02,-9.283863978862862132e-03
-2.288356651461363397e-02,-4.571051655184288354e-02,1.362002956488614011e-02
-1.776392983697686404e-02,1.869385129152232802e-02,-4.622592965146071070e-02
6.050542699363952934e-03,-4.703791841497897974e-02,2.357793852052687475e-02
-1.131317535536196031e-02,5.132070333967326398e-02,-6.821411263226444428e-03
2.800994841854513584e-02,3.464565034051522024e-02,-2.875233030361482034e-02
-1.106722027189997043e-02,-3.632936504305270264e-02,3.704739217387104100e-02
-2.076394288119242162e-02,4.807053842659752413e-02,-8.725735459301492761e-03
-1.262842173824678220e-02,-4.155075392127612066e-02,3.058357877526602167e-02
-7.189509036861218248e-03,-3.802687956134537944e-02,3.642535304920779121e-02
-1.894868379296937508e-02,-3.043734971555570046e-02,-3.927207057376617960e-02
-4.462664838592663580e-02,-1.100713045665309073e-02,2.680162592248596515e-02
-1.189624866278395088e-02,-3.328212497959209121e-02,-3.981259974815325176e-02
1.570267370399947016e-02,2.636913976761450298e-02,-4.353849413201643648e-02
1.011280883381825146e-02,4.915051877256719493e-02,1.796401451043171810e-02
-2.521356672046927427e-02,-4.652115684023054587e-02,-6.636900047452087663e-03
2.551550664055238227e-02,-3.798920857741590329e-02,-2.744106430096426158e-02
2.173017002782019758e-02,4.307897160767783923e-02,2.285777838776903784e-02
-6.707480334004310360e-03,4.091464065265932454e-02,3.368562026316428842e-02
-3.866219759177898230e-02,-1.323874377721737626e-02,3.445188264381723875e-02
-2.479116686811125639e-02,-1.617648236017201965e-02,4.454127198360025713e-02
-1.725977940346882025e-02,-9.561633415436751778e-04,-5.064222542430948243e-02
3.229179286829222950e-02,1.769946586887077497e-02,-3.886723517281281265e-02
2.062722216488913074e-02,4.232716694292379400e-02,2.555123717424498050e-02
-4.931055178205281941e-02,-1.056363311116863225e-03,2.098891885431306698e-02
1.923961431886870438e-02,4.977290979449704167e-02,5.377758676794663559e-03
1.741790918324117796e-02,4.845345815074138252e-02,-1.511783106040973622e-02
4.482973355936179655e-02,2.474487683663711968e-02,1.615242478761034703e-02
-2.626307129200529042e-02,-4.508902888516772706e-02,1.278241097209512067e-02
-4.165810363194880767e-02,2.876769910252917686e-02,-1.806727580770703390e-02
-2.966016007700523344e-02,3.654696458068801279e-02,-2.602391850918652633e-02
-5.074107925638320776e-02,1.008744081329445916e-02,1.481492016439955352e-02
-4.632270271491383679e-02,-2.743920545822125037e-02,6.621502368192572598e-04
-1.189814947848362274e-02,-5.242194374560724818e-02,-3.572287992264124978e-03
-1.478270728759510134e-02,-5.159317215568728909e-02,5.024898475085148170e-03
1.252899562853686862e-03,-5.216897931965568114e-02,1.362746245664182669e-02
-1.500810800255718974e-02,-1.600888344147336287e-02,4.930110115585310121e-02
2.762364816046799371e-02,2.534938082599923898e-02,3.885506263425837076e-02
-4.410275667071233280e-02,2.446080665685947467e-02,1.937099191484871821e-02
-2.008823211449492149e-02,4.943411545803765711e-02,8.636993667059365137e-03
-2.133402583337185021e-02,-4.421018683534759519e-02,-2.270313965383564253e-02
-3.703009715163847054e-02,-3.843544067011566562e-02,8.935900832158975501e-03
-9.363205159300461156e-03,1.915009811168386870e-03,-5.329420430940613046e-02
-4.584545278543565583e-02,-6.419644583438167094e-03,2.813964522120630113e-02
-4.549049940127278951e-02,2.346167658586527024e-02,-1.784009539697021390e-02
-1.766755444571406486e-02,4.763069647479720170e-02,-1.898755457890738407e-02
-2.175554400882849515e-02,-4.941261199675774790e-02,-5.448993728091816070e-03
-3.933481861995977158e-02,3.616991350387938758e-02,-9.610395205493275916e-03
1.546127814226978987e-02,4.779770298660513533e-02,2.067431899949246504e-02
6.183258530112099687e-03,3.157429337458506763e-02,-4.380843931623987220e-02
-4.170760794884169342e-02,3.068065425224434511e-02,-1.663640098003219686e-02
-1.179705248802179023e-02,4.590452098632018946e-02,2.672921033524925521e-02
-5.213546157841123657e-02,1.224936647389545177e-02,-9.795019933860971487e-03
-3.320078027273631448e-03,-5.046836365465082186e-02,-2.023034849389871229e-02
-4.470054158142625078e-02,1.704850704633102459e-03,-3.113760521851639818e-02
5.364985787065285408e-03,-4.781786429306056352e-02,2.566153237540628324e-02
-5.252783346579043000e-02,1.311120676967045436e-02,6.783717490509412473e-03
1.934354997853988565e-03,1.268431893401356439e-02,-5.306329137793582701e-02
-8.545471310517794433e-03,-2.965948448088963699e-02,-4.506536380549632653e-02
-4.287774862169672907e-02,-3.076416929341338133e-02,1.420959314480706691e-02
-5.014187420967446129e-02,2.124417905004796422e-02,-4.957464958228838259e-03
-9.240933040732908152e-03,-4.183052817432338089e-02,-3.403178250661181153e-02
-5.631330255296855200e-03,2.457571267640953645e-03,-5.439531604999447295e-02
-4.389751029278839145e-02,2.459606618103269554e-03,3.266209552026536067e-02
-3.811086759723313067e-02,3.917941373702593655e-02,-3.954781680578999502e-03
-1.289906925971023854e-02,2.244222590573383830e-02,4.833547054920597080e-02
-1.593865949910013360e-02,3.995981889620368183e-02,3.404087600838108518e-02
-4.470228096512961907e-02,-1.555252340830102706e-02,-2.779725049342200369e-02
-9.903017067964739809e-03,3.355630919143458291e-02,4.233223993375571231e-02
-3.050856324783446025e-02,-2.965660688377539170e-02,-3.477183220411935588e-02
-4.730307629968446420e-02,2.454216182714660625e-03,2.791085933220832649e-02
8.102351046532105250e-03,5.433344565344023352e-02,-2.846376020220879946e-03
2.167642057549755072e-02,3.639352332441333354e-02,3.513930551331681529e-02
-3.217709430789084113e-02,-1.994710254196052288e-02,3.998909600149646443e-02
4.915749607529848984e-03,-5.286730011418711711e-02,-1.471454775775761677e-02
-4.491570453301300253e-02,-2.897827727385670488e-02,1.348059659267802739e-02
2.129652675916262131e-02,5.084617580248596697e-02,-1.807287972660857759e-03
-4.658560072451620182e-02,-1.476142520384345416e-02,-2.563743808044324085e-02
-5.087134382111030417e-02,-2.283465611109719833e-03,2.134344620491910108e-02
-4.245422913521424563e-02,3.370883065603864914e-02,1.064229282669950684e-02
5.154184904391105604e-02,1.053647377596272049e-02,-1.695820486991412440e-02
1.004553992029933243e-02,-2.819104264770322388e-02,-4.650556063280592012e-02
2.135672634814804807e-03,5.389705308020263652e-02,-1.233762464418418185e-02
-9.056406637490486966e-03,-2.464079135440873369e-02,4.874154857884126918e-02
-5.183825410941404060e-02,-7.480495517580959194e-03,-1.802827657979469769e-02
-2.366599611758765306e-02,5.003905001707398270e-02,-2.729654255490322236e-03
-2.444817590068896346e-02,-4.965370494963304571e-02,-3.389571148263650132e-03
2.942342713940211338e-02,2.079088512395452573e-02,-4.218945593286882456e-02
6.808467347074544790e-03,3.839960660635721029e-02,3.950089414243185965e-02
1.624205523042825117e-02,-3.139156925521780633e-02,-4.283954850220742655e-02
-1.506388259421471108e-02,1.984825065297086272e-02,4.966734596508320942e-02
1.975255383010432811e-02,-4.189561404503964331e-02,-3.075011749874084072e-02
-2.008259252847622092e-02,4.191305364139624734e-02,3.056498720200905017e-02
-2.431911075283699555e-02,-1.433879726755706366e-02,-4.796321465366441134e-02
-4.541787416023980450e-02,-2.363749584526430095e-02,-2.189139386587751063e-02
-1.154153616464849083e-02,5.102759662068264562e-02,1.915678980375902160e-02
4.582535628802656205e-03,5.509386831187143563e-02,7.136468121636054505e-03
-2.499571724205759508e-04,7.369722373592023194e-03,-5.528241979116214205e-02
-5.254443148656140483e-02,-1.513376517742118579e-02,1.112793373914643634e-02
-3.778547056659223302e-02,-1.211262651734309158e-02,3.927569296501681045e-02
-2.693186296607687907e-02,4.721637247567253559e-02,-1.286799265897384768e-02
4.085074877003953830e-02,-1.988636708727265640e-02,-3.254695059017368580e-02
-1.130088723874864143e-02,-1.635656668534641450e-02,5.226439139671366918e-02
5.465697541745373651e-03,3.685711805797375201e-02,4.173430613534181988e-02
8.037218317104091736e-04,3.134429733028484821e-02,-4.637048037960658786e-02
-7.457433297467619404e-03,2.262598493842974193e-02,5.068573442783943367e-02
