-0.000000000000000000e+00,-0.000000000000000000e+00,-0.000000000000000000e+00
-1.595252764349416787e-03,-1.320681723231713215e-03,3.117176608501739596e-03
-3.177259070690069236e-03,-7.964883529485972504e-04,-4.172931727803553051e-03
-2.508676277247418214e-03,-1.646388822476255870e-03,-5.775968682502469718e-03
-3.869160517297179878e-03,-1.914325588264024656e-03,-6.166366702144526930e-03
-1.138206707801189300e-03,7.648693678087419359e-03,3.348904540052799993e-03
-2.478630019827253450e-03,1.664314733359944024e-03,-8.746908639803714636e-03
3.320640873469487414e-03,-9.409087470695748009e-03,-5.684562630059104057e-04
-6.233880801813886791e-03,1.055587828553832940e-03,-8.626151583428134234e-03
3.548851819005792007e-03,-1.066798066941214429e-02,1.592117041741903868e-03
-1.097867020978028456e-02,2.995361096448882939e-03,3.744559856890127599e-03
-3.599516068536392360e-03,-1.201857114774803996e-02,-8.671707080781248947e-04
-1.340345003698146555e-03,-1.267711121246318899e-02,-3.211837518759372203e-03
5.343849175960896369e-03,1.258711189892612603e-02,7.297485601657732572e-04
-7.293081084555009565e-03,8.424573672964105753e-03,-8.837420841499276855e-03
-7.367809513122304532e-03,-8.689428097301025652e-03,9.340396721542899156e-03
-8.861006610719203772e-03,-1.231517370757549863e-02,-1.287157695970797848e-03
5.805309377258197588e-03,-8.709026044463857863e-03,-1.171001039430259738e-02
9.196452907851197789e-03,-1.312774520869961804e-02,-2.150981798470793550e-03
-1.527803121156524890e-02,6.554017416787939754e-03,2.487644600511114152e-04
1.558286493748123423e-03,-4.872822395745790049e-03,-1.628458527329978631e-02
-8.102717165418316797e-03,1.841139162267173973e-03,1.540357734729537811e-02
1.833261223181865442e-03,-1.520564704269225000e-02,9.312515254626060196e-03
-1.091342011525472987e-03,-1.602168841362676052e-02,8.855433678392274008e-03
-6.673975679127766569e-03,8.838842747506456656e-04,-1.749333164858242473e-02
-1.871659457624758743e-02,1.012220232657073385e-03,3.881506273087849922e-03
-1.258049803112821184e-02,-1.275158769413114145e-02,7.785695914781741271e-03
-1.826182617463830565e-02,1.303714864162187643e-03,-7.836313182295119237e-03
-8.754102045611035499e-03,1.624707227860137590e-02,-8.434327993700030390e-03
-1.319777028704693413e-02,1.523807341207744290e-02,4.530083380856462540e-03
9.731867788457670629e-03,1.647881233205677684e-02,-8.707890305395702898e-03
-9.570067292552279087e-03,1.293864478432347510e-02,-1.408201366503435310e-02
-8.198047107859486940e-03,1.020870440735549296e-03,2.010674123821600337e-02
-1.716755464290569203e-02,1.130773164812056905e-02,-8.074517319699051759e-03
-1.570955745629619427e-02,1.877074913423725172e-03,-1.589821210889085998e-02
-9.638943271077517715e-04,-1.957488792389525806e-03,-2.266290706884882197e-02
3.431172242850887098e-03,2.230235220972659818e-02,4.952191384739656685e-03
-2.341415649518408318e-02,8.763104536627082473e-04,2.167870880984897628e-04
1.421818861250922529e-02,-1.346924895333838357e-02,1.344720582507224517e-02
7.807089177681422222e-03,2.178221203964335675e-02,6.661687112582441971e-03
1.126445835353049284e-02,1.595404170206923475e-02,1.462134899768111410e-02
-9.600613473423653607e-03,-2.201240375041900108e-02,5.823766626233445494e-03
2.151964931360222152e-03,1.681443905857738647e-02,-1.840458738984231818e-02
-1.419258839487996977e-03,-2.141525649828175670e-02,1.345100568046199603e-02
-2.226551547351237476e-02,-3.802495655974622198e-03,-1.211762977543322066e-02
-2.047959893255035455e-02,-6.079366798615293797e-03,-1.470334535930070512e-02
9.798474760236625114e-03,-6.312899770487605429e-03,-2.349957737437423366e-02
-1.973545232138928032e-02,-1.441462322318769543e-02,1.031383023916423482e-02
-1.450188925493671975e-02,7.635629151339584642e-03,2.122753308604203790e-02
-2.539678885222027005e-02,-9.069784305075849137e-03,2.747385794448637709e-03
-1.820734123742633048e-02,-1.008086487842092642e-02,-1.781248367729918944e-02
-1.088806903332068324e-02,2.538338925217218864e-02,-1.782595889473738470e-03
-1.895448448782167949e-02,-1.786225689127505026e-02,-1.016654682170597956e-02
-1.155479953441073890e-02,2.105046939810221659e-02,-1.485670552762433615e-02
-1.891432121334679639e-02,2.054615094273351192e-02,5.757267458389188526e-03
-2.291295728521621639e-02,1.738022393637248669e-02,-1.291840497549392140e-03
-2.550092802179006741e-06,-2.458790782014321982e-02,1.548872608422068031e-02
-1.995848513777606290e-02,-1.863294449936669581e-02,1.070874849322286416e-02
-2.418064628545135708e-02,-1.167845586245807102e-02,-1.244476091746435885e-02
6.530825324232474721e-03,2.544056392630688473e-02,1.420784721165380474e-02
-2.531113646359296060e-02,-1.027462727347375725e-02,-1.270070180315046454e-02
8.117629035115330252e-03,2.434647796966496469e-02,-1.626938107049254179e-02
1.712661090471918543e-02,7.172087489121190332e-03,2.438047472933701706e-02
-1.457848508377762760e-02,-2.554479864365435601e-02,9.483831476282098688e-03
-9.555448373209278826e-03,2.055726772138644076e-02,2.137676657676915518e-02
-2.446624462984078180e-02,7.513348239526588222e-03,1.821278489745797868e-02
-4.437581924878477094e-03,3.001299106922549267e-02,-9.065181008971374271e-03
-1.845872294710205336e-02,-5.235956110642541080e-03,2.550338301712009800e-02
-1.831100289940447434e-02,2.567319196279748902e-02,6.331375090552419926e-03
-2.170328154100856916e-02,1.489972743830268211e-02,-1.890513436755032750e-02
-3.450915159130640234e-03,1.667945275120571308e-02,-2.786195134607285032e-02
1.780039138662775676e-03,5.118639840057214244e-03,-3.245014328153312394e-02
-2.379350405313724812e-02,1.701287868279165866e-02,1.558228341773007855e-02
1.993295684105324955e-02,1.072895710925991265e-02,2.453477697259879090e-02
-7.214328002462321683e-04,1.248883815325796225e-02,3.120777614594349644e-02
-2.524686332898630828e-02,7.457207659094302991e-03,-2.129429856645362329e-02
2.362294165414989197e-02,-2.399643896659765796e-02,-5.352473205520699370e-03
-2.594602533529949406e-02,1.523691598586976188e-03,2.242943914114926829e-02
3.204042532746567695e-02,7.222056364102278844e-03,1.076766802576392158e-02
1.750127711220619484e-02,-2.141192427622233899e-02,-2.111947498541212956e-02
-8.806910057174177978e-03,-1.599601569044345820e-02,-2.989124459277761950e-02
1.430362161419652424e-02,-2.719184047429952511e-02,1.729364029906081332e-02
-2.829098933741864760e-02,-1.502115199710371768e-03,2.136768001652082985e-02
-2.421821546611424222e-02,-1.642483353574896582e-02,-2.047161302210079303e-02
-1.088002762928916289e-02,3.423672631988273346e-02,-1.020237647903234329e-03
1.261382003743909651e-02,-3.010165991757952214e-02,-1.557406553547161822e-02
-3.219462362256686472e-02,-1.556401316831413674e-02,6.727049908250998418e-03
-9.059097589736322606e-03,-1.024409977511757733e-02,-3.395890616673866158e-02
4.103734598266320539e-03,2.865330575167348778e-02,2.277300317707734237e-02
-2.781758627882796944e-02,2.569294074669501229e-03,2.433728798821595610e-02
-2.075058402855591705e-02,-2.290194328869386842e-02,-2.083058005455117392e-02
-1.975498004101675781e-02,-1.749735737530394922e-02,-2.662466113831338591e-02
1.547234839859439222e-02,3.364069543996846962e-02,7.106675511896904870e-03
9.204322486985843169e-03,3.340488897045181677e-02,-1.540482576389937304e-02
-1.408935624281238211e-02,-4.007512746473010758e-05,3.543639145565202764e-02
-1.713269744822642007e-02,1.757272522814659274e-02,-2.946639776937892349e-02
-2.032039364522594468e-02,3.272353379412616670e-02,1.792870740871983564e-03
2.335055878030183399e-02,2.426814468537539030e-02,-1.921325829548594169e-02
2.783432019996555373e-02,-1.024352027603717130e-02,-2.529929854502147024e-02
-8.672916749789646301e-03,-3.812854803260259245e-02,2.671112624255587552e-03
-2.545870550233907126e-02,1.356309494535319800e-02,2.684136313304176860e-02
3.195135917251186453e-02,6.174365046872192994e-03,2.258285856309012046e-02
3.255682525385846654e-02,-2.188442112760969130e-02,6.824408344935867753e-03
-1.968399280728703321e-03,2.187497557491552280e-02,3.345925581046736014e-02
-2.616573200354418982e-02,2.817774021528424155e-02,1.182194200263801849e-02
-2.785568844215197126e-02,1.499971519765279024e-02,-2.517836920500487324e-02
2.134920388693642077e-02,-2.718817872204015718e-02,2.136355189678102243e-02
-3.008494628802005008e-02,2.755924455621016830e-02,1.814044274030515410e-03
1.659747441206881405e-03,2.909711314112414099e-02,-2.889711808712787725e-02
-3.301283550364409597e-02,-2.170575620804421693e-02,-1.183218687280203872e-02
-1.050391208916190075e-02,-3.620651746945238725e-02,-1.721350838316459270e-02
-1.397850712016903210e-02,-3.901123037530842413e-02,4.104751682240654828e-03
-4.989657814230065956e-03,2.360680319731463944e-02,3.418383404295206873e-02
1.126915856296376028e-02,-1.799823437370145357e-02,3.628200943924933530e-02
-3.578391665948424394e-02,1.778537261906425193e-02,1.367925787189800367e-02
-7.608384173599321704e-03,2.953706901517958935e-02,-2.949971675303156987e-02
-3.694557064280161712e-03,-1.367888508643984313e-02,4.020498088093920480e-02
-2.123926072846989838e-02,-3.112620867739570446e-02,-2.034480303559807815e-02
-4.958172032273051692e-03,3.892296328320953708e-02,1.763368346922079138e-02
-2.119081583757354351e-02,1.444593961205605306e-02,-3.477749807000134891e-02
3.438759975836287036e-02,-2.509860992078473407e-02,8.453345451797864007e-03
-3.503834272441808204e-03,-4.345464871073133339e-02,1.792724854771886832e-04
-3.937621821109207193e-02,-6.758227725134434601e-03,-1.792143908463056726e-02
-3.381840605756893797e-02,-2.565496042895681894e-02,1.149836443695139744e-02
-7.756178356207159112e-03,4.230175539041703542e-02,1.006109558114701326e-02
2.129104437295131075e-02,-2.577010199686968414e-02,-2.915780720107021343e-02
1.038708093096626754e-02,4.014180232100802298e-02,1.628200982599496693e-02
-3.328461240479217015e-02,1.836246122420724311e-02,2.358180921228162502e-02
-4.436537709031770221e-02,6.689030383916444097e-03,2.217683462519737594e-03
-3.910552282545929487e-02,1.758285287352185852e-02,-1.401295977151428840e-02
3.594368683363393518e-02,2.691892644259819348e-02,5.917028058674908206e-03
-3.906999186059730705e-02,1.515211246247006281e-02,1.767419528615594981e-02
-1.522693421006516071e-02,-1.504192431565508879e-02,-4.033808757018046698e-02
9.585923516524961357e-03,-4.395292082657940858e-02,-8.854156789693480925e-03
2.383102028868301983e-02,1.904073788282743471e-02,-3.447543651259488140e-02
-2.222822294039486068e-03,1.836080350071771184e-03,4.612592966243706655e-02
-1.830787232501977085e-02,1.501900839062676567e-02,3.990072599022042449e-02
-4.494240719879410290e-02,6.477687822788613485e-03,-1.038999401219452105e-02
2.282986581695773884e-02,-3.516369814987401615e-02,-2.071164411308147255e-02
-2.416713390743307349e-02,-2.450802741775784388e-02,3.192033128305959283e-02
-4.603768688076396304e-02,5.514332148038650176e-03,8.407030113259284995e-03
2.957586109518468408e-03,-4.676479045398831969e-02,-6.467446469310529633e-03
-4.242711079980569094e-02,1.443487250265727655e-03,2.126864947762037439e-02
-6.228752805955382887e-03,5.356119018981457579e-04,4.724833492382798927e-02
-2.271894457154121499e-02,-4.029206135780506737e-02,1.220213495665804435e-02
-1.920624756246303369e-02,-2.815287279820003277e-02,-3.382371520087321115e-02
-3.684670935765244071e-02,2.176012455932286455e-02,-2.216648336181984216e-02
-2.317716304866153029e-02,-4.167691435249000487e-02,8.088879485259355476e-03
3.357500962323537938e-03,3.990188361987154902e-02,2.744439480690369706e-02
-4.295590095088670790e-02,-5.917843781573610407e-03,-2.221400696962002111e-02
-3.577392265354855522e-02,2.341626982086494890e-02,-2.372075315961039849e-02
1.428670608894401679e-02,-2.076332060375516222e-02,-4.210264633303114484e-02
-3.940493737859172146e-02,-2.949312933151890248e-02,1.537953889264091507e-03
3.809843091385918534e-02,3.142693252448541114e-02,-1.711596314053757950e-03
-2.437026728271377354e-02,-1.860304918255051548e-03,4.314888882051372276e-02
-2.775420939981995683e-02,4.127168095154591654e-02,1.639134639775944235e-03
-1.250739873963721115e-03,4.966139750427331356e-02,-5.066032519828384158e-03
-2.994963421451353816e-02,-3.198048547135549924e-02,-2.430869659579018918e-02
3.514305915171473532e-02,3.320367536468365327e-02,1.379490503758751957e-02
-3.702862667138609454e-02,2.527018945206463418e-02,2.313657681206052197e-02
2.352460608446510851e-02,-1.122735377945997988e-02,-4.339054544648524026e-02
-1.698559974951012463e-02,-2.646524564990664768e-02,-3.988093229681734242e-02
1.904714733009222477e-02,2.226747029389568658e-02,-4.168926726531060195e-02
-1.614368772116232462e-02,-3.861412051466209250e-02,2.936312165270220376e-02
-4.001713304022728318e-02,-2.604617280510368102e-02,-1.874385394642356234e-02
-2.173179397902688659e-02,-3.695136090391293315e-02,2.847258090478869616e-02
-3.982501212209860197e-02,1.770977574435662893e-02,-2.767602076903852640e-02
-1.510955913073802788e-02,-3.363185774723911892e-02,3.638005410272997231e-02
-4.108409850343544556e-02,-9.168595078376754609e-03,-3.046692890222017433e-02
-4.728278716208699634e-02,1.375134434571450605e-02,1.710969609395991686e-02
-8.449952901048161588e-03,-5.140023046938587553e-02,4.629467122352351298e-03
4.463675057460020357e-02,-2.576426091620075132e-02,-9.793191405356413068e-03
-3.110794451355818405e-02,-3.509439744737005620e-03,4.230201468467247733e-02
5.167034088442982141e-03,-4.228416545490341905e-02,-3.117982188615344222e-02
6.158399305812006091e-03,-4.924346976327292208e-02,-1.847554370667636031e-02
-3.720108656309642492e-02,3.668411021896992447e-02,9.587403349882579057e-03
-4.199442688085384956e-02,3.411698815006375222e-03,3.261556700828822930e-02
-2.196153736365262510e-02,-4.000269596423836060e-02,2.781756320511810654e-02
-3.084937148137660221e-02,-3.545658347835574375e-02,-2.578556999808133063e-02
-1.030107047284501559e-02,1.299149897718911671e-02,-5.114953988161827225e-02
2.594586298122599291e-02,-2.145711703079896185e-02,4.213075074510926055e-02
-3.974914075453664548e-03,-3.559744613732120783e-02,-4.053465886712588617e-02
-4.294722336160528703e-02,-2.772516025302112011e-02,1.817526340190163403e-02
-3.950527510342673188e-02,-3.695158248541974277e-02,5.904727927422516627e-03
-7.106204750753485067e-03,1.632879202797761845e-02,-5.158778111443868691e-02
-1.795609584947689338e-03,-4.208752797371674570e-02,-3.494750819193225000e-02
2.953808541694561557e-02,-1.044068638979228983e-02,-4.507664156273497730e-02
4.082978488530301410e-03,-3.062927737976786982e-02,4.556418578255951729e-02
-4.078713463065762601e-02,-2.991619309262478349e-02,2.213297858608157323e-02
-4.771290217608266382e-02,2.390325011171496108e-02,-1.476760867706890072e-02
-5.133430117144977683e-02,-2.111318444937932207e-02,1.591821991605020309e-03
-2.782676118758199355e-02,1.951016796505458326e-02,4.411449731377913019e-02
2.309998704804624645e-02,-2.044263936709021789e-02,-4.655230530737983902e-02
-5.456057757276667336e-02,-4.475471488680045178e-03,-1.180327208153854335e-02
-3.490545794167868032e-02,3.837962343930342857e-02,-2.150356621645970259e-02
-5.151584548574805744e-02,-1.405982691607327376e-02,1.788369602721084223e-02
2.831524562215431348e-02,-3.363011222378242682e-02,3.544374012813563540e-02
-5.432484988182512825e-02,-4.810954810795973861e-03,1.524077979800190184e-02
-4.378508105603355627e-02,3.113169614965365442e-02,-1.838288690405451287e-02
-5.242778085302833568e-02,9.378612305912265718e-03,2.013101070999675710e-02
4.077573760870912417e-02,3.703820240243153178e-02,-1.500171214060177019e-02
1.535453378082287691e-03,-2.646053955926749163e-02,-5.074136417862801923e-02
1.730852254710802752e-03,-3.331244328523514514e-02,4.671363656538612963e-02
4.546748145067417562e-02,-3.325990160311479565e-02,-1.179197269541391001e-02
-2.077538899247837953e-02,-5.144754994623358668e-02,1.586798009338901555e-02
-4.999608276057900501e-03,-5.518365116211235849e-02,1.666540199226410404e-02
3.907182703567590315e-02,-2.736151869690427174e-02,3.302157864101330775e-02
5.242217127744169813e-03,2.489696739679808299e-02,5.230749244528988540e-02
-2.386326630120831974e-02,3.002879680385473274e-02,4.393141094114223072e-02
5.183538813196743311e-02,-2.330806885720988764e-02,1.373790035935152851e-02
1.694906847438015307e-03,-4.716754743068750366e-02,-3.477088516926598455e-02
-1.046298789789009906e-02,4.879718809715530292e-02,3.104507664154296590e-02
5.627411323885335437e-02,1.528553694301676424e-02,8.473225035636447813e-03
1.238292268589673978e-02,3.151651103888764710e-02,-4.840852528219193041e-02
4.198324304768509541e-02,3.522552442346383456e-02,2.245854146485960073e-02
-3.613332695830495135e-03,-1.013286479630915934e-02,-5.839434936093679945e-02
8.072123949217423905e-03,4.705100316923304521e-02,-3.555981775653614674e-02
-5.098290952076485472e-02,-2.711710500471993870e-02,-1.505648720272040678e-02
-3.441725934566449568e-02,2.794392243669847203e-02,4.017124021826413982e-02
-3.752318497776711056e-03,-5.878557630306969345e-02,-1.127708076931730787e-02
3.426000877076996326e-02,-3.372881144717346930e-02,3.610378984643208833e-02
2.967278519948642144e-03,-4.565734105515775743e-02,3.923448963633998504e-02
-3.925342262143736993e-02,-3.644291958267282389e-02,-2.795915078206547694e-02
-1.916124776859074851e-03,1.679429548767517183e-02,-5.816194076648040223e-02
-3.691220591169380727e-02,-3.219177023468545312e-02,-3.588343173764731858e-02
-2.485997929335199280e-03,-5.450470562747011111e-03,6.056793222249488157e-02
1.658167757217234722e-02,-5.869075502794391525e-02,-1.654209327447183752e-03
-5.372318987157168046e-02,-2.914834804820296346e-02,2.104157617751372354e-03
2.128112873417218123e-02,3.785587339159852960e-02,4.326931149277124522e-02
2.827621809530523472e-02,-5.398090159362672891e-02,-7.916248939321560499e-03
-5.338849594721307990e-02,-4.702740494824797848e-03,3.035909843671509567e-02
-3.232475813474286475e-02,-1.688852735704122641e-03,-5.257721616046871077e-02
-1.108015213239533364e-02,-1.132656485907442348e-02,-5.982506885151829545e-02
-4.168137507335747949e-02,-4.433988083437827299e-02,-1.203084952538028760e-02
3.293870234158655097e-02,-3.796842774593045533e-02,3.659998315107903383e-02
-3.028308510912775323e-02,-4.479852335686400344e-02,-3.098660743501249759e-02
-1.759761025811224996e-02,-5.813536588455475718e-02,1.458702742117738357e-02
2.611951292602805383e-02,3.849830288109402920e-02,4.190316954762023788e-02
2.613997710033278896e-02,3.763352826049614491e-02,4.288005109993547892e-02
-2.204707642022929806e-03,5.775122546606029084e-02,2.482501461491642622e-02
-5.679108402649715726e-02,5.282115220297931360e-03,-2.685692919784967575e-02
-3.254266688418631231e-02,1.360392898295626797e-02,-5.242534517750229578e-02
4.910009032828745873e-02,3.718926888332989289e-02,1.472226952688611944e-02
-3.482417530725605281e-02,5.305819316635957544e-02,-9.045348463057753747e-04
-5.557926034135036303e-02,-2.966306294759769868e-02,8.824932988527630154e-03
-3.434652036259026875e-02,1.854105713320418347e-02,-5.041333020191850894e-02
-4.920704845245234271e-02,3.349335299096332930e-02,-2.323699644927473135e-02
-2.906761801172767085e-02,-4.031380141406439716e-03,5.692157524553841108e-02
-3.344950052658231254e-02,-5.043572062024997971e-02,2.137221617682103642e-02
2.342858372143112600e-02,5.025879723194113385e-02,3.259947351402397303e-02
-4.396420902893901847e-03,-3.774433723496749965e-02,5.207481046093542787e-02
-5.942905891089341613e-02,2.451941935385707622e-02,-6.397102521781340354e-03
-2.757236057942670515e-02,-1.788792689797370772e-02,5.578461951680020736e-02
2.336725238250256763e-03,-1.422078902943003584e-02,6.326653260577337623e-02
2.317170716120806745e-02,-5.885994756118247129e-02,-1.507126127598345557e-02
-3.328547667781308478e-02,-5.335277613659636375e-02,1.709829156910513612e-02
-6.381293783828338728e-02,1.401108146391411881e-03,-1.381948683736482393e-02
2.751809096280228434e-02,3.932274087161171522e-02,-4.449447377938165610e-02
-3.877544466175893156e-02,-4.262726050826259883e-02,3.131968335458665265e-02
4.591454959434701499e-02,-6.731765876363138973e-03,-4.654403374967405055e-02
-9.560539728840274434e-03,-5.814696695838778018e-02,-2.942133852245259681e-02
-1.451498086732069814e-02,-6.038837080407652436e-02,-2.233691897597306700e-02
-1.546167501935264907e-02,1.634491724373043908e-02,6.219692603037229456e-02
5.048229679092768041e-02,4.051267081950604004e-02,-1.425648687968761319e-02
-2.365615628794788886e-02,5.799533640139312163e-02,-2.209599103566966746e-02
-9.508327541719294868e-03,8.134374683494181163e-03,-6.536863455753727514e-02
2.407884941674616128e-02,7.727800332470879767e-03,6.171275023501603813e-02
-5.135588444459047303e-02,4.176961550073392260e-02,9.175754359491632151e-03
1.311506665821936951e-02,-4.165503878098691937e-02,5.076941971107181567e-02
5.954073011224481765e-02,-3.095078690784050859e-02,1.380816539660602712e-05
4.911143944922860202e-03,-2.362891246738548987e-02,6.276132018744023933e-02
-2.025012290394855724e-02,5.994084047936586168e-02,2.316991628919499654e-02
-5.032622197038832262e-02,2.887679807024491965e-02,-3.451980895009209432e-02
1.749516636287685653e-02,-4.447672957096308888e-02,4.787862759585697486e-02
-6.058611852750468707e-02,-1.384130061072327660e-02,-2.706994543901710890e-02
-3.739537728887095021e-03,6.320051328744348551e-02,2.460039688954933357e-02
-4.265702217057800588e-02,5.189296489463675333e-02,1.092727450868359595e-02
3.803466574046251297e-02,5.615087959638791898e-02,7.127175572610605983e-03
-6.059229377724540538e-02,1.893239300650249868e-02,-2.527744313897163989e-02
1.784116518488555736e-02,-6.481660084613721784e-02,-1.295296033721364537e-02
-6.224934000377798510e-02,6.257589002072586060e-03,-2.813568526204089995e-02
5.459297329683688443e-02,3.642099952797395873e-02,-2.042936915227551095e-02
4.617459893720890496e-02,4.327985307388627911e-02,2.715690796501559964e-02
3.469427712144833309e-03,1.835438526553862318e-02,-6.642531733671258598e-02
-3.866571817809127259e-02,4.656272915153862602e-02,3.341606716339344529e-02
-5.695062858825220703e-02,3.110157130002357342e-02,2.424051524632372598e-02
-2.588511152887437369e-02,5.057824876044295093e-03,-6.419656148821592523e-02
-6.848738566751406964e-02,1.100893864306183578e-02,-4.862660192201485182e-03
-5.001065584292102399e-03,-6.873462025103674322e-02,-1.022054922377759432e-02
-3.988685999063652787e-02,-4.176398821853272852e-02,-3.920829271696645718e-02
4.692928389185684751e-02,-5.143192030425226824e-02,6.592115429429386102e-03
3.241660131342336687e-02,4.828364913404153275e-02,3.908315072607244922e-02
-6.887272601082035373e-02,-6.858968216960930134e-03,1.173604323646449364e-02
1.837616586272770598e-03,-5.105902918478982117e-02,4.833667173653786314e-02
-4.869249319765250883e-02,-4.220234035339311129e-02,2.852105669628356502e-02
-4.393365746835852653e-02,4.898905721334483043e-02,-2.557293393893477623e-02
-2.348551164996597398e-02,-5.149000592081564437e-02,4.242535242620108782e-02
1.335129870598769815e-02,3.609609507617070334e-02,5.949921330130239494e-02
-6.052456638647572135e-02,3.710462288329902797e-02,1.267027875070032058e-04
-6.959161135855562730e-02,-1.268455548633900566e-02,-7.400121798971643142e-03
-4.589260706527886757e-02,-2.872586310637175247e-02,4.632510353273072701e-02
5.094060544668685235e-03,1.768394884539062351e-02,-6.897339822436622525e-02
-5.590720959021662495e-02,3.058127039274922965e-02,-3.246319791790625714e-02
-2.979835666495179308e-02,8.530359117606954936e-03,-6.459627371621906589e-02
4.957422171344134237e-02,-4.993242645259858559e-02,-1.418606746895717356e-02
-6.295118875067204356e-02,-3.361956355249968997e-02,8.813922692874672643e-03
-9.039809674102741721e-03,5.852525879925803837e-02,4.101969369962587403e-02
-1.548025819747986774e-02,2.399137123542222430e-02,6.628009843382626221e-02
-6.291214207565506977e-02,-1.270404634375279368e-02,-3.328199319797596478e-02
-5.637173653462635575e-02,-3.355718293065469704e-02,3.069070311875802398e-02
-1.027534972461813592e-02,5.331308397486813483e-02,4.813183406854874141e-02
-1.940903131900385478e-02,-6.682617603303421527e-02,-2.099682301935225370e-02
9.208005239257749039e-03,2.640222934992340897e-02,-6.723267790536438526e-02
-5.883624527029372719e-02,4.309766280735231186e-02,1.333768780330778876e-03
-5.173607043293060315e-02,2.968390134275173189e-02,4.221300771505314547e-02
-6.468398552412393809e-02,-3.412128101367320303e-04,3.426909343845555012e-02
-5.141969985966890477e-02,4.023872299847949807e-02,-3.337941453039428713e-02
-6.264178570811813895e-02,3.836685191488314189e-02,3.843097100211472330e-04
-2.377097169538138280e-02,2.013135694907706302e-02,6.666832646117969163e-02
5.194923171787783206e-02,5.148523106668079219e-02,-9.186584710164947057e-03
6.336770422611760767e-02,-3.639025711480019243e-02,-1.062952139768989779e-02
-3.788008477038336957e-02,6.334472595115887839e-02,-4.910851910761578933e-03
-4.687581192770839955e-02,-5.625610117563559914e-02,-1.132951653953931381e-02
-5.584096325796176347e-02,-4.854193699979237470e-02,5.899341503319067634e-03
7.584380840006534757e-03,6.269145494052771883e-02,-3.924906956428521332e-02
3.651402952152043441e-02,5.589906808232934787e-02,-3.300235764198627270e-02
-2.846124294805667601e-02,-6.288576148406764543e-02,2.830881707337022310e-02
-6.083403650067666785e-02,7.434713415880843564e-03,-4.276586453965810358e-02
-4.334082302044455631e-02,-4.947539671048622328e-02,-3.574444680424236631e-02
-4.153148561811903158e-03,-5.439241753649796257e-03,-7.467272057015050812e-02
-7.166644317666605313e-02,1.827963881207328098e-02,-1.309870562979274962e-02
-5.246501206263300132e-02,3.704259390858726658e-02,-3.919222000372427073e-02
-5.012507075961858578e-03,2.140645076786588594e-02,-7.208585195955637126e-02
2.169882312457881504e-02,-6.750589296011108575e-02,-2.590030680381163325e-02
-2.339071834483419376e-02,6.437125974269174156e-02,3.204550042523348491e-02
-1.181014113658224694e-02,-1.051883042456715038e-02,7.407139475058106826e-02
-4.269534853204917657e-02,5.187445074378988635e-02,-3.523991748940424884e-02
-4.559499122635922441e-02,-4.688227214215617139e-02,3.870231057101737593e-02
-4.041692237328450149e-02,5.740792100859912900e-02,-2.940319459357059254e-02
-3.560497027237761319e-02,5.000516514346915048e-02,-4.521668614195305247e-02
-3.435764031319760159e-02,-6.768330139251595157e-02,8.387265601338220189e-03
6.593547489002422879e-02,3.833724212596981845e-02,-5.800388494498757985e-03
-1.031956721248301727e-02,7.549066382885485926e-02,-8.037631660089132601e-03
-3.675986050884201377e-03,-7.662344643836929703e-02,-2.083965889675872592e-03
-1.090826133453456567e-02,7.268600154750343677e-03,7.573814362832559377e-02
-6.510518697580024161e-02,-9.615613223455266728e-03,-3.995037926993871141e-02
-5.486474942271288985e-02,3.216394056388477245e-03,5.409058058987891576e-02
-3.266443291904720398e-03,1.209095228981287191e-02,7.621366973182222559e-02
2.249313298456877969e-02,-3.652878941134637264e-02,6.437551941927822929e-02
-4.869374645732657547e-02,-3.960400025382828509e-02,-4.543202846590643773e-02
-3.296727401289403780e-02,2.086394542509986683e-02,6.708663112553205077e-02
-2.076970780739956918e-02,-1.641689756957048036e-03,7.488544407706025641e-02
-5.279903949310256472e-02,-7.513269519797201312e-03,5.671746632492924434e-02
-2.412316053417900077e-02,-6.985308295375777798e-02,2.487650858250971611e-02
-7.353435185458725987e-02,2.455913600370995820e-02,9.430805657124436900e-03
-7.252181802127294352e-02,-1.974776107524776197e-02,-2.166065673480422824e-02
3.805619196760745560e-02,-6.473189419290288626e-02,-2.234434191704662634e-02
2.789033216516698110e-02,1.281588382879366578e-02,7.221386570532803417e-02
-5.725674438520585163e-02,-5.357232454923752801e-02,5.276232374919764996e-03
-4.361653904066633419e-02,-3.071854072348530543e-02,5.787359102796835186e-02
-4.902101647049111888e-02,-1.894483809274269751e-02,5.875918698109418303e-02
5.075367673386179529e-02,4.559094073293620819e-02,-3.974133122721610484e-02
-3.644053535303454217e-02,-4.196907290305022104e-02,-5.624740550153981000e-02
-3.975854414588335037e-03,2.430849155550918878e-02,7.527037089891333577e-02
-7.309002771434018608e-02,4.015517636936695792e-03,3.055035412064149858e-02
-2.667873999300299920e-02,-6.078109995797095766e-02,-4.364371097845511777e-02
-5.937435730793019090e-02,4.599628879322779917e-02,-2.625218065764357844e-02
-7.284476067480241679e-02,-2.239494474602594237e-02,-2.327113762561259028e-02
1.838687220797986452e-02,7.764718275829188276e-02,1.254292447034175903e-03
2.011789323109556410e-02,-6.477724398149757590e-02,4.227553075006218464e-02
-6.028366984819555179e-03,7.845131833827508061e-02,1.471075717380489201e-02
-4.770851072654591976e-03,7.210653573109483683e-02,-3.470687822862276312e-02
-3.342604283300119883e-02,7.057906752140161166e-02,1.863622564557396860e-02
-2.294992063387218256e-02,2.354977814755240817e-02,7.337618511273413802e-02
-4.297948247192642790e-02,-6.807975742628148697e-02,1.617794490958577702e-03
1.863144598251693235e-02,-6.514925238894017645e-02,4.373225257427926921e-02
8.518438036452137671e-04,-8.072885884157950109e-02,-2.358011191732495900e-03
-3.701635708996003915e-02,5.765865903229502876e-02,-4.298930395552459649e-02
2.039611534153569494e-02,7.482585382322080869e-02,2.339420229826554010e-02
-5.881571868790192066e-03,-3.962319668908025061e-03,-8.081646475893204673e-02
7.469665221847136827e-02,2.621467344657096854e-02,1.828109727255544659e-02
-5.901622936539155373e-02,6.150448321212066694e-03,-5.567465792466997493e-02
-1.260125668129420499e-02,7.366912108889438204e-02,3.246384836914772282e-02
-2.592083772633154305e-03,6.979460852302016294e-02,4.220493771001915945e-02
-2.297713421702861011e-02,1.655590287728148438e-02,-7.665935341140853176e-02
-3.354351599937484274e-02,-4.344799761229669460e-02,6.070630229871069872e-02
-3.825721399461614464e-02,-3.613936774603952046e-02,6.283263597351552987e-02
-5.675915098673976755e-02,-3.535251837523847862e-02,-4.759908185490449584e-02
-7.575492528610082432e-02,2.975603993822898558e-02,1.150296071679651581e-02
1.819924526267615444e-02,8.027786306095967273e-02,-5.339277589645899727e-04
-2.188466053640239842e-02,6.249443194650810413e-02,4.910227061617698785e-02
-1.902663775375815214e-02,-4.545694403643091297e-02,6.623201137796509708e-02
-6.724602078864119759e-02,-1.847160738136395877e-02,-4.439942222805039890e-02
2.271146912751158611e-02,6.674847316105178563e-02,-4.339223207003901905e-02
-8.172004884663348900e-02,-3.645115811993857122e-03,-1.349551849561649378e-02
1.293628133183730156e-02,7.322333717350440474e-02,3.693391531835990560e-02
-4.855566830057925914e-02,-3.607922847179328985e-02,-5.703771124158633909e-02
-3.661904036288512326e-02,-3.545533074802791063e-02,-6.583451099000997564e-02
-6.249378905355143510e-02,-8.795879579582296590e-03,5.448797468514119530e-02
-5.596315777926277879e-02,-5.956028184192770081e-02,-1.708944160164263537e-02
-4.450175570454747986e-02,-6.389277730588358017e-02,3.046700366292075940e-02
-1.619739176679435913e-02,-5.843702224353036767e-02,-5.773455610599498994e-02
-4.944355012805486810e-02,-6.714220933413560244e-02,-8.796426473147213668e-03
-1.492619276531276414e-02,-6.962650155299844601e-02,4.448688642526173881e-02
-3.324428279530638325e-02,-7.440624929480069150e-02,2.068493031922405759e-02
-2.235854360053140741e-02,-5.365226358420541880e-02,6.091381337008443947e-02
-3.317858627650627917e-02,6.284561272091571116e-02,4.536744731162292016e-02
-4.132450906913662236e-02,-7.269434093554937026e-02,-1.166419436508377150e-02
1.867786187637020603e-02,-5.902217766401965382e-02,-5.757955853013686787e-02
-4.898695514837942550e-02,6.904916668611008057e-02,-1.856096717938569168e-04
-3.387948207099981957e-02,2.958213678396643884e-02,-7.186298457230244630e-02
-1.171072613177043080e-02,-1.537718350051358804e-02,8.266370226372676822e-02
-6.788894188316610748e-03,4.899356111539938941e-02,6.913836191227092087e-02
-2.135777957506955482e-02,8.189612834327118784e-02,-9.117741709173480744e-03
8.064185943990059488e-03,1.178126920292743400e-02,8.403651813146016669e-02
-1.482138859669611744e-02,4.679431823929854420e-03,-8.392916602725139508e-02
7.510864524508276130e-02,-3.893809593175020373e-02,-1.216185250829283741e-02
-3.556475845614955056e-02,-7.738074281837792334e-02,8.514139616233276642e-03
-4.094428191591904104e-02,-1.409709108549099012e-02,-7.395739506842770317e-02
-3.385993102161801577e-02,-6.311496473465734447e-02,-4.727165693052896855e-02
-5.476301641046363994e-02,4.688362952198637384e-02,4.676851808963466278e-02
-7.201294769114108263e-02,-1.456906578518645835e-02,4.478835212536562416e-02
-1.120831403549397802e-02,1.438857092398252227e-02,-8.420945410186359004e-02
-5.480607791700110865e-02,-6.162497382380391353e-02,2.534412099545662114e-02
-2.182853172006780917e-02,-5.752245228522254866e-02,6.064766087128865141e-02
2.916913963493047643e-02,6.002739633557677146e-02,-5.503749357922201046e-02
5.293543200898395001e-02,-6.844258725112996322e-02,-4.063175611194567646e-03
-3.435500768649212000e-02,1.367432925223191834e-02,7.845773950314278988e-02
-7.721402412178830776e-02,-2.448989747532654554e-02,-3.131983590842211257e-02
-5.224506610097348624e-02,5.448960033579186395e-03,-6.930574081748067106e-02
7.013150576666594797e-03,-8.501023975611281258e-02,-1.750537053071420796e-02
3.618562327898523518e-03,-3.286312542848533746e-02,8.067918967929207930e-02
7.375060558473381378e-02,-3.601868366960644247e-02,2.975852232598836036e-02
1.658598411023855593e-02,-2.613026490087704337e-02,-8.175601427796561071e-02
-8.426234543877987593e-02,1.249424038648463617e-02,2.013841513834942892e-02
5.523825256343281587e-02,2.013152214662992240e-02,6.500110614129903097e-02
-1.656302212243966274e-02,5.265791544052468576e-02,6.822306976312192406e-02
6.922719094150762975e-02,3.097008489607542756e-02,4.438384740878634216e-02
-2.188906740559454049e-03,-1.303993644431192256e-02,8.698593155304885916e-02
2.341273130316024950e-02,4.922271496328617379e-02,-6.921176064604078748e-02
-2.027234781613735867e-02,-2.767533233277763571e-02,-8.126703904018434121e-02
6.634558890314730395e-02,2.033447389098803904e-02,-5.464365548697055347e-02
1.166396780444348830e-02,3.999917881223525110e-03,8.757311440013884618e-02
-1.932061328035885109e-02,-7.933332396737399761e-02,-3.426347853652788461e-02
-4.193661601751105111e-03,-6.185334963183260204e-02,-6.338440257875294082e-02
5.790926553650282277e-02,2.699725310347782237e-02,6.163309212828385619e-02
-2.384949191889418341e-02,7.642983595854652146e-02,3.860867802388642800e-02
-6.009053400539884210e-02,6.558215849998866309e-02,3.006718053329863333e-03
-7.694908613037268474e-02,4.079337025162175362e-02,-1.885903220691205473e-02
-1.007875183269339725e-02,8.386568191613728851e-02,2.873832596371587653e-02
-4.418617474763655156e-02,5.540026552757360001e-02,5.439969370460852327e-02
-4.613067157540842039e-02,-5.176608984208731778e-02,5.650826984121159330e-02
-6.849844119662336361e-02,-4.701551238837753388e-02,-3.344371895029919772e-02
3.794158659215883522e-02,-6.044669973479565445e-02,-5.429221397816857281e-02
-2.447530804400205318e-02,-8.637552173050205839e-02,1.132608096536207422e-03
-4.522821899840476917e-02,-7.691566308768585380e-02,1.093135278922121277e-02
-2.750413055343777641e-02,-5.775470839093523392e-03,8.550632953235202949e-02
5.597212491076193619e-02,7.055591077397957434e-02,3.196647122390702551e-03
6.365173187378429798e-02,-4.591349639381545750e-02,4.451649080704263295e-02
2.519616457028949277e-02,7.638863880581472920e-02,-4.112571184413528480e-02
-6.470118130472020390e-02,6.050949004935698983e-02,-1.827146942350291181e-02
-7.690573735332309480e-02,4.290502962161086425e-02,2.112475503564889209e-02
-6.398094809122339965e-02,4.480325254061607448e-02,4.605221077052902567e-02
-2.424744981438363076e-02,6.138926065003759425e-02,6.233167428775845259e-02
-5.696376755418622317e-02,6.184358592189505288e-02,-3.453179348990189496e-02
-2.186774686420269939e-02,-4.441949754271369566e-02,-7.635960902286750840e-02
-8.416116558373066929e-04,5.235837124575549659e-03,-9.096208734825778075e-02
4.483026724274509489e-02,-6.530571785681577035e-02,-4.525245928384431099e-02
-1.905154843645875951e-02,2.561041839962993269e-03,8.929174199788736388e-02
7.072958702000645831e-03,5.034187999059444585e-02,-7.601560520779040986e-02
-1.395776912971895788e-02,3.330648395203920920e-02,8.413524710637355908e-02
-6.391029502192147049e-02,2.230317881744036529e-02,-6.181511601744438256e-02
-3.062564877691337922e-02,4.583456548167388900e-02,-7.337929914193645764e-02
-4.735685322412794274e-02,-1.798184091069672530e-02,-7.666448337268588764e-02
-8.572021912787065878e-02,-3.295406266773796139e-02,5.453941747063158207e-03
8.972149659919381737e-03,8.325006881890226196e-02,3.837729273455693646e-02
-3.781448373777372002e-02,5.589556716180953122e-02,6.284796978684935309e-02
3.598432857162056631e-02,7.399811940958007928e-02,4.187789283477858643e-02
-1.588717955627991577e-02,9.096648018268800595e-02,4.158405282356046097e-03
2.773068647730079009e-02,-8.562221040143681849e-02,2.155673554019126026e-02
-7.144921737120385474e-02,4.278972404428555559e-02,4.060980364789281566e-02
-6.115003848243076578e-02,1.534849024858383516e-02,6.804757131671000658e-02
4.526331425231950450e-02,8.100107227018904510e-02,3.963614682521880012e-03
-1.236594776202794461e-02,-3.940076634290240465e-02,-8.331026200322463882e-02
-4.931972546299043247e-02,-6.609910838802872390e-02,-4.318220366304652974e-02
-1.141827847264280382e-02,-7.690889693425492779e-02,-5.139237362314844071e-02
-6.765384076641473010e-02,4.150528556953714948e-02,4.906230830699896683e-02
-7.623535452856272654e-02,-5.693743529743670179e-03,5.369274811674535491e-02
5.728434822349192518e-02,7.244615600424485213e-02,1.474934641592264700e-02
1.032115787031822468e-02,3.549709990987157116e-02,8.603051101466419048e-02
-4.870544408419369420e-02,7.335200741640043876e-02,-3.217802572693935492e-02
-1.847715851639897613e-02,-3.792635550219129736e-02,-8.383733700513157361e-02
-2.412132823577734300e-02,6.222077146785356255e-02,-6.614839124007280968e-02
2.369018720322427218e-02,-9.080672369899600582e-02,-6.492593251929496857e-03
-2.152682124186462015e-02,2.771011560508188434e-02,8.739771701461877818e-02
-9.246583191912409461e-02,1.797386953496074927e-02,4.124251527425295064e-03
-4.470602157119216158e-02,1.367339484537534282e-02,8.200488859378465833e-02
8.129915173316694041e-03,-1.797145212200619221e-02,9.242144221908218937e-02
1.068560666964837348e-02,8.993711902731904573e-02,2.735567243547647187e-02
-7.875197358328182851e-02,5.232204535904094733e-02,5.669880815130571954e-03
2.214890365803839911e-02,-6.288649937598850270e-02,-6.742963577031307887e-02
5.556796857043222460e-02,7.665332642480082725e-02,6.995988835543686182e-03
2.253530767508328189e-02,-3.519578477593920951e-02,8.536002087036249908e-02
2.455034439011771416e-02,-8.319054569822027789e-02,3.911494904817920670e-02
2.190602023985689997e-02,-5.725400783249460362e-02,7.291041191444934400e-02
4.277902648056953333e-02,-7.599753942251254168e-02,-3.858262101097423985e-02
8.934630393954510336e-03,-3.300032628248483237e-03,9.499497515946260517e-02
-1.439148017544228560e-02,2.440111518629706905e-02,9.128371621587021145e-02
1.604307751327849196e-02,-5.963685056485881764e-02,-7.308763376325250194e-02
2.147760871981270817e-02,4.373403896311816447e-02,-8.247594079782920307e-02
1.852965602811307635e-02,-2.352638163619835340e-02,-9.110380050335475932e-02
-4.599959684066458332e-02,6.098771461596090571e-02,-5.815317704699275031e-02
-4.198868741854740183e-02,-1.672057398446761059e-02,-8.482424249546671735e-02
-6.571519406286240386e-03,-1.348255648744421317e-02,9.504391700894494754e-02
9.232479824200033602e-02,-2.738707237244261336e-02,2.220197104639870262e-03
-9.659044583674388645e-03,-3.324774960004069253e-03,9.589080343075834234e-02
-9.626123025305909076e-02,-6.235508135175619679e-03,-3.853155751393833473e-03
-2.285572741275041647e-02,7.130562083150797370e-02,-6.110352240628143250e-02
-9.098655896430125900e-02,3.214321360657381582e-02,7.024853992772339337e-03
7.187730051980543988e-02,-5.890710898591205308e-02,-2.729971376113083173e-02
6.026291227683460219e-03,9.512124268843361041e-02,-1.782945693157041850e-02
-1.197910009343481144e-02,9.376504833151404206e-02,-2.207871493352385125e-02
-6.649579797557006455e-02,3.987462803664134497e-02,-5.858139450565213319e-02
-1.954280045926645379e-02,3.376306963463361621e-02,8.911904262752329275e-02
-1.874012073990397736e-02,3.100480909830743374e-03,-9.551903018592773631e-02
-2.861569680498271193e-02,4.862454021142717346e-03,-9.307425501306741678e-02
-1.096542736344693382e-02,-8.426384091462292558e-02,-4.801374634488454751e-02
-5.760358549965032687e-02,7.887178623499876973e-02,2.769121119563906774e-03
-6.217006461797756206e-02,6.152480582947054272e-02,-4.378166253242310457e-02
-3.756544169195497745e-02,-9.041139445269089081e-02,-1.590996073669108044e-03
5.107910264558162411e-02,-8.304200213616551307e-02,1.017515838286194713e-02
-5.760934917211612410e-02,-7.936442371370912297e-02,-3.422120487464528227e-03
3.536834427490377630e-02,3.234350384788627769e-02,8.574918714684157117e-02
-3.080468927819204547e-02,1.447738979298064665e-02,-9.226112387593320141e-02
1.375047739367658492e-02,-9.486231560006766483e-02,2.243668842100902255e-02
-8.539330947184797099e-03,-2.929357983571298160e-02,9.370707234986123957e-02
5.488540443053528672e-02,-7.445225550234629841e-02,3.431064710312124039e-02
-2.814135285229712666e-02,-2.164322788589313068e-02,9.215816041099574030e-02
-5.302239791054933621e-02,-8.342863822425039544e-02,1.585310592748910867e-03
-9.147382987849247971e-02,-3.336517939978858593e-02,-1.772765833122085313e-02
-2.870431450698886222e-02,-8.394497103892869030e-03,-9.445269293589184101e-02
2.083386923164649851e-02,9.347091315008609902e-02,-2.579946591210760531e-02
-3.525631262209018291e-02,-7.723429120589997421e-02,5.146937293203759922e-02
3.986341885411619906e-02,-4.759723376539620743e-02,7.761072742606928143e-02
-1.333687035194203695e-02,9.830424445156323021e-02,-7.562953291079376611e-03
-9.297374141549542836e-02,7.269393508797412917e-03,3.496604984109637215e-02
-1.158158898442639140e-02,-4.793889439665776839e-03,9.891040369441887747e-02
3.454040237648019901e-02,-2.518885573116681070e-02,9.018686374955209306e-02
-5.004369319431836716e-02,1.417114772148252849e-02,-8.530421871345864049e-02
1.976723404954839128e-02,-9.026475366148146995e-02,-3.826688837037202362e-02
3.991311769174659720e-03,-8.921008424705646755e-02,-4.526902196521001565e-02
-9.815987710689730306e-02,9.115720575472607834e-03,-1.805640186734254124e-02
-7.688840650790783326e-02,-6.429030067974719764e-02,4.501929571337371511e-03
-3.610860578588220154e-02,-5.396545838081814178e-02,-7.661650610805710582e-02
-2.084722430436600216e-02,3.738771476693022316e-02,-9.096485728106348811e-02
-2.843377804195931086e-02,-3.464433612707596560e-02,9.010667482331023714e-02
2.015664288705921667e-02,3.815259588093389276e-02,9.103235279128890634e-02
-4.156960471987049960e-02,8.993458846919018257e-02,-1.879955779416832631e-02
5.500450025619604139e-02,8.456784619967182282e-02,3.655735621996433326e-03
-8.512048921009607305e-02,4.351669005792106748e-02,3.274571112147791480e-02
-3.750541220628206968e-02,-5.751560580348697577e-02,7.428115646878627465e-02
-7.960648313577584068e-02,4.520883755823396771e-02,-4.326981944697068372e-02
-6.574816504050100263e-02,1.762711216430919332e-03,-7.712525712184035986e-02
-4.250235690838408825e-02,8.098642925743651522e-02,4.393080363445634601e-02
-6.414910586625771627e-02,-3.891917459045825950e-02,6.845654419441185579e-02
-5.727629904128122423e-02,-7.147196207141774671e-02,4.413889462864557106e-02
-3.419692573381987594e-02,-9.552150237602222149e-02,8.014224496282832885e-03
9.466575760045584098e-02,3.748407097577286656e-02,-3.509897795010624277e-03
-1.603710841909965559e-02,8.657625149115692753e-02,5.145209174208861119e-02
-2.115850414950910460e-02,-2.945829363492348876e-02,-9.542254142876852030e-02
-8.366818393340114124e-02,5.428865245008854257e-02,2.223288743689127642e-02
7.466463605416921723e-02,-5.635422149560877919e-02,-4.138012445245897036e-02
2.645928509163323478e-02,6.051583439758628086e-02,7.824107629589341362e-02
5.903619105839092579e-02,7.598293083807741710e-02,3.530242086286089487e-02
-8.195091111389822547e-02,5.446424238288542080e-02,-2.904572003398430205e-02
6.070643152234645595e-03,4.384274155911779824e-02,9.267118671267154939e-02
6.843945819304010636e-02,-4.847592941273067696e-02,5.944870673402846001e-02
-5.619845270250281577e-02,-6.998402302331081792e-02,5.032930419203988925e-02
-5.994487242502050811e-02,8.022347635327986559e-02,-2.410243107713858426e-02
-9.725709129324346114e-02,1.448533265739261784e-02,3.102280162138144198e-02
-9.385300912024785447e-02,-4.191433520162701071e-02,9.330104686904176423e-03
4.510366718025154119e-03,-9.554589191027063055e-02,3.903799013345390229e-02
5.000639908405278555e-02,-9.028728682492725977e-02,6.478832749997331941e-03
8.149542611590433749e-02,-4.734775687647529985e-02,-4.280404888821277148e-02
-8.013247419802774218e-02,1.890732708391061959e-03,-6.566439322761319364e-02
-4.889593657359787848e-02,-6.194840628299447260e-02,-6.730000519915312063e-02
-1.268549022402619235e-02,9.205736470309464070e-02,-4.629625944910863850e-02
6.528002008447876536e-02,7.304116714781150321e-02,-3.469083019928141665e-02
-1.706877085072260741e-03,8.436816007838728038e-02,6.082909456296210077e-02
1.254010303814163084e-02,3.856478496840833742e-02,-9.590474626640284328e-02
-2.645514749068695118e-02,-5.953213706478236583e-02,8.135978226802682844e-02
-1.169132966831109774e-02,-9.756010296499645351e-02,3.506933498089668394e-02
-4.940641320691237931e-02,3.167743218935077654e-02,8.637840091928351838e-02
4.845501407012962891e-02,-8.729113393468350413e-02,3.097129331329588967e-02
-7.091025796442693152e-02,-5.054491299936426235e-02,-5.800842122779419074e-02
-5.126813582559448107e-02,5.437470120213187819e-02,-7.337701795334669597e-02
-4.224614549540942066e-02,-3.260537411523886653e-02,-9.023614977685748273e-02
-1.643909204547729444e-02,-4.790292183632308132e-02,-9.190581521375142116e-02
-1.241676261776911844e-02,-6.440698149573845233e-02,8.203893159856213979e-02
-7.185062418356004399e-02,7.575610623044243264e-02,1.235066861883189933e-02
-9.293293832905237528e-02,4.935852470168998474e-02,-1.571423103514961103e-03
-6.361683042350659012e-02,-2.999861053382277265e-02,7.841862229155413533e-02
-5.710274718557149798e-02,-8.073190417792456067e-03,8.827139324433069811e-02
-9.424075824963321080e-02,-2.076042545660594651e-02,-4.273957588518958323e-02
-8.646560398370553568e-02,-1.038336076917099546e-02,-5.980074767562334331e-02
-6.541282756705296686e-02,8.244659896851228020e-02,-1.025811129498735257e-02
1.040238266364681106e-02,-9.798570003278994633e-02,-3.864419548031979013e-02
4.059962472064702205e-02,-6.903197925302903548e-02,-6.935645173578369738e-02
-6.194660904435264626e-02,1.240234256308665392e-02,-8.517128554650631178e-02
-1.993960781806442852e-03,-2.975059571982978379e-02,1.018703620007904570e-01
6.209214830820004817e-04,4.473546315055955402e-02,-9.636545196419241122e-02
-8.243523602672774009e-02,-3.098264675110456307e-02,-5.961347081148566512e-02
-5.218045292237770416e-02,1.261052643291833524e-02,9.191709879533198346e-02
-1.008992726366524373e-01,-2.413093090217362929e-02,2.426807641105704905e-02
-4.057139222573475507e-02,9.135482919159494675e-02,-3.716848280637220781e-02
9.291640039314738586e-02,-4.143054263231394502e-02,3.232080359149164250e-02
-8.034484883753877094e-02,-2.190753165872581787e-02,6.693801262108949046e-02
-2.522056141109090682e-02,-9.227765463648477870e-03,-1.035184093119240895e-01
-6.827349438724027164e-02,8.175390397396384290e-02,1.066228714578810154e-02
2.745063528836375749e-02,2.306045131378257201e-02,-1.009688405908268083e-01
-1.618486621141720580e-02,1.027593407667470038e-01,-2.607639513062415260e-02
-3.187165695519542791e-02,1.023845413019028594e-01,-4.939833255423901025e-03
9.458203365392079537e-03,8.787374693841012996e-02,6.109781131728619225e-02
-4.887143496247207952e-02,7.887719576633089869e-03,9.547233872717102166e-02
-4.805062181551790490e-02,5.697864388587468376e-04,-9.632146927461163188e-02
-9.654263668872434256e-02,3.899877256669537912e-02,-2.769561939303541442e-02
-9.040970736016315512e-02,5.817175825723098354e-02,-8.484802544541456687e-03
-9.012936799886794859e-02,-1.627253656449888577e-02,-5.712440472798389901e-02
-8.697560279090241209e-02,-5.893595862054697154e-02,2.519000038747626347e-02
-5.202082581087377061e-02,9.297154824624218050e-02,1.855571842754826992e-02
-2.921438718059876649e-02,-1.038797841021887602e-01,-8.435576384648459103e-03
-7.134638146950615656e-02,6.771922686310409556e-02,4.539730568290883950e-02
-7.202986430974767096e-02,-2.754348114069783693e-02,-7.623414504317105322e-02
-7.259230972401739534e-02,-4.028291947182727900e-02,6.991219479008659032e-02
-3.698467243350771899e-02,-2.364035831980916200e-02,9.937217404742983151e-02
-8.806818257283600959e-02,-2.169277723474323516e-02,5.997063980273746597e-02
2.280628657733421369e-02,5.286624781213380975e-02,9.235581534204552467e-02
2.581507089938820179e-02,8.592943154824161933e-02,-6.177209552789805075e-02
-6.679978648754807125e-02,-4.364660261139595432e-02,-7.429912381109776698e-02
-9.479717327027409627e-04,-3.913445703503633938e-02,-1.018661916296712544e-01
-8.111698750394271545e-03,-1.084729810166957381e-01,-9.923412897991271131e-03
-8.397464727010996166e-02,3.260586655653643223e-02,6.194611603118487658e-02
-1.891221696006770148e-02,8.826062223637123894e-02,6.185585210317177257e-02
-7.928854282586740576e-02,-6.674660484484633283e-02,3.540526619284065785e-02
-7.469664885863508408e-02,-6.879680061891492449e-02,-4.128308451070278329e-02
-2.843634656546386794e-02,1.017250873248749243e-01,-2.969575237682497287e-02
-1.080372459090696707e-01,2.213750011411774309e-03,-1.957271308015340675e-02
3.643585375887500866e-02,1.035672675892000405e-01,-5.279953312805799048e-03
6.166526572414621904e-02,-5.950844462317824574e-02,-6.898815723116566434e-02
5.582524645703073468e-02,4.668084082684906266e-02,8.263940875673993214e-02
6.703795633618729599e-02,-8.747639829747944074e-02,4.864947868388887165e-04
-4.932973919035437554e-02,-4.536078190415325506e-02,8.761872480721009937e-02
9.546616855587526651e-02,4.657353691722069394e-02,-3.011327801196128987e-02
7.972289615857514056e-02,6.854974337494840197e-02,3.400767094346743291e-02
8.293528981256207896e-03,-4.215152821526125387e-02,1.019187843002326010e-01
3.754709529086975792e-03,4.685969950245181398e-02,1.002232208928663937e-01
-8.004828139371637785e-02,6.525284459437351303e-02,4.013254618436291887e-02
-3.368609472948397299e-02,8.011351713411889175e-02,-6.888411345085317106e-02
2.004163770570494560e-04,-3.579243959387582580e-02,1.050641919404182029e-01
-4.019927091396351126e-02,7.796454024345705891e-02,-6.816783899274413139e-02
-8.838855753366274548e-02,-4.317823129006779365e-02,5.182758428759474262e-02
-6.035833730353858811e-02,3.315612660453542970e-02,-8.741987694654690388e-02
-9.449932105565105045e-02,-5.615350661205274763e-02,1.797383962462499943e-02
-3.640529010793225675e-03,8.958638067220692225e-02,6.625055735172266647e-02
-1.073315028826045230e-02,2.978601558452533341e-02,1.069926294296858066e-01
-2.309766743002197517e-02,1.021853674849245858e-01,3.868082306978664481e-02
-5.436465465795154578e-02,1.529547902810818143e-02,9.645633710571489827e-02
-4.816704299133463263e-02,1.009508903842433886e-01,-1.972229605573030346e-03
-4.764079317755447879e-03,1.078501565120049480e-02,-1.113452900376278865e-01
5.251895739187201900e-02,7.830180976411227345e-02,6.057335143605425964e-02
5.351254159800118704e-02,-5.441876733152162943e-02,8.219073147962226156e-02
-1.034340287035836470e-01,-3.706586027933702482e-02,2.301320832899099098e-02
2.985092099757875178e-02,-8.321617109977981486e-02,6.933870956291113274e-02
-8.760805520826107917e-03,1.018250493016709252e-01,4.691014723310609619e-02
2.275753615584314576e-02,1.000899926254886774e-01,-4.616859365009434030e-02
-4.031270596429771536e-02,1.159181570051269830e-02,-1.045455415024199447e-01
-6.554964732331926280e-02,-6.059871161863250588e-02,6.886295017568594412e-02
2.827751665051881844e-02,1.080112669560624600e-01,-1.633506382949801231e-02
8.923557237195189895e-02,6.507713172180695782e-02,-2.359432770879137109e-02
-5.143060933105049470e-02,9.972911419808157263e-02,-1.362142816177591871e-02
-4.669940469729409911e-03,-9.397425332848008406e-02,-6.281258184289520430e-02
-7.908568259215820184e-02,-8.067492064111700389e-02,7.566414006761967327e-03
-9.365691704640392856e-02,5.049405002930313496e-02,-3.899780197488812716e-02
-9.896891712639838135e-02,-5.277700256010643687e-02,-1.684345160654327975e-02
-9.263997181792008040e-02,5.667996321967912893e-02,3.303106091311622944e-02
-5.102829193252652468e-02,6.858600915424453714e-02,7.483171795215409761e-02
6.982215613761001693e-02,7.097106615340509350e-02,5.493246425795405424e-02
7.244704246254600466e-02,-2.623988077964759663e-02,8.375195856491950142e-02
-6.694152428777458419e-02,-9.255203260415159963e-03,-9.168736190358546534e-02
2.290802672531717238e-02,-5.603780934761050381e-02,-9.659345382880539510e-02
5.605188806870828322e-02,6.410233287193414786e-02,7.593618701086805867e-02
-1.002997038597401719e-01,-5.171687226664514053e-02,1.744956178826900101e-02
-4.716051889862420826e-02,-4.062999294558981671e-03,-1.040214565103046024e-01
-2.533143384051731242e-02,1.112551731285545131e-01,7.976924934916421878e-03
-2.831438646802920608e-02,2.804923466866960854e-03,1.108846386442871451e-01
-8.641814098062831906e-02,7.029021299846720250e-02,2.679777898932930030e-02
-5.059302172127221053e-02,-9.408985754920234923e-02,-4.166940232332842775e-02
1.474898754405365095e-02,6.886905777114157856e-02,-9.061117339868014764e-02
-2.456007776148712643e-02,2.409151514552642162e-02,1.095866980014377073e-01
5.292871650711676590e-03,1.060160346710972840e-01,4.412952888050965944e-02
-9.039553907846080427e-02,7.115258700462022412e-02,1.666995992468640799e-03
-2.067429707299815386e-02,-1.048382681482038364e-01,4.289912107614336778e-02
-2.414477458994971834e-02,-7.620469839201846063e-02,8.301027689969410484e-02
-1.133802711374710948e-01,1.294837175598636571e-02,1.673626935371197097e-02
-3.821469750680538124e-02,-1.087833278404294612e-01,-5.540489086597715981e-03
-2.311097664970012538e-02,8.011777329200618636e-02,7.996204894303102217e-02
7.767083276303179962e-02,-7.430239980103969799e-02,4.260678001555948113e-02
-7.499459837224130287e-02,7.621859033199464284e-02,4.424393357157799245e-02
3.898661047278362962e-02,9.570251293847807650e-02,5.228877916311297502e-02
-1.628805414312579219e-02,1.146043372581087016e-01,5.970716128687635245e-03
2.492507135373965219e-02,-8.001987685233519221e-02,-8.020432220251424993e-02
-8.152294077818575402e-02,2.654120391228726936e-02,-7.828680917137166573e-02
-3.340544640044341984e-02,1.104765051187529823e-01,1.342953106346621815e-02
-2.950413271673154800e-02,-5.727992486817774787e-02,9.680879030691003084e-02
2.325753729874767417e-02,-1.893351460556106855e-02,-1.124550283870298095e-01
1.080039885086011703e-01,-3.441487370508459348e-02,-2.680272301680653585e-02
-7.078431522933038844e-02,7.086216467276035269e-02,5.964796420646693853e-02
-2.187613498534692058e-02,2.917144724710118639e-02,1.108256676002192104e-01
-7.772050909661189222e-02,1.081060835077069827e-02,-8.646761780037391654e-02
-8.095728455159534320e-02,-8.128595373223775067e-02,-2.224060812791946520e-02
-3.186923386940306718e-02,-1.575835340404504667e-02,-1.114194899385283488e-01
-2.099186871089905176e-02,-6.173243492813004774e-02,-9.720533255552044061e-02
-1.150592865901376577e-01,1.812027568698923452e-02,1.247411929332300530e-02
-9.798012654258482501e-02,-1.269525304668257283e-02,6.311481666269824764e-02
-1.024190230615858593e-01,-2.526232278519996780e-02,-5.137204662612585016e-02
-5.457771971297360747e-02,-8.013388405331321740e-02,6.624910351483126458e-02
-4.984496916887891371e-02,3.423860521538308471e-02,-1.007695196083818467e-01
-4.466448235333826677e-02,-4.114342439080734964e-02,1.007263557556823813e-01
6.240190388932201349e-02,6.758235286829952781e-02,-7.344609190229314799e-02
-3.925985020207538312e-02,3.655728396505860539e-02,1.048815533699748448e-01
2.631978674939243132e-02,-8.543510105907105301e-02,7.686509917412959192e-02
4.070359462398592115e-02,5.299910327855879982e-02,9.724541055308616455e-02
-4.505799518938386622e-02,-7.245876685993926647e-02,-8.163390948699972283e-02
-6.406516390669794725e-02,-9.401035041542556148e-02,-3.200846216383253923e-02
-3.504041619923994877e-02,6.393570850786707560e-02,9.313150030520671308e-02
-3.170510977749042142e-02,6.297197289533870007e-03,1.138704067363705275e-01
-1.126706660118572262e-01,-3.598098545705018941e-02,-6.655175123586013104e-03
8.672806090183221572e-02,-3.667536025596290078e-02,7.203495463288701883e-02
1.036054920191022688e-01,5.593115122117801874e-02,-1.468878450886206867e-02
-3.568389747325508704e-02,-4.102863106889806377e-02,1.055639609181247690e-01
-2.814745760164264615e-02,1.428633445668431659e-02,-1.145703024722954377e-01
-6.714030201121412578e-02,-7.732538736390547236e-03,9.786430221004593921e-02
-9.121944824543762320e-02,-7.639841077901357580e-02,3.104367424379772013e-03
-3.002460336887453202e-02,-5.697924412805098482e-02,1.002075198746030238e-01
-8.583859316082283197e-02,-7.770369429089511726e-02,-2.838756879368531036e-02
-8.455238220380302538e-02,6.203849085648292794e-02,-5.688966203716721431e-02
5.113538165887944464e-02,7.324060017727281047e-02,7.923155035140114211e-02
1.089517035236645115e-01,-3.042962583850701216e-02,-3.850404507810411409e-02
-2.632244071491585125e-02,-6.880191166597321439e-02,-9.420603641013737539e-02
4.517156542544920744e-02,-1.103194504294056355e-01,1.062358374912301950e-02
-8.981095090572992212e-02,7.458773205662981576e-02,2.677207467261445706e-02
-5.093524636825672025e-02,-9.478879990339562911e-02,5.281231120638765070e-02
-9.538853797785353320e-03,-1.024513099462117938e-01,-6.167316106880795651e-02
2.564235414960030005e-02,-1.160102163192429092e-01,-1.724322741795854610e-02
-1.094111681060126462e-01,4.403487693369109029e-02,-2.292931064547362729e-02
-9.182469484051122843e-02,5.839647431212018069e-02,5.114792501857836488e-02
4.104679822243214454e-02,-1.129242147962029597e-01,-6.612752898635391313e-03
-9.733078212896459358e-02,-9.316216408125977885e-03,-7.030500310948525899e-02
-7.188660471988561444e-03,-1.027964832857726080e-01,-6.250200366140165609e-02
-2.364712326121551009e-02,-4.431806964364450215e-03,1.181901112150999106e-01
-5.708093145673188984e-02,1.321597321473085528e-02,-1.055332985956180247e-01
-7.040668106774752855e-02,-4.683849757555416660e-02,-8.626514880741352476e-02
-1.050095230262333562e-01,2.706556996488435757e-02,5.343720499370960275e-02
-2.239506671976055491e-02,-8.789479041134486137e-02,-8.006566382198956888e-02
-7.261614362865116690e-02,-8.222105402589831302e-02,5.125046499012950868e-02
-6.183249562827590473e-02,-7.491960305082898119e-02,7.243129020702643306e-02
2.228580926496332749e-03,1.072706846144755588e-01,-5.650678167359363818e-02
-7.692454239447441000e-02,9.379862194652746621e-02,3.451245413934987769e-03
3.967081253382574724e-02,-8.947132213374031640e-02,7.191028036354281394e-02
-8.991807975312929302e-02,8.160990130361407691e-02,5.201176145138059620e-03
1.044786632394210935e-01,2.307675437016648567e-02,-5.785047971329426025e-02
1.140010555338008373e-02,-6.785996653689438385e-02,1.004121108035543747e-01
-1.084728017713715645e-02,1.212411950242815867e-01,4.792680929844807605e-03
8.721210595289782819e-02,5.953926523253057906e-02,-6.092392602164902610e-02
7.023841112651304369e-03,6.556431873866180871e-02,1.026505331972205476e-01
-6.096842957621283199e-02,4.069147011651794155e-02,9.764606645427056919e-02
-1.095978550643619542e-01,-2.436531813365537535e-02,4.821724282280118873e-02
2.895063329592038534e-02,9.010534708408403370e-02,7.743200988029504128e-02
-3.185155941564035004e-02,-1.286326253945024693e-02,-1.174539046213994437e-01
-6.028552215722741275e-02,9.268740678339813799e-02,5.265632848580235892e-02
-7.407002047723870719e-02,4.856044366799094902e-02,-8.471183211280100545e-02
-1.170346661860697107e-01,-3.095045764954577200e-02,-1.970109225822073637e-02
-3.328209019125953627e-02,1.164732388310401739e-01,-1.980073404708774729e-02
-5.663702234924707091e-02,1.404349960272439912e-02,-1.080898789741580740e-01
-6.723320252197947933e-02,9.951828738355776582e-02,2.620727863553398013e-02
5.205582525266560547e-03,-2.926234625785035376e-02,1.193744486509354247e-01
-2.968738322837531293e-02,-3.385169083737167572e-02,-1.145818435483694497e-01
-1.137439939900796171e-01,7.792308567746876816e-03,4.669585701673080458e-02
-7.514089251788727553e-02,-5.348304370568363747e-02,8.182285374347672557e-02
-8.766753693611073484e-02,-7.777480758409206774e-02,-3.859673776567354442e-02
-2.482123084894988316e-03,3.545351865848220957e-02,-1.182530201748247384e-01
-5.007718829227942453e-02,1.115357828420996261e-01,-1.793337512557274110e-02
-3.596369837235002809e-02,1.848882392513956016e-02,-1.168632372349053677e-01
-5.137922083316891209e-02,-8.051042784172933453e-02,7.869671456179622160e-02
-3.501664336417133552e-03,-2.387906934435496745e-02,1.214707717771694034e-01
-1.089600602543357305e-01,-3.213114436218451886e-02,4.955417866469220139e-02
-6.279235125398910378e-02,-8.646023892345208739e-02,6.296647571032384927e-02
-4.029901611342887741e-02,1.126322291349312193e-01,3.310158802404793155e-02
-1.129632891280220736e-01,1.655895430165726240e-02,4.892407035211448346e-02
-8.783252625633754251e-02,-6.436834999817649117e-02,-5.994465302692116720e-02
4.085955040543814976e-02,-1.170601693692221584e-01,1.006730429990673574e-02
-9.743607678124308058e-02,-2.345928691300544836e-02,7.384141416578150763e-02
-3.663603813924835167e-02,-7.880482308534712821e-02,-8.925824884112448787e-02
-6.656478129084933415e-02,1.040390420207989719e-01,1.694702162746019453e-02
-9.693346458437776536e-02,3.852404317344987339e-02,6.844532682765215592e-02
-6.586533120100583616e-02,-3.589110391915020098e-02,9.980642274025007532e-02
-1.093976355523008370e-01,7.544728146212163582e-03,-5.988114386434769537e-02
-9.104575863009996273e-02,-6.286528224198614789e-02,-5.824030061995654622e-02
-1.019321916325088562e-01,7.365062080999374219e-03,-7.219201338872127671e-02
-1.423428719605382420e-02,-3.140605274415789877e-02,1.203742139879656753e-01
-4.478526256415196749e-02,-9.980621611059370402e-02,-6.111233505022509865e-02
-2.147140986924148814e-02,-1.126473285438708317e-02,1.230309735858940712e-01
-4.744145965364037626e-02,1.979557638778899065e-02,1.144762198856815461e-01
-1.240429196193720135e-01,1.870747894595141403e-02,-5.794787487374913892e-03
-1.489247111626290469e-02,3.272722992032722766e-02,1.204166842292171691e-01
-2.574170939477314277e-02,1.168139537728177246e-01,3.882972037860753928e-02
-4.868383723067967045e-02,3.873273654144267913e-02,1.094001678989901805e-01
-7.475428543927799263e-02,7.095118978715568570e-02,7.238318653844906525e-02
-3.617728436625918670e-02,-6.330007795011444172e-03,1.205636940454933165e-01
-1.026916893556583804e-01,-8.238086621916104052e-03,7.275917626681856210e-02
6.804089309448950462e-02,1.043927196871484442e-01,-2.007057104809433640e-02
-7.961600909084348265e-04,-1.006632105730281973e-01,7.628503479136272691e-02
3.662210167743024103e-02,6.606269531155835317e-02,1.013437875068561866e-01
-1.220411966831998346e-01,2.009487780832942133e-02,-2.647772431727991177e-02
-8.984175294355288555e-02,-1.139164316470210256e-02,-8.843376193759217019e-02
3.007612639863923784e-02,-9.259888867864227158e-02,8.102859977907680977e-02
7.676546344513959785e-02,-6.312590255427594221e-02,7.867574617060116293e-02
-8.487881608161237587e-03,-1.200634280792161335e-01,4.004190323159909082e-02
2.081300813654228532e-02,8.861241389432168714e-02,8.847726172401745859e-02
-9.157174244388500972e-02,-8.803381589496307724e-02,-1.086679468242938464e-03
-1.205240824735839683e-01,-2.373850592208774646e-02,3.270937572968453388e-02
-1.202397786956263016e-02,-1.105561508902904583e-01,-6.176730420424612900e-02
-7.704750144182433147e-02,9.575677363131182562e-02,3.316223243729759379e-02
-7.772404582823344565e-02,8.553811217111927101e-02,5.357791928623943656e-02
-9.524676322651104421e-02,-1.655381317632156554e-02,-8.309874620401237755e-02
-1.050825668049112580e-02,4.943976937614041889e-02,-1.171309308456042059e-01
-3.362983286346647727e-02,9.945067716977985806e-03,1.227497472936006362e-01
1.089771070426053812e-01,5.186164298554898910e-02,-4.188960562964074569e-02
-1.870790912720528623e-02,-4.737386363594872640e-02,-1.172566659103662645e-01
1.543287163444724032e-02,-1.112768097386071103e-01,-6.120224932651846528e-02
-3.848622163402780350e-02,1.088323756739388026e-01,-5.535134874258890170e-02
-1.151682899060602339e-01,-5.558432222803861428e-02,-7.689739431943089926e-03
-1.032817380931840001e-01,-7.539659628321271345e-02,9.152318585732151582e-03
-3.527255102916768137e-02,-3.552338277592895915e-02,1.181207710057937815e-01
-1.988267146736699686e-02,-7.736254194636893455e-02,-1.005055013732238517e-01
3.629429400698208630e-02,1.139155137048749600e-01,-4.701792749004406191e-02
-9.562254559530362907e-02,8.583684209218889194e-02,-4.017968633138628565e-03
-6.552206277276803603e-02,-4.792126816770165242e-03,1.106108263236652844e-01
-5.327111421331043317e-02,-4.919573544694082895e-02,-1.063762961506231203e-01
7.044769196276397250e-02,1.025753860824902275e-01,-3.335350766277806606e-02
-4.172527535340273680e-02,1.219758406048174759e-01,-1.020519124831561868e-03
2.085625951514948062e-02,-7.964189511793513809e-02,9.932492602046115449e-02
3.002390906551765867e-02,-5.576708501011777563e-02,1.124943115850610548e-01
-1.012127056599112090e-01,8.023123932452531915e-03,-7.988187943262617385e-02
-3.092010929922159659e-02,8.151926987405858083e-02,9.545252422458105901e-02
-1.021180119536415770e-01,3.346241786288287751e-02,7.202739678753516950e-02
2.665688943246669745e-02,1.181016187998597811e-01,4.582938211764450709e-02
5.668192000788564028e-02,8.808331148537394684e-02,7.622701670421722087e-02
-9.711735652676198316e-02,-2.638485451994202358e-04,-8.586837381532970437e-02
-4.105084340256952291e-02,3.583400516463448870e-02,1.177248856195976245e-01
-9.445621985029918274e-03,-1.290893478609726475e-01,-9.914221185608083561e-03
-1.274749176132911228e-02,1.084465337863375067e-01,-7.036763240760024463e-02
-9.281795166895673299e-02,-7.981038421046078579e-02,4.373868812284026353e-02
-4.445532199695495512e-02,-1.580132093041549182e-02,1.212236872405567240e-01
6.229916866071989051e-02,1.124874765366876972e-01,-2.024166349079548760e-02
-6.682300650423497745e-02,-8.684370861861627489e-02,-7.043018132809024390e-02
-2.253230438010414907e-02,1.258644105345189390e-01,2.532228665859215244e-02
-1.056086594726910605e-01,1.935830168821035466e-02,7.406798337925975251e-02
-3.471580169115672659e-02,1.088300209874381169e-01,6.315117874136619291e-02
5.076635770263295683e-02,7.256253090532058247e-02,9.601004252916982284e-02
-2.143785947314194584e-02,-3.341886656385671672e-02,-1.245283775888400557e-01
-1.194066646893036931e-01,-4.990337272558190151e-02,-1.893873951349582530e-02
-2.695523536471779863e-02,9.745549613444495773e-02,8.310281598626292898e-02
-1.142113354102835820e-01,-6.371325773887900890e-02,7.063784122399214931e-03
-7.952910926419944071e-02,-4.875842763337406155e-02,-9.205714159046318734e-02
-5.734680463517495552e-02,9.583900302766469592e-02,-6.874805088876169423e-02
-2.150096357078378363e-03,1.273789269611911856e-01,3.151732385118310303e-02
-1.309531462457983741e-01,-4.190091080584126132e-03,-8.964895402435174229e-03
-2.741378070702532935e-02,-1.951485446275181721e-03,-1.285092793245964093e-01
7.458976438288227040e-02,-3.323712456707941798e-02,-1.030773076330041560e-01
2.290680803534217436e-02,-1.197157746351165397e-01,-4.959840671640190074e-02
-1.276389126823475051e-01,-2.249626611368440998e-02,-2.328395556106529346e-02
-1.290167070473263178e-01,2.647969062361540948e-02,-4.094713433798925425e-03
-8.412726025999256452e-02,9.751724104937456450e-02,2.827692126634414466e-02
-1.171335374952386654e-01,3.660016366870934290e-02,-4.847785390242420611e-02
-5.440673202195028813e-02,-4.111688581176731194e-02,-1.130601837755637329e-01
7.088038288506424978e-03,-6.614018568731221126e-02,1.141573203953045040e-01
-9.262718148922856332e-02,-9.231234153093753614e-02,1.945934231581272419e-02
1.812511858930583586e-02,-1.308434908983272527e-01,7.407243455447855632e-03
-7.268958180456616507e-03,-1.319994378766509990e-01,-7.078155748701854891e-03
-8.658229030746307509e-02,-2.913960864289041885e-02,-9.594045942943314753e-02
-1.211561307920549779e-01,3.778459740140753531e-02,3.830270187860226883e-02
-1.306518353517155673e-01,2.277418587763527930e-02,-2.901826733394006694e-03
-3.514920336850251709e-02,2.230446753666906132e-02,1.260454013286599617e-01
-4.927999055712945636e-02,1.168983756341492874e-01,3.937096012097573983e-02
5.869441710347662183e-03,5.957982968843809207e-02,1.186719894748794607e-01
-8.656216284677639705e-02,-7.262121081190978100e-02,7.017003531677998285e-02
-1.114249049946143544e-01,-4.110243857111742227e-02,-6.007665200213091472e-02
-1.045977263226989529e-01,-3.354903227209590083e-02,-7.530837417148769641e-02
-3.873336753669604643e-02,5.528361909687536102e-02,-1.149107356826049864e-01
3.581141114117833597e-03,7.509320906726289768e-02,1.101484326614644432e-01
-4.665990349841933615e-02,6.266953057475957434e-02,1.081820036648551697e-01
-2.599368929210430293e-02,1.221015033798899911e-02,1.304096654053978621e-01
-5.064675322826368842e-02,-1.110365433744607000e-01,-5.441247998961955962e-02
2.411794655289590389e-02,-9.612880427399325689e-02,-8.975519712695680108e-02
5.150512738743329155e-02,1.106307131782969799e-01,-5.486332346328340326e-02
-1.064788024037563868e-01,8.115830355381933869e-02,1.008939079420147905e-03
-5.885665862526541503e-02,1.200764173958843301e-01,8.153822253087323474e-03
-5.705221975215376412e-02,-1.123301117789114872e-01,4.581973290802726639e-02
-1.242125301965024270e-01,-4.754334430756734786e-02,-1.751750974132151861e-02
-6.756437020736098809e-02,9.899916311630957422e-02,-6.044618843875527309e-02
-5.965441038934513746e-02,-1.102636512848813449e-01,-4.823216339684083948e-02
-4.084011837655369265e-02,-9.809826882422612027e-02,-8.231297714703188217e-02
-3.966687479060717475e-02,-9.647712701633974486e-02,8.490507512157509373e-02
-5.704559136143185633e-02,1.204991387734782454e-01,-1.842527524800512129e-02
-3.996513602209813415e-02,-1.144213275914753719e-01,5.871840680964231923e-02
-4.094224442571764433e-02,5.760878722217554343e-02,-1.147425017311689693e-01
-7.554924844326456335e-02,4.743492370026377442e-02,1.011271738746030990e-01
-3.230090045445527247e-02,4.186464574860253307e-02,-1.241453276510128406e-01
-8.711059512543389838e-02,-5.354517632397895813e-03,-1.030278227381617312e-01
-1.706108366247699112e-02,-1.127355261398226283e-01,-7.249059348240649570e-02
-7.028470821162387250e-02,9.637775357183681404e-03,-1.150914948699662960e-01
5.930115992265765773e-02,1.041470220510988393e-01,-6.276360199264027773e-02
-1.119711802978276133e-01,-2.213295113870090633e-02,-7.279227425420883857e-02
-7.012660746349683172e-02,2.349630508677394078e-02,1.134898486950776247e-01
-8.262768791686864178e-02,6.971986720052429642e-02,8.176313683052530146e-02
2.153677912411059575e-02,-1.163335971345364345e-01,6.633035960890361349e-02
-8.941626014863938987e-02,-1.021050660848891040e-01,-1.682883813471138419e-06
-4.801132586886355802e-02,-9.137495270293304050e-02,-8.826044575268414405e-02
-6.209425695198568518e-02,-8.904919455338689005e-02,8.174711862634635728e-02
4.126578876907355947e-02,-4.185948295599194874e-02,1.226239887045030702e-01
6.459274382036753193e-02,8.436100881461089385e-02,-8.500828221816401908e-02
-8.536952417859464126e-02,-2.775144670831727195e-02,-1.023767727908267977e-01
-6.620541513401242972e-02,-1.185868638235985512e-01,-1.080742033780001006e-02
1.282097795797474023e-02,-1.302438297386684929e-01,3.819262167514036327e-02
-8.860476909917146260e-02,-7.499808208668842791e-02,-7.165685198060577077e-02
-1.018898361782747189e-02,-6.757788816293773537e-02,1.181666458633090500e-01
-2.445956225727111480e-02,1.324330682088405986e-01,2.282286854277566085e-02
-1.247024706696715085e-01,-5.563130090662119637e-02,-5.988184844828992048e-03
4.947744756948273259e-02,1.157765397883330910e-01,-5.341277117988640216e-02
-1.304252652942652912e-01,1.020943242122816785e-02,4.017356150942742038e-02
-1.462100099808898157e-02,-4.596003690035272565e-02,1.281661264830228075e-01
1.766064638014282597e-03,-1.031807603519146743e-01,9.015004240440571692e-02
-6.738167366299176175e-02,3.500251821286029519e-02,1.141697093340510311e-01
-3.070108806017604608e-02,1.033626523101895262e-01,-8.483850600093748029e-02
-4.205669741863753142e-02,5.578459968010304748e-02,1.181823336152632853e-01
-1.580287862049639669e-02,-9.467675788459543884e-02,-9.827575547673367273e-02
-1.017961537838852765e-01,-8.253825180867760403e-02,4.147678325031869950e-02
7.082280489383475930e-02,-8.517082266759049003e-02,-8.154269507541604678e-02
-9.144273413039515075e-02,6.846744689857153787e-02,-7.676846832457331904e-02
-8.636457893215437887e-02,9.359042313573194896e-03,-1.068660418523006139e-01
-3.248856187759523173e-02,-7.089184146142435416e-02,-1.136197662500428862e-01
4.468038621597254095e-02,2.313071612047408812e-02,-1.283864425041763568e-01
-3.117777887176841761e-02,-6.075709346457759674e-02,-1.198949927667006948e-01
-1.143000304184544624e-01,-3.120759243059945121e-02,-7.087824207910771446e-02
-6.587094927774210518e-02,1.000067212297603286e-01,-6.888880103984827696e-02
-2.581583584383732172e-02,-1.262082269452285410e-01,5.014859426181743352e-02
-1.058703573823514960e-01,7.852777803101886056e-02,-4.193545018507457284e-02
-7.791471859310403203e-02,1.032085925899686452e-01,-4.934457270337323787e-02
-1.368528687751382200e-01,-1.348547901154622565e-02,1.645969597499045631e-02
-5.542140554487068327e-02,-7.279511262628132751e-02,-1.040899570162952953e-01
-1.861710138224281774e-02,-1.331241482408391796e-01,-3.406821166269772411e-02
4.287960820915633769e-02,7.422998720572691889e-02,-1.091074360788737846e-01
-1.192002801702780473e-01,1.254378614170955199e-03,-7.118157361726958066e-02
-1.192817576444116408e-02,-1.320317338049554201e-01,-4.154944381806436465e-02
-8.170189938851152647e-03,-1.009119106662245413e-01,9.526267791897483073e-02
8.621102239826040903e-02,-8.234457269720182881e-02,7.166525676872108341e-02
-6.343707620985630791e-02,5.114195316944231129e-02,-1.128408469994595376e-01
-4.302394100995292348e-02,1.020197900272294816e-01,-8.448473108583134938e-02
2.850136424799707639e-03,-4.720065862134271290e-02,-1.310904147469159065e-01
-1.369381696508846780e-01,2.042168607546500370e-02,1.660052770465235070e-02
2.608521326988868377e-02,1.346339362189175881e-01,2.572780780348529750e-02
-1.372306574286680514e-01,-1.814255318319029850e-02,-1.819961197854544008e-02
-1.340739043662667607e-01,-3.367979726876219743e-02,2.016121045935393916e-02
-1.017059183606714295e-01,-8.783465613269533789e-02,-3.849136480570639063e-02
1.100398815879589653e-01,-6.927151623081648224e-02,-5.154886441597231195e-02
-6.762385155997203967e-02,4.841959031758401311e-02,1.125662794843382414e-01
-6.983547685464612520e-02,-8.835958658682763200e-02,8.323587162356671509e-02
6.423874471637321115e-02,-1.222529480254449519e-01,-2.375375645831517835e-02
-1.217668658626732403e-01,5.912745530693543083e-02,3.657103818410057522e-02
-5.160676765534830818e-02,1.027851092199705690e-01,8.035335930426010242e-02
4.132236312436741998e-02,-6.005256527712301423e-02,-1.199787125887072647e-01
-1.982477919169763417e-02,1.350997034424374910e-01,-3.298235100736279096e-02
3.144371566149729846e-02,-7.115737839092692307e-02,1.170673399739206727e-01
-1.145210120626368872e-01,-6.907805561009944251e-02,4.352084160355367687e-02
-7.720356383755783147e-02,-1.129365148995751522e-01,-3.301402555789847287e-02
1.174835148657725759e-01,-4.221329486989940788e-02,-6.515142996685971410e-02
-1.349261084560653134e-01,3.355327007080469853e-02,-2.285287404046639978e-02
-1.146516632021439552e-01,7.850579213178035531e-02,-2.385492671899894224e-02
-5.725193962246862694e-02,-7.486849113656635080e-02,-1.049678110527260955e-01
-6.816236499223356227e-02,6.422461869125702105e-02,-1.056149217863444345e-01
-7.307208702320359961e-02,1.473978415400845239e-02,1.199697480965678242e-01
-1.240609431223679004e-01,-5.830150779269713951e-02,-3.440155121061046206e-02
8.615115602955832064e-02,9.200090573741316613e-02,6.412166081493023140e-02
3.442776146584271973e-02,-1.363927680716280899e-01,1.528558576442026751e-02
-5.836091875305315230e-02,-5.977084336511196555e-02,1.143131494165012113e-01
-1.234483734032303381e-01,-5.779627343621217966e-02,-3.860418589065740119e-02
4.631390033728562811e-02,-9.040560250633157546e-02,9.887465065344014370e-02
-2.407405208684544259e-02,5.803975439066186293e-02,-1.271626245693136537e-01
-3.465934748855033914e-02,1.107532246342407128e-01,-8.170144752515506870e-02
