-0.000000000000000000e+00,0.000000000000000000e+00,0.000000000000000000e+00
-1.938800277661740894e-03,-8.915307330376865541e-03,5.241625670757357400e-03
1.259324638933674578e-02,7.387317187549286013e-03,4.027686503740511050e-03
-1.335196618658122426e-02,5.092101242094763426e-03,-1.222321502808282334e-02
1.027170653423097567e-02,1.541626142121530797e-02,-1.180633510066101712e-02
-1.479738225343648315e-02,-1.676683064498482936e-02,1.075457993748810126e-02
-2.473860494521756825e-02,1.375483775756297297e-04,-1.186816929006105983e-02
-4.185272203005880633e-03,1.780039227638358437e-02,-2.365001662146217279e-02
-3.773237591333808340e-03,-7.740739185061906074e-04,3.198765232614058512e-02
1.994961040353579809e-02,2.463930137260771785e-02,-1.344289837900860575e-02
-1.466176035422456052e-02,-3.199125119852354315e-02,-9.920614589553232096e-03
-1.774499529882488710e-03,3.061919609461303399e-02,2.345993468788687766e-02
-3.228997518930622895e-02,-1.524245023257031961e-03,2.456485569099085831e-02
-3.742119521528550208e-02,-1.958299577656726076e-02,4.995824505639138470e-03
7.786635940880493392e-03,-4.372108319551652744e-02,1.805838664403048134e-04
-2.956469844308125261e-02,-2.477242935030786464e-02,-2.551086318710156509e-02
-1.796865526942023616e-02,4.032952275301282530e-02,1.893325076751528960e-02
-2.476398439720407449e-02,-3.256602905100340617e-02,-2.839272825289896815e-02
-3.673886371782066756e-02,-1.648455932840584351e-03,-3.608970217997301000e-02
-4.863463025476260498e-02,-2.150493693543783710e-02,-2.221104148111474694e-03
1.387991140014594761e-02,-5.288863128992313256e-02,4.842454423623501238e-03
-4.390659613106544235e-02,-3.242722438282079345e-02,-1.474275215850806044e-02
-1.864657835991940377e-02,-1.562274969097840471e-02,-5.282993102749287267e-02
-5.470155854734729678e-02,-1.642700339587029046e-02,-1.759250113097882845e-02
-6.039887549901120506e-02,-1.015164516348770855e-02,3.475112831816843956e-03
-1.868195280071925993e-02,4.072496397717657521e-03,5.993174260245135582e-02
5.620330457796812729e-02,2.987718575694606540e-02,-1.014429892742311524e-02
-6.024763670776450003e-02,3.942104471246437149e-04,-2.690843554272804791e-02
-4.727689072933161790e-02,-1.002354076471447669e-02,-4.712458855147638043e-02
-9.408385070291415062e-03,-2.359536803128360269e-02,6.415616960489910203e-02
9.276720911876928585e-03,6.800378178383675865e-02,-1.607268503111329919e-02
-2.696221117704688738e-02,-6.603049296642128640e-02,9.602022486440799087e-03
-4.774295612828215879e-02,-5.577851633902230349e-02,1.218100757719989139e-03
-6.131579616162156909e-02,2.752090241682841540e-02,-3.302520545122901441e-02
-2.347521189249009849e-02,-6.761696397396282920e-02,2.650975608599985892e-02
-4.250644615999594686e-03,6.701930343356671260e-02,-3.920593903060888563e-02
2.968513717239276706e-02,6.508553805819586313e-02,-3.395462713571076319e-02
-4.631279980601064189e-02,-6.305401829521503632e-02,-1.938280807770940278e-02
-7.999647427486442086e-02,1.022462770304718473e-02,1.487143244923848015e-02
-3.961345543757763266e-02,-1.269139454952936640e-02,7.229271609812200350e-02
-5.133443338636326653e-02,1.396286448988558193e-02,-6.603316726153547755e-02
-4.639605930281495705e-02,7.097722242467485732e-02,1.539062490434406349e-02
1.512397820303512490e-02,7.999654829363789244e-02,-3.222348325460576424e-02
1.295052544976112337e-02,7.077028102283577926e-02,5.227169754759596054e-02
3.964926113508376176e-02,-4.102228849205563632e-02,6.998693824408665221e-02
-1.802170557362389736e-02,1.137280222313763120e-02,8.914129226859163202e-02
-4.237964029979673225e-02,2.986673828103132700e-02,7.721470980657869909e-02
-3.271369302197386225e-02,-3.921563359281832889e-02,7.933878030454989683e-02
-3.180914749456389273e-02,-8.793857063337093272e-02,2.031893430301283388e-02
4.763336627394694489e-02,3.010490484703156472e-02,-7.899663411855803452e-02
-8.002139904638901069e-02,-1.452540017839698029e-02,5.533352198018089835e-02
2.243375810352081501e-02,9.154634387701114651e-02,3.248644547892057255e-02
-3.760445818859025485e-02,8.374768902356928557e-02,-4.215972817426937719e-02
-6.756939218716870310e-02,-7.413208656140904407e-02,-2.031102273130790115e-02
-5.971586995638061834e-02,-4.427393823287758406e-02,-7.224095308081963929e-02
-6.207540592581948374e-02,8.326521905624072184e-02,-1.524308131680577987e-02
-5.734198940993723986e-02,3.143314794822778951e-02,-8.378086542307049134e-02
4.352051458326277461e-02,-9.760401122897920112e-02,1.241275686976322026e-02
-7.009714146786473477e-02,-8.308857465959394728e-02,-6.270046231727650562e-03
4.778535827724259347e-03,-2.096927198345701140e-02,1.080684079910828183e-01
-3.841294347353754052e-02,-5.220872044876179868e-02,-9.070518436589644629e-02
-2.608641725562882430e-02,5.382882460702694688e-02,-9.560766867250271306e-02
-9.165711809179975800e-02,4.675252060040997054e-02,4.924338002664069985e-02
-7.042582381059976637e-02,7.877286317230731971e-02,4.628586958273318841e-02
-6.805452077801384114e-02,3.378297250926557554e-02,-8.850416951724331127e-02
-9.543670989752844544e-03,-1.078169499185021030e-01,-4.681052128534099466e-02
-7.174921594633615340e-02,-4.638959668254610119e-02,8.313077475262312110e-02
-1.168329582548696538e-01,2.427778776342212619e-02,-1.667206352377748405e-02
4.189709564495512628e-02,-3.606899118480656058e-02,1.084914111075174770e-01
-9.224648686860775770e-02,-1.259216316391694596e-02,8.044221885505982439e-02
-2.998720704497696843e-02,-5.744516848451591134e-02,-1.060883757857557091e-01
-7.441488659473567691e-02,9.930499120945360247e-02,-1.930457731740987601e-02
-9.654170153991921410e-02,1.393355893860876230e-02,8.110419147004295504e-02
-4.127016824893343233e-02,-6.942630156170888356e-02,9.946118055519864720e-02
-9.926052697481967113e-02,7.657348242508399405e-02,3.202927051282890986e-02
-1.234628404285814524e-01,-2.523786839925198228e-02,-3.451230927392368031e-02
-6.453474225365690709e-02,-1.025041336280724108e-01,-5.226123697992544892e-02
-1.096567475424287813e-01,3.244807716699769917e-02,6.826704954704845840e-02
-7.114689649469610466e-02,-1.454639988066896462e-02,1.131461854712399739e-01
-1.103875462555186232e-01,-6.896704045642297609e-02,3.839554624618309736e-02
-7.332534689428009400e-02,3.368164884143415305e-02,-1.106727112110495320e-01
4.749496323476099652e-02,-1.089125551765826178e-01,7.062659503963934771e-02
-9.095771901947023730e-02,5.501254499857177044e-02,-9.030711346821750085e-02
-1.169615043055814846e-01,7.027687980424521252e-02,-3.447274898125857884e-02
-1.018950023085587603e-01,-9.520898213385727005e-02,2.673818587720038290e-02
-1.097314850765056388e-01,-5.874132505060212367e-02,7.091356066970809502e-02
3.271155563548625717e-02,-1.335203442543372310e-01,-4.453645888857957202e-02
5.730266560826175609e-02,3.208351474171894369e-02,-1.301237160523260328e-01
-3.033096778326077950e-03,-1.216919165318826462e-01,8.242498717444771139e-02
-9.286751982024328556e-02,-5.355638685098055435e-02,-1.024167325092743136e-01
3.545281537435170105e-02,-7.765591221698081581e-02,-1.227491101721492200e-01
-3.424851163552554423e-02,-9.312783305524850730e-02,1.135110952198891132e-01
-1.515960508584363042e-01,1.043933548634775645e-02,4.361894403035465953e-03
-8.862105936620505442e-02,-4.678520394664827803e-02,1.159684771718281077e-01
-1.054940517026503877e-01,6.074143104763442963e-02,9.517151499215870114e-02
-1.109258474325023475e-01,8.899076691468431680e-03,1.089969706177882774e-01
-1.357287592351750227e-01,1.001108850798801408e-02,7.831063642334600006e-02
6.924777347452353016e-02,1.220925490388359153e-01,-7.312518160728073702e-02
8.651607517701992434e-02,-4.130496897049818622e-02,-1.274956749164209424e-01
-1.397990716469275640e-01,-2.436039767232604791e-02,-7.555990523020768290e-02
-1.358680700657597940e-01,6.189514671663269574e-02,-6.291819854814550972e-02
-4.352517290620019907e-02,5.499323191628840979e-02,-1.474367332693886368e-01
7.238853134620105989e-02,1.124701439542824533e-01,-9.579261154430224190e-02
1.442687747616734073e-01,-8.081575942628813070e-02,-1.157146250297955148e-02
-1.180608896813523795e-01,-7.185141825015235739e-02,9.377324254834189243e-02
-7.497882325557223004e-02,-9.578889113473502970e-02,-1.162587773709537475e-01
-1.193733650740780167e-01,1.018505304697531477e-01,6.412566505906219794e-02
1.847300314436305102e-02,-1.664635317985429797e-01,-3.331141707180032552e-02
1.550192342384911770e-01,6.764480151707759348e-02,3.134971027088342965e-02
-8.028407678311259843e-02,1.376493150732254478e-01,-6.803313434275042038e-02
-2.601414193340975678e-02,1.659171727255691620e-01,4.744620193773990691e-02
-1.195684871742209721e-01,-1.540145311922851493e-02,1.279093675729259805e-01
-1.539116417931711556e-01,-8.124536340605213736e-02,3.235009225971008373e-02
9.263035281281659095e-02,-1.518650110731213365e-01,-1.172721892992727687e-02
-1.181312830115608531e-01,1.285154994571018894e-01,4.192484683816975755e-02
1.602329778211988576e-01,-7.928621289266417349e-02,2.682049863778525334e-02
-8.483832254551010310e-02,1.594065307089874706e-01,-2.295415911296836559e-02
-1.759750247389750277e-01,4.134544931331849554e-02,-3.026814235757027335e-02
-1.568218966440440565e-01,-9.496683362233455938e-02,-2.103041516187078436e-02
-6.620024634665747088e-02,1.802349984132531335e-02,1.726597091576942411e-01
2.216272745187845492e-02,-1.752349417900564144e-01,6.154826977123254578e-02
-3.930872698618773087e-02,-8.781553490022850350e-02,1.618680006850398145e-01
1.308454371638497205e-01,1.094916045799746301e-01,-8.260612108484842453e-02
1.413063263835576122e-02,1.762766997280799663e-01,-7.167756115095692826e-02
6.043007312432031181e-02,-8.663364261095819752e-02,-1.604218321556372673e-01
-2.983534876341289305e-02,1.852677730263022418e-02,1.901154977627445009e-01
-1.799826161237945144e-01,-7.024811089994958957e-02,2.317624622718217342e-02
-1.048276918670681540e-01,-1.577660912812778593e-01,-4.978482414766341457e-02
-1.547128065822402920e-01,7.505240180124408966e-02,-9.635300280319150645e-02
3.129850281887481406e-02,-1.922170984015115769e-01,3.774373593930218512e-02
-1.205939258014295488e-02,-5.562468164440505236e-02,1.913487486153548633e-01
-1.491202259618232551e-01,1.655348895693135522e-02,1.335994202880173287e-01
-1.966445620083554502e-01,3.141533861514399922e-03,-4.679767375578242072e-02
1.257739763822880719e-01,1.523436250627205890e-01,-4.851959362940767850e-02
1.722375006840986267e-01,-7.105932795901728771e-02,8.475283159085543472e-02
1.085645231297719671e-01,-1.266884549996995235e-01,-1.207558530415665382e-01
-1.847282881543097777e-01,5.238499287042609059e-02,7.792959334188284681e-02
-1.831259226635036652e-01,-5.450864475570529888e-02,8.344221365908260912e-02
1.227918489383871131e-01,1.083774976668279849e-01,-1.310577772777393735e-01
-9.044592531879365460e-02,1.903205601554564252e-01,-1.147474596516280879e-02
-4.033391073654924580e-02,1.802844693277901311e-01,-1.046076889113323333e-01
5.657136393511563027e-02,-1.996098433948915174e-01,-5.068888845623859690e-02
-1.683027059091705135e-01,-7.289035960045164853e-02,1.118942841813404532e-01
3.669847963807158775e-02,-1.650699655117783826e-01,-1.345857211460128322e-01
1.185257251483397972e-01,-6.898732109341118579e-02,1.686811966699108822e-01
1.451817276931873790e-01,1.529567873878074080e-01,5.782652215307663296e-02
-1.328268292806596418e-01,1.677703458948022752e-01,-5.087017793125141879e-02
-1.311698776046062997e-01,4.064877476272764356e-02,1.734466249142139760e-01
4.508341353703061542e-03,1.516500684931069709e-01,-1.627613342948379394e-01
-4.523239287334577391e-02,-1.315601732999650275e-01,1.752905631379559070e-01
-2.048781743946978262e-01,-1.403580188879359134e-02,-9.210901794694770217e-02
8.042966266808408704e-02,1.338870672360368830e-01,1.638309720403114123e-01
-1.361531098579691068e-01,-1.466461371875951436e-01,-1.085147958186160749e-01
-1.238326111560680426e-01,-1.403125195540050607e-01,-1.318442365242096792e-01
5.416246726951057938e-02,1.482492555168164750e-01,-1.675836285320705110e-01
-2.215723547359787216e-01,4.540766261756028904e-02,4.933625750529081061e-02
1.422251338828312839e-01,9.372774478335833825e-02,1.586688135910108433e-01
-4.552486738873395833e-02,1.746223567412074906e-01,-1.490823405710098026e-01
-1.147710914481083894e-01,-5.593225719202803842e-02,1.977283129562752984e-01
-5.122531821872207403e-02,-1.456049018595977906e-01,-1.793954145618635587e-01
-1.062781454273907800e-01,1.009166823717044803e-01,-1.874633435347561605e-01
-7.306001738970811787e-02,-2.143330661808097448e-01,-7.722349317215974895e-02
-1.450214787307629594e-01,7.601126924135488683e-02,1.762189577543200047e-01
-2.037366948353310780e-01,1.206423089357466227e-01,-4.924465351983937228e-02
-2.456394935009979449e-02,-1.795237354174742672e-01,-1.621304878895434565e-01
-9.689051845581178601e-02,6.098589260762045383e-02,2.159760668335548583e-01
-7.872871938358858013e-02,2.266538564079715601e-01,5.311170380907369315e-02
-2.020342963927802271e-01,8.172364165353641907e-02,1.163478881927330483e-01
-7.950432326684166162e-02,-9.635325094634962506e-02,-2.146510238915134150e-01
-7.365901830881775580e-02,-1.309616804736021267e-01,-1.993839467510453989e-01
-1.626848965161956928e-01,1.904074133674041880e-01,-1.624717125112725563e-02
-1.305332045018003095e-01,8.865920000005611534e-02,1.968371604042021827e-01
-1.171999092653576297e-01,-1.769794693122717366e-01,-1.387435377939170711e-01
-1.484168944765394127e-01,-1.908090040630322504e-01,8.086369568185193535e-02
-1.167401481756624587e-01,-1.100333397944415342e-01,1.997760389785966373e-01
-8.467996437997815651e-02,3.826153158855347125e-02,2.401814388026504155e-01
-1.438950183464230703e-01,8.300014801165585265e-02,1.985117221874805327e-01
-2.006477374575853789e-01,1.634632475359761306e-01,2.657366071139533048e-02
-7.519525666502105410e-02,-1.481097722421269858e-01,2.019493943446370177e-01
1.498731707413412384e-01,1.971664956047475270e-01,-8.792367603467551862e-02
-8.583738313168474965e-02,-1.712643776235902304e-01,1.818370619528062448e-01
-2.464977890599937549e-01,8.769143775167433097e-02,4.488586031551701494e-02
2.153068068472411070e-02,-4.704402352706130858e-02,-2.617150333635276382e-01
-2.296188254105419324e-01,-4.399374434794242616e-02,1.312302048375483532e-01
-6.110762334838418242e-02,2.383733247161917146e-01,1.097277496987915796e-01
-2.569168328776188365e-02,1.358927184161123347e-01,-2.327836382810064830e-01
5.852481292690336206e-02,1.946724740827396327e-01,-1.808755584703701513e-01
2.466502713958323642e-02,-1.650758953348257022e-02,-2.718187944284689017e-01
1.745456685103464745e-01,1.927946769736544885e-01,8.867150666015241600e-02
-5.279830142951973115e-02,-1.184711967347626405e-02,-2.707533479213551364e-01
1.961187772204136398e-02,-2.096526467822862894e-01,1.806593899333312769e-01
1.560863429319651885e-01,2.006895219697719390e-01,-1.143820374114485755e-01
-4.202050519901097403e-02,-2.581718606157258900e-01,1.002716318388929134e-01
-1.601579353693107777e-01,1.648381289429298735e-02,2.308797650011539526e-01
-2.526224250492339340e-01,1.034074872176709431e-01,7.400030543902051672e-02
-2.804917767269196616e-01,-4.189896044374075840e-03,4.536684395851034446e-02
-2.685909915235839551e-01,-3.532139656926935878e-02,9.017395080621502801e-02
1.034094042496892518e-01,-2.663046006116228659e-01,-2.611099622356624281e-02
-6.449068003351764167e-02,-2.034714180137865147e-01,-1.936796049874033587e-01
7.234720995349179506e-02,-2.415389845287821136e-01,-1.424042321426085556e-01
1.614666852897863880e-01,2.420115019968448189e-01,7.202563882556937188e-04
-7.087341121977126790e-02,1.038819076198848473e-01,-2.638545426659203996e-01
7.376481915764727948e-02,-1.463765989431485837e-01,-2.436457136897675901e-01
-2.351656544575726482e-01,-1.718061008693674285e-01,-4.703201416903654564e-02
-8.211310208216750228e-02,2.794030143227843599e-01,-5.504593194890602253e-02
6.955433787307169213e-02,9.186083977872276651e-02,2.745426563524785979e-01
-6.497387242253296891e-02,2.909175446956545064e-01,-2.472500978893625231e-02
2.242746232884920143e-01,8.044275186780545928e-02,1.830756934194567309e-01
7.519999461746124103e-02,9.104691982399060191e-02,2.777913661473541129e-01
-8.178758870356492294e-02,-2.914821111522259423e-01,1.709546021771254573e-02
2.223096656806471672e-01,-1.407946037189043431e-01,1.534084339377022599e-01
-2.469322127793894053e-02,-2.242446950274688822e-01,-2.066976509185287358e-01
-1.071200517943838304e-01,2.526500536108836070e-01,-1.384126230541361802e-01
-2.955868227301174378e-01,-7.952645985087726521e-02,-4.023937999514796970e-02
7.549022011634835827e-02,4.846743200231202336e-02,2.968548365424059643e-01
1.982319881655051352e-01,-2.087042282740539101e-01,-1.190702360305032487e-01
-1.711475701162189222e-01,-6.084330903067353830e-02,2.547610137025533295e-01
2.898877806652406380e-02,1.306785319934041789e-01,2.843411395178600531e-01
1.029631404476850504e-01,2.780903196207467065e-01,1.081993281191767353e-01
-2.571989036304176968e-01,1.852020225882313187e-01,8.508046318387080600e-03
-2.201497294419346995e-01,5.869396137768777277e-02,2.224823952025122564e-01
-2.615350063962017524e-01,1.803192484722999922e-01,-3.721163417586057648e-02
-1.999018466673586070e-01,2.042034842721929810e-01,1.467537183812661628e-01
-2.746731089127208980e-01,-8.405439698016928252e-02,1.469264007090535507e-01
-8.145203406963699710e-02,2.842547144994984065e-01,1.325489495250186389e-01
-2.757222607153931859e-01,1.488079810465071096e-01,8.803199599976624379e-02
-2.112472206954221776e-01,1.436056580672293859e-01,-2.039247753354432036e-01
-2.766617297490822636e-01,1.044970020722885140e-01,-1.424580833858979378e-01
-8.364976540927939255e-03,3.209678811072673166e-01,-7.478603499710677338e-02
1.309926945921512098e-01,2.507324926554104771e-01,-1.720186828006874391e-01
-2.927408243216564343e-01,1.258950289927285859e-01,-9.490989469989474792e-02
-1.321975460556846782e-01,-2.109224584539775016e-01,-2.225620827832568704e-01
2.693632208665804328e-01,1.968057574382165442e-01,-3.403555281858857556e-02
-1.687440918323276917e-01,-2.883443698663317734e-01,4.224881408491245466e-02
-1.191308860866229918e-01,2.676140535887016059e-01,1.689749668453092990e-01
3.448868496501753672e-03,-6.710428806051571549e-02,3.328852076040801911e-01
-3.038286456594411211e-01,1.463609291269495905e-01,-5.064597071778091653e-02
-1.435841846630886987e-01,1.481861590433568299e-01,-2.733116977332983311e-01
2.250587259467946508e-02,1.404468733939122638e-01,3.130894465711623331e-01
1.191898070164539719e-01,-6.232746929783276879e-02,3.180463441773901945e-01
6.246206870766632391e-02,3.295009874715938980e-01,8.812002076025646224e-02
-1.204783867335750963e-01,2.837974982127525747e-01,1.618031238605615041e-01
-2.859906313835802738e-01,-1.092962677408605560e-01,1.688324370023855103e-01
-1.426910063394525377e-02,2.852079897373036577e-01,2.042145003184183405e-01
9.995273050036566909e-02,-1.190833184903262038e-01,3.163781312633944798e-01
1.312290046723647574e-01,-2.426115624060153353e-01,2.218254658523799439e-01
-3.314183729301064529e-01,-4.697712973973239021e-04,-1.283619242014890083e-01
-6.105136499483748008e-02,-1.553542950898236796e-01,-3.154137940610212132e-01
-1.074346449555949601e-01,-6.441041110857102792e-02,-3.357021160495523571e-01
-9.723549846160121912e-02,-8.620128240631567962e-03,-3.462691198196389819e-01
-1.999721300207508989e-01,2.445448556548283359e-01,-1.751875656043195006e-01
1.411899593199527625e-01,1.786649520001940827e-01,2.822803244452566362e-01
3.211204137977133888e-01,-9.846503578459395167e-02,1.406640611373522476e-01
-3.041565203389830496e-01,1.716495544537486873e-01,1.081356892624273647e-01
-2.029346676548101358e-01,2.512007965730220227e-02,3.048418373133806591e-01
-3.408605797891856026e-01,6.868396607786050878e-02,1.221414721747060561e-01
-1.017250724438965720e-01,-8.156525259006985884e-02,-3.462758793698197946e-01
-7.245105464730731970e-02,7.062537997825001079e-02,-3.574390572295278456e-01
-8.825844272140917490e-02,3.477764469655585389e-01,-1.017827405215213227e-01
-1.302369617299020954e-01,-1.190381948975723497e-01,-3.302574672539336786e-01
-3.388309221909638902e-01,1.446504892630285088e-01,-7.471080908442410962e-02
-2.929351838530758201e-01,-2.294460439469493684e-02,2.368345627226031980e-01
-3.302565704514062728e-01,6.933646613451412144e-02,1.722599997788798187e-01
-2.502189709437684928e-01,2.763448464078080424e-01,7.551813095090563477e-02
-1.452823035318349665e-01,3.102854988640627032e-01,-1.686110610727843961e-01
-1.827816430848171469e-01,-3.361826166635843993e-01,2.295220899886908639e-02
-3.121254754972236922e-01,1.341355931624408498e-03,2.251172593563494362e-01
4.778353537968082348e-02,9.202930858298405403e-02,3.721595294507981655e-01
-2.361678009766980946e-01,-2.994183078524375596e-01,7.063008337765774858e-02
-2.716981385044447417e-01,1.551128880410490019e-01,2.317356046512850376e-01
1.385970700830763680e-01,1.360835379606975537e-01,3.391546472860730299e-01
6.890475732304378320e-02,-2.488169939168715927e-01,2.954231705277808318e-01
-4.511217449593146744e-02,2.651651260191686954e-01,-2.876981683162920245e-01
-1.091096808688763187e-01,-3.795400649617225453e-01,-1.881533129780625993e-02
-3.391964087347323353e-01,-1.624068618868474978e-01,-1.267974368174818733e-01
-2.442495827294359489e-01,-1.310531595094625579e-01,2.861462418404728814e-01
-1.132848519226715422e-01,-9.774366938095153945e-02,3.708589787171346353e-01
-1.028186645238292479e-01,-2.434187873508533162e-01,3.021870865546535945e-01
-5.097704024598597589e-02,-3.935090229270564177e-01,7.012662659262597353e-02
-5.143666205869108082e-02,1.958680818162180648e-01,3.501237805107663692e-01
-3.943755116435961883e-01,-1.113984268445922764e-02,9.580259019137843390e-02
-2.898196656196226351e-01,-2.069092846967823807e-01,-1.981707186902085527e-01
-4.050565610287334972e-02,-3.553252895863822092e-01,-1.985766792229663180e-01
-3.312746254650720257e-01,-1.994532494917416743e-01,1.380675732384464838e-01
-9.207635785016919650e-02,3.933873147411787174e-01,-8.136283540982888751e-02
2.811223227504525690e-01,2.577410925957966947e-01,-1.601952289417606368e-01
-2.256933667741959360e-01,3.247241951402492915e-02,-3.469997073912787222e-01
-9.979508500148552563e-03,3.481590296256309447e-02,-4.151793104729530892e-01
-1.552234204843135068e-01,1.784369235576271917e-01,-3.450264736025959178e-01
-2.541576368044344281e-01,3.297085369242926389e-01,-5.451702090583437910e-02
-9.966498710302763506e-03,-2.612940628844130364e-01,3.304656618595851469e-01
-1.395604101621866489e-01,1.469426663497714336e-01,-3.712475153437244657e-01
2.390949715926595498e-01,2.648676179547706511e-01,-2.299830482768231987e-01
1.007676151689891192e-01,-2.644375355303273389e-01,-3.185257403427879663e-01
-1.849773401019636776e-01,-2.162623149132510136e-01,3.191982446330356438e-01
3.338070586522107197e-01,2.114701324944783800e-01,1.675332383186992069e-01
1.338741385661441352e-01,-1.551931668333569603e-01,-3.788861218406661124e-01
-1.515711005497326347e-01,2.758087571790668845e-03,-4.048893344736581024e-01
3.358502642580727393e-01,2.747389999458902943e-01,1.381856395752375198e-03
-2.483792858495961209e-01,-2.028508215722001629e-01,2.946308717719672843e-01
1.248242963461365790e-01,4.108939208919523689e-01,8.129969841867695779e-02
-3.888157006252410675e-01,8.846227044443764898e-02,1.827705725523105784e-01
7.380149588075974112e-03,-3.634989086008583725e-01,2.482205038865811786e-01
1.482994413989097496e-02,-4.404464778021632831e-01,-3.137963022057761037e-02
-3.823371467212514641e-01,2.217513610111948030e-01,-3.532796750562870042e-02
-3.151073045593842936e-01,2.926588040922755152e-01,1.143448478821770670e-01
3.933547186598685963e-01,1.987083625888236005e-01,-7.227802956221016095e-02
-3.593688646946652243e-01,-1.852233369382689787e-01,-1.934202007802911238e-01
2.017850452148965135e-01,2.155381810710805812e-01,-3.393030921573939040e-01
1.336957452974835703e-01,-3.798867561794897485e-01,-2.038503805336798480e-01
-2.585083559920121621e-01,3.593828899253824760e-01,9.597587680802892318e-02
-3.903867489606350216e-01,1.065225647115340124e-01,-2.071309657897726364e-01
5.499122815069949766e-02,1.945662918759575311e-01,-4.089471200620440339e-01
-2.981721066704194345e-01,-7.870896095551780519e-03,3.473076851373885221e-01
-2.271762385985443000e-01,3.705971894228616281e-01,1.487309728004000131e-01
-7.258652533600101764e-02,8.429887457686842389e-02,-4.474213549469445717e-01
6.138902222081558122e-04,4.539647533962807846e-01,-8.929216939217883564e-02
-1.599199266264886843e-01,-3.554260874840504125e-01,2.523086388958349358e-01
-1.512587146853866804e-01,3.407813802574395368e-01,-2.793969758775164958e-01
-6.071092910608492411e-03,-2.479588178593149783e-01,3.963247525441349617e-01
-4.568920010520295949e-01,-9.209838418215640643e-02,5.375061562656584940e-02
-3.042226245979863242e-01,3.357830811141033767e-01,-1.278888991405770226e-01
1.581986221879672916e-01,-4.417710402716603646e-01,5.488582048054824192e-02
3.328259362969615553e-01,3.358947791599592447e-01,3.397255274975465728e-02
-2.488560656202013222e-01,-1.985369068582978069e-01,-3.535052234131616511e-01
1.250758418399031680e-01,9.696243854139248441e-02,-4.503711812569440309e-01
1.441024125942515499e-01,-3.800110836314947726e-01,-2.535384179218813094e-01
9.931344932315226692e-02,4.629312290299660293e-01,-8.289186670549525404e-02
-6.254492009234792482e-02,3.671282185590170055e-01,3.064907701162206677e-01
4.365902273961411173e-02,-4.813867146460223956e-01,2.434202724125793249e-02
-4.371416476605759494e-01,-2.115281417353070403e-01,1.812140020035004099e-03
-2.001656988069440424e-01,4.344757859430978808e-01,9.285173425917739309e-02
-3.676726889927116604e-01,-3.220415955243143835e-01,-1.370966015202345831e-02
-4.637043196965868752e-01,1.084791326145976009e-01,-1.180078295424412532e-01
-1.698532389435640222e-01,7.948264103927675517e-02,-4.551805486894541231e-01
1.196849405594146813e-02,4.870088854622412478e-01,8.176872551587402449e-02
-4.907791408641108966e-01,6.107347664054832426e-02,3.273220050780714652e-02
-2.215237577252373025e-01,-2.718718414039414388e-02,4.444328880180993813e-01
-3.138180440610044974e-01,1.889311821720022488e-01,3.388675730353767901e-01
-1.532297769408098864e-01,-3.836746199839762284e-01,2.828540870460017342e-01
3.093647913932844884e-01,3.805156801706688907e-01,1.090222748119598212e-01
7.819183631548250191e-02,3.716341794906203311e-01,3.314512110991870153e-01
1.285520362146826655e-02,4.810632452030533801e-01,1.555911037372383898e-01
2.805027314877800090e-02,5.004731083312676798e-01,7.908287165431625299e-02
-2.370565871552897663e-01,1.590994039165963270e-01,-4.215840152389290774e-01
-2.253200060422158035e-01,-2.618256719686676282e-01,3.763718651843532825e-01
-4.481002619419087729e-01,6.274931823305411605e-02,2.408133834893862457e-01
-4.536348940513932337e-01,6.456013603034153892e-02,-2.335025804839412078e-01
3.205808189813323383e-01,-2.184553940621122292e-01,3.402114270888455527e-01
-2.717011410567845009e-01,-1.122406058594786760e-01,4.261345279863474333e-01
-3.312852504019562772e-01,-2.039018462789593811e-01,-3.441869108980328273e-01
-1.992430130950301470e-01,-4.776448618621745856e-01,-6.113524427739572970e-02
-1.266057625066391301e-01,-6.049177837164135263e-02,5.036765457764356135e-01
1.428728568753120098e-01,4.262682264600581306e-01,-2.703119969797148081e-01
-7.067322092103135722e-02,4.212217717385297600e-01,3.075385162940006412e-01
-1.096191810642311165e-01,1.074589240198512013e-01,5.052369542273269509e-01
-1.518267434677463695e-02,-7.033229983816188802e-02,5.248675432526315188e-01
-4.000288061243528204e-01,-1.692177886643134177e-02,-3.495680606247307254e-01
-3.925547945016956697e-01,-3.576018461887008337e-01,4.880851398664661639e-02
-1.886744228259706890e-02,1.813380203883470376e-01,-5.029750019476914025e-01
-2.991888921096299003e-01,-3.683836749352156215e-01,2.507485186354717066e-01
1.502539678594536077e-01,-4.343107070579468876e-01,-2.806683308974337598e-01
-9.592888511803579488e-02,-2.971467566625807799e-01,-4.408730412033878276e-01
-5.378416100754351836e-01,5.305233485349606509e-02,-4.098439598406258128e-02
-3.377128148020748788e-01,3.186604497135921976e-01,-2.829897940018515357e-01
-3.162467842241091787e-01,6.941692261363183181e-02,4.390515190561325998e-01
2.780961578427000869e-01,-4.420018031580373874e-01,1.637767016547878041e-01
-3.176605745485887589e-01,2.701857570622566151e-01,3.571495588150488398e-01
-2.766200066354355946e-02,5.490072261163750911e-01,-3.519161431747459823e-02
2.602559839394320007e-01,4.806794905312126720e-01,8.114490235723301192e-02
1.404766023604267777e-01,-2.979688653013819466e-01,-4.458911833485850185e-01
-1.390769910225223560e-01,5.206959849751996439e-01,1.372907647022973965e-01
2.402501207349896639e-01,-4.696485484728236126e-01,1.816943083966612027e-01
1.956337625619982146e-01,-4.539454646344727451e-02,-5.224620172275852292e-01
-5.269986493088975044e-01,-1.372656529063238651e-01,1.368844807074865444e-01
-4.036105862203657191e-01,-1.711333221077014077e-01,3.537451504009666570e-01
1.305714023267979251e-01,4.239383573500229985e-01,-3.501115130750774296e-01
5.486385924675155623e-01,-1.037318119929662996e-01,-9.809730129934234044e-02
-1.633153163471619262e-01,-5.281893074286342360e-01,1.333375065769614731e-01
-2.504511662563367325e-01,1.547796138512983477e-01,4.886812786239193018e-01
1.502859742668661847e-01,4.952237201928166299e-01,2.443907455803450979e-01
-5.649679277639992891e-01,-9.333749672440944112e-02,-4.166704791842409938e-02
-2.963326551485116478e-01,4.570353493988344451e-01,1.871636451931485146e-01
-4.243780527117260171e-01,2.509092700557312705e-01,3.012813852161396189e-01
7.719092876752967070e-02,2.424211283227753755e-01,-5.207731202782186486e-01
-4.715746324454243021e-01,-4.273074149282285461e-02,-3.374038175711533416e-01
1.309722148380146334e-01,-5.662464919438018329e-01,4.889067435629691066e-02
-3.261230994570645803e-01,-3.841394048904903658e-01,2.973204336875093223e-01
1.356732133833140064e-01,4.584854354959213008e-01,3.403716890775767556e-01
4.576524992962240357e-01,-3.697639890117169759e-01,-2.141360059167545307e-02
-4.831406983185845272e-01,1.249232520909316670e-02,-3.394409020297216029e-01
-6.604388225344917651e-02,-5.819464165809913325e-01,8.921714030560988495e-02
-2.547790619451847371e-01,-1.639104274908782244e-01,-5.112698113208112849e-01
-2.529625900149351514e-01,-5.073480589968297760e-01,-1.843559693808605737e-01
-4.190421834587241823e-01,-4.260728496112077823e-01,2.142499793034584668e-02
-5.303973845085617755e-01,-3.497715232651416040e-02,-2.779814832621937404e-01
-2.724669538067498453e-01,2.578413209129282180e-01,-4.704614942195256555e-01
2.023451526463416195e-01,-3.019694554623844063e-01,4.818424222016463032e-01
-1.557058584311994953e-01,5.259179277138568143e-01,2.563689542214527828e-01
-2.196120694935478623e-01,5.085966824846208656e-01,-2.488529160568372645e-01
-3.512925600801053427e-01,8.089373013461124973e-02,4.910778183213556081e-01
-3.287033893342850566e-01,-1.226839051493232718e-01,5.003012946857503529e-01
-5.530087741053874018e-01,-6.046177103302045192e-02,-2.573449541862448120e-01
-5.236321604539649899e-01,2.828486991606904977e-01,1.543374169351301450e-01
-3.192454151795776629e-01,-4.959021656504213893e-01,-1.802831697505203057e-01
-2.126782370963263002e-01,-1.144736682591128707e-01,-5.695069855288428240e-01
4.759951088679766351e-01,-2.518614349196813262e-01,3.082468468462980504e-01
-5.616511220942467242e-01,-2.413376132234073546e-01,1.169802811635986955e-01
5.249438535809788364e-01,1.758898871083163784e-01,2.885254186904536167e-01
-9.506090255856958215e-02,-3.251222898187167698e-01,-5.266788727256398461e-01
-4.001285440358775536e-01,-4.422114130625728889e-01,1.971571692728457670e-01
4.752602758204362288e-01,-2.917292326204606878e-01,-2.931741098247722110e-01
5.413154369397586707e-02,2.998142982173743754e-01,5.536485598967350041e-01
-3.112880370644989236e-01,-5.293209128470734992e-01,1.571387878299989049e-01
-1.094095572566475411e-01,-5.742932117476771126e-01,2.498598881236980818e-01
3.572840752449086277e-01,5.281133108606762550e-01,-1.043748365463592273e-02
-1.777928084304330331e-02,-5.935493948537171605e-01,-2.377199433521776928e-01
-2.990293138019479158e-01,-1.909361948782511975e-01,5.345350372561864516e-01
-6.003888255205103164e-01,1.657898057540128089e-01,-1.616691311685438115e-01
-5.500423526887021630e-01,-3.247671152364308700e-01,-9.256700982164785263e-02
-4.780562159338139772e-01,4.365202520608833514e-01,3.505216829817971950e-03
-4.253558712158138355e-02,2.313145782206599554e-01,-6.052333161936721551e-01
-1.948386879225449952e-01,-6.202838587752891319e-01,-3.800187613685697408e-02
-4.742051245411908478e-01,-9.198538191429182428e-03,-4.491665963280550566e-01
-2.285748318489650710e-01,-4.435597583937658239e-01,-4.245864851882834579e-01
-2.000360679350572379e-01,-5.246721311252038333e-01,3.413825674775421981e-01
5.363890214559775549e-01,-3.166384101095054970e-01,-2.155192114205320975e-01
-6.511161603308784906e-01,-6.846014685082353612e-02,9.153795616591939299e-02
-3.975487868495570787e-01,9.555400872364380738e-02,5.219690808549442007e-01
-4.319579757915991691e-01,-2.000640692831475234e-02,-5.052335634643126960e-01
3.859013640206380713e-01,5.075528317609193651e-01,-1.958399254894918617e-01
-6.159701705492574009e-01,-2.417419067146741041e-01,-9.834290810796984805e-02
3.248460896368975948e-01,-5.605724932404457794e-01,-1.744206944980034035e-01
2.782627817576913687e-01,5.377481813713854697e-01,-2.936968720180122561e-01
6.275988167464696676e-02,-6.670732078314095537e-01,8.136628157938925743e-02
-2.497306453791797443e-01,-5.603116194474041523e-01,-2.862325073242924511e-01
-5.702779542679896618e-01,2.635390990035396674e-01,-2.574572235227384209e-01
-6.808626094032460552e-02,6.074771150170527045e-01,3.000220399507879110e-01
-1.205391422685671461e-02,4.121871747736696179e-01,-5.443989296766639230e-01
-4.954484364423807352e-01,4.045491884873713140e-01,-2.450182363339624692e-01
6.334977663609718812e-01,5.356887518754472471e-02,2.602624526299910923e-01
-5.535578732715709105e-01,1.942126329065914092e-01,3.613257574117240689e-01
-5.669228599080760045e-01,-7.314890586459635302e-02,3.882494645860350979e-01
-1.486318909897318963e-01,-5.487078859411465004e-02,-6.746774822104937286e-01
-5.003063651822130531e-01,4.749243411444678542e-01,8.513325150972989031e-02
-4.860998251128666181e-02,4.677878064643774259e-02,-6.938189489721621195e-01
-4.668828191285678275e-01,3.125301060140324716e-01,-4.160809474340514402e-01
-6.980539028264480805e-01,5.049441794502130404e-02,-4.248038891954285939e-02
-4.262062100216819083e-01,-5.391627455658380974e-01,-1.488434517247670397e-01
-4.880653899731710044e-01,1.883728368983568768e-01,-4.729620047086733892e-01
7.749702088220143670e-02,1.333057320260695178e-01,6.902936093665420492e-01
3.408763978599166355e-01,-3.951128196903813672e-01,4.805003369000960256e-01
-4.249650622425159008e-01,-4.646197624185752217e-01,-3.311318623032696862e-01
2.127711953559252578e-01,1.489558269765288157e-01,-6.645248139210762073e-01
-6.991376951316682353e-01,1.401582470554247339e-01,5.971748389244645877e-02
1.564147581425627265e-01,7.001484994213899027e-01,-1.719966293088723980e-02
-4.684037198490116627e-02,-7.099348018155199336e-01,-1.083842998157629883e-01
-2.007179559610957897e-01,5.017747014010661699e-01,4.784102492518335081e-01
1.006566571380728076e-03,1.182368615210771523e-01,-7.141206932553778586e-01
6.687926659902014848e-01,2.818881460618611889e-01,-1.504470604731332657e-02
-7.179719554791883507e-01,-1.118316856864068065e-01,4.490688577763791989e-02
5.078706592083869209e-01,2.588206602687036506e-01,-4.562192477874247865e-01
5.755968802791312511e-01,3.585703100768289353e-01,2.761099368297880718e-01
-1.158377430885206560e-01,-6.959467216117817268e-01,2.035674166827694531e-01
-2.441943778012934940e-01,-6.026442938933445070e-01,-3.456618545100751394e-01
-6.039938137707310251e-01,-4.062373963871495630e-01,1.247540118845093943e-01
1.606422509420455669e-01,-5.538219136863448133e-01,-4.647564882906026762e-01
-3.823277451712939756e-01,-5.572695808476096913e-01,3.081173660217822463e-01
6.227442693757802017e-01,-3.563895354337978660e-01,-1.999698292290787160e-01
-6.663180831810083804e-01,-2.839337639326195567e-02,-3.364406428107464819e-01
1.141330686923866800e-01,6.791314814656597143e-01,-2.948111075944115922e-01
-7.499562567376452105e-01,-4.296479291097755199e-02,8.675681063423168818e-03
-5.885955358094324685e-02,-7.228788028175888725e-01,-2.038344436723020792e-01
-3.305687116687117122e-01,-5.858138558964091080e-01,3.440046629331256489e-01
-7.282722912073454902e-01,1.702622684289628249e-02,-2.082389672627184274e-01
4.933202859028924525e-01,2.806858924059184024e-01,-5.051145201128373063e-01
-6.094100388867345064e-01,4.400427564760198695e-01,-1.246731133722091822e-01
-1.319958794240992384e-01,-5.882507703907844526e-02,-7.503099522799847598e-01
-4.204186917523743960e-01,-6.381424335957359695e-01,-5.632687200219677059e-02
-6.002963290010011610e-01,-4.625444088427436151e-01,-1.271407218600540678e-01
-1.758767164148753240e-03,4.569973667180624033e-02,7.692262895647403731e-01
-1.679712729487593537e-01,-2.795510906490364933e-01,-7.005611032971300611e-01
-1.428477831691987443e-01,-5.412770929489506555e-01,5.358419517401461496e-01
-5.188711521722212394e-01,4.543249704051636750e-01,3.581258489636998110e-01
-7.321273099823991659e-01,2.170709586284957915e-01,-1.554274067188062547e-01
-4.999802763040019915e-01,1.787887809954601809e-02,-6.003324258616092868e-01
-1.763128903716743578e-01,-7.590674568366705399e-01,-8.280233088561382571e-02
-5.683870365034937588e-01,1.572940595239560035e-01,-5.193875610248178676e-01
-1.030519539466852180e-01,-1.327948118156996593e-01,-7.699177261600389510e-01
4.338919146301175589e-01,-3.738241785506730697e-01,5.445140801064646263e-01
2.958310274598898726e-01,-7.207398462379591697e-01,1.449527443947825345e-01
-6.684331681620846455e-01,3.992986963027164160e-01,-1.589275492186665029e-01
-7.401860422873197676e-01,1.027628161088605246e-01,-2.767455102402973099e-01
2.905051912118064572e-01,5.697698265069156554e-01,4.790953572592178134e-01
-3.032403819021491365e-01,-6.472640527564158530e-01,3.622344673987684671e-01
3.870293888959149275e-01,-6.207412900938674705e-01,3.325360810433447556e-01
7.187667882183810253e-01,-3.067960309145724707e-01,-1.962936582206167013e-01
-6.194226234382499419e-01,1.419130942262255557e-01,4.990616364641611846e-01
2.321717909998693430e-01,7.638369273931769898e-01,1.384117544465527927e-01
-5.400222445551201567e-01,5.460551112300239263e-01,2.652302582778887641e-01
-3.140287040043716615e-01,4.918311530385260366e-01,-5.685869052419996184e-01
-1.438615495904499997e-01,-6.373568632320646410e-01,4.904646692782370643e-01
-1.840217791795270841e-01,-7.763552185339880340e-01,1.859395530988766643e-01
-6.679997780045968669e-01,1.428385103016426294e-01,4.563385389581644525e-01
-7.422746540716395058e-01,3.536484220327738570e-01,5.055742972592678491e-02
-4.956668006062165954e-01,5.993588976629830034e-01,-2.782425181655518998e-01
-1.627910744102896157e-01,3.958575406469052038e-01,7.091468760172793262e-01
-6.672650419303652880e-01,2.027022330452891985e-01,-4.511515449964738078e-01
-4.296656395690736097e-01,-1.767315666709382560e-01,6.912412150670678157e-01
-6.982093379810528910e-01,-4.289800247792536769e-01,1.610924663786932054e-01
-2.688266256142717858e-01,-3.145111125706511745e-01,7.280888135147977058e-01
4.382715422785812276e-01,-7.121723680078030361e-01,-7.662796401282784275e-02
3.648486916274601422e-01,-4.796634662702336516e-01,5.880597399899656352e-01
-4.644068862067312065e-01,-4.244915261749226953e-01,5.630447177489708022e-01
-1.939442492929198680e-01,1.541116506932089028e-02,8.239735326853296904e-01
-5.810220635547659329e-01,-7.444148052702276828e-03,6.189169161038737821e-01
-3.699120693472455201e-01,6.016132822985937462e-02,7.643165286931796754e-01
5.597809699741573830e-01,-3.800375317547775578e-01,5.203870735032163353e-01
-5.026369395562688691e-01,5.953148155936094366e-01,3.542771679197783130e-01
-5.875580989044121294e-01,3.989627560390595629e-01,-4.818176624347371706e-01
-3.886776755673096440e-01,-2.560368080788914535e-01,-7.238267944854821501e-01
-1.701984895813825893e-01,-2.840540925940882588e-01,-7.968191869587183396e-01
1.336376260335781774e-01,5.923872423780740526e-01,-6.163087257845571987e-01
-6.842025813193581829e-01,1.569312964390619236e-01,5.098225150767404790e-01
2.767652593301806463e-01,7.994779372506417570e-01,-2.024738301418243513e-01
-5.040084275298292171e-01,7.109051774696556469e-01,3.804748746146513483e-02
-6.140646546329795452e-01,9.024445785707199685e-02,-6.162435739570687465e-01
-1.281492608827793644e-01,-1.253498643045491689e-01,-8.584735739749103089e-01
-7.293769074657328044e-01,-4.142562416690661609e-01,2.639464389716533188e-01
4.827161460525903891e-01,6.550479235421365898e-01,3.396142379505357467e-01
-8.328745036953350001e-01,-2.963013560855557449e-01,-1.260599933472637477e-02
-2.166194017740717681e-01,8.593323587750623105e-01,-2.166101862053385410e-02
-2.290383795940356682e-01,3.028342278723402670e-01,8.036847690416611956e-01
1.312945599504819760e-01,2.568559959418372229e-01,8.432754058029698907e-01
-3.468823150799312804e-01,7.124632605743447256e-01,-4.131162988788138479e-01
-2.357519267319382050e-01,-3.807219208400067223e-01,7.761167372327516523e-01
-2.707837962180328906e-01,-8.444326193761105825e-01,1.442342901367444918e-01
4.841754232995461593e-01,-7.595954327764632419e-01,-1.052755907447615671e-02
-7.351241399948994504e-01,-3.845108171005469644e-01,3.572303357091066722e-01
-7.843824181165195419e-01,-2.920433257446695685e-01,3.459651814689754801e-01
-6.645590308971142113e-01,1.952356325123628111e-01,5.872550839924581823e-01
3.299759831039235092e-01,-8.409906195877266954e-01,-1.134984580782714692e-01
-5.718918108306854098e-01,2.334123524336695066e-01,6.722475358519219846e-01
4.560904828878956652e-01,7.886724017458095481e-01,-8.878464560064298905e-02
2.250581525741598976e-01,4.203510463922823792e-01,7.842362119362767947e-01
-1.620980498284724514e-01,6.203196703653672817e-01,6.601422238496860162e-01
-1.270808386515786537e-01,1.975630506343248327e-02,9.136891640731535924e-01
-1.445925506337847055e-01,7.760486558852648376e-01,4.824285454969747255e-01
5.969931578257612337e-01,-6.613306576510369350e-01,2.582349717836984748e-01
4.015252173219359122e-01,7.637795021141629004e-01,-3.470328892381459029e-01
6.822742706646329758e-01,2.616792064913603943e-01,-5.793349472381182919e-01
-3.190576666436404363e-01,-8.588540744106321068e-01,-1.865086635137623017e-01
1.074400191240567209e-01,6.774668444150434565e-01,6.390149778707024941e-01
-1.708343295223270220e-01,8.785202397431544075e-01,2.872538188586848951e-01
-5.258173538053407814e-01,-7.297453147627307457e-01,2.813501568573593681e-01
8.062725367482369565e-01,4.903681486162905223e-01,4.824763738028884502e-02
-6.371742615957343148e-01,-6.578854251935282171e-01,-2.424359086498325822e-01
-8.205002348228699338e-01,7.689351026245166976e-02,4.724221670579371590e-01
-3.950357979775861311e-02,8.059583618003574035e-01,5.059094375457249271e-01
4.844152425133143036e-01,-7.088389702719338770e-01,-4.180217668214174509e-01
-9.289977509606933692e-01,2.142631449621665019e-01,-8.779645711618221104e-02
-2.678553271112126821e-01,9.171773893004391276e-01,9.227784558492081735e-02
2.365458285049037157e-01,8.382904898467830046e-01,4.094327074087208418e-01
-3.027798003258321824e-01,3.449034228108984745e-01,8.488532144719572736e-01
-7.432878357295156224e-01,-2.976108545967953711e-01,5.431614034660066093e-01
4.010188542426210839e-02,-3.838808255938501723e-01,-8.899495552662555209e-01
-7.883568827200482243e-01,-3.461597306030767540e-01,-4.523066234367806859e-01
5.231068115729436974e-01,-7.707333689704047863e-01,-2.884396306242921204e-01
-9.685563503208102221e-01,-1.081542530861746287e-01,7.775098290786600086e-02
-3.411842776892555218e-01,-9.163357559968664523e-01,6.902333539596043621e-02
-2.836719191193409761e-02,-4.524458359629312532e-01,-8.719809566066522022e-01
2.393618814492242119e-01,-7.401962703264873822e-01,6.047488348092120436e-01
-3.958953950105222330e-01,1.897745949718293579e-01,-8.849993533585589489e-01
-4.593583414392466979e-01,8.720797737356175139e-01,9.760381767764360339e-02
-5.456805044653907366e-01,-3.090327357127100605e-01,-7.700015253831364870e-01
-3.428942569127785833e-01,8.353194362007154705e-01,-4.194874016450165777e-01
-2.576348445511474905e-01,-7.765916500490935848e-01,5.718315166896213997e-01
-6.736129353191728786e-01,2.617037882391263226e-01,-6.923859136526401281e-01
-7.918470773676845598e-01,4.809804942151915674e-01,3.853317301208425971e-01
3.250094937968943665e-01,-3.000861094539591933e-01,9.035419271155071819e-01
-9.010988474439771689e-01,-3.454807039237715038e-01,2.932310237006945930e-01
7.617056816705719546e-01,5.983950024106209353e-01,-2.903814693487022924e-01
1.997010747894636673e-01,8.120620403327980519e-01,-5.732057322296709723e-01
3.985212426982994161e-01,3.647529265348977701e-01,-8.610147484705623633e-01
-1.583552371210113774e-01,8.458552680507088750e-01,-5.458998574356410671e-01
-7.044572335952085096e-01,7.317700255931596232e-01,-1.103381702337369596e-01
-5.484272090411207445e-01,-8.075746548275509751e-01,3.104259523492654549e-01
-7.829207183929921543e-01,5.545746098824155812e-01,3.663485581133870683e-01
-7.067565238405876249e-01,6.658536829374817057e-01,3.424951657782612235e-01
-6.072629192560815570e-01,7.848137012771626564e-01,2.844854679479362214e-01
1.644873217290727385e-01,-9.156883899932174442e-01,4.534089839619164786e-01
-1.762729142225359369e-01,-1.117576134179702751e-01,-1.016401372922905333e+00
3.732962998643965524e-01,2.666749173206388046e-01,-9.336515173462234252e-01
-8.942464250857794505e-01,-3.688749174431006916e-01,-3.898553138636547399e-01
-8.734560809913197721e-01,-5.682610269021504124e-01,-8.644574492004453159e-02
-7.683391173013259801e-01,-7.030845085848936860e-01,1.194044024966933598e-01
-5.575272916991862449e-01,-4.159171484927609019e-01,-7.878722182953172837e-01
1.911580783836260844e-01,-9.867800564081251613e-01,3.161507039213506953e-01
-6.769815019944084300e-01,-2.203251266032894840e-01,-7.804272636996372192e-01
-5.104241172712822155e-02,-8.214690730808298369e-01,-6.664897255955087862e-01
-9.811806440923799277e-01,-3.119866339379447906e-01,2.594436646074476105e-01
-7.702648080290216415e-01,6.880165105484189469e-01,-2.577785111644039229e-01
3.681243024691358556e-01,1.105679769816711594e-01,9.955758735391204706e-01
-7.320069035151759440e-01,-3.759523415521593970e-01,6.837771632153418766e-01
7.448667297818553079e-01,-7.686894831960355834e-01,-6.967508727367401067e-02
-3.649569336897879324e-01,-1.124717524371870309e-01,1.005279105264356376e+00
-9.888378131983913688e-01,-3.577008915132089961e-01,-2.378450843332471643e-01
3.499064826990390120e-01,8.766457111023935322e-01,5.265881905112068662e-01
-3.841258771835352470e-01,-3.881345904892726795e-01,9.359376680809163851e-01
5.750840232980529709e-01,-9.053953463641483124e-01,-1.723004914093058393e-01
-1.255742150942732727e-01,-7.562116384185187945e-01,7.736411534274056923e-01
-7.778321975676147915e-01,-5.051014190702917128e-01,-5.762095125257740147e-01
-6.820721337530772921e-01,-7.427835659862027651e-01,-4.257543314294463532e-01
4.430585932780946590e-01,-3.738441747976288809e-01,-9.317895028765086352e-01
-5.097285186418989422e-01,-3.941361777331185978e-01,-8.917554980039399393e-01
3.877898863592484369e-01,-1.890023839690698759e-01,1.015096383930218504e+00
-1.073188202398758007e+00,1.531998998481208241e-01,-2.178914313075025477e-01
-9.198226225640406817e-01,-3.015542059667095098e-01,-5.402356615665658834e-01
1.036571795793530981e+00,2.339656678895892794e-01,3.253501975705141991e-01
2.595623462943444926e-01,-8.114761468307707393e-01,-7.179453959599036983e-01
-5.701882420854036404e-01,9.382771466396903071e-01,-2.051792906075377287e-01
2.251853368614885886e-01,-9.794604712369268107e-01,-4.937802549551363884e-01
3.631335284050360990e-01,1.006845439918779617e+00,3.385073002608343651e-01
-6.198907542390275083e-01,1.786002125556107045e-01,9.221587798627575161e-01
-6.548374899492311885e-01,-7.983424856568887007e-01,4.547009656116769438e-01
1.138334741503396752e-02,-9.716698516805490904e-01,-5.788336615014366693e-01
-9.581249097776796120e-01,2.980571833110414182e-01,-5.281206928407566892e-01
2.565788589087903415e-01,-4.665571369674340052e-01,-1.004343309010966578e+00
2.169056141528845905e-01,-9.903210924210027466e-01,-5.204988898120883611e-01
-3.554066385022424113e-01,9.995701285259779301e-01,-4.239886982420894568e-01
-3.291827497643233236e-01,7.139947422960906120e-01,8.328369021963225594e-01
-7.432190581549066311e-01,-4.238314930178580520e-01,7.657247850981780957e-01
8.706432135498629599e-01,-3.452955447936498778e-01,6.691019638714755802e-01
6.524297596386914311e-01,7.793289950202455518e-01,-5.464070386848519645e-01
-6.925532697130725168e-01,-5.713760849270473896e-01,-7.294794092528856799e-01
2.067383033775807288e-01,4.169518378895756272e-01,-1.062234651053830081e+00
-3.416325491002390469e-01,1.103303957063658691e+00,1.328911370170113571e-01
-4.465800931863216916e-01,-4.548315208948488508e-01,-9.757545140733056011e-01
-1.085739718522279462e+00,4.297423977213462032e-01,4.089674390780628777e-02
5.659811448604540329e-01,-8.739821958317139927e-01,5.364805583434461012e-01
1.839931731122090505e-02,-4.968154774409142549e-01,1.063797765066272438e+00
-1.112970286056257641e-01,-9.625270099389369172e-01,-6.684709370961403607e-01
-9.144387529013888738e-01,6.282421565738068869e-01,4.021331844926177013e-01
9.214346659399773598e-01,5.756607563786501069e-01,-4.680805576639442411e-01
-3.811603193237768084e-01,-3.259679777931357436e-01,-1.074684863343051466e+00
-1.377753217392492235e-01,1.032915926800104023e+00,-5.723445131815391163e-01
-1.125140052858739192e+00,-2.412246535890871790e-01,3.104293182128206041e-01
-8.951477842023818354e-01,5.878954392033352017e-01,-5.297510144674356658e-01
-2.494622469072485249e-01,3.325060908867782383e-01,-1.123315048542404160e+00
-1.191678025125423090e+00,-2.519041130497199840e-02,-1.449480128789473188e-01
-1.015177029356733707e+00,-2.636249647801546803e-01,-5.905946914590831653e-01
-4.516025587755070902e-01,1.041803857091101460e+00,-4.083616360773099085e-01
-1.099158014039817166e+00,4.540488269530737475e-01,-2.212617173226366363e-01
-5.267113446458950854e-01,3.224409073288792005e-01,-1.043604287266126862e+00
-1.285213341115581664e-01,-3.089924624468804448e-01,1.168664969045916768e+00
-9.058331412112534675e-01,-3.234147784202640041e-01,7.482925574894654375e-01
-1.029296804929181741e+00,-3.337307756090905353e-01,5.670774754458453026e-01
3.457341017417054352e-01,1.133264901581531037e+00,3.097547122671120978e-01
-1.193350177687836799e+00,-1.297687951097988013e-01,-2.573737214130316642e-01
-6.284885734443395044e-01,8.847704462396566161e-01,-5.803256033851664775e-01
-1.061205176676729200e+00,7.983232751546898154e-02,-6.241199676768207638e-01
5.243542497500313093e-01,-7.604811538021544193e-01,-8.223562303046973998e-01
-6.149597412478439162e-01,9.808073163129279459e-01,4.437524125203135550e-01
-1.784872054750124837e-01,3.087933794452302205e-01,1.190555462896008665e+00
3.940451202863493041e-01,-5.392283852431698499e-01,-1.051753791180986664e+00
-1.273310493979785685e-01,-1.241910524669475269e+00,-3.597741464295603486e-02
-7.879217221943776162e-01,7.877902911778712491e-01,5.710277727148902471e-01
1.164951416085712843e+00,4.555386029632682576e-01,-1.028129909912448292e-01
5.562465900906994332e-01,-1.035885961257140941e+00,-4.477186067481710441e-01
-1.960166523732305710e-01,-1.137580102669778492e+00,5.081029804086250046e-01
-9.257840075940233504e-01,2.889559118629647649e-01,8.111100317600892229e-01
-6.939941891543208730e-01,5.075343755347880847e-01,9.311697538041444622e-01
-1.242328868967160771e+00,2.039994267954760299e-01,1.707585476808841096e-01
-8.506207186507398488e-01,-1.805357210300854165e-01,9.305372888677455601e-01
-7.207533887528420058e-01,-8.909731361767513347e-01,5.627229904675842276e-01
-1.248186698485711954e+00,-2.218851555345561777e-01,1.753121947023975613e-01
-1.143488052293840873e+00,-8.241721073333790892e-02,5.758264092777195531e-01
-4.504143246626338137e-01,-2.714799284471393070e-01,-1.173622562736961417e+00
-4.077306975305649006e-01,9.409304813224171893e-01,7.813036381156216459e-01
1.002813179836489939e-02,-1.138927893500012001e+00,-6.106332560519069919e-01
-8.238606449118943686e-01,-8.955718843899842518e-01,4.443764055861391116e-01
-7.832534537865210034e-02,-2.308034057043328036e-01,1.275551380847423255e+00
3.720792409555453290e-02,-1.160131586716501184e+00,-5.893663008185047181e-01
-1.851253049659134231e-01,-1.263755817642918888e+00,-2.674577457532282820e-01
-7.082762929887304049e-01,6.946879618427694025e-02,1.097578978665844751e+00
-6.633720248230139116e-02,3.675540921509873882e-01,-1.256971359807879773e+00
-3.118014630074694704e-01,1.444432172849763607e-01,-1.268754637604476709e+00
3.890917593808660424e-01,9.428185549654503061e-01,8.342109119059131217e-01
-8.417830786174174129e-01,7.551336280649251220e-01,-6.824972225203781440e-01
8.782373121526050319e-01,-9.507303388774007713e-01,2.790991205103357520e-01
3.121198701131102649e-01,1.193047093835853723e+00,-4.907125948739294308e-01
7.396541373380428608e-01,8.311376274597500613e-01,-7.295419206527310463e-01
-3.143826753455180589e-01,-1.225344038955299197e+00,4.223412099838848577e-01
-1.252679786941800266e+00,-1.213181330834023630e-01,4.509500448170045139e-01
2.995552981877594445e-01,-1.195429046360554359e+00,5.264388562141272265e-01
-7.849698468986191502e-01,-1.453985438941430008e-01,-1.080408189657821261e+00
3.483682513867891739e-01,1.069164507171002976e+00,-7.408392867535227300e-01
-9.968827359075281835e-01,-1.043363967251595553e-01,-9.041062310071651398e-01
-3.704053137064957646e-01,9.224349693146504103e-01,9.180272178811562656e-01
-1.114937026148363985e+00,7.688112911384281656e-01,7.438944155018824278e-02
-4.374718636071762701e-01,8.490100223342500474e-02,1.284510089183890535e+00
-7.150125519269397989e-01,-4.132162666751452162e-01,1.084191085008501476e+00
-3.054249037270112543e-03,2.427956249452467574e-01,-1.344412565187464104e+00
1.004953347208663139e+00,5.214564249585967870e-01,-7.704140848450741208e-01
-7.656348445422587190e-01,-6.905510339269269604e-01,-9.062829292422305283e-01
1.673201227826067727e-01,3.281855361426818662e-01,1.325806734684723542e+00
-8.401731414950625032e-01,-8.889899450696797656e-01,-6.374709579458616160e-01
6.889452668363864329e-02,1.161016679109367677e+00,7.476591041572344665e-01
-3.230748390529936676e-01,-6.012993010640167446e-01,-1.206208277442952781e+00
-7.370824820147104939e-01,-1.114872410464482266e+00,-3.792904262536707649e-01
-6.843225908910024469e-01,1.166604936799875647e+00,3.317876663055297493e-01
-8.333766249232164025e-01,4.527606663012060384e-01,-1.024272261982489107e+00
-1.309672890367377773e+00,4.545331070656753458e-01,-1.900891555185121318e-01
-2.245678404704505582e-01,-7.946322704196978615e-01,1.133790544214273721e+00
-7.131151352184018632e-01,1.003453199852850641e+00,6.792022388071978778e-01
-4.190228097820253989e-02,-1.396112232878064852e+00,1.879825496731340195e-01
-1.092640632217904084e+00,-8.742137482972954787e-01,-1.939208561765631278e-01
-7.102106511822980917e-01,9.154472022370120365e-01,-8.141329005359115856e-01
6.677941682049743921e-01,4.525518342132418548e-01,1.167938510538854446e+00
-1.305430960280218322e+00,5.058802036634318933e-01,-2.537444972210328720e-01
1.139823572641915250e+00,1.441139806009270052e-01,-8.450704546419676166e-01
-9.392918355902944369e-03,-1.428780942210269078e+00,4.804638060455029835e-02
-2.671451253222529854e-01,3.763522605710776792e-01,1.356667466107954523e+00
8.491386166007653946e-01,-7.566352798813676950e-01,8.773853138619591707e-01
1.375036628457788845e+00,-4.196183065414699209e-01,-7.974390774404982452e-02
7.765115202757601198e-02,1.269793720889637934e+00,6.816352282508079119e-01
-6.220131202876139076e-01,4.574451908128326361e-01,-1.223432126246805529e+00
-9.979690976413986281e-01,9.298816342768480014e-01,-4.922123317466454706e-01
-4.314626153345184068e-01,1.367773248866120950e+00,2.364880541075325415e-01
-1.247774231794630984e+00,-4.144775943932728635e-01,-6.278501640759411861e-01
-9.654241942923195152e-01,9.986090078033612594e-01,-4.513810707815056888e-01
-1.887917412318991517e-01,-8.591574398305795723e-01,-1.170187407790264533e+00
-1.124535173118972109e+00,-1.340374750949533122e-01,-9.331419590212747250e-01
-3.340111584198157679e-02,-4.912265511027310433e-02,-1.469687363118649781e+00
-1.594937070367400400e-01,-1.399144449568973991e+00,-4.367150679722313078e-01
7.917140756644523991e-01,-1.190027469128744020e+00,3.756122088841618578e-01
-1.068466231820262013e+00,8.206406812711193322e-01,6.158988419535880166e-01
-5.893232601893761968e-01,1.328283662103417528e+00,3.052029220732850878e-01
-1.006979841832977618e+00,3.205816113692578351e-01,1.048063513382705869e+00
-9.363953716185572373e-01,5.854342464353601283e-01,1.003056768999972315e+00
5.727165723961150645e-01,5.437708334949263866e-01,-1.269850541495199270e+00
-1.273515803399208890e+00,7.871900486930030194e-01,7.255674952923921173e-02
-4.972619301826547988e-01,2.794612326073741410e-02,-1.417509611736722297e+00
3.656579409379240864e-01,2.279323110275300879e-01,-1.443045029937650492e+00
9.212943598129704759e-01,-9.532790722622183077e-01,7.219507054868470330e-01
-1.279600868999854812e+00,7.914653208217957703e-01,-1.602690724633263897e-01
-2.705490927925378597e-01,-3.632120451856762910e-01,-1.447464205176874019e+00
-3.272427820556628730e-01,-4.503159231389998185e-01,1.414650695320543772e+00
-9.380313852986783552e-01,6.644974763318215460e-01,1.000265754157162679e+00
-4.111233469280628494e-01,5.622443676546324404e-02,1.469944402792834337e+00
-7.631324172568310082e-01,1.188967424528312389e+00,-5.898141689842985036e-01
-6.390458239614207336e-01,-1.295675866949435484e+00,-5.174569856559949610e-01
-1.707254575374609062e-01,-1.364800153841004393e+00,-6.885922728342960264e-01
1.356802562275114324e-02,-6.131723892422983324e-01,1.414544883359053484e+00
-1.469673025207519190e+00,1.031041474482598599e-02,-4.777232643260955758e-01
4.280864115450571661e-01,1.438482119666641523e+00,-3.833877717895480819e-01
-5.965961426865687978e-01,1.417230144166902628e+00,-2.150922038825269500e-01
-6.326398799378665228e-01,1.264149927343281021e+00,6.509457268825451504e-01
1.614268094172093548e-01,1.569962147842240141e-01,1.543595105345425544e+00
-6.647355385882504075e-01,-7.109487851401282699e-01,1.223712635932212356e+00
-7.476440490790797755e-01,-1.373781818757749740e+00,9.998109332781895953e-02
1.474603618490311074e+00,-4.754134245114539636e-01,2.593633230947739454e-01
9.877970897175226972e-02,1.297579723986316491e+00,-8.864648994096869794e-01
9.346541826689487575e-02,-1.371928664350523741e+00,7.745727805275283151e-01
5.458342323415807940e-01,1.445081465694849632e+00,3.410823819604597018e-01
-1.484724057701796829e+00,1.882128242076534785e-01,-5.238300937473094887e-01
-2.039619991805537158e-02,1.570905078971690294e+00,-2.404438826671527751e-01
-1.543177784801053887e-01,1.533217705875127290e+00,-4.039749119894806006e-01
-1.169693540848450564e+00,-1.069236186124850718e+00,1.953493804840953085e-01
5.028065805766511742e-01,-9.106358881626914759e-01,-1.216319234120765369e+00
5.397990065240022561e-01,-1.499144765928415834e+00,-1.860948285688376613e-01
1.314900063575380029e+00,-6.622421022579839667e-01,6.464655038582277635e-01
-2.392814369138120817e-02,1.230986974050911398e+00,1.039994632775732564e+00
-4.714449704078876313e-01,-1.418290296701065545e+00,6.130085197671705233e-01
-1.467306476502736823e+00,-4.335956256906178252e-01,5.298506516197568628e-01
-1.230117527851194659e+00,-5.433001986524897686e-02,-1.057257604297011877e+00
-9.844120066528742885e-02,-7.067956491959699328e-01,1.461825803217673858e+00
-1.079190462184524746e+00,5.666446263097357772e-01,1.082935794405714747e+00
-6.689691656365549799e-02,-1.122140273421331491e+00,-1.186241460182449359e+00
4.038977654981538157e-01,5.766716254001676978e-01,1.479042278721789172e+00
-1.391952864171974724e+00,6.562026571391912366e-01,5.723409548844419215e-01
1.268329989289401105e+00,1.001697378458693777e+00,3.101001844260459217e-01
-7.005954281039755704e-01,1.374850050427270043e+00,-5.828711529810490788e-01
-1.219116588908535359e+00,1.009229675013795013e+00,-4.781352348588747136e-01
-6.849643476783644491e-01,-8.144265191467990883e-01,-1.270278438034255775e+00
1.038409425393224561e+00,-1.286304272880252508e+00,1.610142736250967377e-01
-6.387541821512805473e-01,-9.372093687136058282e-01,-1.218691172865655314e+00
-1.404578517030677487e+00,8.989586595626994914e-01,5.865952957743819640e-02
1.177358612056606663e-02,1.542250229209556345e+00,6.470085622534014203e-01
-1.173544021105426660e+00,-7.697918811869112199e-01,-9.167604548925667451e-01
1.374992346838541213e+00,9.367614661597757353e-01,2.347418456888107630e-01
-1.206424818582798375e+00,1.137341215904280833e+00,-2.954208868004685740e-01
8.404640861812858743e-01,-1.462474614188980393e+00,6.459208106041100517e-02
3.199148686662608987e-01,1.590156025175864407e+00,4.812505902673435698e-01
-6.563042661117644005e-01,6.855968747138075914e-01,1.405340069158384386e+00
-4.711211727471316113e-01,9.288152538251160939e-01,-1.343271009815322214e+00
-7.802610101683339350e-01,1.142256454653015618e+00,-9.943840406539022903e-01
-5.755778233230547380e-01,1.381941145048085628e+00,8.213941379707009327e-01
-1.681502732089907859e+00,2.414199793074440492e-01,2.084312039106841763e-01
-1.175068420161605953e+00,1.139858507050045766e+00,5.124559179212127003e-01
-5.399400349843772595e-01,-8.554571352538573592e-01,1.390282179555251130e+00
-1.349760764477142772e+00,1.024581693667336202e+00,-3.133916473382168943e-01
-5.647185805390135815e-01,1.632335047917421678e+00,8.828302514142061935e-03
-1.623776440912292340e-01,-1.140260495978970612e+00,1.292542568506797052e+00
9.813778176870651127e-01,6.151712698787620281e-01,1.292079881927292728e+00
-4.241363393433666279e-02,1.474880018209250743e+00,9.207487156229080538e-01
-1.106056499177034746e+00,-1.221110171684486101e+00,5.694514291958912011e-01
-1.331952443947277187e+00,6.734593884365620564e-01,-9.083266313920831392e-01
-2.817609918256181456e-01,-1.721266686132177037e+00,1.567438215772308241e-01
-7.654615211093797333e-02,-1.143055522956353487e+00,-1.329795190994923937e+00
4.763557697577194133e-02,1.257780531619443032e+00,1.229081836876913414e+00
-4.813485461751609851e-02,3.181554437908031829e-01,1.733659511803969933e+00
2.231886675921700147e-01,8.147960357096210027e-01,1.552308257921923396e+00
-3.732355155376564926e-01,8.007385604708243676e-01,-1.535314632890123931e+00
-1.179563144283342080e+00,2.332903977916318816e-01,1.306237245888675735e+00
1.382783088573681152e+00,-1.009855960335214631e+00,4.843375275103212751e-01
1.521713972454540098e+00,-7.314170062135796346e-01,-5.747946181587050285e-01
-1.098213916615597530e+00,1.359483246935654366e+00,-3.758423353631347164e-01
-1.240719665152452578e+00,6.743228558619845936e-01,-1.102743499449389430e+00
-1.402104649890690391e+00,-4.198252199472355395e-01,-1.040511544887707585e+00
-1.648367840385547511e+00,-4.132969336634683133e-01,-5.929760688943978009e-01
5.664419913261306005e-01,1.621154454199264627e+00,5.525862089093425134e-01
-8.515321807011734245e-01,1.079484127764202828e-01,1.591367394820316639e+00
-1.459392297816537676e+00,-3.200864533801360268e-01,-1.025598060911005582e+00
8.000233819795996570e-01,-1.145189877270639922e+00,-1.160870492852792868e+00
1.439322763097400093e-01,2.429611199682409073e-01,-1.798448959316798268e+00
-7.102627484451657924e-01,-2.704528044408215370e-01,-1.658812238822522600e+00
6.420043459400178731e-01,-1.626873719701051435e+00,-5.343801317374345938e-01
-6.732815669741478715e-01,1.691824373951645588e-01,1.696395120483057628e+00
-7.967668307344420997e-01,1.477820321779519830e+00,7.457868155782771957e-01
-8.335170451161793004e-01,-1.031135287395050365e-01,-1.638587890327688701e+00
-1.731752423350216841e+00,-5.663746441103961748e-01,2.933188431117361161e-01
-9.758746199768719709e-01,-1.567490706831359937e+00,1.091698838294114793e-01
-3.749018771393597960e-01,1.239391048147544944e-01,1.811331743728160859e+00
1.314021505915347499e+00,4.146306176592819970e-01,1.246550242929697738e+00
-1.607066108257128478e+00,-1.871853390603554768e-01,9.221971526156297339e-01
-9.225527689233428696e-02,-1.248650999614760032e-01,1.860053619185781271e+00
-7.578656742277796177e-01,-5.146823079753667374e-01,-1.631092791069464809e+00
-4.499197303420944261e-01,-3.939511330543677553e-02,1.819788023003131139e+00
-1.033394103966348121e+00,1.273335537327213274e+00,9.177548477950995265e-01
-1.383616670116873060e+00,-1.107170368766244417e+00,6.382464567142406286e-01
-8.038681474649866932e-01,1.688300586547952564e+00,2.590424296167423979e-01
-1.779878622552553136e+00,-3.579856518426311474e-01,5.326324206414168039e-01
-1.194621010539608230e+00,-1.470759129867933224e+00,7.607664593538336628e-02
-4.611672323115114658e-01,6.429382175759700280e-01,-1.728086457977472623e+00
-9.392736971090388520e-01,5.310160357640798523e-01,-1.569863218795498172e+00
-1.364731995514157248e+00,1.299489610774911208e+00,3.064983252513409084e-01
-9.876584605041519582e-01,2.455129736355984305e-01,1.620448941165048229e+00
5.187440065986929083e-01,-1.657333934303180767e+00,-8.138249007619540176e-01
1.116859304176792467e+00,-1.437552983505844706e+00,-6.171379859701413562e-01
-5.435660919404328162e-01,9.673041910825357359e-01,1.574912966174384810e+00
-1.125250434707447011e+00,1.489668038062553324e+00,4.929120552927575005e-01
5.632791141913705557e-01,1.467492464793014539e+00,1.128841616261857306e+00
-1.198018584100251749e+00,7.462912707131874601e-01,1.330342442358438459e+00
-1.240152553270027269e+00,-1.322326327768673204e+00,-7.017582453076030014e-01
-1.247130738888229562e+00,7.300551821887685255e-01,-1.306799395216166948e+00
-8.876367759791010670e-01,-1.668879741733672317e-01,1.731303276223784993e+00
-1.223545188701270936e+00,-2.340392369135440853e-01,1.509475766623677551e+00
5.680028484591925775e-01,-3.620016090619580518e-01,1.842266548570053342e+00
-6.493070580648060419e-01,-1.590544919505806343e+00,-9.557832373396695225e-01
-3.036866278171035383e-01,1.694032939726638265e+00,-9.593692166741653038e-01
-1.720405667320064724e+00,-3.463910095829291214e-01,9.055719443369918409e-01
-1.017439624429093081e+00,1.290849062988248086e+00,1.102688254170377746e+00
1.016914258926638004e+00,1.261310478837876392e+00,1.144553819509100290e+00
-1.236698762464368828e+00,-1.066709999144798582e+00,1.133766953124230703e+00
7.453570788284408222e-01,1.723506724566119308e+00,6.666797436083592432e-01
-1.695159323107112481e+00,1.001170663442732867e+00,-3.353109328831773150e-01
-6.549932788687518048e-01,5.269473918194785833e-01,-1.816472520385150169e+00
1.863664078902736332e+00,4.107415791268597127e-01,6.183082210294058578e-01
-5.111894813372080959e-01,3.565826336654198681e-01,-1.911507710463963727e+00
-1.769530919147777048e+00,7.492616741253000923e-01,6.064981171024104167e-01
-4.506589410580236904e-02,-3.116277299615967111e-01,1.994881037138047208e+00
-1.129886214398377220e+00,-3.236393515392657072e-01,-1.647908948951175567e+00
-7.501315620420488939e-01,-8.378044551967412934e-01,-1.688415684261221017e+00
-1.982876923776693223e+00,-2.849348153497298086e-01,3.475926712511793748e-01
7.974643617839517751e-02,-1.433341892644098836e+00,1.446203894231826048e+00
-1.404250389713300962e+00,8.578525815261972554e-01,-1.209589005632469849e+00
-1.095164196065039480e-01,2.037074377445740936e+00,-1.671785463744162870e-01
-7.699615179687689936e-01,-1.845674087084886006e+00,-4.571839461487864908e-01
2.618221259373638629e-02,-1.872787725432953465e+00,8.480479477252885756e-01
-1.124021256866062135e+00,-4.505169798158752403e-01,-1.667251452249020494e+00
-1.402665244420358892e+00,-7.755363011112540450e-01,-1.302375064153531881e+00
-5.684069635711429536e-01,-1.188520376349847391e-01,1.986696754226699113e+00
-1.927465465457738336e-01,1.256895079848978192e+00,-1.639020410950850160e+00
-3.756031846903687965e-01,1.119867497470536932e+00,-1.710956127692837336e+00
-1.891407471724881217e+00,7.467461963283962278e-01,4.547601542039798606e-01
-1.925328273095329390e+00,-4.856487349179919311e-01,-6.469175294658071618e-01
-1.364705345776429990e+00,-7.534160890386499831e-01,-1.396659146322344558e+00
-1.307330903812501166e+00,-8.190897330386975872e-02,1.638425460697719993e+00
7.614010497615552042e-01,3.374092903575766633e-01,-1.930366126193977738e+00
-1.439673808473194372e+00,-1.335435774734705427e+00,7.639048597905161442e-01
-1.382839652843862011e+00,-4.868955394446576601e-02,-1.595235229697416379e+00
-8.257094717626904945e-01,1.557900066868632027e+00,-1.170647837116187917e+00
-7.787512061270509545e-01,1.652983044322504202e+00,-1.077225333161775600e+00
-1.749638931044708690e+00,1.187978832770647086e+00,-2.161687666089003312e-01
1.921660686190858058e+00,8.691957661841156479e-01,3.018261889389237118e-01
-6.413023637074367622e-01,-5.676952016938058287e-01,-1.956026032447163887e+00
-1.658518282982997638e+00,-1.317166372629838156e+00,-3.070212735869760623e-01
-1.908528308105077897e+00,-9.766491710299194384e-01,6.260951348225142488e-02
-2.415830695932500716e-01,2.077790901438087978e+00,4.950982794962947575e-01
-1.400639006663189301e+00,-1.069965712374046474e+00,1.238799350818062361e+00
-1.858324630425223445e+00,9.902797647501568878e-01,-4.773267994536176673e-01
-5.203014403043534353e-01,1.456186479309889092e+00,1.513731510144361136e+00
-7.449512596564384914e-01,-1.850237708130867409e+00,-8.514926660652916146e-01
5.685896234250251702e-01,-2.075339161659035980e+00,3.064747055844015966e-01
-1.321978161601495616e+00,1.727672452484259047e+00,1.128859048905197227e-01
-1.833810289664211224e+00,-4.473112842837576042e-01,1.096963373907169581e+00
9.148709440266894477e-02,-1.587904121851755113e+00,-1.502533968828547728e+00
1.023925076553373614e+00,-1.892803551619984592e+00,-4.213296027582921766e-01
7.647549426117632443e-01,-2.058181502915375827e+00,9.487691391860041124e-02
-6.218735928557365122e-01,-1.968013750550495100e+00,-7.691308481107197448e-01
6.171545470687835044e-02,2.180548377203572308e+00,3.380232324791378473e-01
-1.690813723583050932e+00,-1.318750616738056491e+00,-5.445059407635413073e-01
-1.845295349272126073e-02,5.056538930265516152e-01,2.158722959073311909e+00
1.658968355093375813e+00,-1.062783497804067112e+00,-1.027709102795263396e+00
-1.659685009710695880e+00,1.959443182852990337e-02,1.484850753825222025e+00
-1.564810772572295949e+00,9.905997521231536540e-01,1.245688067098370544e+00
-4.499783834129927884e-01,-8.919080645029904275e-01,-2.001426638393397628e+00
-1.054567882743288498e+00,-1.041566941158708293e+00,-1.681913957019084194e+00
5.503140640126760186e-01,-2.137788980606255329e+00,4.183706859073090256e-01
-2.567543790378679081e-01,-2.058947463681006229e-01,-2.227556741175846344e+00
1.120736302027075748e+00,1.795844149686424362e+00,7.820571882974667322e-01
-1.571389113185710729e+00,7.483551876793751445e-01,1.444267122223247268e+00
-1.541331807338543358e+00,-4.181373584732117066e-01,-1.608491218298643055e+00
-1.422556458419924397e+00,-1.738531973902515126e+00,3.380814862738503734e-01
-1.965570003831872636e+00,-9.080262093662023748e-01,7.037389360204232558e-01
6.124973993080566892e-01,2.188917841774953743e+00,-1.989245003468911588e-01
-1.772263305667570954e+00,-1.061407398082115039e+00,-9.805795986000620523e-01
-1.790387456951161527e+00,4.556909377988063725e-01,-1.356077467645068646e+00
2.292942111977132047e-01,-1.478454812891329739e+00,1.742649210603696819e+00
-2.158796083549061162e+00,-6.469459495464874310e-01,4.685397467923717030e-01
2.009006958543352095e+00,-6.638552774254681266e-01,-9.192334951222225214e-01
6.730176543458925575e-01,-1.863985265989864137e+00,-1.190730466478781002e+00
-9.870216381460024113e-01,2.048218384025438432e+00,-4.464849535973889894e-01
-2.125058140168679000e+00,-8.631057284170706723e-01,-3.627098041069946044e-01
1.187327368315146958e-01,2.015715242450686784e+00,1.157106997826603090e+00
-1.838997520535426977e+00,6.985038838658175209e-01,1.253036288519522534e+00
9.220835057400881274e-01,-2.145375569306188002e+00,-1.046925436420207689e-01
-3.875487686114596486e-01,-2.304435390941077522e+00,1.650210941915646323e-01
-1.991226791357926462e+00,3.574735034034198233e-01,1.191297318444055842e+00
3.855044620162406677e-01,-2.206149489837972766e+00,-7.214310640451897516e-01
-2.159763612705862257e-01,-2.218411413280167999e+00,-7.697322934653345605e-01
-1.908595833839199285e+00,-6.403796885483080681e-01,1.237767802110693038e+00
-2.331357393076210371e+00,3.602677138665075218e-01,-2.106751182806887168e-01
-1.568238291590881461e+00,4.920096935679117989e-01,1.712475002761022491e+00
-1.057974484943418281e+00,-2.501669638958863712e-02,2.130444105246404707e+00
-6.767584123332267554e-01,6.477843823795544909e-01,2.192239767739694756e+00
-1.606800244112883469e+00,-1.049120197274291622e+00,-1.423375278674261057e+00
-5.621950808011179079e-01,1.066205472151640521e+00,-2.068965402969015432e+00
-7.459338969513996664e-01,-1.993385670569137180e-01,2.272100902089245533e+00
-2.152316262810580305e+00,2.493010078632473536e-01,1.043648885366950996e+00
-1.528597762198799614e+00,6.407068960704005445e-01,1.749865647614013531e+00
-1.234517578730563336e+00,1.798973439646748274e+00,-1.036454518493606702e+00
1.354394113429491009e+00,-1.097371346792556324e+00,1.679733562257121005e+00
5.365725128552752965e-01,-1.969701295473786029e+00,1.310770243895627685e+00
-1.600526806477409192e+00,-1.883945273789425501e-01,-1.820526898273500116e+00
-2.167317303840784248e+00,-1.043309099517475858e+00,3.893442049218557854e-01
-1.899259180696880378e+00,1.534733553373333059e+00,2.666161042533167491e-02
-5.317905861472636136e-02,-1.327036427610271740e+00,-2.055605089608874447e+00
-2.179854991458801461e+00,-9.923387470203025584e-01,-5.282342117145242266e-01
-5.266352268835401418e-01,5.301691945703107534e-01,-2.341663487667230648e+00
-4.158313153625771696e-01,1.248930373579326680e+00,2.082175152906492688e+00
-1.705404931923910405e+00,-7.785506382099988132e-01,-1.606281810528963128e+00
4.807477331764701822e-01,-1.840581619313462314e+00,1.581907059146961503e+00
-2.345549543016165916e+00,-5.625671821913557080e-01,-5.743814986497027819e-01
-2.341445947724229093e+00,-6.471701126694923145e-02,8.296144318368193771e-01
1.921658549980281183e+00,-1.579762633191017507e+00,-1.154322927814209476e-01
-1.038122069925547342e+00,-1.738686547305184460e+00,1.458786036523569418e+00
-6.522496642695443381e-01,2.156405411777273962e+00,1.086471631476991773e+00
-1.467280218066920217e+00,-1.755413032360944925e+00,-1.024113731679354489e+00
-9.010226925778948015e-01,2.337294764902778432e+00,-1.891518759219326384e-01
5.074914764610023443e-01,-5.681667589381779182e-01,2.399518723550022603e+00
-2.070427385271549348e+00,5.495149041341341745e-01,1.333045898164326282e+00
-2.106633955578835593e+00,-2.597537638567784524e-01,1.374037174365305702e+00
-2.340832160206093970e+00,-8.567818732674454818e-01,-4.556412290400145837e-01
1.029135132579057921e-01,2.481103621835750062e+00,5.316476281982143171e-01
-6.044836464105668439e-01,-2.088581175515574984e+00,1.322722267911132343e+00
4.771612769237148499e-01,1.866182489197804717e+00,-1.671828667286617165e+00
-1.290145788529105664e+00,1.896824653678225392e+00,1.127471189820092867e+00
-1.838656459115319164e+00,-1.427891267255974705e+00,1.068866614150465244e+00
-1.353090787095223124e+00,7.716420639716438101e-01,2.040645101600664368e+00
-2.510541075334146832e+00,4.111565555463688737e-01,-3.837714149752716741e-01
1.216098453329242046e+00,-2.139212968849698804e+00,-7.699118023467488303e-01
-2.437620144967865610e+00,1.971427764818113326e-01,-8.342043816041265769e-01
8.092263665759380498e-01,-1.885958838936270254e+00,-1.579255025469525231e+00
1.346275165946037911e+00,1.615373085396684782e+00,1.520837282940123991e+00
2.295569624465167990e-01,-6.693505511575443823e-01,-2.502663355552803282e+00
-2.414900408314308411e+00,-7.927107130190760298e-01,5.772804981854942064e-01
8.153817141776617539e-02,-1.970058772789190504e+00,1.713202652408253313e+00
-2.359229797555239205e+00,-1.132890966059638460e+00,-5.488811697469229284e-02
-8.068875886970278133e-01,1.262564621801617326e+00,2.153364820481328046e+00
-1.226100431657676681e+00,-1.340161027864769316e+00,1.900679231585380213e+00
2.035232762312268184e-01,-2.560270967454397972e+00,5.877637098396248927e-01
-1.874964940688315762e+00,1.159495522180918892e+00,-1.453276982456637390e+00
-2.585438781695521993e+00,2.990510801137648556e-01,-4.776994591231655263e-01
-2.023224121990399471e+00,-7.788558823005080622e-01,1.527212292520712555e+00
-1.514961010552071663e+00,-8.926498155241008314e-02,2.181693352996901147e+00
-1.099836535540444360e-01,-1.147001455130289393e+00,-2.401188777685856479e+00
2.056385896710903438e+00,-7.683358730812246407e-01,-1.518233562147339510e+00
-6.301802254173315410e-01,-2.070193428698020810e+00,-1.572282744624515560e+00
