-0.000000000000000000e+00,-0.000000000000000000e+00,0.000000000000000000e+00
-1.553909949420239278e-03,-1.771313163652110147e-03,-3.812001288757512884e-03
-5.308840019965831505e-03,-2.954208083976795837e-03,-1.877503375727465184e-03
1.526709045533681218e-03,7.374274539547122365e-03,-2.062903073918243100e-03
7.674145594040141134e-03,-3.184565808736893738e-03,-3.550700810809334553e-03
-7.244081431729798917e-03,7.067365392210307566e-03,1.351443534451561102e-04
4.782963904095443360e-04,1.105843175541252298e-02,-9.162028472710855064e-04
-4.942492886725202532e-03,-2.760142275785608043e-03,-1.059854142159035069e-02
2.136872681417277802e-03,-1.261120267425274409e-02,-1.372017714306700492e-03
-1.258700959757215986e-02,-5.312352153503074187e-03,-2.088672468661563464e-04
-3.305970562120758884e-03,9.254068750888442413e-03,1.055570266849909129e-02
-1.469296772933507966e-02,-2.140763828558541176e-03,-2.983078722611093477e-03
-1.486174753208877562e-02,-4.733806807911028133e-03,2.745515944456678251e-03
8.329312815536853501e-03,4.729594076238525201e-03,1.343877885784698634e-02
-2.819016166679731792e-03,-1.691016885161194042e-02,2.205549380772433557e-04
-4.927181494016330543e-03,1.482341176692155782e-03,-1.700433183776766180e-02
-1.571704248048186314e-02,8.196445165309635891e-03,-4.812016509484424824e-03
1.172675627838844388e-02,-1.461576475697904873e-02,2.834210075867921088e-03
-2.447843689771364052e-03,-3.105546053884664787e-03,-1.911559259114326004e-02
-7.628643642244168493e-03,-1.261248364926902642e-02,1.362741989039134398e-02
-1.468347786641821182e-02,-6.082861094608702120e-03,1.312892578648983816e-02
-5.558071436560410583e-03,-2.032871355559158141e-02,-1.697879637901833797e-03
6.984464012507767515e-03,-1.529572970829714933e-02,1.365303831273393526e-02
-9.483117884716063539e-03,-1.706177896049993273e-02,-1.050179488838584412e-02
-7.009272810782640230e-03,-1.243254313955651294e-02,1.760267802728521583e-02
-2.027660015702253005e-03,-3.152912592927406294e-03,2.284264292887787373e-02
-2.100242751958059789e-02,-4.309877551341455282e-03,9.924854689337158850e-03
-1.584830433570346558e-02,1.242245991910877895e-02,1.323209341316107686e-02
3.652661528437813228e-03,1.357154720028028172e-02,2.013687114788653351e-02
3.235857333234245722e-03,-2.445672557562956345e-02,4.113411217668615748e-03
-8.591008329686641073e-04,2.433378162274949311e-02,-7.429838417689975730e-03
-1.053359210075723376e-02,9.626713243577408744e-04,2.363878448142998565e-02
-1.156471495464808479e-02,-2.356423159665332195e-02,2.076502099280449348e-03
-1.501410278836941628e-02,2.085842071639417913e-02,-7.451945227167649025e-03
3.018066889016905469e-03,-3.781468318309974368e-03,2.674640437081383590e-02
9.205475588758824101e-03,2.555607188982713177e-02,4.870582141263865225e-03
-9.946569042564808172e-03,-1.674192109208794826e-02,2.012946680763258098e-02
-1.583720775682335687e-03,-2.768988793738359766e-03,2.823363975995997824e-02
-2.401242219747167558e-03,-5.521325642008835521e-03,2.817802969464833565e-02
-2.616071160045324931e-02,1.719743495255323436e-03,1.288008255743136772e-02
5.129946292939779016e-03,-2.861351962057965409e-02,5.587208647693815873e-03
-9.525566038211639650e-03,-2.662703963700635210e-02,-9.980284628961213697e-03
5.048550749881112673e-03,9.757551799103330106e-03,-2.831542739129723485e-02
-1.543612910634790860e-03,-1.520455622097484014e-02,-2.668450813088958998e-02
-2.185274180412314846e-02,-2.202114486289594164e-02,2.521538932131026263e-03
-2.034316519856330455e-02,-1.474017630938762383e-02,1.899906414152191178e-02
-2.035375587251143925e-02,2.386134880865343338e-02,-5.633385224428876827e-03
1.845444863011839673e-02,2.470010150202291838e-02,-9.383397550417310606e-03
-1.075763652354666707e-02,1.660003818948459220e-02,-2.589979749537131212e-02
-1.650916534377734959e-02,2.521985124929032596e-02,1.330087661473836579e-02
-2.771988706529791152e-02,-8.176696248111004622e-03,1.654439562331922256e-02
-3.312857177009393556e-02,4.615160941570061598e-03,-3.696932624001093414e-03
1.187766696637330283e-02,-2.963143989514022483e-02,-1.170086803514524404e-02
-1.606311962988718825e-02,5.966748540612410757e-03,-2.976522625682331835e-02
2.318777971134733384e-02,2.510633534203456432e-02,5.934322587709295847e-03
-2.074004702499906636e-02,2.259239281290388243e-02,1.692082973627439743e-02
3.219069350093064358e-02,-8.621001941490085210e-03,-1.183300980916160428e-02
-3.035210431088283464e-02,1.875782775061990079e-02,1.103579201120583227e-03
-2.640582197502418585e-02,-1.773636349534447182e-02,1.691918441684166219e-02
-1.451772453912478222e-02,1.673799195140872331e-02,2.882706020737210023e-02
-3.478508117734973454e-02,3.296319251506768782e-03,-1.117651223347457083e-02
2.143019685968436741e-02,2.810580546507750535e-02,-1.097670873514860861e-02
-1.797486741488489581e-02,-1.760586661168706338e-02,-2.757805875966041695e-02
-1.730970004235185544e-02,-3.341770528238505178e-02,-1.102128296117163521e-03
-1.949269512343668534e-02,1.533778942463861518e-02,-2.874682019187452947e-02
-3.625341857542672269e-02,-1.197650499883622793e-02,2.809297985615485157e-03
-1.059350047427509711e-02,7.404054589854817958e-03,3.636867088563414813e-02
-2.668302142800649257e-02,-1.040773324499820462e-02,2.633512025054089364e-02
-6.793881949878862077e-03,3.472518932812849058e-03,-3.846797043360796614e-02
1.758717734172418612e-02,2.698958598263215963e-02,2.290080080343457128e-02
-1.486266945797896054e-02,2.849851637079832758e-02,-2.352357225094056647e-02
-3.582704778270190404e-02,1.162920567634755618e-02,-1.385181129965525060e-02
-3.027555283606390632e-02,-2.662566836476705848e-02,3.074835137268919476e-03
-1.024448655819004857e-02,-7.207546198091914838e-03,3.876117849543620625e-02
2.224019914452426278e-02,2.242485564884014529e-02,2.619539931061354993e-02
-3.435194197814173817e-02,2.491817726464511280e-03,2.284387175023395306e-02
1.273153568532791290e-02,2.798217487333998915e-02,-2.806165041120240247e-02
-4.019409046934770829e-02,9.122308854797816710e-03,-7.631961898164453008e-03
-1.592036238231503767e-02,7.028055224473046120e-03,-3.845372803623843538e-02
-2.622827441373286675e-02,-7.318927269837629916e-03,-3.262818910227458652e-02
-3.083362037011971174e-02,2.086611902220927503e-02,2.108464843473874945e-02
-2.139520138516885078e-02,2.434313065625407640e-02,-2.837151126638471840e-02
-3.933986189300607561e-02,-5.909254748564656511e-03,-1.724503820013412181e-02
-3.330470657462959033e-02,-2.746011286534282003e-02,6.430999196224978717e-03
1.142999250887859024e-02,2.331793703148481514e-02,-3.542549894221218992e-02
1.772248418214191011e-04,6.588262332757677427e-03,4.371099943262783671e-02
-3.339807801276364896e-02,2.919318998466782777e-02,3.346491270770978171e-03
-1.595175561973418213e-02,2.231986909121838961e-02,-3.537027164922266348e-02
3.563729161245349220e-02,-2.726286633171159240e-02,3.906663121647155346e-03
1.816522755631972200e-02,-1.850663428987372322e-02,-3.716121554373949532e-02
-3.310093033450319661e-02,6.053095021989459389e-03,-3.075764870363491277e-02
-6.421560110892243940e-03,1.346057491506980411e-02,-4.336901550413736067e-02
-4.387868032814863303e-03,-2.090397711001587555e-02,-4.089068330549254504e-02
-2.098684484215683835e-02,4.136735442785176298e-02,-1.259953595387847602e-03
-4.390252587334870366e-02,5.191261384584539744e-04,-1.583161331341920511e-02
-3.962256783338584387e-02,-1.860172335029583110e-02,-1.695433957629876448e-02
-2.944369082576670654e-02,-5.332350283073439279e-03,-3.651258869988025652e-02
-3.973244107611265119e-02,1.393809071467293388e-02,-2.192580661797610686e-02
-4.567744145768870556e-02,3.815687660164871018e-03,1.333667286606213948e-02
4.407252162994487743e-02,-1.669425602529596431e-02,-9.109221573435346761e-03
2.961465508654185369e-02,2.974531457755141481e-02,-2.382208037429404957e-02
1.292528885545258903e-03,1.270903170712442930e-02,4.681222720150896716e-02
-1.346052109321502731e-02,-2.253159765567501124e-02,-4.112200092772831661e-02
-4.476100404887888191e-03,-4.537950828197896691e-02,-1.805206291324934140e-02
3.597873086352620930e-02,2.827008788450443774e-02,-1.835513047896959737e-02
-2.449222368676394566e-03,4.085838504060187309e-02,-2.793865334424505339e-02
-3.364170520416914084e-02,-1.357595815559019432e-02,-3.413695550398982564e-02
-2.645499038655957282e-03,-4.461421825393937363e-02,2.257064577129042765e-02
-2.040467498577147251e-02,4.427708993285732475e-02,-1.247156045114150395e-02
-1.863975648491650317e-02,-3.336034928601728372e-02,-3.312880996646234283e-02
-4.664537208672302204e-02,1.260526912022952046e-03,-2.015050621824265170e-02
-3.734409890510705793e-02,-3.268215548473837884e-02,-1.209543101731000089e-02
-1.068482210274326362e-02,-1.831366792749817771e-02,-4.674463391987177668e-02
-5.019359692766835190e-02,-6.587803733592996827e-03,-9.872324713739066143e-03
-1.774396009408074279e-02,-4.076747423642797935e-02,2.662887155576395756e-02
-3.717486285581533823e-02,-1.957701134238936866e-02,3.076369846086714904e-02
1.219305629922627816e-02,-3.730145074034464658e-02,-3.460200987001835898e-02
-3.081667052956845246e-02,-3.418605261916506793e-02,2.539247070894098957e-02
-3.757613678567037901e-02,-1.296342111032946186e-02,-3.476935075637704875e-02
-1.286427651705430823e-02,4.189998374970250322e-02,-2.989395960081221715e-02
-1.372750600795196244e-02,1.923913976531343301e-02,4.777039515937067660e-02
-1.521022274502223035e-02,-2.318010998792567612e-02,-4.580189336663631483e-02
2.201690671114883008e-02,2.787831072259949750e-02,4.037882050681999846e-02
-1.314976851274036670e-02,-4.733838429574866585e-02,2.246098758017043423e-02
-5.908334034417512572e-03,-4.579976469466578927e-04,-5.393688312748343150e-02
-3.837253252115151864e-02,3.551301474247987866e-02,1.538440652374897452e-02
2.184700742989438126e-03,-4.704062204686054044e-02,2.790594896324405730e-02
-1.439518051860333957e-02,1.104446305313557322e-02,5.189597121985414785e-02
-2.738804416227718155e-02,1.521083551801076170e-02,-4.546434180363235350e-02
9.408240260271746001e-04,-3.687153005097251746e-02,4.140292853641781151e-02
-4.191280567070617552e-02,-3.471391623480522826e-02,1.178999227003141477e-02
4.516552642802026951e-02,-1.670064562294082747e-02,2.842676373918376354e-02
-2.286074751877301137e-02,1.077094471487717369e-03,-5.127715476674347961e-02
-4.894023783090601515e-02,-2.777659303314921474e-02,3.559000681527633037e-03
-4.204280374642862389e-02,-2.591603312896775466e-02,-2.768347970221870374e-02
1.126110289387263590e-02,3.759049215555183843e-02,-4.113447515559960632e-02
3.235129558667254168e-03,-5.457013748332434355e-02,1.642722734466392151e-02
2.320510231369911358e-02,-2.363452317175985737e-02,-4.677070484811170215e-02
3.219580332934587896e-02,4.283356318213672742e-02,-2.096799532405069222e-02
-3.993672199313436089e-02,3.326831779394724686e-02,2.521152333338862878e-02
-4.949238792900962670e-03,5.756217332832825467e-02,5.086836651938453704e-03
-5.236810066209953568e-02,2.529583882682619536e-02,-2.817087709174915643e-03
-1.380138844601993403e-02,-6.993358916652480349e-03,-5.636786011748289027e-02
-4.770818610290443462e-02,2.193530930937945614e-02,2.619174229565512588e-02
-2.286218569652478591e-02,-4.987621317597629167e-02,2.143509583475237262e-02
-8.672929828278207534e-03,3.327384773388648853e-02,4.810386729710693782e-02
4.480065727809350029e-02,-3.857135222760998960e-02,5.301119480648600751e-03
-4.447026567624812188e-02,3.712314189047163232e-02,-1.392281656876475857e-02
5.031210471322868083e-02,2.883724201950621513e-02,-1.460606476258318256e-02
1.398340881831301209e-02,5.220876635357152296e-02,-2.610790650811987620e-02
-2.002337388051593850e-02,-4.244227284252125726e-02,3.778018020385971038e-02
-2.922730915228713422e-02,4.791388935819611283e-02,2.250300235164902352e-02
9.891040908170853005e-03,-5.866524959743809470e-02,1.198673192493586448e-02
3.396073141543456096e-03,-6.052202438564929787e-02,5.955668145895796212e-03
-4.764329577757443063e-02,-3.677582200878496549e-02,-1.069550669470252513e-02
-3.178937354843690971e-02,-5.242070050339534687e-02,-2.256361444413873020e-03
-4.572501940199395765e-02,1.158366865773356735e-02,-3.956641177557438521e-02
-1.080379002032364096e-02,-2.941551948952482801e-02,5.324815967793279647e-02
-6.174081815964184428e-02,-4.003442621838824642e-03,-4.041514461269575011e-03
-3.558298120450963109e-02,-2.462851498750752086e-02,-4.470496382084482995e-02
-2.346266317682105251e-02,5.552638727583471268e-02,-1.626506813507510099e-02
-4.898647283645197331e-02,2.896555613053111017e-02,2.620230546253793369e-02
-5.244012574848461172e-02,-2.482340559591925122e-02,-2.420965532274972284e-02
-5.603657527498338842e-02,-9.993900044923561404e-03,-2.719123811403506910e-02
-5.329450122325118250e-02,1.469047649701890439e-02,3.082719544725039465e-02
-3.293460943799728785e-02,5.147670719495612418e-02,-1.729182545832538137e-02
-4.982225451344646922e-02,1.412628781871553933e-02,3.713330267381517724e-02
-4.211080820748879655e-02,1.177682023555648438e-02,-4.664598543999100982e-02
-4.684739040062381454e-02,-9.868968003218240442e-03,-4.269642675861155118e-02
-2.967125694259747579e-02,2.191244571351854201e-02,-5.274224604092361823e-02
1.367756879842941045e-02,-3.081829755919356095e-02,5.506986932740233487e-02
2.102096114766002170e-03,-6.250476511137076363e-02,-1.689810691758473343e-02
-2.499109471629960486e-02,-4.615984785598949841e-02,3.832529070598213183e-02
-2.409458252805367351e-02,4.026319925785794979e-02,4.527438491237890245e-02
-4.029325575481264993e-02,-5.151288604983199348e-02,1.294564566471921672e-03
-9.732354087726245023e-03,6.068835348337753288e-02,2.298668459853656434e-02
-5.763293216728712642e-02,-2.885087773514254800e-02,-1.340385815244847338e-02
3.666967427708429234e-02,-2.422030251502834200e-02,-4.929237377357218591e-02
5.967442910894787435e-03,6.597509225693257151e-02,-4.046187630946850239e-04
-2.282569805427768495e-02,-6.238172256785283476e-02,1.866111894131065787e-03
3.383988407130668341e-02,-5.612091184968019675e-02,-1.219807272636858758e-02
6.370857692312370535e-02,-1.267931580516309942e-02,1.585808986120620587e-02
-7.296305018505168209e-03,2.547038345085613983e-02,-6.161668439228921990e-02
-5.036115359926951474e-02,-3.302684209510776091e-03,-4.448628774418087600e-02
1.548001232176289934e-03,5.878636246950021821e-02,-3.309936288341419619e-02
-5.471695618738579153e-02,-3.563903849586425032e-02,1.781451938054855882e-02
-6.626210169861314336e-02,5.198279936804798759e-03,-1.383562443238310104e-02
-2.790792487420162143e-02,-5.818442611960192995e-02,-2.173769872728323338e-02
-5.320219295375666624e-02,1.298236724576583290e-02,4.081069123420299344e-02
4.726556131232797359e-02,-3.437270186793944110e-02,-3.573174599313806710e-02
6.390215955780421953e-02,-1.941899297691230056e-02,-1.610781524499419609e-02
-2.930409707534572389e-02,-2.984340058918633423e-02,-5.475841475049200713e-02
7.360137533435876303e-03,6.695043219382207367e-02,1.546394043634699567e-02
-3.265437449706386913e-02,-2.856075639352050055e-02,-5.405079588345158836e-02
2.290014938683584966e-02,4.805913009620398774e-02,4.469105914197370882e-02
-4.104621127380772561e-02,1.051395877044402488e-02,-5.535298025267199745e-02
-4.363215474922827602e-02,-1.074088277196981120e-02,5.355446200166433940e-02
-2.710382257742210629e-02,-5.747305523466371240e-03,-6.440118835729910507e-02
-5.219011585211025955e-02,3.736352341779307362e-02,-2.869314530278699663e-02
-3.140848689381198905e-02,2.852996082744369000e-02,5.630885133269881299e-02
-1.391655242941858099e-02,5.426118867477458529e-02,-4.314182761453471543e-02
-6.978598601298789976e-04,-7.022336395617298499e-02,-9.767680402500034109e-03
5.058767599482312527e-02,4.461490903931757124e-02,-2.248752793922802889e-02
1.969538839062245743e-03,-7.056867441661555940e-02,9.978809176648430201e-03
-6.001145167377772149e-02,-1.203069696907135139e-02,3.695143093626741121e-02
-4.202039633799284357e-02,-1.565441704305328002e-02,-5.593655226132102087e-02
-6.026877263561173509e-02,3.669544510634364237e-02,-1.374659157588151680e-02
-2.162140842219460388e-02,-6.186699913679082757e-02,-3.001733058513372451e-02
-2.199676871514737869e-02,1.792624256560729212e-02,-6.647608584789374553e-02
-5.393133708948504718e-02,-5.843539966176018556e-03,4.806031480287820123e-02
-1.425115804667686364e-02,-2.884883794193317946e-02,6.515715981293740411e-02
-4.931406240293337469e-03,-6.017927064825225741e-02,-4.078290045716494866e-02
-1.905616304867421840e-02,5.923261049517881266e-02,3.828570431219909670e-02
-3.462089127729551380e-02,-1.752623258938188974e-02,6.212898901422687914e-02
-1.800896348474612411e-03,-6.424106720889345701e-02,-3.555283475641716345e-02
-5.744960634998941967e-02,-4.605357901303781809e-02,-1.083283750906069952e-03
-3.566495576433703629e-02,-5.510019123239732336e-02,3.380781587223402607e-02
-4.736153163343804345e-02,2.034552923242561456e-02,-5.312610758258067695e-02
7.335037920464639385e-03,-1.710788872542706902e-03,-7.383213545150756063e-02
-4.113766320598046672e-02,-3.601107668894765190e-02,5.047086604474664701e-02
4.561019620191630181e-02,5.383900035660284245e-02,2.420762989343535135e-02
-3.831950135451094724e-02,-1.903879780348401510e-02,6.134024319335788095e-02
-5.889511370868654588e-02,-2.702955492755869382e-02,3.772038455490305670e-02
8.801360053364962882e-03,6.542665506767207650e-02,3.595198866800555088e-02
-6.035565358487980647e-02,-2.405010323196036040e-02,3.818462880586796088e-02
-4.571892426770863410e-02,-7.209807868807933950e-03,-5.971368243042013413e-02
-7.475955096458880567e-02,6.574026756469569452e-03,1.021702267899994229e-02
-6.973230067140316624e-02,-1.614088799628651122e-02,-2.534105447247584492e-02
5.245892872725586159e-02,-2.983066970117231181e-02,-4.639183650483878762e-02
4.225766807827986693e-02,6.096395777477668643e-02,1.790083718819028211e-02
-2.491753763482631653e-02,6.757820456662118336e-02,-2.576481203416254584e-02
-5.957538710306677088e-02,3.521555542805077099e-02,3.302957887566605050e-02
1.969220665914736199e-02,-6.635763428374952255e-02,-3.343671155790067795e-02
-1.405831932226412825e-02,-1.644604528776511670e-02,7.395852833735415410e-02
4.670230272184343681e-03,-7.651589583326301458e-02,-9.504976272721381986e-03
-1.927257862428196841e-02,-7.002871724171598478e-02,-2.683791354604344107e-02
-4.188153194054418382e-02,6.446872567161955614e-02,1.069398321462956304e-02
-2.118392405358942090e-02,-8.451076507312687809e-04,-7.486057128668620331e-02
-6.435475743424675515e-03,-7.371027497155265007e-02,-2.465601345815812348e-02
-4.812613017162733348e-03,-1.955847187931479894e-02,-7.553694193074084184e-02
-1.515691315717020496e-02,1.873346226099499925e-02,7.456446457136191308e-02
-3.012172058807428138e-02,3.165539520918135563e-02,6.527009484214392476e-02
2.755938447514979031e-02,-3.193507922554027212e-02,-6.647748654287159720e-02
-2.168703891610547149e-02,1.584357007493842825e-02,7.420485167536136628e-02
3.413764417842365863e-03,-1.386764000413282828e-02,7.780003958785272622e-02
-4.257544362187776904e-02,-5.311248630986743074e-02,4.064893581263663569e-02
7.375074811188475458e-04,-5.185263593465350151e-02,-6.021505787183171338e-02
-4.712638384347885706e-02,-5.362195734870559699e-02,3.532788235597873749e-02
5.819484633343864968e-03,5.156478192212588657e-02,6.066858463978705429e-02
-3.222395424642392203e-02,-6.665358824525213777e-02,3.035804014841824924e-02
-5.249957766669859777e-02,4.979889257704417198e-03,6.042298781386015033e-02
-3.882738497315207232e-02,1.253016493297706355e-02,6.925780186637861546e-02
-2.744640254425196116e-02,3.192039679973834171e-02,-6.868983213165605339e-02
-4.171571816851037118e-02,3.118573023634655175e-02,6.170152276406151021e-02
-3.934840512405291674e-02,-3.494361637951937799e-02,-6.148022622930528897e-02
7.529269839240593579e-03,2.270832014953451383e-02,-7.749954775931075512e-02
-1.477092617674236746e-02,-4.909527065120312950e-02,6.308249874833968263e-02
-2.963180852086104086e-02,5.014059670693209181e-02,-5.696680987466767182e-02
1.693159106075595513e-02,-7.183824308635912426e-02,3.491942740327364653e-02
-5.372628169150871907e-02,-6.014187552827703759e-02,-1.388092985975800456e-02
-5.376917425165964048e-02,6.122891248117154350e-02,-9.253040128497208236e-03
5.651432170439276564e-02,-5.604890289509358720e-02,-2.049102762596308885e-02
-4.501488083355456582e-02,-5.634250453715757001e-02,-3.979878856842422596e-02
-7.565888702742676331e-02,5.496617932207073336e-03,3.255511588774693404e-02
-7.806460835468673198e-02,2.668025838522739349e-02,-6.162250324089536650e-03
-3.563284273866783314e-02,6.110072169245945456e-02,-4.324923393571161040e-02
-4.718609523500738590e-02,6.618659768123053011e-02,1.720247711166543111e-02
3.187244433681393763e-02,-7.671504035380913300e-02,5.631698309167679391e-03
-6.601770307003387850e-02,4.886877352663186042e-02,-1.469500427090480489e-02
-3.071621359722902581e-02,6.914272249833591788e-02,-3.560800248643959665e-02
-3.009666201652951706e-02,-1.383506993668904943e-02,-7.697162859515190025e-02
1.703501158983465602e-02,-3.659123284643279322e-02,-7.363749573061464937e-02
-4.831135583699229519e-02,5.895697430338015660e-02,3.565729826672187075e-02
-2.926310303627452716e-02,-3.527228965753385903e-02,7.078614507854184834e-02
2.092707841792673662e-02,-5.297756514237423470e-02,-6.242105038878761891e-02
5.663898229646337212e-02,-3.199578615508330559e-02,-5.421329167961232154e-02
2.690647268865618488e-02,7.755441614515813653e-02,2.149410958280033312e-02
-4.696248568506955490e-02,-3.621919037605572655e-02,6.093617990479879148e-02
-7.433933394217570600e-02,-3.717487838794322069e-02,-1.876479541938606485e-02
4.134719812468068412e-02,7.156951013083208413e-02,-2.141415477483871871e-02
4.795396726314550551e-02,-6.862191595813720013e-02,-1.765646396863546075e-02
7.887878313877809411e-02,-2.166371153759440518e-02,2.567283045425164043e-02
-8.011506838029087973e-02,3.034372673893806840e-02,6.411099989294083250e-03
-7.823115243879652514e-02,-2.648373689995390384e-02,2.426488286540993272e-02
-8.593999032240255687e-02,-4.916152384450213873e-03,-5.520588717727975894e-03
-6.836675056448626719e-02,4.966380774138200171e-02,1.816272870526898509e-02
-2.324261189851379791e-02,5.734259842733602230e-02,-6.059773835041266238e-02
-6.936169017740996534e-02,4.325385489473108913e-02,-2.913157338585409262e-02
-8.101041266157753273e-02,9.535115724722433364e-03,3.011836280322265427e-02
1.816639909334500508e-02,-8.362037877071885894e-02,-1.638569385069796325e-02
-1.765829335853301429e-02,6.001127217460434926e-02,6.089242192176568674e-02
2.474473357705889165e-02,2.113774455144285316e-02,-8.119206134736274560e-02
-7.141805161284996151e-02,3.637993520636129130e-02,3.546044612836340287e-02
-7.558844782907571391e-02,4.437093028493355878e-02,5.416121557833690134e-03
6.909804786587889214e-02,4.782939405551485390e-02,-2.607308671591020838e-02
-8.680955862425638464e-03,7.624604299016012054e-02,4.339898551392706166e-02
1.021773021179964852e-02,6.590356802091903998e-02,5.792169715971869776e-02
-6.105340975146983373e-02,2.384272566736563015e-02,-5.947224749581082187e-02
-3.963781448256715328e-02,1.294464346236028247e-02,7.825971673158862996e-02
5.157009488706536249e-02,7.216898988941196358e-02,5.084171026487628239e-03
-2.325634272227824692e-02,-1.807110561040778038e-02,-8.400399065005208221e-02
-4.248866174002551011e-02,2.495064455800212466e-02,7.434178326281293270e-02
-8.804150885113640190e-02,9.299267785820207466e-03,-1.213214408282744898e-02
1.881039001886645676e-02,7.880364747219292809e-02,3.809988114387095198e-02
1.229416811314768855e-02,-7.805527694014934015e-02,4.245197192754413679e-02
-3.906194089111783910e-03,-8.044203642316856417e-02,-3.987834165202832487e-02
-1.132730483730498040e-02,-2.116372336169555432e-02,8.678013731461697855e-02
-7.193633227969771504e-02,-3.998177808065810773e-02,3.693492524647074698e-02
-7.485897830209964354e-02,4.225954533481415115e-02,2.790014869733150119e-02
-6.547851812822041984e-02,-5.450456029063618230e-02,-3.066886991428622797e-02
-6.405132956963817403e-02,-4.418547926875648207e-02,-4.663116039199918794e-02
-5.102061993357131370e-02,-7.492409645781067384e-02,-6.582199268976063160e-03
-8.530657262035529209e-02,-2.342301385570132177e-02,-2.156099368703914831e-02
4.818248041055567948e-02,-6.597005448108328451e-02,4.059340837739474489e-02
8.540125458679905662e-03,-8.929213011662967547e-02,-1.749650415406877463e-02
-6.342117316829563867e-02,4.269365431435341585e-02,-5.037753274241040663e-02
-5.778606003805931979e-02,6.966404647992131827e-02,1.487774602661930991e-02
-2.070642801902594643e-02,-7.714589056311454973e-02,-4.543345925869012730e-02
-6.377552386216636671e-02,4.521870551196540550e-02,-4.861281851803518628e-02
-6.290160311766297696e-02,4.856384463126664497e-02,4.680842876418601223e-02
-6.682723464697662430e-02,-6.380321238195192646e-02,-4.630626757115258825e-04
-1.261874229903496569e-02,1.112157286695605526e-02,-9.102142434001836424e-02
5.760971304427835865e-02,8.357911328449809871e-03,7.218024720186995424e-02
5.379115897160537813e-02,-5.993080125924717116e-02,4.630824926540224457e-02
-8.199692476304672184e-02,9.457324284657911417e-03,-4.298432448636876207e-02
-8.634942710010225231e-02,3.060831382693667696e-02,-1.727607985283427516e-02
-6.460006371023969962e-02,8.694756871557209749e-03,6.688629897867576224e-02
1.362783276174238216e-02,5.001065856559579886e-02,7.788948329855352459e-02
-6.189438219400683616e-02,-8.968743596884036495e-03,6.980856999389586925e-02
-3.056735729488927605e-02,-1.404129211940563331e-02,-8.765913326081309354e-02
-7.880018774965677486e-02,-5.110314390090019837e-02,5.071654395482473252e-03
-8.432685391276407982e-02,4.151835324568430713e-02,-6.559756556838828440e-03
1.302539211732408426e-03,2.239491322719246863e-02,-9.168269240666425401e-02
3.764989963121682937e-02,-8.614538619207690040e-02,1.007702907035037607e-02
-6.681708133268179917e-02,-5.692912970601633760e-02,3.557817549438898469e-02
-7.954061421477542915e-02,1.461212323193296012e-02,-4.962076229167648039e-02
-6.051378384237633690e-02,-7.285590145170126042e-02,7.984551241781328787e-03
6.594493135025235320e-02,3.256183573415954990e-02,6.046386553042121248e-02
2.745288866215146728e-02,-4.361545870233818345e-02,8.025067731511457969e-02
9.748247200303932977e-03,-4.561646539722069571e-02,8.337581835922366902e-02
6.779481794290938279e-02,-3.158859229221149673e-02,5.970543514232048987e-02
-4.446382614555306756e-02,-1.844332450929338577e-02,8.290264479299956635e-02
-1.623335531511747171e-02,8.915004604304789526e-02,3.178248209359910148e-02
9.487200112556552073e-03,6.528263991973166924e-02,-7.000652393452490296e-02
1.509849524074824076e-02,-3.543708442154643035e-02,-8.831975000461399217e-02
-5.482147133559302915e-02,1.068482803805936333e-02,-7.871454174157532790e-02
9.641136454504308992e-03,1.964995828244069792e-02,9.416950591967407358e-02
-2.106409659285726418e-02,9.449072277108032381e-02,-2.495607406119393704e-03
-8.627758299583539181e-02,3.305861707626951002e-02,2.954997574779198027e-02
-5.304517738142403016e-02,-5.680979431732717522e-02,-5.831163818337087301e-02
-6.765104504729277379e-02,5.564825476161627815e-02,4.242070525207140147e-02
-1.524343367062343940e-02,-7.689347710675248360e-02,5.796101427747069046e-02
-8.577442399580313681e-02,-1.201979742733034345e-02,4.510302503508629296e-02
-1.910074740325723094e-02,-5.411288202788724910e-02,7.921206120658537408e-02
5.987884901249827807e-02,1.617670662562085276e-02,-7.584218093387025406e-02
-3.423115162067197348e-02,-5.252352964017626552e-02,7.550054468722240675e-02
-1.508344519809043209e-02,-9.702434699502110460e-02,-4.608739439724137896e-03
-6.499640337774607868e-02,7.370702658822912701e-02,6.073423916174941137e-03
-3.869662553500441415e-02,2.923953705639446149e-02,-8.586884327287934437e-02
-8.943831875927633901e-02,3.717577344523055605e-02,1.939846702089447275e-02
-8.682746278067422774e-02,-5.697182886277614086e-03,-4.709374683523136901e-02
-8.195179122512759318e-02,2.701376120552829302e-02,4.873607550840603625e-02
-3.332099383544754462e-02,-5.570644784354041382e-03,9.333543440413845371e-02
2.166758806437668258e-02,-4.041902514579384653e-02,8.821248759091016023e-02
-9.384672705616399491e-02,1.198746158583867058e-02,3.107313291276600498e-02
6.831660002865069976e-03,-7.492323284007354478e-02,6.548381073817999276e-02
7.014342482169697024e-02,-6.934245582851725209e-02,-1.586446927076497551e-02
-7.454846828729697061e-02,1.555051609797530182e-02,-6.490571860273439131e-02
-4.118493277709359135e-02,-5.003317255691430709e-02,-7.644892206676263957e-02
7.224073633848032694e-02,5.483016332579598168e-02,-4.302108943296837490e-02
6.126995596841867259e-02,-3.906704338601278692e-02,6.948090921520767849e-02
4.623773549420200080e-02,-7.143771188302139308e-02,-5.383805938911973010e-02
-2.162446992939496410e-02,8.375915987182323830e-02,5.185164445585890153e-02
-5.826730402520815394e-02,2.555050630867679654e-02,7.845965455245546005e-02
6.994256658543362981e-02,-7.243975669320371069e-02,-9.817476994764054443e-03
-6.277290894951038924e-02,3.445998875721743154e-02,-7.169375680679718199e-02
-3.571416199266783803e-02,-4.044192661190325333e-02,8.595903060271919971e-02
-9.325361549425240093e-02,2.985984618011791950e-02,-2.728116055793394432e-02
-3.587514362526188216e-02,4.362793985532048557e-02,8.469835296144305470e-02
1.877665260913719686e-02,-5.657508383697942150e-02,-8.272289449823208574e-02
-7.709185652332431471e-02,-6.404748630937510956e-02,1.957840128240443192e-02
-8.947488559315774914e-02,4.251462419570329471e-02,2.544581329658528526e-02
4.941991961327236310e-03,9.752256129855232936e-02,3.094955868631430601e-02
2.285576205049639695e-02,5.735781298494271874e-02,8.193214095212524029e-02
8.671307326073920962e-02,-5.409755102786052705e-02,-1.057034057893925690e-02
-9.066512008577613801e-02,-4.765123252454272346e-02,9.945107456588418021e-03
-4.913036838283206531e-02,2.791206202142964415e-02,8.619239838110479002e-02
-4.157338443702291580e-02,8.349061107746405530e-02,-4.421872681269420347e-02
-4.612621592831193246e-02,-7.874117049027011539e-02,-4.856813280997900051e-02
-3.284676975779790564e-02,-6.057466845252159476e-02,-7.727110627473736393e-02
-1.647372936623770000e-04,-5.430554454679933918e-02,-8.833055547536809715e-02
-7.457953700991139245e-02,-3.272647146500951704e-02,6.442577810041583142e-02
-3.536790321715000546e-02,-9.760185599087894959e-02,6.262919121903083586e-03
-3.437870111330448147e-02,3.598641554403942538e-02,9.149734215880549193e-02
-3.941071373987713872e-02,8.991247826335761750e-02,3.526599245526174098e-02
-2.756539400572512177e-02,-8.514710812046732968e-02,-5.388651479396486255e-02
-8.949160307313587526e-02,-9.266198414933913413e-03,5.339979082679258138e-02
1.032358022714533752e-01,1.712793995197186073e-02,-5.261356891445638680e-03
6.285625244480123885e-02,5.632790590296325034e-02,-6.234973848983586114e-02
2.796651071484160603e-02,-6.842584206525327561e-02,-7.469661360861516719e-02
-2.030073531424635841e-02,1.027853354614044340e-01,9.972760654315368165e-03
3.652279888434785404e-02,-9.019388721867756253e-02,-4.049895153223666278e-02
4.935592899272370909e-02,-6.466389114966461515e-02,6.726238600200164230e-02
-1.016418952797157743e-01,1.086412206134679259e-02,-2.692973427673898620e-02
-8.493560117089324346e-02,-1.348004435585434431e-02,6.173513340622927698e-02
-1.605825021556552511e-03,-1.586715625193388639e-03,-1.059933944964209368e-01
9.074109291691462992e-03,7.570222846925031557e-02,-7.388674968042915903e-02
9.144880383921482475e-03,2.946213593933853098e-02,1.017522288664741009e-01
1.799574895419506909e-02,-8.634438754947959538e-02,-5.965506578346186500e-02
-3.780174569265194739e-02,-3.883828207577022171e-03,-9.963261313634022565e-02
-3.053955666979388250e-02,-3.424198338129776087e-02,-9.642791668384592674e-02
-2.729425708972855677e-02,7.518327925205374462e-02,7.098484411259931015e-02
-1.850246917051387441e-02,-3.988312763160348218e-03,1.054084985745777775e-01
8.946663031019253670e-03,-8.360842676797483608e-02,-6.657070447621624143e-02
-1.689826638562074573e-02,3.885639016830083614e-02,-9.868936765792545029e-02
-1.872531249343333676e-02,6.000153929504149775e-02,8.727573020225326550e-02
-3.866062113588063925e-02,2.831382632381116565e-02,-9.645980083381436310e-02
-2.254006568933773769e-02,5.283884444723970647e-02,-9.128946242677356271e-02
-9.692070141508585257e-02,-1.366803972205750048e-02,-4.567607149833166624e-02
2.079642329801767442e-02,-1.034160600675101266e-01,-2.392416011963112432e-02
-7.791134920255736451e-02,-1.905534697820543411e-02,7.279747316102161414e-02
2.322282951311292754e-02,3.285491514720807055e-02,1.007325691035109994e-01
6.622648670898170775e-02,-8.447750448160844250e-02,1.662711109404299906e-02
-7.383236953168489936e-02,1.290541999635932621e-02,-7.883000188588541735e-02
5.642381371083877994e-02,7.494081301881701240e-02,5.536486694144405335e-02
3.514196809053767717e-02,-5.888769456186468410e-02,8.482597544205432161e-02
-1.074954802655692654e-01,1.284673926397840449e-03,-1.934892207903115766e-02
4.120779386153691076e-02,7.384643763893257440e-02,6.937648387127243188e-02
-6.810109577429329653e-02,-7.524044830958009911e-02,-4.121622571484787750e-02
-6.239056474135852570e-02,1.115926321969587520e-02,8.951959495189353022e-02
-2.440232168514369984e-02,1.021040926210044358e-01,-3.230137978969797874e-02
-1.067776977240294106e-01,-2.543713944775847363e-02,6.987300327523840622e-03
-2.556930849170352751e-02,-6.753597103203751173e-02,8.316081126135861645e-02
1.961814727805190686e-02,-6.747115579492257709e-02,8.500988395476322124e-02
1.746654263943331342e-02,8.960531231499314908e-02,6.215327356493566963e-02
1.089757020984760405e-01,-1.825288637783728865e-02,-4.656564654001273465e-03
-8.019861010119229416e-02,-5.821961012053371298e-02,-4.942235847006528487e-02
-3.189842784391118402e-02,3.965843686687207242e-02,9.852402520235910288e-02
-5.158221609570801808e-02,9.743865027817150137e-02,-1.325387642628460087e-02
-6.168712111340544230e-02,-8.862998303660964139e-02,2.652400020527628452e-02
6.274473440471600716e-02,9.155512026739459630e-02,-8.848372638436241555e-03
-9.259680704876907531e-02,-3.243980064698509524e-02,-5.295738425539957273e-02
-6.485566543476252444e-02,2.268104593209132810e-02,-8.799878659710443085e-02
-5.114367169071858815e-02,8.999389974594480812e-02,4.223027845735882746e-02
-4.561965276022045268e-02,5.710116419297901758e-02,-8.479268789925553662e-02
-5.991741824004905709e-02,-8.593800957463816614e-02,3.986977710861728391e-02
-6.606576890651673362e-02,-6.424382009913841285e-02,6.408312039687787121e-02
-6.984410854472433705e-02,-4.987665414550166570e-02,7.256930604356694181e-02
-1.105655975703613292e-01,-6.809209196278792793e-03,-1.986635517411961330e-02
-1.571073788612545666e-02,-1.039313551593592649e-01,4.063077611161102637e-02
-7.287885176895292361e-02,8.533281308732737491e-02,1.183403609252954049e-02
4.352559169310898229e-02,6.968554807097004922e-02,7.756400401113865140e-02
-5.596788415429709840e-02,7.257557246579979249e-02,-6.633850347818567861e-02
-2.487346447472180491e-03,3.160698174604855554e-02,1.087609085771198969e-01
9.317113407547907011e-02,-3.350640233030697385e-02,5.535624585842648104e-02
-7.764877079620778610e-02,-2.487257617673496041e-02,7.907987312928838053e-02
-4.266976382239117543e-02,-1.034040275648460266e-01,2.054926035111118154e-02
-1.207489543084194761e-02,-9.562034690823804917e-02,6.066392315775153560e-02
-4.484818175519452582e-02,-6.452234774014062313e-02,8.263464824008806553e-02
-1.046533844738243152e-01,4.407577763063837140e-02,-1.190822962427191128e-02
3.577146179468532194e-02,-5.119614884187000808e-02,-9.576022969490798065e-02
-3.667907931513575415e-02,4.698721428302713495e-04,-1.084387538589322991e-01
-3.677865993281740492e-02,5.333694243775419230e-02,-9.455651429985714729e-02
-1.076969264858506359e-01,3.829011112004330336e-02,-1.037251621668648302e-02
-5.352145697013348941e-02,1.968901705694487119e-03,1.016752872450185918e-01
-2.856230611002427353e-02,-6.573077247171121851e-02,9.002168411094803313e-02
4.759072427274352313e-02,1.046488322073536315e-01,-7.613593387719874532e-03
6.993734286673143619e-02,-1.592796796755801755e-02,-9.035091777906954780e-02
-1.118526720311317918e-01,-1.507591815554431679e-03,2.879141814869104476e-02
-6.604838090786541160e-02,9.488301117766752280e-02,-3.332364272037007056e-03
-2.493370726236049124e-03,-9.972490032384010925e-03,-1.153458825342218164e-01
-1.148205741829279140e-02,1.087600861670518781e-01,3.852047120349044729e-02
-2.025013372455912106e-02,-1.034705652460263664e-01,4.860346809155478842e-02
2.320085383836591793e-03,8.555253156560800598e-02,-7.866400769153392147e-02
-5.280220721097168141e-02,-6.507641091877539030e-02,8.076989106707077593e-02
-3.804942344588102369e-03,6.236421442513643415e-02,9.837265500639444382e-02
-1.073256592723903086e-01,-3.764309839170915800e-02,2.606406929325644911e-02
-8.604152902940345737e-02,6.428641079399545488e-02,4.597230873880815000e-02
-1.054637172629348807e-01,6.567858766082713962e-03,-5.017802273463831814e-02
-9.103879522251993872e-02,5.375655460399299951e-02,5.039824261027346652e-02
-1.181601710588743581e-02,4.919605626022152678e-02,-1.057932313239618727e-01
-4.437347934573856317e-02,-5.781137385569251608e-02,9.206087672978165160e-02
1.583242978655657537e-02,-1.007763317106596945e-01,5.843062663481391611e-02
-1.009447621004025547e-01,1.835826285726489164e-03,6.051269102461692695e-02
-5.123583291887749344e-03,1.019106005439268242e-01,-5.896887357958264381e-02
2.104895592324647693e-02,-6.421497124889896657e-02,-9.673209255437432985e-02
-4.246350846955181807e-02,8.750150290716305138e-03,1.099017504769478626e-01
-1.487440507237631701e-02,1.133961094133729558e-01,-3.020916781295033757e-02
-1.174157222184225163e-01,1.002459902102041667e-02,-1.183237825384680399e-02
-9.034084254389555813e-02,-6.983566343116923147e-02,3.198301609159424214e-02
-6.256109906331348836e-02,-3.978255295215859383e-02,9.273257798300851840e-02
-3.905902510641785091e-02,9.140884236135811414e-02,6.518574495850158745e-02
4.030623171022307966e-02,1.023234663728016247e-01,4.549938203909490581e-02
-1.155856576908853711e-01,4.945150289776680669e-03,2.854667416745709438e-02
-4.358231817659237450e-02,1.424173153163886194e-02,-1.101440892114408376e-01
9.612671241491330121e-02,6.428031452591313755e-02,-2.993720398880357972e-02
-5.903923582060416732e-04,1.140150543244396880e-01,3.610197237795852859e-02
-9.243076922483693669e-02,-6.878407216232805543e-02,3.260449828483116819e-02
-4.601011042430843551e-02,6.431978268719837355e-02,-9.010227650373950348e-02
4.764510925706059996e-02,-1.007756058108134345e-01,4.451135942870175499e-02
1.540932621988616059e-02,9.918333315309667275e-02,6.608279780411607796e-02
-9.802231957232840354e-02,6.944241256015128150e-02,-6.766859179502811121e-03
-5.652859524749394987e-02,3.676973304871094389e-02,9.981801524400327197e-02
-3.115872888382321612e-02,-5.016839628658993286e-03,1.164037539914815622e-01
-6.064521332513211210e-02,-9.602420410306050647e-02,-4.101386238009785412e-02
-1.013594364814009025e-01,-5.101427608355670051e-03,-6.569357122337426969e-02
-1.472923274078275814e-02,-7.882012575127338161e-02,9.066775809185652346e-02
-8.652089891928342602e-02,4.350575318229699118e-02,-7.284508766075013797e-02
-6.080128440634503806e-02,8.293913689629593688e-02,6.437520523891465674e-02
-1.695557552127031908e-02,-9.028694362633345530e-03,-1.199404638241996363e-01
-1.119903204899562882e-01,2.051418585906300898e-02,-4.274271527222932299e-02
3.824580342938700001e-02,1.060562852694564989e-01,-4.597638187206017774e-02
4.197151000429207024e-02,-8.272411877922285217e-02,-7.908563849254658662e-02
-1.606115204973399685e-02,1.105019785573778945e-01,4.925159076030401900e-02
1.096413471213428109e-01,-2.873026174537624683e-02,-4.563634412731812362e-02
-4.230003849378081299e-02,-4.788832787990900119e-02,1.043155106536583221e-01
1.727583290836854496e-02,-4.715131982058799742e-02,1.117032318025491661e-01
-8.381947501906955589e-02,5.991337163366440566e-02,-6.647570574618130723e-02
-5.024910366909241671e-02,1.022172032133304154e-01,4.578264626156192119e-02
-8.695498460170418553e-02,-7.928814205931296322e-02,-3.544945273789441159e-02
2.311089105274798453e-02,1.278289229784946961e-02,1.201749172515371444e-01
-5.691466578739020482e-02,-1.516422263379823242e-02,-1.081914843093286505e-01
2.796572438668845292e-02,-2.631307514571434858e-02,1.171976754284126399e-01
-9.856915278146036186e-02,-7.105388003303399203e-02,-2.191728755218083982e-02
6.836168466294184620e-02,8.161550757357101393e-02,-6.281443688182219987e-02
4.059397000744753570e-02,-4.899044346786094600e-02,-1.061476114083121647e-01
5.710734506764392898e-03,1.237224864227246812e-01,-3.254036332685775277e-03
2.617972410703861899e-02,-3.318241036680687900e-02,-1.166157394630858990e-01
-9.337866931774732593e-02,7.094038068700576904e-02,-4.085110816007402751e-02
-8.220501241101961509e-02,-8.887951289219277184e-02,-2.826589172844493417e-02
-9.114321548776319060e-02,-7.673570461065218340e-02,-3.600034417223053895e-02
-9.156872244487430923e-02,2.501643640239825314e-02,-8.072256514266792915e-02
-3.239934975121436245e-02,1.203467875153391708e-01,-5.389371943090006702e-03
-1.269288045660870584e-02,-8.062805742213416393e-02,-9.452760339126334288e-02
-8.155210930672776581e-02,-2.625940520108313234e-02,-9.106330198643636242e-02
-5.488353117558138899e-02,6.154001682685467101e-02,9.417451587034861293e-02
2.722601730302565831e-02,-7.314532106330112748e-02,-9.804146786433162730e-02
-7.556591658498709729e-02,9.915212013622393128e-02,-1.406061844390510233e-02
-8.627984561024870658e-02,-2.077651594696316995e-02,8.887420530884121428e-02
1.159049204975620695e-01,4.665971956245658359e-02,-1.410275023644709524e-02
-1.137167906577428861e-01,-4.367959126659889946e-02,-3.171815076049893517e-02
-1.018249869669806407e-01,-7.202076489390904501e-02,-1.804569585656952760e-02
-6.194802554959159477e-03,6.104898961804160196e-02,1.102322093349013127e-01
-1.060892901942990796e-01,-6.853491319442675533e-02,-2.671592685224282999e-04
3.267116559188314867e-02,9.861882009257172052e-03,-1.217495445955820155e-01
1.525352917036545963e-02,-3.446097095922739939e-02,1.208427667857454035e-01
-4.512051668923812431e-02,-1.071566769991626894e-01,-5.040235492547473495e-02
-8.121180283257557753e-02,5.930365659180445587e-02,-7.734443484951983305e-02
-1.177634244448111933e-01,-8.841604245622370836e-03,-4.673000808863527616e-02
1.085225591535140394e-01,5.781996734158702939e-02,-3.233370087272360860e-02
-1.990528770524396460e-02,-6.935884928753593970e-02,-1.048550532839528510e-01
3.918553923195245911e-03,-1.042929145556102249e-01,-7.310810930663320939e-02
-5.800145166209549202e-02,2.372460887933746515e-02,-1.111119640055898278e-01
-1.725235109500479480e-02,-1.257317534123913172e-01,1.423118744414803537e-02
4.697060769054717949e-02,7.721975392669506999e-02,-9.041729331345858822e-02
-8.344332625092842903e-02,-9.062529365444844942e-02,-3.470553000808958288e-02
-1.021534869862363859e-01,2.679521023744335997e-02,-7.254446228651727224e-02
5.088396266697497311e-02,1.049304832014882616e-01,-5.340658969116433841e-02
-5.012635716763202270e-02,1.156827306447593962e-01,2.434241822782079456e-02
-4.751847801539598598e-02,-1.148576190897151184e-01,3.276114937790909620e-02
-7.345378176784357616e-02,7.495884944052108589e-02,7.446592988701901394e-02
7.655936622949758956e-03,1.198333555715760251e-01,4.665541485069766431e-02
-3.578313759146229539e-02,-3.032888901277130955e-02,-1.201292236454954282e-01
-9.374443216419718616e-02,-6.884368042927670184e-02,5.603379503973306142e-02
-5.371865331220961048e-02,-1.022009609695842813e-01,5.807321684745649082e-02
3.296099405295908197e-02,-6.645511124447474327e-02,1.060024135107403426e-01
-8.542021622836060146e-02,-7.128165558903803989e-02,-6.631398897207953225e-02
-1.104244054308922279e-01,-6.691122300909835285e-02,1.185762307708066940e-02
-5.520417031356743970e-02,-5.566941261613933545e-02,1.034443425196466815e-01
-4.910426362314242177e-02,-1.169888001954069306e-01,2.803178130331283879e-02
8.701737947255559769e-02,3.685531898615507229e-02,-8.938199947341543550e-02
5.873401741701474166e-02,-1.159982918901789201e-01,-7.092535741597360416e-03
-9.110798361614452778e-02,-5.388461936372189454e-02,7.607566999512363481e-02
-6.837173944063606144e-03,1.256512522768944429e-01,-3.453828650566225650e-02
2.279022812598775413e-02,7.160598084472691305e-02,1.068514764511849097e-01
-1.043755546381221061e-01,-5.203601422571173946e-02,5.914590783820562053e-02
-2.337104194207265812e-02,1.287126564606756451e-01,-4.827047363819158068e-03
-7.606335141524991905e-02,-2.402124089841911614e-02,-1.039713060503491826e-01
-1.171637283231904414e-01,-1.060257010055647153e-02,-5.804467091392452593e-02
-6.974492145730235015e-02,-7.717451373488068422e-02,-8.015578744917011000e-02
-1.193301353531705244e-01,-2.748335827938883438e-02,4.781722220999221062e-02
-1.206118600798020551e-01,-2.365541886298724167e-02,4.702142699461777514e-02
-1.008707649991473221e-01,4.139272082858721363e-02,7.393158116059737883e-02
-7.285148304226458232e-03,1.040641200947234196e-01,-8.067269661508963408e-02
-6.357760384373775664e-02,7.059134532035302168e-02,-9.166035960321547438e-02
-1.074591343245747954e-01,-2.938647813024259422e-03,-7.685806461239885756e-02
-1.099479088491221168e-01,-3.583139840408149784e-02,-6.424362916907606913e-02
-8.176015890044537049e-02,-8.473583280580404553e-02,-6.059061134587116065e-02
2.689773448619619395e-02,6.356396333264684173e-02,-1.131755028246940048e-01
7.551345493097799677e-02,-9.754962228660919721e-02,4.889602405456416889e-02
-1.559873138446025119e-02,-1.306942930412933190e-01,1.792219761855451746e-02
-1.221004259170921646e-01,-3.057513207168137057e-02,4.287986868321914946e-02
-8.121973087116184098e-02,5.892336009831701527e-02,-8.746404774152567729e-02
-1.156302424705931559e-01,-9.166389445097020486e-03,6.558005033019910501e-02
1.739763715370039321e-02,1.227582991452514788e-01,-4.918752637334308092e-02
-2.900086906578017848e-02,-7.651991150891562787e-02,-1.055079853841283527e-01
-1.089929258651295974e-01,-2.698638183266349310e-03,-7.731851780378405647e-02
-1.326042543814134611e-01,-1.080741034889805621e-02,-1.417168127099192702e-02
-4.286950584251545543e-02,1.261477844065651832e-01,-1.367914420354066941e-02
-7.717494669072010038e-02,-3.910157001376244473e-02,-1.024204196610801060e-01
-1.159008209228093444e-01,3.778547050204761077e-03,6.755931538447744467e-02
-1.334219366290852471e-01,1.293602694004898288e-02,8.916098224442869577e-03
-1.176806747111331791e-01,-4.309481684521494077e-02,4.877577852714874013e-02
-2.698975311290572124e-02,-3.411102690496051887e-02,-1.273959297418855163e-01
-5.946637760435633663e-02,-6.499036689713068304e-02,1.019730619865024251e-01
-3.862705896233049885e-02,-4.470030564460533706e-03,1.291637063881383996e-01
-1.215340393760015736e-02,-2.234387691318970998e-02,-1.326090153985641507e-01
-6.170630346975853470e-02,9.327992369034666942e-02,7.589547608589933270e-02
-3.519291457249907468e-02,-1.252344220229932859e-01,3.719654685050101384e-02
-1.111884838016410498e-01,-1.593649161803950901e-02,-7.566904940388365086e-02
-1.271410275570375725e-01,-2.971530547969634603e-02,3.649253948008979870e-02
9.687987586191165734e-02,-6.786113007665504904e-02,6.652527745337670495e-02
3.043940593999294036e-02,8.177784563292310460e-02,-1.041115338267345758e-01
-3.050638732462413946e-02,-4.633795680677448015e-02,1.241470475237199944e-01
-3.557143197369312670e-02,8.954122592975237438e-02,9.614752517911989704e-02
2.235341967597101465e-03,1.207134382075118195e-01,-6.314715169425669239e-02
-5.931009880523915173e-02,1.107726902611248926e-01,-5.303796807682816666e-02
-2.655675806914366277e-02,-3.822622761513903150e-02,1.283426160705862518e-01
-9.896003370717255943e-02,-9.334173066315416822e-02,1.302362578421507010e-02
2.549820297406472577e-02,-5.659491065856810110e-02,-1.218987616768383159e-01
-5.878975808195584241e-02,1.103020249202848607e-01,5.591749562623962028e-02
-7.728845275063891962e-02,8.095822657890813789e-02,-7.911325601894129977e-02
1.204577113259654338e-02,3.089852505885590933e-02,1.331313487906312099e-01
-5.980472990381850013e-02,-2.732058872837398247e-02,1.205732291988654142e-01
5.234006853876096294e-02,1.151492894461977612e-01,-5.384468572792618091e-02
1.088649414003488476e-02,1.351068439197835869e-01,-2.372560202891166314e-02
-1.193460913391599376e-01,-6.560352578184608374e-02,-2.061974628710043847e-02
-4.647607053409187616e-02,8.066386745545958692e-02,1.017006825623364558e-01
1.768133608819220937e-02,-1.024531239599321686e-01,-9.076171662774364102e-02
-7.178165001747983942e-02,-1.056345050251672052e-01,-5.265903115591813455e-02
-9.117098048107238895e-02,7.289265644294330715e-02,7.413519363721952915e-02
-1.002179829386563026e-01,-6.665799210288118892e-02,6.835121696211907127e-02
-9.636330214754675050e-02,-6.679264967724249380e-02,-7.381736143387911120e-02
-6.142249295635810596e-02,-2.355551165386728443e-02,-1.220897557834092345e-01
1.197788020757114269e-01,-4.849054267559399500e-02,-5.072045396737923789e-02
-1.583305750966114075e-02,1.079230200180805871e-01,8.608240372581774102e-02
-5.403354033064757672e-02,-1.162564932091675329e-01,5.394862603793402350e-02
3.501025908486462418e-02,-4.959503455981396219e-02,-1.252904231301479598e-01
-5.448988123858910376e-02,2.867504852861379669e-02,-1.250164588053132020e-01
-2.892766243550964206e-02,-1.347881138373684395e-01,-2.129178232532961956e-02
-1.224099719036845502e-01,2.952871239684767488e-02,6.032679907291268323e-02
-8.144645719018665797e-02,-9.980294748661947338e-03,-1.131363856057698014e-01
-1.005998716747203425e-01,7.745513983871595010e-02,5.874406434447090181e-02
-7.072562958904674013e-02,1.208535402115638591e-01,-5.901213920038972079e-04
-4.713485462631259587e-02,1.062447142323187134e-02,-1.315713926766499953e-01
-1.271970880344930888e-01,4.331862237276046940e-02,-4.034334786415429142e-02
-6.980940592834500302e-02,-9.932703437818568570e-02,7.058029067505983134e-02
1.954854899022188952e-02,1.508206869209099618e-02,1.383791858074408243e-01
-2.432959814267285359e-02,9.465151236781553512e-02,1.012186661657961811e-01
-5.069652257302010440e-02,1.019380697153007415e-01,-8.289879531462843176e-02
-2.945062581078051675e-02,-2.385454097797601661e-02,1.357756281748163929e-01
2.145027364564260595e-03,7.016324041709083581e-02,-1.223994268097314819e-01
-6.244679069942822743e-03,-1.343119502530419618e-01,-4.322183767154102324e-02
-1.094500159288733752e-02,2.484718968392982466e-02,1.387349544852043703e-01
-8.408789072311702306e-02,-1.018700049061869728e-01,5.073512644273728278e-02
-9.732120180056031203e-03,-1.270251959966043620e-01,6.188692200401453569e-02
9.382566321528634790e-02,-4.708491240654718440e-02,-9.527676003034622754e-02
-4.588269937711485918e-02,1.188113552423315372e-01,-6.256488339593968551e-02
-1.642852792269314244e-02,-1.395462003959370700e-01,2.074913309074111895e-02
-1.165552223331989268e-01,-2.853406957623904477e-02,-7.623720518209720076e-02
8.449460839720165928e-02,1.083731113538981411e-01,3.694905570150445323e-02
8.552953437753378629e-02,1.003612743178805417e-01,5.384714359014363544e-02
6.147118722597934293e-02,-1.180930367162677935e-01,-5.099459030653716307e-02
3.227298307615821676e-02,-4.952314303775593590e-02,-1.298806033595563680e-01
-3.139153985983612200e-02,-3.693269115016520332e-02,1.343561081732472517e-01
9.142264432600272217e-03,-1.106724138474581148e-01,9.003904096412687630e-02
-2.478928342335161294e-02,-1.105534759525684668e-01,-8.740944089849395082e-02
-8.998316114410927213e-02,8.739731033741002242e-02,6.913571974874889448e-02
9.296730363513606987e-02,8.463585932513759125e-02,6.889771803716773779e-02
-6.814007204611570445e-02,-1.095876726619500613e-01,6.275804261930065242e-02
-1.323648916775731210e-01,2.388654616131577826e-02,-5.037998746886364343e-02
-1.420486408908260278e-01,2.211255177220955437e-02,-6.990990920851403037e-04
-9.870037977494221237e-02,4.306623226082573197e-02,-9.544066131391693020e-02
-1.611618845584735296e-02,-8.666548963094752867e-02,1.138985574871726886e-01
-1.334301556533435962e-01,-3.423210749191398644e-02,-4.249977624899561879e-02
-1.083376887862534804e-01,7.872999445801297236e-02,5.370644303451391210e-02
2.121802372127553141e-02,-1.114691700014713571e-01,8.934462696490053091e-02
-1.346160867598491795e-01,-4.496494562497001246e-02,-2.743937135237836319e-02
-9.992371576553608914e-02,-4.198165913166446161e-02,-9.585030316472013812e-02
-4.043100357761641311e-02,1.521132903134264983e-02,1.382269556342015926e-01
5.053068538212793226e-02,-6.433938423952462182e-02,-1.196582940522867566e-01
-6.231638989466742329e-02,-9.194790902240330965e-02,-9.333571067410326161e-02
-5.681303970697093586e-02,-9.544190609818946347e-02,9.354538207535587069e-02
1.210646946812025254e-01,5.766872461929612587e-02,5.606786513357517321e-02
-6.815704103323129426e-02,-1.284828568181534958e-01,-3.327404447577534015e-03
-3.450937377342366830e-02,-2.823502585547791460e-02,-1.386165794864278600e-01
2.984875770641940221e-02,3.633393423691022583e-02,-1.379491058161750883e-01
1.220656632586309201e-02,-9.249752798467114623e-02,-1.121368613438630119e-01
-1.853001280674336851e-02,-1.098640031565978198e-01,9.436332388640308877e-02
-5.262331723998390359e-02,7.348004773288360769e-02,1.148382155898078349e-01
-3.850234852524112711e-02,1.341164260012176201e-01,4.387674113395633596e-02
-8.960852061330938645e-02,2.492982100517488614e-02,1.130580409919459822e-01
6.871177567462360102e-03,-9.412484486128151751e-02,1.120942087779256274e-01
7.412485379148570086e-02,-1.233942963442937329e-01,2.810144694019858086e-02
2.797626806914239872e-02,-1.434300306595254759e-01,1.392983710727197302e-02
-1.184130250135792400e-01,3.607210215438422934e-02,-7.914929009051427378e-02
-1.266167989522639648e-01,2.696815809356088028e-02,-6.976347751503875205e-02
-1.353055474714688899e-01,2.695363029560036289e-02,5.128893138544178554e-02
-2.147261046652869376e-02,-7.906140837552744216e-02,-1.224397361945389201e-01
-9.842263380680914275e-02,5.130780636223970792e-02,-9.706908311756669294e-02
1.592480962638632286e-02,1.222928183939510083e-01,8.106444437627687016e-02
-1.442523367895466868e-01,3.142123820065154116e-02,4.819810170805798218e-03
-5.290593312602007853e-02,6.865907641153289054e-02,-1.197700259221426006e-01
-1.323295179838998581e-01,6.434694331012116852e-02,1.565432590038429855e-02
-6.182878392935060169e-02,1.146162944554289659e-01,-7.053890702926275680e-02
-6.789371149315193144e-02,2.628128257045046767e-02,-1.291275775667752312e-01
-1.046574614536754100e-01,-4.567144740881673437e-02,-9.473072267762179532e-02
-9.799858829535515459e-02,4.997595935786171284e-02,9.975197758209548848e-02
-4.906584196490745148e-02,1.248289368751202694e-01,6.403809692748919924e-02
-1.142873784035161044e-01,-1.974192695377900361e-02,9.315626262212745035e-02
-1.431239581299964259e-01,4.026395771076898833e-02,-7.914836515806579487e-03
-1.274360977250576787e-01,-6.649312928183295779e-02,-3.931772011708813130e-02
-7.189260199602466594e-02,-5.838972275133335471e-02,-1.169109516933808518e-01
1.992193597619848489e-02,-1.059150147324125213e-01,1.032962810587252922e-01
-5.330379754873019321e-02,-7.073915946585553061e-02,-1.203270977369044897e-01
-1.996066993255358676e-02,1.383216659448142649e-01,5.321259376199342916e-02
1.342243575105266703e-03,1.062484931272045519e-01,1.054102697245199588e-01
-1.461062273918956045e-01,-1.290710289464435181e-02,3.045067555956621624e-02
-1.074233224123573999e-01,-7.754914476418033054e-02,7.018719448387493454e-02
-7.270738965525998243e-02,1.260992997335591385e-02,-1.306657710607577738e-01
-1.020508862212557849e-01,-9.000412095104930177e-02,6.358340070013621115e-02
2.560655706442429777e-02,-1.309858914107262795e-01,6.916683038071644307e-02
-1.397092535513010936e-01,5.513038546906071091e-02,-8.837913506208650710e-03
-2.668044034551170923e-02,1.098764715984492379e-01,-9.945135925059299387e-02
-1.348753565083462835e-01,-3.975300720162527196e-02,-5.424692514921891640e-02
-2.776492613494958503e-02,2.320523021861228483e-02,1.464382871127212216e-01
3.976146680753596570e-03,3.904922809652616733e-02,1.457808844680035520e-01
-1.418188241223713175e-01,-4.096191123785602323e-02,3.227154446670837951e-02
-1.042809673534552811e-01,1.092465052954152416e-01,7.861436768268554101e-03
-1.023572986504133059e-01,-1.114055802000929740e-01,4.704593595870731199e-03
9.153922524506710734e-03,-6.700626170448395480e-02,1.355579961829357638e-01
6.537341701119236959e-02,1.367511151414022297e-01,3.784622058134583591e-03
1.174877042150992458e-02,-1.444366568019763430e-01,4.503534825604260661e-02
-8.332712982479596742e-02,-8.862935741345537299e-02,-9.093349240775075448e-02
-1.006510948934228183e-01,-1.032398964723347384e-01,4.814231736219453522e-02
-3.485601834305859098e-02,4.373184018187469685e-02,-1.414875761969990320e-01
5.637527926845174644e-04,-1.193379626386366771e-01,-9.457087879146403031e-02
-1.413354701333582597e-01,5.590700749948850079e-02,-1.111739164226907724e-02
-7.521432187724273744e-02,-1.291623444083468963e-01,3.040078206869191793e-02
-1.396781411326852296e-01,-6.153639692444794196e-02,2.650817588601363586e-03
-9.894914883389809013e-02,-1.159006722655110816e-01,-1.092174347687661223e-02
-3.380376235718613592e-02,1.261750286889452843e-01,-7.949728426280297522e-02
-4.376063056561774189e-02,-1.029009743076458455e-01,-1.044917774398356064e-01
-8.196038135685343451e-02,-2.343036637682324730e-02,-1.272601776345238245e-01
-4.120866629247908752e-02,1.439882066508240965e-01,-3.271704401639533716e-02
-1.389668516337013403e-02,-1.345729284696199901e-01,7.237206167268439572e-02
-1.364310506066853945e-01,-4.631323582183863308e-02,-5.312175210550305199e-02
-1.056383771046307402e-01,-3.217775289947030076e-02,-1.068876795620339881e-01
-7.150590621305298600e-02,-3.264303323722395761e-02,1.322149403210985674e-01
7.065063699650812878e-02,1.105196911543660371e-01,8.057889501611660565e-02
-1.351266912101682371e-01,-4.687353420376631080e-02,-5.729191202621412848e-02
-4.119916770260305394e-02,-6.871263028158360042e-02,-1.317557498821539663e-01
-8.931199135997718030e-02,1.223449101741198586e-01,-2.954901558707752687e-02
-1.037249331854629975e-01,1.035362682468766032e-01,-4.877634523293176289e-02
-7.227021213377739228e-02,-6.413508095233649842e-02,-1.206697099952883379e-01
3.800074639789112474e-02,-1.499768196730935366e-01,-3.253116644820302204e-04
-1.031828533851650576e-01,1.000058476080929459e-01,5.769831346436040537e-02
-4.188680978637317892e-02,-9.474932830033368225e-02,-1.152597236245121864e-01
-4.635150033835944150e-02,-4.692003780163175874e-02,1.403801552703976552e-01
1.049728151366976885e-03,9.279316440297588620e-02,-1.244374636414834895e-01
-3.997910060270298827e-02,6.568996563733034422e-02,-1.349914472190506531e-01
-9.077461850534319920e-02,-7.732107433238033511e-02,9.978710000829742188e-02
1.215716176622286399e-01,-4.047880951859162552e-02,-8.830474370994603750e-02
-4.137157563946043670e-02,-8.710128388014126699e-02,1.223011508239871536e-01
-6.708140233534179431e-02,4.148632330909987620e-02,1.344421698250442554e-01
-1.400908753735939823e-02,4.080590037319953810e-03,1.553150108098118876e-01
-1.457232910612091537e-01,-3.471084825813721547e-02,4.399420232848867685e-02
7.615713102691996916e-02,-1.226644312409927023e-01,5.974202897700995468e-02
-1.077521919728620797e-01,5.057810191646380793e-02,-1.014243227314534229e-01
-5.585335760362169361e-02,-1.258333702594416001e-02,-1.456627769651165361e-01
4.524226629618641887e-02,-1.048897921930507099e-01,-1.071768703781644377e-01
-6.230783749611146227e-02,1.322126966037449058e-01,-5.668507653433354360e-02
-1.262149753734777800e-02,1.561122259608396512e-01,9.241289391960937419e-03
4.356944353329614272e-02,-1.350429128835763382e-01,-6.723788926019200196e-02
7.057499560068454525e-02,-5.811419257939625521e-02,1.278195427734988288e-01
-1.127152154645931909e-01,-1.066728088066595248e-01,-2.553908369388567176e-02
-8.010533108901178589e-02,9.162429496300476817e-02,-9.982145893514057788e-02
-9.607059896441830227e-02,-7.438689125597702789e-02,-1.002666174417593398e-01
8.790790505708397096e-02,1.027419256256085073e-01,-8.107309055718298074e-02
-3.601322284909281440e-02,-1.045688253117212918e-01,-1.125396038313781488e-01
1.667364696779061878e-02,-4.109561952650830213e-02,-1.515589545543851724e-01
-2.194053228178193329e-02,-3.743051578334785634e-02,-1.519697048646550808e-01
-4.001989907799512886e-02,-1.471823840916304527e-01,-4.187166898228565637e-02
7.477181138148326911e-02,1.289452430269981964e-01,-5.329227316126392000e-02
5.871777210019753224e-02,-3.860510216040118764e-02,-1.419856901208224609e-01
1.191427112905812588e-02,1.542150316426516357e-02,-1.573487095269178737e-01
-6.225611423480920809e-02,-9.086374487292130098e-02,-1.142220885777796013e-01
-5.894397260697460672e-02,1.016718721204716569e-01,1.068060230783206138e-01
-1.330878978078572084e-01,7.631771198581899229e-02,-4.150525286899197502e-02
-1.510253540016550100e-01,4.975355465110318370e-02,-3.974069031241788882e-03
-1.125389603925478210e-01,-7.900059347370728957e-02,8.021329689210734970e-02
1.296113592297108985e-01,-6.544329733783164904e-02,-6.556518208369536971e-02
-1.026586755053696676e-01,-7.322456141151119369e-02,-9.757324978680079197e-02
-2.201256728763567594e-02,2.301491274946076016e-03,-1.580246975037607748e-01
-6.869811687940129141e-02,-8.434060384822597567e-02,1.169161305858392036e-01
1.314281191786308700e-01,-3.412477538553417705e-02,8.429006843202890842e-02
1.296199673583775872e-02,-1.586560151029472732e-01,1.560307784488906314e-02
-1.157680725042602443e-01,4.952472064125570256e-02,-9.883728742060056416e-02
-7.734244601570726407e-02,-1.144675722669921264e-01,8.111502714902012190e-02
1.176362812155171828e-02,1.465422578380095597e-01,6.396799079414759726e-02
-2.071948192615021000e-02,-6.105608078900560259e-02,-1.469298793938480507e-01
-1.189278364608461064e-01,-7.286839748543763595e-02,-7.957719312593676542e-02
-9.146929154298254205e-02,-7.617983466974170836e-02,-1.079667351578480206e-01
-9.996446493963899449e-02,3.512128551541677385e-02,1.210003542290106621e-01
-1.040455246186051258e-01,-8.347487084437259230e-02,-9.008134551393073841e-02
2.310284564449232789e-02,1.458128207035041396e-02,1.587530387005101074e-01
-4.585155766076006584e-02,-3.116963850508880016e-02,1.513793196607977620e-01
6.801785650071515144e-02,-1.442861692644333282e-01,2.419567563077580641e-02
2.234440917598027113e-02,7.694922728405766132e-02,-1.401808439536547102e-01
-1.031640012685509089e-01,-1.162487716043000135e-01,4.421903646756220746e-02
-1.239164862454945060e-01,-1.633709154685748094e-02,1.026183294442281901e-01
-1.055840512724461333e-01,-1.222582871106963620e-01,9.922819784624377012e-03
2.962226610654832004e-02,-1.488671288213694599e-01,-5.652863472680049600e-02
-7.213893913992100448e-02,6.228886313380364165e-02,-1.311156846546766008e-01
-1.309959059661306990e-01,1.568040133749174208e-03,9.567522675344637684e-02
-1.131215178492143286e-01,-1.158360160331195210e-01,-1.194055728736542234e-02
-3.235521811660371089e-02,6.659232353133760773e-02,-1.446255925448745039e-01
8.982615487686965161e-02,1.354576685367980815e-01,-4.624152326234531006e-03
-8.470569319444165579e-02,-9.841482831170114687e-02,-9.807817195162765733e-02
3.934388308885283098e-02,-1.441601113942337364e-01,6.473610494793771708e-02
8.558022277178331527e-02,1.012371746863208882e-01,-9.480981338911713407e-02
-1.103188065744663687e-01,3.096661180046866857e-02,1.160762222608216765e-01
-5.389382714303355554e-02,-2.695062568314542800e-02,1.517004200624264831e-01
-1.544942127910323981e-01,-3.410076865741180213e-02,-4.066486702248797019e-02
1.031391474948053499e-01,-9.797537631977437655e-02,-8.055541474357913456e-02
-1.257585338880937986e-01,-1.026382133484297077e-01,-2.042834111452812226e-02
9.605597057018179508e-02,-4.626602796714073679e-02,1.242616182405842373e-01
4.577492591336328187e-02,1.572601426022097459e-01,4.825198847566727900e-03
1.377840169243751411e-01,-8.874529667114082476e-02,5.510894871547768539e-03
9.784728747312293473e-02,1.152488882766045247e-01,6.383814713458628443e-02
1.264476928956808494e-02,-1.261986556719891794e-01,-1.043403559041684164e-01
3.979387962981616872e-02,1.378893430811358178e-01,8.010673576074604785e-02
-6.624089175489476788e-02,-8.943788578319276927e-02,1.211129789746719226e-01
-1.060885156053156947e-01,9.355214274905632177e-02,8.420105986351010541e-02
-2.254669592476740356e-02,1.629685865851464299e-01,8.411463396730449807e-03
-1.293185113437493039e-01,7.839313389828869716e-02,6.565360024966424013e-02
-1.368330273668572350e-01,-7.468496980644359629e-02,5.403094698232475263e-02
-1.537234777325012236e-01,-5.201488240890689112e-03,6.003190560448661700e-02
8.381100173734953862e-02,1.228904083694472710e-01,7.195001613842103017e-02
-5.495106003905050364e-03,1.088225588505165736e-01,1.243863434669715273e-01
-1.294620479764045373e-01,-2.693830700976194634e-02,9.949773812469937806e-02
3.376921788549595155e-02,1.216518930947174670e-01,-1.071809530540990402e-01
7.803255385070863304e-02,-1.374527891522321632e-01,-4.986357776927730079e-02
-1.153664696052353195e-01,1.152211353853676151e-01,-3.041114017442233391e-02
5.120358969329020377e-02,-1.532904231158331021e-01,3.784009154663812990e-02
-3.366368166611579532e-02,1.504201584470131192e-01,-6.191647587791026391e-02
7.008962867751294956e-02,1.487541297926875949e-01,-2.437769116391411139e-02
-1.186626140844442151e-01,3.316525584641335372e-02,1.117827856214081567e-01
-7.656620515082188105e-03,-4.754520295835556326e-02,1.593691088340991879e-01
-1.519975690787246370e-01,6.807749644257381216e-02,-4.629902246339897241e-03
-1.401686117838656931e-01,-7.685931346538865672e-02,4.739439844345948172e-02
-6.977719842571916686e-02,5.526049225534972187e-02,-1.411376736172811064e-01
-1.489356146627846544e-01,7.325831215419256748e-02,-1.831507616663528848e-02
-1.649622239000568813e-01,2.390119566437450688e-02,-1.191113526333343817e-02
-1.010719858168188656e-01,-5.334729580925735327e-03,-1.331289942831654638e-01
1.508239252914838624e-01,1.568326397062977037e-02,7.081800537998708678e-02
5.261447812530203882e-02,-1.521401650638455616e-01,4.621464496992142706e-02
-1.208143391544180684e-01,-1.019073065548507656e-01,5.577830141702379285e-02
-1.058725532134255631e-01,1.288963779920100083e-01,1.763185833596106825e-02
-7.799699560701663092e-02,-8.321721396357184553e-02,1.231554885366852453e-01
-2.272796243172951411e-02,1.004283792108908585e-01,-1.327225073102202280e-01
-8.786261374527562507e-02,7.799128593032704504e-02,-1.202372495983509287e-01
-1.601163147974967726e-01,-3.906570503279661183e-02,-3.373311957876187067e-02
1.246658128055428000e-01,1.131436258054069194e-01,2.712802008438136851e-04
-8.396794397259575715e-02,1.441737987656488973e-01,2.341514887585058671e-02
5.741686503112441303e-02,-1.581515848530332391e-01,1.087282402421098533e-02
-1.353306813049402757e-01,-9.171144615124726673e-02,-4.175337250983451182e-02
-1.030286158160807763e-01,1.146811544626982204e-01,-6.887650208188796086e-02
-8.153013558487523516e-02,1.495034050839450304e-02,1.472477068211621165e-01
-1.136339916003313300e-01,-1.117447568115674250e-01,-5.652375051388543181e-02
-1.308097536718604292e-01,-6.569340983408755719e-02,-8.490971587884336980e-02
-2.096543696334294757e-02,-1.388881593418806459e-01,9.459910410722816021e-02
7.849659512746579026e-02,1.495761181621981240e-01,1.362849026475348134e-02
1.319745785209489597e-01,-1.055169387760722388e-01,-1.453880087880784870e-02
1.128005384748871770e-01,-1.240287588963321641e-01,2.640906629829302757e-02
-1.643172937712364390e-02,-1.213149284670399508e-01,1.177254546113358918e-01
-1.688712173179653664e-01,9.156725960026665043e-03,-1.695122925229039512e-02
-3.926328207271168047e-02,-1.360149528663149032e-01,-9.428205977740505839e-02
-1.090766747216646848e-01,-1.273997925033758527e-01,-2.905979453608271978e-02
-6.202911045581411403e-02,5.310226281413663041e-02,1.494910672382333272e-01
-6.151682031601869022e-02,1.092709177072549026e-01,-1.154675114672551461e-01
-3.570003169279278854e-02,-1.642054446581867888e-01,2.935059324459797156e-02
-1.204420858220492246e-01,1.076184698355627661e-01,-5.525889368883669245e-02
7.338234341883180523e-02,-3.254546002539746019e-02,-1.507966124892460291e-01
-8.448433175286781949e-02,-8.887346484156193049e-02,-1.191215101968215589e-01
-8.927184841305195462e-02,-1.454121453747738990e-01,1.241490404830617941e-02
-3.346368918512649532e-02,-1.612979974255440707e-01,4.662293132470647639e-02
-6.754988176463529170e-02,1.572896324580391192e-01,7.059669399836905959e-03
-1.284739242307033347e-01,-1.116718203975987922e-01,2.047004729096457351e-02
4.046016564484880562e-02,1.614215866122449550e-01,4.175580525214299399e-02
-6.012871978059922129e-02,1.472646824673944921e-01,6.463361686337945611e-02
-1.694086019058009193e-02,5.208016143264543318e-02,1.628584954027107456e-01
-1.375111840800459784e-01,9.208068165777100189e-02,-4.665230351461375352e-02
2.036932546061189300e-02,1.590081490486285054e-01,6.251819802062302811e-02
-2.050536855889407636e-02,1.901809014503806974e-02,-1.699037877745622482e-01
-6.514518720711572064e-02,-1.587095953042737539e-01,1.610194482289676807e-02
-1.154960109964933354e-02,-1.407295926033984568e-01,9.897555507028306387e-02
-1.620275852258689364e-01,3.657058017113571508e-02,4.676016186854187878e-02
4.379295177553110124e-02,1.129661652004104039e-01,1.230454749078299381e-01
4.360215702638049751e-02,6.395626484966238090e-02,-1.545002902407252576e-01
-4.639971632817105340e-02,-1.495524151337940255e-01,-7.338649870643891571e-02
-8.505851730573692204e-02,-1.401443699294621648e-01,-5.542206801146075390e-02
1.429889933986094354e-02,1.088620560070792803e-01,-1.339185509523427853e-01
-5.260129814396152792e-02,-1.650155872391012857e-01,-5.928499574869447453e-03
4.717164334536012166e-02,6.266869540281563844e-02,1.546682900918807391e-01
9.938357563796550165e-02,1.313435932029047848e-01,5.467373451314799793e-02
-2.492364654771224083e-02,-1.146761739295684562e-01,-1.280167927324150912e-01
-1.678779544145088398e-01,3.980756105813351708e-02,2.086007084167931097e-02
-1.109541261955887120e-01,1.255386344854523273e-01,-4.663393992394733456e-02
-1.004861088917914647e-02,-1.710798871020410283e-01,-3.031348513015509963e-02
-1.736923118218908768e-01,-1.072984866327677568e-02,6.841072331820389867e-03
-9.593187253680808546e-02,-1.035769928009807189e-01,1.021889848733657513e-01
-4.292529385469264630e-02,1.371594792287191000e-01,-9.879867934371877602e-02
-1.503240858066764996e-01,-8.585617503122114358e-02,-2.215095301451640991e-02
-1.358803790231958297e-01,-8.114422785647078251e-02,-7.385275920599915223e-02
7.278107061426675184e-02,8.035160936773660945e-02,-1.370819531259822310e-01
-5.571274965034809373e-02,9.270320038701115872e-02,-1.374408478822105040e-01
-8.399654863131233995e-02,-2.259842337666345680e-02,-1.518701601881075058e-01
-1.149675770475487302e-01,9.255736488971834375e-02,9.428221712386056219e-02
1.080908894293995670e-01,1.175290620127699415e-01,-7.224775058134844108e-02
-1.473224362998913281e-02,-1.632251631134497283e-01,6.244914045723448659e-02
-8.055253091856147407e-02,-1.295904636277173116e-01,-8.671758705804243073e-02
8.603564942374623825e-02,-1.501443063776141673e-01,2.999770206146463655e-02
3.893056311487493731e-02,-1.281084021805261042e-01,1.138461454804755579e-01
1.537386345810279609e-01,6.368744571085596662e-02,5.691788161267476165e-02
-7.025684182113192677e-02,-1.017005847051705991e-01,1.252808804133470899e-01
-6.433505661852913227e-02,-2.527702103447086387e-02,-1.619859605086383658e-01
7.150179152141668271e-02,-1.116484642481384154e-01,-1.161144213021466087e-01
-1.333016061147594689e-01,4.613812498305976811e-02,-1.058559616918782059e-01
-1.738808723948918056e-01,1.659536771649626485e-02,-2.523230213928575466e-02
-9.177036791140918970e-02,-7.691111351783655459e-02,-1.298177083510050622e-01
-1.687141335790265373e-02,-1.146874224355739526e-02,1.755469224284620100e-01
8.960318861473477725e-02,-1.027814278027142647e-01,1.126201965155376600e-01
-1.881019217167875443e-02,1.028450959740921239e-01,1.427876236652686204e-01
-1.687291822544723374e-01,-3.463920529847776958e-02,-4.114647035539038128e-02
-1.215525980284551527e-01,6.578117542787710603e-02,1.109209902696307593e-01
1.187296926439267153e-02,-9.248525947592547980e-02,-1.508456582068056495e-01
7.347411033957963744e-02,1.589982345557242605e-01,-2.851800980429173779e-02
1.189313897850212409e-01,-8.583084019629581840e-02,1.001190749644818717e-01
5.565990843518352910e-02,3.632978335042131440e-02,-1.648055122533291228e-01
5.993678364215308113e-02,-1.541235706116900472e-01,6.538775640588037619e-02
1.039455018307851863e-01,-1.198396761635426022e-01,8.061743815579081041e-02
1.922635894854954688e-02,-1.770255108275191058e-01,-1.028308913796078649e-03
-4.096425818589571194e-02,-1.930577072413742698e-03,-1.734079522363831671e-01
-1.918558350695345402e-02,-1.649201628670234343e-01,-6.502893645934409994e-02
-1.465570969691869785e-01,-5.151294299620783751e-02,-8.778585146649488247e-02
1.454721924200239394e-02,-7.459151641727404525e-02,1.615761066872034302e-01
-1.200591363007701973e-01,-6.701393712808932646e-02,1.141084622313344732e-01
-2.996310092803450287e-02,1.723830150097167557e-01,3.681824673586154423e-02
3.164409699945283649e-02,-1.408888421417270054e-01,-1.056491880175341180e-01
1.728307986022717749e-02,2.224095264637613450e-02,-1.768132029301073549e-01
-8.372009986110369451e-02,-8.150885563327384120e-02,1.358199278285390221e-01
-1.191462787957536240e-01,7.545529386725279009e-02,1.106978420098213151e-01
-6.356776786331116980e-02,-1.065395932997238865e-01,1.295969503848729554e-01
-1.387493644225344658e-01,-1.091308708976233971e-01,3.270426086547827821e-02
-1.784732986352620954e-01,-1.256303865882406508e-02,-1.623451968788106048e-02
1.360311959486461553e-01,-5.981014573527315692e-02,1.011730818912222191e-01
-9.329887367323312641e-02,-1.122656249702039949e-01,-1.051338414194870202e-01
3.426998105545921852e-02,-4.401559976601019525e-02,-1.711526643285112836e-01
-1.379194439834519337e-01,-2.803453688813559597e-03,-1.158407921611802754e-01
1.103146205848449107e-01,-8.950526708179426527e-02,1.109590634143209353e-01
-9.820349159250187088e-02,8.596503142835210109e-02,1.245079584023729979e-01
-6.253090293756037588e-02,-1.220370459891392811e-01,-1.173743082677016214e-01
-9.342674035682788092e-02,9.165534741618654863e-03,-1.543083916606468875e-01
-7.352383122349759326e-02,-5.778501330395931918e-02,1.546691925019031133e-01
-3.835977448240570492e-02,8.612121929234817230e-02,-1.543466335626650920e-01
-4.507463771788274703e-02,8.208095519093122974e-03,-1.750883778604877539e-01
-5.815852041943937040e-02,1.506603357551444811e-01,8.196293510638127944e-02
-1.639426920937375742e-01,2.754352887840968121e-03,-7.718766374497823546e-02
1.897595311508635044e-02,-1.625148663669269133e-01,7.820124308842986427e-02
-2.281287816063878177e-02,6.484825303794949924e-02,-1.679427703532823390e-01
-6.427383826480131956e-02,-6.532441743101331799e-02,1.567673616650053225e-01
-1.884475415299817491e-02,1.737974477788508387e-01,-4.957485115397828462e-02
-1.412762911986034375e-01,-9.907780123031374730e-02,5.733143888087165185e-02
-3.167251881404771485e-02,-1.089297688741869552e-01,-1.422582972360694753e-01
-4.044332408282885066e-02,-6.396504574093013484e-02,-1.655991159316139716e-01
-1.735959773161421249e-01,-5.502885747814283135e-02,-5.525246471781395351e-03
-1.182970287111709956e-01,-5.597723271997759320e-02,1.269277701908152201e-01
-1.067948025976751814e-01,1.243545447330717119e-01,8.008221524283690163e-02
-1.538852534182229559e-01,-6.536738815108393552e-02,-7.329969773034264446e-02
-7.325427392271206817e-02,1.126773225396144051e-01,1.237260318655073049e-01
-1.731403752600276652e-02,-7.798431384829226931e-02,1.644179892973715584e-01
-1.450465601728144760e-01,-2.755727873139612524e-02,-1.079852820532774538e-01
-1.436265374762500380e-01,4.659564880359469419e-02,1.034559666617225759e-01
2.841846897061528487e-02,1.571764654040723741e-01,-8.963808845768721223e-02
-8.212897955588537025e-02,1.228591890831826766e-01,1.084051245110354278e-01
-1.747088961256622330e-01,4.368144382679808868e-02,-3.470095265988815819e-02
-1.706223989076240677e-01,-3.473395531752949267e-02,5.797580572019281342e-02
-8.517931985438818854e-02,5.388388712881052311e-02,1.535086180823283519e-01
1.205816859130521695e-01,-1.144364366104983349e-01,7.831031113833308854e-02
-1.776914488734361863e-01,4.628191140914370699e-02,-9.806065248150464680e-03
-1.122847970931930006e-01,-1.438922112525129471e-01,2.332122940824909660e-02
-6.636461731377529816e-02,-1.673495415180507317e-01,-3.861230613249747035e-02
6.343405958284473178e-02,8.302557341185202999e-02,1.517506272767918662e-01
7.548459505094330668e-02,-8.220251272536908960e-02,-1.467465815769626314e-01
4.324411791105202407e-02,1.175640808543485238e-01,1.354353897754503877e-01
-1.185376574200562444e-01,4.899269439657447101e-02,-1.327668847116184325e-01
-5.046885241500040364e-02,1.642684009226484387e-01,-6.776214647784284395e-02
-3.821785634613181215e-02,1.640742163969982070e-01,7.606839420965433307e-02
-1.006673156057674434e-01,-7.745429726271860216e-02,1.344571688459000325e-01
