-0.000000000000000000e+00,-0.000000000000000000e+00,0.000000000000000000e+00
-4.251453980462718482e-03,2.408949584398195707e-03,-8.030546150149451418e-03
-7.111882964446947578e-03,1.136736660842079145e-02,1.427668594168090156e-03
1.073980441222894405e-02,5.325205457716845718e-03,-1.162392533474357857e-02
-1.236823816291369484e-02,-1.381072918028648441e-02,-5.920127514638199098e-03
6.249433496035714658e-03,-1.312836984473948060e-02,1.642945353348581466e-02
-7.763844161767244345e-03,1.540961056616414575e-02,1.698846540786173170e-02
1.340200006797214426e-02,-2.265237075353523227e-02,9.345165028281696542e-04
-2.185893989449184949e-02,-7.935554657683661917e-03,-1.619441356096571957e-02
-1.289957036373258568e-03,-2.887996862121240682e-02,8.877818132464630405e-03
-2.038714444624261171e-02,2.404986752854366278e-02,-5.828324857033728018e-03
-1.878951970297348256e-02,2.460395600922433632e-02,-1.360099181000502463e-02
-2.880042533138163843e-02,1.999123391565793897e-02,-5.614649273085490187e-03
-7.018038714678966061e-03,1.075872984825230116e-03,-3.645949571299277742e-02
1.665358666804871504e-02,3.434709092342994041e-02,-6.594282788270346488e-03
-4.028648038500954459e-02,-3.623370840082003634e-04,-4.096372545130207203e-05
-4.180023852348882518e-02,-2.806276840202315577e-05,-4.084923296744568874e-04
-1.638624376316614659e-02,3.396954296521920852e-02,-2.123593152210116394e-02
-1.911436333053061210e-02,-2.791964440141427028e-02,-2.926039052994102233e-02
3.218676980406409011e-03,4.429105794042429572e-02,-1.257954553407039482e-02
-1.857062244343387139e-02,3.198467020842351433e-02,-2.988806245094953462e-02
1.541801343353088431e-02,-1.550605011995356830e-02,-4.376650281752883509e-02
-4.986137200535509240e-02,6.079046160288782523e-03,-2.145622536144003133e-03
1.339257711081220416e-02,4.949635304266169350e-02,-5.838132577513713284e-03
2.256509018355063942e-02,-4.210671930142525360e-02,-2.276716363393819012e-02
-3.154227527022179789e-02,-1.723882239432982313e-02,-4.058468560294160865e-02
-5.140450809209017036e-02,-1.980544810302977549e-02,-6.690380474153626196e-03
-4.283180882863175248e-02,-2.844815590293210336e-02,-2.402759647645159521e-02
-5.843476549866162377e-03,-5.038338179306935116e-02,-2.813906192892064867e-02
-5.514152831913957109e-02,1.761890284506282579e-03,-2.157528305472702565e-02
4.954581010932801455e-02,2.939709891764543184e-02,-1.834237818661344638e-02
-7.724433863103533256e-03,-4.633038564317195490e-02,-3.996200812007126568e-02
-5.954222470517721300e-02,-1.668014839109954392e-02,-1.134975858042452934e-02
1.232156996122066653e-02,-2.927955579228845931e-02,-5.562247770017623300e-02
2.681476709322907701e-02,-1.866606221585357175e-02,-5.645912948951452986e-02
-2.430456474807418318e-02,4.689567767620578254e-02,-4.023354206656018506e-02
-6.656985392533044943e-02,-6.970565954170843863e-04,-1.147344763161774889e-02
-6.056354409716063064e-02,2.458799168309939304e-02,2.115703303772253560e-02
9.238437732458913731e-05,3.750547654488521621e-02,5.891828421923670650e-02
6.566248002767773213e-03,-1.961891789515645898e-02,6.789222229278832343e-02
-3.499136244840535259e-02,1.192504900771166991e-02,6.189942928244406006e-02
-5.634179906058572884e-02,-2.162156055830177087e-02,4.145419808226475517e-02
2.603308066947141244e-02,-1.651611097883449314e-02,6.762737892418980989e-02
7.422301153454916034e-02,1.074508448563729103e-02,-8.031294018205833996e-03
2.757876211832270205e-02,-6.234193576875485948e-02,3.476173433982827909e-02
-7.450221704764742325e-02,2.560867863931265594e-03,-2.159241541240995363e-02
2.353043245220877054e-04,-6.664628580021421389e-02,-4.184365659449610503e-02
-4.888190222579153615e-02,-5.490813062934101624e-02,-3.096851410660933154e-02
-1.673953484805196148e-03,7.466093628378685058e-03,-8.047967416148929520e-02
-3.795681840674964419e-02,6.986992185273252498e-02,-1.966057382747977283e-02
-8.286476900693040548e-02,-1.787235336539405150e-03,3.775171173388394263e-03
1.374353519141350384e-03,-8.399756103745770197e-02,-1.702151254505118857e-03
-7.755946602314681138e-02,-5.013954720023725692e-03,-3.460541437067237575e-02
-1.826453199098553720e-02,-6.741137849603714982e-02,-5.039279659404326955e-02
-6.830721914693078933e-02,5.382606606472578603e-02,-5.897531607617641225e-03
1.179802035348256894e-02,-7.754534671467790130e-02,-4.034125714184505496e-02
4.890743947075673614e-02,6.040196533945068474e-02,-4.385144834448127804e-02
-2.234309593430225047e-02,5.710044641793951808e-04,-8.745595063104159850e-02
-5.571915949753326186e-02,-6.993419035596119826e-02,-1.840846645593127370e-02
3.180338743087549047e-02,-7.885374475378395531e-02,3.595175647709590583e-02
-4.878403083812010016e-02,-3.412073252951432212e-02,-7.188050017344640996e-02
5.459100707247071388e-03,5.568256466225571244e-02,7.596699169058344914e-02
-6.700168168316465722e-02,-6.586049016797532185e-02,-1.631965736047815210e-02
3.534222614202862239e-03,-4.788789976112686059e-02,8.355030015465836346e-02
-9.582645346694934618e-02,1.667247917985103384e-02,-4.511583685253566997e-03
-9.705010334683661366e-02,6.883387980999359362e-03,-1.452516166359528460e-02
-4.115525250470004892e-02,8.383929248307617210e-02,3.393758465085196241e-02
-2.547316797688329096e-02,2.723218052592730684e-02,9.318225983050668071e-02
-4.358564409833838582e-02,5.137710014247125895e-02,7.572562111022465570e-02
-9.781106900608861621e-02,2.640766231258855068e-02,-1.452597457037291089e-02
-1.000556172375022118e-01,-2.033950906238708375e-02,-1.592647506825796075e-02
4.134542852341881701e-03,-8.683345930890738751e-02,5.767014157061155916e-02
-7.390244994523111066e-02,5.599261818013831493e-02,4.992167547341485462e-02
-7.482656017129474257e-02,1.908274393226233948e-02,7.302807797842147952e-02
2.297484619680556506e-02,-3.871481391863756255e-02,9.735680760420190039e-02
-3.425853230037554514e-02,1.021541084609678129e-01,-1.030061112383755771e-02
-5.968937744309909393e-02,7.803107449061261192e-02,-4.769847740952580517e-02
-3.235491131345911986e-02,-4.016190339046332713e-02,9.736540566918810979e-02
-7.131626263832982482e-02,5.834535396918234113e-02,6.216189217823858693e-02
-4.678918835456695458e-02,-1.518983493325005117e-02,1.007482318605374128e-01
-7.078479438701447413e-02,8.682347138642780571e-02,-1.544881757340122418e-02
2.111199022677128292e-02,-1.095080683871065552e-01,-2.384255848609371023e-02
-1.121586309747860527e-01,-2.154983619608665663e-02,1.350593666724074840e-02
-8.402759362397056730e-02,4.968153791509214573e-02,-6.260246634798746768e-02
8.502866775486626937e-04,-5.261076711902403641e-02,1.044144474573499293e-01
-2.900007002637932860e-02,-1.082490386526536313e-01,-3.655957881083365252e-02
-1.108597141707619999e-01,4.246087474536976852e-02,-5.344823921018577659e-03
-2.601205940588000726e-02,9.149918402395952610e-02,7.280103799831369460e-02
-3.253643913997326942e-02,2.864233569269540938e-02,-1.126876612817809264e-01
-8.968210279186880629e-02,-6.618970238723971555e-02,-4.882413092665802840e-02
-6.608549191303388082e-02,9.174389523903171695e-02,-4.748899924630484853e-02
6.113360912981926493e-02,-1.072323089439927712e-01,6.040817774907036516e-03
-6.772644934377072823e-02,-3.177552476752207311e-02,-9.955205889583684797e-02
6.425120126544922594e-02,1.074716004259103908e-01,8.053210483297913724e-03
-3.421478815312262861e-02,8.592548787402877475e-02,-8.617934000500840352e-02
-9.600415757539197681e-02,4.542550161334943382e-02,-7.028094080208242833e-02
-3.309705081229725012e-04,1.279489584798272905e-01,9.437602704809052931e-03
-3.539148596522988331e-03,3.865610556723476920e-02,1.232687602286402090e-01
3.792592591273159092e-02,3.415650522919654736e-02,-1.197511024804549656e-01
-2.123776564091344257e-02,-1.292253329943757467e-01,-6.322344096582117011e-03
-9.150285048885900552e-02,4.764951780830418288e-02,-8.242123479018816090e-02
-3.540252179363630181e-02,-1.277524801697811907e-01,-1.050033223991606555e-02
-3.299306711995250718e-02,1.026872293706138362e-01,7.937470579684396954e-02
1.648195405393441254e-02,8.837084365963536470e-02,1.005148632071227593e-01
-5.482939664623475567e-02,-9.072511352248793792e-02,8.484820903440090656e-02
8.123785038487114918e-02,-2.356289659704682155e-02,-1.074031900393535022e-01
-8.135671868228046277e-02,1.148829296505311792e-02,1.104289592414566951e-01
-1.312097265925778466e-01,-1.758651234639983102e-02,4.094967675772125809e-02
-8.790887475177473764e-02,-3.931258010863332431e-02,-1.009301863008079253e-01
-7.164174023569386263e-02,9.171893412815630697e-02,7.858210769600230960e-02
-1.403150503140952743e-01,9.960374012728872781e-03,-1.391861104993319907e-02
-2.202775280982338657e-02,1.397491426955180527e-01,-1.512984466782252464e-02
-4.351283115651953526e-02,-1.093081782182457051e-01,8.164880851169982467e-02
-7.837082691555384562e-02,-1.041077411058349000e-01,6.159133513457927533e-02
8.239920691267219044e-02,7.420270685102936525e-02,9.351723416997745342e-02
9.895917592911265825e-03,1.366171378396554281e-01,5.047508795755382971e-02
1.015390588130388322e-01,9.737641799306426260e-02,4.228288506250040685e-02
7.844718838859789448e-03,-1.379551370311787595e-01,5.252465874976068594e-02
-1.329660994145011321e-01,4.415165129890860629e-02,4.995983314786425072e-02
-6.907531183682416587e-02,-6.968408777331916437e-02,-1.130174105232290283e-01
1.572323515678867700e-03,5.771750878998320282e-03,1.504686832320993872e-01
-2.421868578362297575e-02,6.766801509270641002e-02,-1.333755891806189808e-01
1.139406332260870930e-01,-7.651107711478243034e-02,-6.631459523651719867e-02
-1.378254667132239319e-01,7.175842309093875479e-03,6.684097559665350130e-02
-2.217758969237976219e-02,-1.270900226655688192e-01,-8.458089594171855352e-02
-7.013077231051034754e-02,4.424366439928566902e-02,-1.311714611033582556e-01
6.552436095963055929e-02,8.733497297135323079e-02,-1.115644552552273877e-01
-1.151315902524661927e-02,1.531534254918756610e-01,-3.265255540487091435e-02
-7.540184044209888303e-02,1.078159848623571060e-01,-8.737162359219566299e-02
-1.284416750200832458e-01,1.259408554503410431e-02,-9.261763728564209597e-02
2.450562526596862523e-02,-1.251762523921107761e-01,-9.620930206028881215e-02
-5.276234135881000681e-02,-1.424426704048763481e-01,-5.239838527208683788e-02
4.006488333698177140e-02,-1.530527054210724935e-01,3.292633233166146478e-02
1.403520411330376819e-02,7.061503529341972563e-02,1.456972180612408352e-01
-1.017386440449193491e-01,-7.514520476918844054e-04,1.278987806463942056e-01
-3.728529435315580676e-02,1.289870521805514536e-01,-9.477033647924379411e-02
-2.154467988530460454e-02,4.171461478212626188e-03,1.637960371006564608e-01
7.777262867708850669e-02,-9.133718210644020674e-02,1.149899831598138744e-01
1.073922936976781511e-01,-9.442127860106594439e-02,8.642869764746016759e-02
-1.556091245336253814e-01,4.376638873715675560e-02,-4.577066313150367216e-02
-9.383048706012216134e-02,-1.574101935592779611e-02,-1.395727953233044660e-01
-1.673691806430963741e-02,-4.454566252528590481e-02,-1.630261708931204923e-01
-1.582997621555492507e-01,-2.744437478374403896e-02,-5.780180187478692333e-02
6.789470389917647009e-02,1.474881240148895045e-01,-5.570746217297411346e-02
-4.893503190412804710e-02,3.504470920662874911e-02,1.617322394543010411e-01
-2.333740202565867325e-02,1.031583594726526720e-01,-1.375127567097005343e-01
1.105471178929972181e-01,7.467885048354734601e-02,1.123211037172807125e-01
-1.413702132355156849e-01,8.744428364849694824e-02,-5.568490574213379174e-02
-5.826443345431772669e-02,-1.630251217530261088e-01,-3.289034576766483586e-02
-1.128650578946825515e-02,9.549342390585677243e-02,1.487609999119664794e-01
-1.335002560132090843e-01,-8.223551782377429287e-02,8.435264755006396942e-02
-1.720291106506394163e-01,7.258534927779635750e-03,-4.877982965387295949e-02
-1.596881136746827190e-01,6.287519443872364999e-02,-5.385213218135322111e-02
-1.033680148505044805e-01,-5.619532234669418619e-02,1.372585048841251099e-01
-4.656426619624091240e-02,-1.304627323617578993e-01,-1.175788606891208510e-01
-1.136770594567394418e-02,-1.523198106759389991e-01,-1.000772162842494123e-01
-1.765854616750804906e-01,-4.428059757366725746e-02,-2.317176279662864699e-02
-4.323312452697184588e-02,-1.789442476244614277e-01,-1.121543591938737976e-02
6.033302991278072930e-02,-1.709473375956888641e-01,3.860510264124843854e-02
7.096427554034450899e-03,1.706231967012889761e-01,-7.436368828610656623e-02
-1.785357609051188565e-01,-2.024634267722321204e-02,5.242636167541151609e-02
1.758810159972810372e-01,-2.522995758660114343e-02,6.168736465301571936e-02
-1.194272642739342555e-01,-4.386757006517538054e-02,1.397606274658989289e-01
-1.969460353935569008e-02,-1.161194479016497833e-01,1.489786055505762652e-01
-8.290301237752119995e-03,1.795441070637866787e-01,6.410210338535936303e-02
5.169535388104277290e-02,6.159193505158867821e-02,1.740611893454410697e-01
4.835786234359217700e-03,-6.476544774389420001e-02,-1.813737032786766068e-01
-1.295581697168422253e-01,1.396127549791172651e-01,-3.449846395494432505e-02
-1.619447339750744175e-01,1.055686432030068234e-01,-2.123417427227377099e-02
-6.028950516245330793e-02,-1.485175544139259174e-01,1.117394652307153180e-01
-1.702055856977054416e-01,-7.136049128873092617e-02,-6.688603040044548143e-02
3.096172860907123181e-02,-9.192524739910604148e-02,-1.717174049860391294e-01
-1.246344420172482009e-01,1.470073790232513666e-01,4.595998040860583417e-02
4.571206843052229296e-02,-1.289283998109865825e-01,-1.445971792662373301e-01
-1.016535774044812768e-01,-1.018043922563711262e-01,1.388807864050514707e-01
-1.403654579531720958e-01,-7.814180130757526765e-03,-1.434875541793632914e-01
-5.716240282970134340e-02,-1.221091466309320254e-03,-1.935243611372451933e-01
-1.633646412812642945e-01,-1.197680404884937932e-01,-7.654641081115441843e-03
-2.005126944152710311e-01,-6.475236636247174620e-04,-3.545795263113291768e-02
-8.995267745989809355e-03,8.421512876566127070e-02,-1.861820217296774327e-01
-8.839091486324124336e-02,-9.442395009956909557e-02,1.596358712914558442e-01
1.444284353057078210e-02,1.832867981063726059e-01,9.374000077389578467e-02
9.410951513590859463e-02,-1.496361496620417508e-01,-1.082655618057592195e-01
-1.110166967910238417e-01,5.955807676778309551e-02,-1.657652248376519921e-01
-1.170483502745296167e-01,-1.202225612107049452e-01,1.248157458304045009e-01
-9.474886075367357826e-04,1.621618054270053677e-01,-1.334914809040194106e-01
-9.900404557021953711e-02,1.198380218529929292e-01,-1.426210229014166775e-01
-1.635194062179946284e-01,1.323855648423574727e-01,-2.504738802427950925e-02
-1.470617082997855152e-01,-1.471302285636786056e-01,4.480482450770001401e-02
3.484527934373649743e-02,1.429637827194925603e-01,1.549868583949438328e-01
5.194782491211901582e-02,1.516716219549260336e-01,1.427045026940942929e-01
-2.010027913857835857e-01,-1.799227000054779563e-02,-7.574358732643571290e-02
-1.752437355583317813e-01,1.256422708483699580e-01,-1.907691941673567149e-02
5.619573962478683488e-02,1.232420693195620531e-01,-1.700379089485948292e-01
-1.040069935324672012e-01,-1.911890025752304711e-01,1.702361061658734867e-02
-1.882343104090286601e-01,-1.865853580580335153e-02,1.108290651493818724e-01
-1.422952374724935909e-01,1.544426581577871271e-01,6.608821753226747087e-02
-8.836413570247478311e-02,1.816620164941475657e-01,8.980769712250843972e-02
7.512163794565182573e-02,1.852220545561813758e-01,-9.660609017160264045e-02
-1.801705339312058007e-01,-1.311760297498599029e-02,1.306141775327532562e-01
-1.929092171249952858e-01,-7.328287385608073853e-04,1.135397852707145661e-01
-1.193277977535059098e-01,1.169477042737839811e-01,-1.503462977791825694e-01
3.340411415937449141e-02,1.623161883183429355e-01,-1.532107016580707970e-01
-7.801718286941602964e-02,-2.122391457893427480e-01,1.488821259100674838e-02
-3.739204969201983392e-02,1.743927478743403647e-01,-1.412890436373220038e-01
-3.165823616175128530e-02,-2.259811038547449857e-01,-1.120648074955528199e-02
-1.035419766819346415e-01,-1.527933826291589248e-01,1.362062351128449644e-01
-2.008218708420017040e-01,7.496586658876164266e-02,-8.423250883100000252e-02
-5.068849152917380418e-02,-2.230430518557714459e-01,3.397553095000581391e-02
-1.616903445260129135e-01,1.213179188877451659e-01,-1.141903145981477408e-01
-2.012607375239579000e-01,7.971647549314765657e-02,-8.644032729840540885e-02
-2.154730226052061770e-01,-5.464183233515999827e-02,7.315335221530708254e-02
-1.873609841857931668e-02,1.262515904375226816e-01,1.972572876169788048e-01
-2.172880319013735517e-01,7.102390613089196170e-02,5.813417237392883019e-02
1.282666562905338259e-01,-1.967163352814086386e-01,-3.045469572225402086e-02
-9.358499390772005710e-02,-1.377565782170683817e-01,-1.696559646449642411e-01
-3.852732877647234606e-03,1.230436670524181347e-01,2.044665733458742862e-01
2.953155532636703162e-02,-1.544547888525156232e-01,1.807698403995120218e-01
-2.140380337542458627e-02,-1.197584346467485822e-01,-2.074918299100568797e-01
1.081665507047159802e-01,-2.059772805811178054e-01,6.461684782419634121e-02
-1.570841928681825928e-01,7.335533778736230692e-02,-1.694002071435477819e-01
-1.899337491427630781e-02,-1.861101836409190247e-01,1.555892669435962883e-01
-1.872476343411849375e-01,-1.538389166424080357e-01,-3.053791140207573127e-02
1.013569334189291966e-02,-4.561522030994024507e-02,2.406949445602294402e-01
-6.103553447006028476e-02,-1.812173658758223505e-01,1.549559946909369879e-01
-8.520745660230545637e-02,1.735787091260558301e-01,-1.537772842071747359e-01
-1.834298050559732829e-01,1.142972941883170224e-01,1.216136863932986284e-01
-2.140993514717292601e-01,-1.128402777782440275e-01,5.825579328366203846e-02
-2.265974633323974453e-03,-1.894801560752075731e-01,-1.628628460604846229e-01
-2.230050329529093267e-01,1.125270652354938700e-01,-2.252985398611374174e-02
-1.111683643060592530e-01,-2.139761609762827754e-01,-7.230506347390924793e-02
2.349655994033113537e-01,-9.276389665710638166e-02,-5.598734626770371023e-03
-1.416216898738663910e-01,7.129936308987629145e-02,-1.979397921549806705e-01
2.121709522409026827e-01,-3.885655665265187741e-02,1.351714486074010180e-01
-7.843577458165694460e-02,-2.431367836589936327e-01,-3.043366826332869358e-03
-9.491629719767016859e-02,-7.620046445048195283e-02,-2.257047808117119136e-01
5.019131148786201008e-02,-6.069574158033399364e-02,-2.450276058432316884e-01
7.015433804144086127e-02,-1.071137989566197657e-01,2.243482950274770238e-01
4.657281956892232039e-02,-2.259669905268150425e-01,1.182565871424401255e-01
-1.663190789931578428e-01,1.929732081227213958e-01,5.294994799149178866e-02
-1.084905267150023354e-02,-2.473389908624990252e-01,-8.307753386557029107e-02
3.969916059663719521e-02,2.564555790340329322e-01,-3.666788162258743933e-02
-1.144326124739413614e-01,-2.064657620776336466e-01,1.160304357066456460e-01
1.938624768721389502e-01,-1.791685388654835620e-01,2.449588686496998401e-04
-1.219053693878523886e-01,-9.857698234724705799e-02,-2.135555133204159739e-01
-1.599189698323984499e-01,1.896350353386154208e-01,-9.566143968506002349e-02
4.736359644748740216e-02,-5.493288920321211244e-02,-2.567687163682321194e-01
-2.559951783826727167e-01,-6.256603872841293157e-02,4.743074980738706120e-02
-1.870527502873166326e-01,7.231015217741011691e-02,1.788546393488985586e-01
-2.472208634134490934e-01,6.043823755998069952e-02,8.914281405672798420e-02
-1.599648089228195569e-01,-1.107558710472925367e-01,-1.880819943238226655e-01
-7.638350183300454677e-02,-1.806505308721473024e-01,1.878206897126592778e-01
1.648375191613517254e-01,2.061947314725224786e-02,2.160242797042380980e-01
-1.236196842620621711e-01,-1.767755459870009038e-01,1.680809623925818286e-01
9.595385947764242807e-02,-2.443248393970789689e-01,8.001631960347510564e-02
-1.666624938984081483e-01,-2.034364606538077436e-01,-8.164276498280627348e-02
-1.779748032990829398e-01,-2.060559011334410773e-01,-4.712099441137832662e-02
5.513563953600995188e-02,-2.346109752319468778e-01,1.371150502394989645e-01
-2.229538926418535849e-01,9.634443002113306231e-02,1.357300076250132492e-01
-1.455575599924289754e-01,2.029835307842010883e-01,1.247267247370658916e-01
-2.639841790682418976e-01,-2.105884378262410164e-02,9.137789245268559957e-02
-9.934059423253513432e-02,6.627215330647501235e-02,-2.544753053158899103e-01
-6.594616421690414898e-02,2.722652508552521611e-01,-3.286935814943791473e-02
-2.665751698690667637e-01,1.355871144968136786e-02,9.409122177978139490e-02
-1.464433657368617026e-01,-1.960654070053593212e-01,-1.440691437248430851e-01
1.207602032617955401e-01,1.128808405466407844e-01,-2.320867605112300336e-01
-2.823342392373568988e-01,1.247068168666268413e-02,4.323939959144736805e-02
-1.176868574984213378e-01,-2.615921412630254350e-01,2.795288344838035670e-03
2.147213658491365362e-01,-1.915068889756846027e-01,7.825927827315630816e-03
-7.233498041970037873e-02,-5.489514174780516648e-02,2.741364397136897835e-01
-2.501147669069836987e-01,1.327514419755954911e-01,6.143102350996981764e-02
-1.201143481167483984e-01,-2.123641330294504664e-02,2.638853077436286165e-01
-1.152930565857472472e-01,-2.716195884160744339e-02,-2.665440241063322668e-01
-6.405292243906292315e-02,4.487816024972906409e-02,-2.819991690183143440e-01
2.491843387041204894e-01,8.580608666381991934e-02,1.294276910808169201e-01
-2.146116735184928626e-01,-1.781020226452968702e-01,9.485540540636372420e-02
-1.998995486115634213e-01,2.095318504737861409e-01,5.902495976704005831e-02
-2.471738746771490192e-01,-1.092865391448530205e-01,-1.219940586263603688e-01
-2.035544077046658740e-01,1.435987828378620101e-01,-1.626099551402930277e-01
9.937580431545120496e-03,-2.982883506114982208e-01,7.959382108562959059e-04
-2.547085671596959200e-01,1.475886591135042725e-01,-5.474607929666485545e-02
-2.749398784252256034e-01,-9.088460708077594763e-02,7.991916188155215317e-02
-2.051357512044549858e-01,-6.697153888717655157e-02,-2.103771426429287827e-01
-2.993126695071577359e-01,-2.281674964746477352e-02,3.610370058390714038e-02
-1.878866039052374814e-01,2.252274103159854768e-01,-7.728853764777576796e-02
-9.456588524177984845e-02,-2.798555397715846160e-01,-7.302708582642389312e-02
1.209846788067345108e-01,1.381152436089164715e-01,2.438781742219903459e-01
2.564034389194897595e-02,-2.350173820913623313e-01,-1.946698830224036225e-01
5.880231503008753052e-02,-2.511813842263999064e-01,1.668437769612806654e-01
-2.091065860591782323e-03,2.532952902653908267e-01,1.755729517352609681e-01
6.471868923199260160e-02,-3.020376948675153050e-01,1.334039996928012596e-02
1.511623110438166384e-01,-1.043638657255130942e-01,2.499166082104353204e-01
4.884221437026240592e-02,3.069357936061395398e-01,-1.464180750119680428e-02
-2.187170309539054891e-01,1.131107641799916907e-01,1.918075314952286115e-01
-1.976875491158530951e-01,1.522023440459599197e-01,1.891814613355110031e-01
-2.647833964795507367e-01,-9.697199062029483729e-02,1.383416438855913366e-01
4.487349129184738106e-02,-2.975867211561302739e-01,9.327310940411967510e-02
-1.521275841440918319e-01,-1.166657452820433621e-01,-2.512752649966266127e-01
-1.645801689094073261e-01,-1.311227312546882073e-01,2.371438815524573585e-01
-2.281367818676688364e-01,-2.041233829688809120e-01,-8.620218834728729518e-02
-6.467210228846809184e-02,3.090426912764320799e-01,-4.563686988872065614e-02
-1.154145856835418898e-01,-6.972169541644088198e-02,2.902110681022199157e-01
-9.413892252575361760e-03,3.186198818737799310e-01,3.782682227914414136e-02
-1.431981983510937917e-01,2.797687852663006125e-01,6.998814894985001811e-02
1.121415058361012462e-01,2.438107563401362976e-01,-1.797060464180961492e-01
-2.336581730640164833e-01,-1.770696240327396809e-01,1.378601482937202583e-01
-3.032721490399361564e-01,9.724013987916230173e-02,-6.457279179958770599e-02
-3.115686925761132486e-01,9.322137922918143083e-02,2.192300502593784797e-02
-1.109163464601742866e-01,2.479407053609626599e-01,-1.819835479882049578e-01
1.358596485631368422e-01,-1.885014882971587646e-01,-2.314218678507610483e-01
-1.156706936540806557e-01,-9.461726676578612050e-02,-2.930338680444914967e-01
-2.698503548641281169e-01,1.892049702953633450e-01,1.549384024024556480e-02
9.546113791281117533e-02,-3.112746764954358869e-01,5.926567130873903327e-02
2.172501202345344939e-01,-1.262256009296613690e-01,2.169069211786898710e-01
-2.852372692171115665e-01,-1.143537835212615067e-01,-1.280881789508747648e-01
-3.185446162833995010e-02,2.921505867813116719e-01,1.585690004557687993e-01
-2.668742551996569623e-01,-1.744454532799187552e-01,1.026033435579214032e-01
-3.248595387312424032e-01,8.233689641995110831e-02,2.323319238527714325e-02
-2.820567241609352183e-02,-2.527773058404680362e-01,2.209884270347609037e-01
-3.929569725581696232e-02,-1.866361296415795790e-01,-2.789770324985929029e-01
-3.232104593725911856e-01,9.032350788511284145e-02,-4.756302682500827828e-02
1.931506387864312946e-01,-2.764197526530426385e-01,-4.305066227342260049e-02
-3.405561971716258851e-01,1.656209784945879629e-02,1.028966533043175653e-03
-2.663106698317304066e-01,1.981363554309328034e-01,-8.223515323134228394e-02
-2.617896775390144426e-01,-1.992206910715579177e-02,-2.206854526172319642e-01
-6.400452832270313308e-02,2.776215275783304737e-01,-1.927587844096449732e-01
-3.419282973591264430e-01,-3.560582181894666326e-02,2.897636081097349631e-02
2.796249935136560505e-01,-1.934753596168939660e-01,6.401807550607366282e-02
-1.824719514858268166e-01,-8.772727563909094028e-02,-2.818342927307987966e-01
-1.270782777482387937e-01,-2.091924958344767993e-01,2.474195962148195704e-01
-2.632523257910128756e-01,1.245409088970109018e-01,-1.924097462866453390e-01
6.368776984923983642e-02,-3.031947288901721271e-01,1.629728792114468749e-01
1.146027557088007964e-01,-1.889221722148973492e-01,-2.728191292747680352e-01
2.537819838643862180e-02,-3.944010753908068490e-02,3.489572027590507330e-01
-1.689669784396200802e-01,-2.782355174753633476e-01,-1.368343624399422920e-01
-4.060852913332767267e-02,-1.863975781721078362e-01,-2.983553237212350218e-01
-6.373834453219612284e-02,-2.971304014750085765e-01,1.838021518585309932e-01
-6.767510958353673001e-02,-3.496629549312556540e-01,-3.769789943434539211e-03
-7.082755436923553194e-02,-3.273402073118176214e-01,-1.241731034521166566e-01
-3.046326915824369985e-01,1.838864260521733129e-01,-4.127210745167684408e-02
-3.430142051308306406e-01,5.716769899328030813e-02,-9.014513544642686893e-02
5.669793952114878660e-02,-1.796964897154288421e-01,-3.070581207973039906e-01
-2.821050245239455356e-01,2.240517568208317267e-01,2.734373483353884707e-02
-1.274889452995603412e-01,1.605386233490875558e-01,2.987419878853466160e-01
9.356191476659857231e-02,6.471977122776957636e-02,-3.450738097990873054e-01
-2.440917087187761680e-01,-2.463941740675618663e-01,-1.116957435109469515e-01
-2.362254555158418978e-01,-1.523968506644637344e-01,2.334325007123323192e-01
-1.649772608746739311e-01,-2.347451779795069471e-01,2.279237729128522905e-01
3.319454509422829769e-02,2.355782706404569160e-01,2.800534465887790647e-01
1.025174299989608379e-01,-1.572114405073037902e-01,3.171173496039249584e-01
-2.748921978961693657e-01,-2.247761371172414258e-01,-1.022802186317415818e-01
-3.494475557151791589e-01,6.985096421018731350e-02,-1.016070774202756793e-01
-1.960194488635237375e-01,-2.907731776951508751e-01,1.229326404707718062e-01
-1.882978768903227074e-01,-2.975756772193873245e-01,1.218563219753582005e-01
-2.378202200041141245e-01,3.796155942867060745e-03,2.881971524998473422e-01
-3.132285720667350448e-01,5.437895563610038729e-02,-1.983388279241097008e-01
2.398362422070102751e-01,8.628148345361805194e-02,-2.760824622563754493e-01
2.875528793154873974e-01,-2.150370265520110402e-01,-1.142047389237602212e-01
-3.112418036519981612e-01,1.216643827172698561e-01,1.763020445607426934e-01
-3.199391131847612590e-01,1.985327362349905422e-01,-4.205391744818322286e-02
-3.250965963560328298e-01,-1.961335771203794043e-01,-1.342781401968776503e-02
-2.813325237768631859e-01,-1.480236975526639520e-01,-2.099335583577076614e-01
8.418609935056359239e-02,-2.915087592323079013e-01,-2.320862516825751010e-01
-1.886860479136306945e-01,-1.034819816802696468e-01,-3.168884480254921532e-01
-3.423385229812519470e-01,-9.037597424958451753e-02,-1.488935076378325728e-01
-2.615609962941275318e-02,-1.742735770352022151e-01,3.424672950424797468e-01
-2.625492801333854098e-01,1.531075791125893482e-01,2.382744637166414325e-01
3.401047923299527209e-01,1.848347272446397571e-01,-1.123117613997000504e-02
6.398079207678313007e-02,3.827275975068487046e-01,-1.424244419512109804e-02
-2.496381649865546670e-01,1.247902410054660969e-03,2.987885099763583074e-01
1.153590182245397278e-01,-3.703804642749890519e-01,-4.390351073256393288e-02
-2.221308146397415473e-01,2.980156869393054686e-01,1.228253524989089823e-01
-2.310437201551993058e-01,2.840828243947117193e-01,-1.413680086888533249e-01
-3.715565000956958519e-01,1.153055467655000887e-01,5.958412264791830559e-02
1.874689838483575011e-01,-2.152683350424388631e-01,2.724858861469665050e-01
-2.681330342961130708e-01,-6.418761570473049960e-02,-2.838223016942736932e-01
-1.366102531279607679e-01,-3.716538333289186591e-01,2.492909719865160981e-02
-1.115976709557411489e-01,4.413603212952679766e-02,3.792774330072460343e-01
-2.086281648575390169e-02,3.195497763567596849e-01,2.378070430936866930e-01
-3.040093064441600768e-01,-1.506510144329664957e-01,-2.117341030928004131e-01
2.874589153878637227e-01,-2.214064746738564626e-01,1.707266561928017512e-01
-3.690151322601797346e-01,7.485257109726217717e-02,1.410014969642796046e-01
-2.395790754844777937e-01,-1.336406845273593047e-01,2.953931531753043460e-01
-1.263903968362009300e-01,9.225994576735375985e-02,3.726799930535500405e-01
2.039657891354026975e-01,3.485156620446493991e-01,3.429975772024729253e-02
-3.480279043747678824e-01,-1.245927767601534980e-01,-1.687096236371652958e-01
8.687159868824505249e-02,1.043005112214963857e-02,-3.979013264358353119e-01
1.485817203410682574e-01,3.800808393610407010e-01,1.781400169748527038e-02
1.405180713340111465e-01,3.113363412167940991e-01,-2.259584788158694735e-01
-8.113570653568253840e-03,9.133034017820632067e-03,-4.104441520576848079e-01
-2.753072425841430748e-01,-2.886857085015236968e-01,-1.018042345960796097e-01
-2.654130637227286593e-01,1.567219718423971675e-01,-2.745522368541357672e-01
7.782096338928043422e-02,4.058156049586985614e-01,-2.308248392507939242e-02
-3.080537902893722424e-01,4.773986488029860475e-02,-2.738478002826180147e-01
2.226058558095382611e-02,4.054350647721252643e-01,-9.051300521336363980e-02
-3.113813063290139516e-01,-1.655755280134942331e-01,2.226932597524432789e-01
-5.046483361216432678e-02,2.411814324253947206e-01,3.378669412243709980e-01
-3.617140827498531719e-01,6.459997899466743410e-02,2.019051254766384418e-01
2.619336645184722201e-01,7.275727722501663941e-02,3.205978547888040375e-01
-7.108147468003422897e-02,2.608488672699500466e-01,3.232713583516915734e-01
-3.470094088386069808e-01,-1.910111461718607129e-01,-1.470197651500282088e-01
-4.170340895660401004e-01,2.226698951179267166e-02,7.086733754924312567e-02
-1.945895480887164519e-01,4.040498225344533317e-02,3.753144291422298440e-01
-1.839001185234969971e-01,-1.763988121215978033e-01,-3.411000611005549632e-01
-3.618876316509279101e-01,-2.202517155842640961e-01,-5.235812604136871190e-02
1.048607040758016140e-01,4.105599842415741385e-01,5.993937568204374400e-02
-2.860992013852983046e-02,-1.138691167969463208e-01,-4.126739579446542794e-01
-2.790839608264255589e-01,-1.228783165426362324e-02,3.270863978632950198e-01
-2.680348014652423894e-01,3.601105066560066764e-02,-3.358990137366427153e-01
-2.994326325974156489e-01,2.880756419842760430e-01,-1.194434616871639793e-01
2.016269957561734050e-01,-3.322305979868844239e-01,-1.919208431201280540e-01
8.025673053883887464e-02,-3.809128570917207357e-01,1.930851790285472436e-01
-8.362930828394424254e-02,-3.695907607154084173e-01,-2.149029215318906949e-01
-1.088934364459084869e-01,1.907810754938906242e-02,-4.225079230210498915e-01
-1.907895228148266398e-01,-2.430588740166550743e-01,3.101936659589160650e-01
-5.885005995398886330e-02,-1.753425957289368453e-01,3.980667332049895313e-01
-3.021609286214556600e-01,-3.083722007732828119e-02,-3.184083587396578374e-01
-2.365570210952226693e-02,4.173285014275280869e-01,-1.410226617463834209e-01
2.307815543096266436e-02,3.395705187210939502e-01,2.823947828404787530e-01
-1.376983735065689385e-01,-1.061711248616570430e-01,-4.078423333188782030e-01
3.047142572818556383e-01,2.290663065991809799e-01,-2.285406359095804862e-01
-1.941936900510197739e-01,-9.302105256926820886e-02,3.900984786588372333e-01
-3.008627759442614180e-01,-1.677790098961707554e-01,-2.843662934909114703e-01
-2.343922772728093407e-01,3.267463428177939666e-01,1.970392465680924354e-01
-4.443913919522706202e-01,-2.196061560132008678e-02,5.966496554077593134e-02
-3.424065697309668366e-01,-6.506612999753857984e-02,2.846964592121201121e-01
-3.478289513273312428e-02,3.192918927207505919e-01,3.168222951268733212e-01
6.635446831429166192e-02,-2.381789907094724879e-01,-3.786958358123006518e-01
-4.475097331676540502e-02,4.326733551236801034e-01,1.278535332257441925e-01
-5.591770082010746878e-02,4.425647530708375910e-01,-8.707101273582970591e-02
1.636843047135434770e-01,-2.224333734075425728e-01,3.623843871214136869e-01
-1.793768699914039810e-01,-3.820499715426411425e-01,-1.745761947406005710e-01
1.802358551027526401e-01,3.376007179582703466e-01,-2.513622512220947125e-01
-2.760302238197560043e-01,-2.175205999417681099e-02,-3.660697574365112672e-01
-4.369567927155831311e-01,-2.246566944280343342e-02,1.423773445617234346e-01
-1.908460173685497807e-01,-3.737773927033282151e-01,-1.913465336748068901e-01
4.550675244755815196e-01,8.185542080569048473e-02,-3.338475104615006689e-04
-6.338386820351073203e-02,4.583013535250283765e-01,-2.783025032489071932e-02
8.769324392721800088e-02,3.101569373074242186e-01,-3.346546042527885345e-01
-2.829743834880850128e-01,-2.829079965026989191e-02,3.688616469829363309e-01
-3.624987152869166840e-01,2.707422794522049148e-01,1.152537376265096031e-01
4.843433981023406720e-02,-3.097858610262546053e-01,3.474722993875530297e-01
-3.378404001014761460e-01,9.023537331724779120e-02,-3.127864406457893098e-01
1.409644213298478221e-01,-4.142403732299579922e-01,-1.723813755188635666e-01
-1.088955198498712251e-01,4.102391959751449657e-01,-2.051783818472595056e-01
-3.216486285828566438e-01,1.626713198344646033e-02,-3.458396939071391452e-01
-1.029498032123455364e-01,3.315464869867359998e-01,-3.223112195825911241e-01
1.243957580366780447e-01,-3.870072796651111147e-01,2.454379617296221228e-01
-1.928372273618137733e-01,4.318204609739554889e-01,5.403583696567232364e-02
-4.507238961998521476e-01,1.779790155416342834e-02,-1.555513188508738098e-01
3.620422200018544312e-01,3.123555372155261689e-01,-1.087608343847369825e-02
4.353291508271808219e-01,-1.655812797128383973e-01,1.137006882029298199e-01
-4.462931172471957808e-01,1.409110268984574976e-01,1.091992253602987878e-01
3.211747933037668035e-01,3.253320798951301884e-01,1.518848571279046156e-01
1.417263716921122463e-01,-2.521476605547646743e-01,-3.866620450898647920e-01
-2.301978914428247716e-02,-3.341027173729113064e-01,-3.494721511054073027e-01
-3.941410832024352245e-02,3.322506352686426245e-01,-3.513661869855789766e-01
-5.378473263143918742e-02,3.138479133760059270e-01,-3.675997209935574772e-01
2.530647109124988144e-03,-9.370689060086968836e-02,4.783932201845184085e-01
1.036874027977097018e-01,-1.120282671455495593e-01,4.641923450219954117e-01
3.012598194498884441e-01,3.317846177000161045e-01,1.976608841625085156e-01
-3.910035905737905826e-01,-2.498722944936497825e-01,1.603891377526847628e-01
-3.168679004165470547e-01,-5.282762545472213800e-02,-3.728120961291697677e-01
-2.634489099217746655e-01,2.413671386239633343e-01,-3.400965022380879055e-01
-3.625375583757503573e-01,3.353555561394397366e-01,-2.409041126586763254e-02
-7.266520883976841649e-02,-4.842431804758333680e-01,7.653478027899818237e-02
-3.247988749979440204e-01,-3.738623743070662586e-01,-3.896072650869294995e-02
-4.441763901834155925e-01,7.147869664283437730e-02,2.134092101542067743e-01
4.467568453545906482e-01,-2.064350482792410846e-01,8.307998101226141130e-02
6.425986186391245691e-02,1.029452494926591175e-02,4.960263349186940784e-01
5.774572940005212943e-03,-2.312480383214985391e-01,-4.449050309030961325e-01
-3.199217595354775789e-01,1.198094151215043091e-01,-3.686751182267903326e-01
9.740940109292675619e-02,-3.065954555517127478e-01,3.877064957601395467e-01
-3.328521153543947952e-01,-2.512699605729399321e-01,2.847151974453039913e-01
-4.569541528155032228e-01,2.102609227644179068e-01,-5.622587979110701267e-02
-4.938420586543933455e-01,-4.749941862448785884e-02,1.059916891664274968e-01
-4.462431259442649067e-01,3.425667882296899031e-03,-2.437665789481485157e-01
-2.537112819217409720e-01,-1.470633211484920211e-01,-4.168576071254835869e-01
-3.501127391821437507e-01,3.610440197887679892e-01,-8.966706482150961499e-02
-1.035024832491136387e-01,-4.323392433334007773e-02,4.995985157247218589e-01
-1.355240760503726716e-01,-7.041767004145350894e-02,4.899673901270626963e-01
-1.991674426416935872e-01,-3.989201478221945374e-01,-2.565258339535253507e-01
-2.766222189755988548e-01,3.667094656963021948e-01,-2.341707089113668760e-01
-4.761780823443566013e-01,8.404320460563971529e-02,-1.823405912858192257e-01
-2.920718471302546360e-01,4.273952340828274798e-01,-1.771324828120008493e-02
-4.931296896565148247e-01,9.173486874421660220e-02,1.338951543407493894e-01
-1.625952533734865146e-01,-2.956610608808265539e-01,3.961127272593092941e-01
3.420353734860793748e-01,3.382937880515503037e-01,-2.014179311619957724e-01
7.856840634791864564e-02,4.378145153884700491e-01,2.745757512137219636e-01
-4.662059913143725698e-01,-2.118947662990852965e-01,-1.106775745464733118e-01
-3.399602438865609866e-01,-2.374991656632462755e-01,-3.221380584839318439e-01
-4.479895130336546960e-01,5.838427805148622670e-04,2.762532722138131835e-01
-3.452201848719425176e-02,4.342443880724434213e-01,2.975133612159836516e-01
-4.624946115467500896e-01,-5.063807088730358508e-02,-2.511499556526526344e-01
-1.354840163364597616e-01,-2.247979522899972993e-01,4.603516763100565790e-01
-7.343846822290343856e-02,2.404699886607449821e-01,-4.678364093236312415e-01
-1.583381880114460571e-01,-3.831845620834903876e-01,-3.338698723323468287e-01
-2.380343136149359329e-01,4.313291963995690703e-01,2.048173700754733484e-01
-4.380192436973599501e-01,-2.806946915188038849e-01,1.236698272549410782e-01
-2.007920910193014274e-01,3.297858115888154806e-01,-3.717015431701146122e-01
-1.040405499054823935e-01,4.430597436337361805e-01,-2.853239712035929854e-01
-2.729021492747117361e-01,-4.548752599720662926e-01,-9.193146270518572083e-02
-5.123060996516347609e-01,-1.122264380065016581e-01,1.268577871647126043e-01
-1.179337589197556047e-01,3.257032884618784041e-01,4.152894700950023332e-01
-3.702190666835520894e-01,2.818508001101291960e-01,-2.779745969375974624e-01
-4.913815464676423404e-03,2.306482109695141280e-01,4.918019449589537961e-01
4.001158112550967094e-01,1.548615444238698458e-01,-3.351739360159997627e-01
1.569981385125726603e-01,-5.023045567062524031e-01,1.441767479065960422e-01
9.118527581224020184e-02,5.339806074520250245e-01,7.502354599170724114e-02
2.198527248064651995e-01,4.785750556352459939e-01,-1.518127404139535119e-01
3.619064914566571534e-01,-4.052222532456148385e-01,-8.110094994891607623e-02
8.309096493623148449e-02,-5.016503340167167979e-02,5.419270669532755269e-01
4.285370930470841500e-01,3.312438863705536862e-01,1.053109368604016188e-01
2.858830658341577902e-01,-4.357077051625990460e-01,1.850473003236472180e-01
-3.158751549630286481e-01,1.269924588523217435e-01,-4.373431942349497170e-01
-3.217877777053969046e-01,-3.272040875706532237e-01,3.129350970741089366e-01
5.531424140633768305e-01,-1.363159179014689776e-02,6.128191578547916019e-02
-2.623857181767238478e-01,-3.851528831583332924e-01,3.067457564904414458e-01
-2.544693443231899610e-01,-4.854982456833717430e-01,1.104423469734507057e-01
2.618384776787555102e-01,-4.155471122489174385e-01,-2.698245031744198053e-01
-1.012165718638441958e-01,-5.360802984300013785e-01,-1.334359212831454644e-01
-4.302091341032797112e-01,-2.417516919488963550e-02,3.621605868730344846e-01
1.272861593636007982e-01,5.493904919621793725e-01,-1.379122183357767845e-02
-3.164902204481476189e-01,4.931517691675692955e-02,4.658602202509595780e-01
-2.582403994834692740e-01,3.255354866172759376e-01,3.851868636671063606e-01
3.570349296591360244e-01,4.355774640823166233e-01,-7.238768153694780105e-02
5.312298834685506843e-02,-9.162888526971324499e-02,5.591419412048270754e-01
-5.196184788880019445e-01,-2.323530171223636698e-01,3.587492310993702083e-02
-3.288888595846701235e-01,1.504603222960312209e-02,-4.672359632058243895e-01
4.833811331592242633e-01,-2.188405299999016396e-01,2.158364177418474195e-01
-3.734453538704239905e-01,-3.729918117887719986e-01,2.257973296262727192e-01
-2.790936037562152250e-01,-1.586197148392485268e-01,4.774462968982597921e-01
-9.610933440056454446e-02,-2.057031266520648327e-01,-5.300019699063897027e-01
-2.402553392059446624e-01,-2.860304044374508692e-01,4.408696904508099257e-01
4.585571869467636730e-01,-3.528947403045362696e-01,2.338282596765764790e-02
4.284329024440913791e-01,1.746634263498182127e-01,3.503611580187543373e-01
-4.998649430277372629e-01,2.865379034253674462e-01,7.943407027764021189e-02
4.061623817836491207e-02,5.605948255055619445e-01,1.543729368655183121e-01
2.149640663004825578e-02,5.572336878562169638e-01,-1.739228624191123951e-01
3.151625316225056816e-01,-4.361046430348903269e-01,-2.306170784140586516e-01
-2.129940567548125052e-01,-2.212250289927093216e-01,4.998750763354709581e-01
-5.519010640815092961e-01,-2.003133371011692754e-01,3.082071803425638634e-02
5.236053932631156149e-01,2.133623900449037047e-01,1.657618573736072687e-01
-1.002350530231940484e-01,-5.449721459361399623e-01,2.040081086075706263e-01
-3.089149125072951918e-01,-4.998408824353890029e-02,5.022320463583078709e-01
3.682961082997977531e-01,-3.876570179564154950e-01,2.564208829686200342e-01
1.656405649025460836e-01,-4.821371460722793101e-01,3.054364144007382653e-01
-3.663492251405285338e-01,-4.513271340062045556e-01,1.295926083390540606e-01
1.654715994364142628e-01,-4.950110897928446940e-01,-2.894962917512741152e-01
-1.405595038398597674e-01,-3.248611213746262910e-02,5.804656458840721234e-01
-1.315743445234796305e-01,5.788810900093459555e-01,8.288757360119726469e-02
-4.177143201847245413e-01,2.395179099930390687e-01,-3.591228421711862295e-01
-5.424341992176728855e-02,-5.654322516250739339e-01,1.992741733951626237e-01
-2.741380832120967614e-01,-2.378420335212409198e-01,4.818647139639567478e-01
-5.624879187716288476e-01,-1.480999193900515154e-01,-1.647449662207504106e-01
-4.599111977400602291e-01,1.034392373275691557e-01,3.805355257634388533e-01
-4.056448754604355389e-01,4.298192136467404723e-01,-1.389106849622147033e-01
-1.204595274723172516e-01,5.071251277733835883e-01,3.138000427776415635e-01
3.237820743260273471e-01,-5.102539009899152989e-01,8.084848554191839676e-02
-4.262943056585838386e-01,3.086811870095125809e-01,-3.103193277899245484e-01
-4.487610857467526637e-01,-3.749399974490569276e-01,-1.814560458089972961e-01
8.941220284498860305e-02,5.693973724677602322e-01,2.104136253411670043e-01
1.378119455328829790e-01,-4.795837237743350023e-01,-3.592816681622347796e-01
-3.179553343910264396e-02,-8.726670481384497802e-02,-6.091378865145756771e-01
-2.725744994657153253e-02,-6.166312240132888478e-01,-1.740656729534663036e-02
-5.796398201857185795e-01,-7.989996343197447448e-02,2.013046563173563341e-01
-4.318868993430318159e-01,-2.077912792018343779e-01,-3.934482174208260297e-01
1.953348258012938821e-01,-4.788401622725830808e-01,-3.445022471205266279e-01
-1.265586245557865641e-01,-2.269971171037921676e-01,5.658677305756818487e-01
5.849441203147135449e-01,-2.019636955371698905e-01,-8.020647111212993174e-02
-1.463912123520787201e-01,5.679764422463619011e-01,-2.167733539832621126e-01
-5.452272387524046415e-01,-4.097829185380944678e-02,3.061175619393516345e-01
-1.018874085106259431e-01,-4.393447777381478958e-01,4.369233318088805440e-01
3.597972790566475454e-02,5.741725876197284473e-01,-2.549323128760243584e-01
-5.568137937228309076e-01,-2.151190723170804953e-01,2.032216745443697903e-01
-3.265457042531919596e-01,-3.239115913825274529e-01,-4.332771822664243100e-01
-4.497871193848317906e-01,3.651111357794615264e-01,-2.556047841540326493e-01
-1.550517223753347142e-02,2.715330807817914471e-01,5.732814892334301415e-01
-6.030614087637503618e-01,-6.545053453872368143e-02,-1.906168273433296589e-01
-2.034951914856789057e-01,4.859860580835197452e-01,-3.583205687513315030e-01
4.068548993287652293e-01,2.825513597868635762e-01,-4.028776785899543245e-01
-7.689928699791666322e-02,-7.174950439142195602e-02,6.311187021763797755e-01
4.980604200422188849e-02,-3.741212290389989148e-01,5.182915891902535321e-01
-4.338410658161986344e-01,-1.022128893769870261e-01,-4.627252629611130486e-01
-6.115584934613844670e-01,-4.047237386141370324e-02,1.971056635073345775e-01
4.272545370262874620e-01,-3.584408182910630569e-01,3.243207629407295900e-01
-1.442265966160931020e-04,4.998352070684506931e-01,4.099979054678493107e-01
-5.665424838723792655e-01,2.756318868434880498e-01,1.507285944983025316e-01
-6.116035343136728697e-01,-1.965044321534095417e-01,-9.340256208474558008e-02
-3.597351392857209840e-01,-4.788911504417782128e-01,2.537535889506344899e-01
-4.444054666995869152e-01,9.314094776612936999e-02,-4.676657258326936129e-01
-1.122925040011583941e-01,2.310355432468898795e-01,-6.005389122131750135e-01
3.114060446626893408e-01,5.569194474806093975e-01,1.458012142583961779e-01
-3.956525546376156166e-01,-1.551271810440112975e-01,4.995480359421458072e-01
-1.806302296777733407e-01,-1.129038113908020086e-01,-6.217293559928122049e-01
2.538823357176734352e-01,-6.054306383392226154e-01,-5.189848215827005951e-02
-2.880213592708370518e-01,-1.681760557005614054e-01,5.694174093135786485e-01
1.202237014489476313e-01,-3.274779637138844346e-01,5.617522298675017289e-01
-2.497314552259095599e-01,-2.147077074474506575e-01,-5.749670539637622424e-01
-5.427447867873702592e-01,3.820289818761093970e-01,1.819918348423501739e-02
-5.385099466164456894e-01,-3.872767985284594761e-01,-5.172716171909343824e-02
-3.020278439559250655e-02,-8.257671932043657292e-02,6.608550278131183342e-01
3.644487255675178394e-01,3.552664318404795130e-01,4.327097184594247414e-01
-6.327002676090127675e-01,2.160765309117141375e-01,-3.310974048851154927e-02
-3.091388104453446917e-01,-1.583771703475377324e-01,-5.738212218834121137e-01
-3.029837642109822760e-01,-3.196628647421914660e-01,-5.077098093536056567e-01
-2.534862989589485305e-01,4.977661480506757608e-01,3.762499490411571057e-01
3.383778122853725034e-01,2.111476113466365101e-01,5.443814816823723257e-01
-3.176480641168489272e-01,-3.492056919745195609e-01,-4.841886446673795974e-01
1.073803671922437114e-01,4.101713114273591310e-01,-5.285526655769271498e-01
-6.090955423627300025e-01,-1.876733357782155442e-01,-2.340548179464682910e-01
-4.598615260955917217e-01,-8.879251094559948527e-04,5.013922714785731261e-01
8.184806960289711664e-02,6.581704930579198587e-01,1.576495673507036510e-01
-5.084279897483859889e-01,-4.350667739807198564e-01,1.372517117580017154e-01
-3.006178974355900868e-01,5.666438527003797576e-01,2.388493961584350067e-01
-4.052617736236320267e-01,2.208103148498062052e-01,-5.073483882609776119e-01
3.119954602552338363e-01,5.130124473843393762e-01,-3.343217968767982495e-01
-2.690154014530743432e-01,5.001365051869944844e-01,-3.894760045923623126e-01
-1.361718024366098401e-01,4.962013211058256545e-01,4.597263250204645102e-01
4.232270486614105320e-01,3.921907633007172267e-01,3.809036570289644485e-01
-3.542982662008221650e-01,-5.000861627544116866e-02,5.932249378364021775e-01
-4.878975425108153519e-01,2.321304972860226690e-01,4.358246417282920504e-01
-6.197827671330368160e-01,3.150899284877653472e-01,-1.983017214578741347e-02
-6.245132171373892760e-01,2.571378424681600161e-01,-1.720725971729915038e-01
-3.876891975196150031e-01,-8.538772414706893854e-02,5.745414141574267664e-01
-1.726662119354434588e-01,5.693065824564529365e-01,-3.684027680583678022e-01
-1.546920837365438617e-01,-4.128012351376232347e-01,5.452231654534827054e-01
-2.625506299472239458e-01,-2.901483448979672586e-01,-5.834798413586442800e-01
2.321657021840276003e-01,3.231420675755282690e-01,5.807038571267276739e-01
-6.287295593767389112e-02,-5.083690845669311953e-01,4.848957213566177371e-01
-5.151718435861267487e-02,-6.411439999190964301e-01,2.928821075362628146e-01
-6.551690652046792129e-01,-1.814779249605274480e-01,-1.982642626005316211e-01
-3.579130248980894602e-01,-6.102158332220765091e-01,5.495953288298411482e-02
4.584118914899035779e-01,4.681039350985234937e-01,-2.760894871031844833e-01
-1.725861281996350360e-01,2.660688341781651256e-01,6.379015756985805252e-01
1.951041537524995928e-01,5.731477485689878693e-01,3.780849909681638921e-01
8.883010727504998816e-02,5.871211349776522814e-01,3.986625259235370144e-01
-2.834639539868274438e-01,5.382968960888706578e-01,3.787432601228942763e-01
-2.066079750300230111e-01,3.703960112961231510e-01,-5.794101846821017032e-01
-1.809389339814378439e-01,-6.722772532054588357e-01,1.814978079182263948e-01
-5.617013962838595109e-01,3.684361540976651694e-01,-2.615925935463358498e-01
-3.946584126251194702e-01,5.981736108001293184e-01,-9.039452359526546632e-02
-2.058745597705879116e-01,4.022237042744762348e-01,5.653583731523667000e-01
-6.830215985366654419e-01,2.602894286404999064e-02,2.422169852582910510e-01
-4.412326093637107260e-01,4.551909393752618382e-01,-3.550399010957617230e-01
-1.296637925047287032e-01,2.215293002959931590e-01,-6.812710214567087030e-01
-5.708926595345505950e-01,-3.332226012168277851e-01,3.084619327038387593e-01
-3.327407921151679937e-01,5.321274224448474532e-01,3.745949781944352686e-01
2.758833320871886263e-01,1.416005560083654635e-01,-6.634264239189956447e-01
-4.345801987949396983e-01,-2.180892938470433973e-01,5.495272445620872359e-01
1.967465934814326967e-01,6.741057659051991058e-01,2.176879475497676963e-01
-4.826658355384403909e-01,1.160009556039898332e-01,5.442542914201581317e-01
-6.778938833380258044e-01,-2.764885494725168869e-01,9.367658750777026200e-02
-7.539008131618167574e-02,-4.347131090644303919e-01,5.934938522661170612e-01
2.266302346668446210e-01,5.837214811497661859e-01,3.961584784552520944e-01
-5.782800335790239110e-01,-2.810776968370889972e-01,3.711701638765985689e-01
2.421724281101863552e-01,-7.032464009959220608e-01,-1.138856380426478930e-02
-5.979824081581310846e-01,-1.695095333383108138e-01,4.113100122742148201e-01
-5.717761327106821723e-01,3.701348732182292434e-01,-3.061552904743993220e-01
1.807691859443785465e-01,4.356109042596439940e-01,-5.808594772125588168e-01
-5.560472281713664255e-01,-3.113001650434916168e-01,-3.948618153709709810e-01
-6.439842688363304202e-01,-2.351392243497978096e-01,-3.069085849311332659e-01
-5.085524389041071736e-01,-5.535841991956411690e-01,3.621856577847409192e-02
-5.760138044028719762e-01,-2.617532494514324681e-01,-4.102277364977163776e-01
6.651016648592532332e-02,-7.433353934162761911e-01,1.176004782011907113e-01
-2.579327011403781400e-01,-3.324240074069362838e-01,-6.292697419650776780e-01
1.773658873512367340e-01,-4.714633670244166574e-01,5.670100550928749428e-01
2.392104193482562369e-01,-6.584806313686732970e-01,2.943581209253713915e-01
-5.043186041751932525e-01,5.685523825431259004e-01,-4.594857882422115347e-02
-7.453845531348264331e-01,-1.435669850228735167e-01,-7.571646032306476870e-02
1.569556741808626407e-02,-5.910632269609726874e-01,4.843446735498404543e-01
-2.145272929730009659e-01,5.381321386162151166e-01,-5.008392728328491250e-01
-6.006333813593749404e-01,4.253538976567029506e-01,2.168526434024097282e-01
1.114486149877931404e-01,-5.459810492862869902e-01,-5.295901745132557403e-01
-2.401838891564376244e-01,-6.033456079274178707e-01,-4.141800356977373698e-01
2.078354408570856071e-01,-5.236241718520443511e-01,-5.274144998803366180e-01
5.529416205705804943e-01,5.088500704596501389e-01,1.821064484737715261e-01
4.582931736950452972e-01,6.245704033412872169e-01,-3.688218349015715686e-03
-4.992643844633035122e-01,-4.695270197558032987e-01,3.643073908360516255e-01
-3.513727535750497677e-01,-2.003141329404008741e-01,6.642025504984518935e-01
-2.385223295371514951e-01,4.881148335844277819e-02,-7.401341133294846442e-01
-5.648118977727132339e-01,-3.978613031490583762e-01,3.634493977236350482e-01
1.151671253967950087e-01,3.573476487057772322e-01,-6.861308799045567897e-01
-4.806117079012629523e-01,-6.151097101583938853e-01,6.878166968508064860e-02
4.931820892546363161e-02,-9.973415533450406822e-02,-7.772056821260072690e-01
-7.639666336819771475e-01,1.854078770913422936e-01,2.763020413712596532e-02
-7.838732413171850544e-01,-6.076964812450024594e-02,5.475681511842172416e-02
1.873514808451368641e-01,7.661308509791272536e-01,-3.824644539936256082e-02
-2.350824824826147630e-02,3.971300648429245683e-01,-6.838374153787107890e-01
5.110193442335282388e-01,-6.059111234729032125e-01,-3.942712137278508999e-03
-4.721943113511154477e-01,-6.372406373555854486e-01,4.043486390910816519e-02
-2.261115767773912433e-01,-1.926431305685643858e-01,-7.381335505145970588e-01
-5.159654458806597344e-01,4.919506608641391332e-01,3.567232803183020273e-01
-5.680702514130870906e-01,-4.206306347324577088e-01,3.718455823032295604e-01
-9.439158248740991963e-02,-7.116945836746962906e-01,-3.534224141763914750e-01
4.575213250359867478e-01,1.770542846963251149e-01,-6.341002653094264252e-01
-2.281267728337828260e-01,7.374832322156895659e-01,-2.219731620230291913e-01
4.654112943082369114e-01,-6.394213093332596909e-01,1.489093033612621242e-01
-5.424372914077187913e-01,-3.241764031593752371e-01,-5.007655305999407780e-01
-7.270741207647153370e-01,3.050958224164701527e-01,1.756001761345442891e-01
-7.617226530380741822e-01,-5.612464010234795297e-02,2.676805481501548512e-01
-1.438028471551740795e-01,-4.889261112743974527e-03,7.979958106507236693e-01
-4.813622259505478951e-01,5.609804688138195772e-01,3.370098950384047276e-01
-2.186096364777151413e-01,3.107372289141826505e-01,7.198111431260018067e-01
-5.004328689075226988e-01,3.779394182662665358e-01,5.212521962184357704e-01
-7.427562257759671160e-01,1.207516817372269319e-01,-3.181418972419964297e-01
-2.643701523077194859e-01,-7.564359527841703068e-01,1.670622222035117177e-01
-6.958768771447984003e-01,-4.332849320481204636e-01,2.320947046551811999e-02
-1.347876968453682878e-01,6.493233115657799648e-02,8.078770963022475771e-01
-5.557448784824040589e-01,-2.431856100233350526e-01,-5.564132598116340311e-01
2.056773542738283278e-01,-5.515749403053273880e-01,-5.775768756653177904e-01
-1.346271432013768365e-01,-4.373968939450235127e-01,-6.879289761658330393e-01
3.692154661448284192e-01,7.294748480785885614e-02,-7.372970177364296385e-01
-1.352684584426616099e-01,-2.390097210538404959e-01,7.825563734078252454e-01
-2.588800901762808859e-01,7.895189137903743104e-01,-5.996323359142199071e-03
3.632762004982245108e-01,-5.270972677164014186e-01,-5.321457147508169561e-01
-6.218917850309917394e-01,4.274897982851882383e-01,-3.550724272836646711e-01
-5.399463725689342963e-01,-3.684189499238990639e-01,5.204804195548993206e-01
-3.443888229105253052e-01,6.894414059141640294e-01,-3.268799283386957799e-01
-3.897639928325387082e-01,4.765568490282506842e-01,-5.695422099001370420e-01
-5.323364315213620079e-01,-1.069004906373162561e-01,-6.412613359512541189e-01
-3.256164566419199602e-01,-2.237386780001970332e-01,-7.433532417207833198e-01
-5.725927997187105767e-01,-4.064439488926863131e-01,4.671629448462802925e-01
-1.117451236261264996e-01,8.155363576506791112e-01,-1.906916013617562800e-01
2.117592031710703038e-01,-2.842502062265456764e-01,-7.687439062466839834e-01
-7.254881357355028593e-01,-4.246722175472078531e-01,-1.122206181773610090e-01
-4.052377806653780778e-01,-7.815241372815588672e-02,-7.427121706250201516e-01
-1.894810045348402361e-01,6.334510434521094524e-01,5.361581604347090968e-01
-6.583463866341144888e-01,2.300580528059754937e-01,-4.908894015326872862e-01
2.270919084603930937e-01,-7.211294318667227365e-01,-3.980190361970892821e-01
-2.764043885415016222e-01,2.342042724001084097e-01,7.755470569264493186e-01
-8.327700372072998070e-01,2.044506806677542088e-01,1.154315490169275683e-02
4.222054554659149805e-01,5.928521814220563124e-01,-4.565428889962517833e-01
-6.785782255107065675e-01,-4.677534647129512613e-01,-2.482588939995539756e-01
-3.481872251571302979e-01,-2.453410273424872640e-02,7.885416258045844229e-01
8.009127059945536642e-01,-2.332258011669892661e-01,2.247822676734694547e-01
-3.642946821068422936e-01,3.670257189887058957e-01,-6.940610524564225781e-01
-4.977574128275630838e-01,-7.040527828837812585e-01,9.193272064412102984e-02
-3.693981576799645339e-01,-2.151688955968264760e-01,7.562574431787584261e-01
-6.445767718899465537e-01,-5.754055988150532652e-01,-1.043513689647299209e-01
-5.521153353271267550e-01,1.490659548086866182e-01,6.581782103706939058e-01
-1.604396021981002451e-01,6.057989868475249784e-01,6.085362165514861532e-01
-6.072387279327957632e-01,-6.167339015757096199e-01,1.294511408110291806e-01
-6.080116748364766677e-01,2.412540114342839048e-01,-5.837735950858137235e-01
-4.650936341725386836e-01,-5.392800327921607600e-02,-7.431538827466783736e-01
-3.083010234625023771e-01,-4.534189437954315727e-01,-6.882536321137292523e-01
-1.159694857868396461e-01,5.204733957493915542e-01,7.020197841467403777e-01
-1.433439877893088465e-01,8.150053549922454954e-02,-8.676600675659674744e-01
-2.764176313753276548e-01,5.188730438535281708e-01,-6.612466534779001259e-01
1.803225333212108150e-01,8.556798753943145597e-01,1.450750403048935433e-01
1.913317133758262734e-01,8.482104765303579708e-01,-1.804407455019204076e-01
-5.754720051751444077e-01,-1.725340221207104507e-01,-6.561837320626440206e-01
-9.069890844819457343e-02,5.678458650181122946e-01,6.809787553987131092e-01
-7.677643565427950678e-01,3.880867319635986634e-01,2.392422118514753726e-01
-8.716372924733598593e-01,-5.237454502071823420e-02,-1.942353448115023418e-01
-3.000701571081095254e-01,-7.160710977788045106e-01,4.475966285894840135e-01
-2.567157057409543697e-01,-5.732895904902272077e-01,6.414890717173605816e-01
4.186704426302442772e-02,-8.520377694057972295e-01,-2.851127888733820392e-01
-7.833988895950667608e-01,6.106713161717120669e-02,4.410382974529738487e-01
7.989480800354986645e-01,4.175418120808392919e-01,4.748486362292550500e-02
-3.270943295756856967e-02,-6.774438138008351817e-01,5.982300253339069007e-01
3.212307613446755972e-01,-4.528489274233358786e-01,-7.159553108984632042e-01
-7.242423103925761385e-01,-5.389259234106866803e-01,9.417247934161755707e-02
-7.138796862657378339e-01,-4.610826859173576819e-01,3.234305010937014724e-01
-1.811791032379834743e-01,-2.333319454677912352e-01,8.617194086163377786e-01
-5.106975004455486244e-01,2.579835939654989696e-01,-7.109661545653880310e-01
-3.820589540676269102e-01,-8.250066458394430535e-01,-9.620181083410099532e-02
-7.904408521508570623e-03,8.465355791168324151e-01,3.495760551545997741e-01
-6.636455248404825591e-01,6.201868404193556783e-01,1.298808368294535609e-01
-8.215842227677945253e-01,3.526454358158177121e-02,-4.107661566633560857e-01
-1.947747048257463809e-01,-8.306439873545498065e-01,-3.465870380719209831e-01
-2.958526570109088483e-01,-7.153018831973823044e-01,5.019053495676988330e-01
-1.530213558387482631e-01,-8.732588397166177741e-01,2.610989308422189681e-01
-6.420534683905649853e-01,5.832180349807793984e-01,-3.238474365123812926e-01
-5.799740162014161982e-01,5.284011985916502452e-01,-4.947409631690382059e-01
-8.608293388492924691e-01,1.210907902225126370e-01,3.282662375151498280e-01
7.708346816677068558e-01,2.671389547246313945e-01,-4.483429867327461404e-01
-6.461571957744047801e-01,-5.006732094341612704e-01,4.488755601646755022e-01
-5.429949154935383993e-01,-6.804758599818274689e-01,-3.390013003046134510e-01
-1.454442738133979729e-01,3.638362581248936745e-01,-8.499541349427055525e-01
-4.596298568786842953e-01,-8.142512619656862016e-01,-6.955403726013011101e-02
-7.958715108221030565e-01,-1.187125144966997697e-01,-4.845177499640662133e-01
-1.707306697200252354e-01,9.069397219779349317e-01,1.836887264491396110e-01
9.101340454652862011e-02,-4.527382767975296485e-01,8.217985870735824427e-01
-7.071503671702024096e-01,-5.350059743358033248e-01,3.248122015928661677e-01
3.386847548387645485e-02,8.485443444900179211e-01,4.169157181815024149e-01
-3.390042897023671231e-01,2.176766228812676562e-01,-8.578421634857675837e-01
6.932575795828832543e-01,4.527559723170089812e-01,4.645672261216250432e-01
-8.400093020598201621e-01,-4.550521702859607054e-02,-4.437979376342170990e-01
-3.482851270309743064e-01,-4.308764662707720294e-01,7.751914742029586414e-01
7.937766634287080070e-02,-9.502361478096742475e-01,4.330080528623826697e-02
3.448175430266466890e-01,1.137659515117753345e-01,8.846118174856900662e-01
-3.685747646309216474e-01,-1.791310138558528942e-01,8.658578273948417392e-01
8.233796410395798349e-01,4.151744926036251560e-01,-2.656993016291291365e-01
9.086256134860505318e-01,2.891134295189090597e-01,-1.225467968191421148e-01
1.732338798489375109e-01,-8.361843733643489207e-01,-4.452922097796692125e-01
1.340278900590538003e-01,8.380760139339619164e-01,4.587690942947256767e-01
1.344334623201292600e-01,2.497218127275190047e-01,-9.239507843525338604e-01
-8.051559231613838463e-01,3.303804068727514975e-01,-4.242823105516006499e-01
-1.428839333996519134e-01,-9.516545440562143021e-01,1.213049700648493046e-01
5.960943525560024048e-01,-6.996802073373771247e-01,-3.150246397992408909e-01
-3.161156293924420879e-01,-2.002736317467852523e-01,-8.985750416984409350e-01
-4.615481388830712239e-01,5.520172385280892602e-01,6.580960292728782468e-01
-4.155738337376396196e-01,-2.819659437153949622e-01,8.378592637827384504e-01
4.478826898778618393e-01,2.650313936147971061e-01,8.287089634542107452e-01
-3.957296557212032773e-01,-8.376462255378852584e-01,3.205317538472249872e-01
4.593326483192644027e-01,-1.936651932478110349e-01,8.461122217803889178e-01
-9.007843309339760296e-01,2.026000728671665252e-01,-3.396386096295249679e-01
-5.548752000245973370e-01,-8.012107407865969311e-01,-1.463340485643179756e-01
9.574112365252458456e-01,-2.396657583590752483e-01,2.445996213060438323e-02
-1.395849613376807796e-01,-4.468853572910865268e-01,-8.711655762666108416e-01
8.598217090304943744e-01,4.880116559819851485e-01,-6.424332865032136852e-02
-3.010502984228687340e-01,-8.606328376664857949e-01,3.920741073642935448e-01
-8.040015113578066405e-03,-9.670566992584943566e-01,2.307718184688095087e-01
-5.178991437532713960e-01,2.113931314557081914e-02,-8.504937295825375498e-01
-6.483002171595454444e-01,-1.577218534055754295e-01,-7.418450439616416370e-01
6.161018369964211816e-01,7.850641726311310409e-01,5.571422357059224034e-02
-9.715097053507560920e-01,2.205444875634896829e-01,1.002928727775604378e-01
7.138860947794453127e-01,-5.093734829978698864e-01,4.867892360941757923e-01
-4.744189254441052439e-01,7.453795087591490454e-01,4.784703491137033415e-01
-5.504223058753519027e-01,-6.052435313679601636e-01,5.863985339192715474e-01
-1.005560359239894508e+00,-4.264586144596468897e-02,-6.113794479246491970e-02
3.105362363037207363e-01,-7.592253452633497268e-01,-5.894262782490216068e-01
-8.650623062460629509e-01,3.530540170865945071e-01,-3.884340028221793251e-01
3.242234891032453464e-02,8.908914252454881444e-01,-4.824049407530103806e-01
-8.090602222408905808e-01,-5.271022047779042596e-01,-3.140718592595666547e-01
-8.470347383402232477e-01,2.765202386634739717e-01,4.906513816593694455e-01
1.353885296210042277e-01,1.001395029241182399e+00,1.310439812234605872e-01
6.272966627952073493e-01,5.396857379430305413e-01,5.976353914801280087e-01
-6.261397243986474015e-01,7.871943744006980603e-01,1.839837494771613680e-01
-2.420895394768352027e-01,-9.281258241562054812e-01,-3.594551306153227488e-01
-3.055054666378289041e-01,6.010322415147184572e-01,-7.735162045192129909e-01
-9.818803588930984372e-01,6.934956679510288768e-02,2.961096850312527340e-01
-8.021926718686737123e-01,-3.340265401811552959e-01,-5.524329296575135606e-01
9.961523576593482865e-01,9.278759277669726413e-02,-2.510785763557581429e-01
-7.317591466670025913e-02,4.025835136194915731e-01,-9.488165488120851032e-01
-2.090484377461338805e-01,-7.015031824930701987e-01,7.318439906344421653e-01
-2.708082665016501300e-01,-3.888421667188281527e-01,-9.222807799119139283e-01
-2.137027794023549643e-01,-5.742815525034294932e-01,-8.386976028510488845e-01
-2.707709210681945589e-01,-9.717367051466447858e-01,-2.550460728901112750e-01
-8.178702169554593615e-01,-3.840644305783131318e-01,5.196030504084903079e-01
-5.825999584097015793e-01,-6.548073493964727820e-01,5.674391472479322074e-01
-2.166361601968787298e-01,-6.391103079056034142e-01,7.991111296958796073e-01
8.314838048097971113e-01,5.910335402603594801e-01,2.389274358737311643e-01
-2.671451122321164551e-01,-9.157949603397828042e-01,4.376495029396696435e-01
8.066703443730941503e-01,-6.508805037173174268e-01,-1.761945890537942316e-01
-4.654544030262500187e-01,-8.474316533283267339e-03,9.447336718237957509e-01
-8.865915051006255654e-01,4.016783059966267388e-01,-4.070589985731841720e-01
-7.515546620100709285e-01,7.368417907660617105e-01,-9.577989970783938600e-02
-9.312116472857475680e-01,-2.654721395812129070e-01,4.279975258312678221e-01
-1.733043396265434855e-01,-8.302621755643340151e-01,6.366495655715804780e-01
-9.043764924763002533e-01,-5.458527674828602683e-01,1.128344385286215584e-01
-1.021030927885194561e+00,1.313088081646141825e-01,2.697042276431281804e-01
-1.004800150332197717e+00,3.000858799684659739e-01,1.916403495334242923e-01
-6.097728397330319794e-01,7.250428930944460282e-01,4.927643674483191405e-01
2.111232453096857642e-01,1.019340481564016576e+00,-2.462444366619522818e-01
-7.119644980879199503e-01,7.506806732333997090e-01,-2.789239798119265701e-01
-1.915595182110837180e-01,1.036306528219349321e+00,2.038333485024844127e-01
4.073451946516173372e-01,-9.927997162257753416e-01,6.756779318765430975e-02
-1.832739096996745531e-01,7.013475712091522540e-01,7.966512737435894609e-01
-1.014827238260991527e+00,-5.472826589454022478e-02,3.622946864187928107e-01
-8.822716630547206007e-01,-1.999933820219323422e-01,-5.913831616496388888e-01
-2.720613529910332895e-01,2.054948831927125852e-01,-1.027574184835323479e+00
8.147223192416309656e-01,5.397236495348125551e-01,-4.702249891015938821e-01
2.797142624637152797e-01,5.522444193604173490e-01,8.927569166299340608e-01
-1.637853777484473694e-01,-2.733579537652089386e-01,1.040544971601626401e+00
4.743888983771447909e-02,7.737883694392653222e-01,-7.663891181428291732e-01
-3.592457732172352758e-01,8.814391258584436395e-01,-5.351988397504743311e-01
-6.369138043149084050e-01,-8.565669178366842607e-01,-2.390716963209968682e-01
-4.739592441935308598e-01,6.016119689402567028e-01,7.836135239293139376e-01
-9.073667692279484553e-01,-5.524241353761464440e-02,6.151207218637785301e-01
7.932370744145712527e-01,4.186240358378086612e-01,6.359212524723470983e-01
1.059725998403173719e+00,-2.998244487406549474e-01,9.619249127461046781e-03
2.185086331798383186e-01,-4.910373163385767792e-01,-9.634803352089239548e-01
-3.861812184580556973e-01,1.048919376932538339e-01,-1.030137647617900498e+00
-5.971564664986188653e-01,8.399686217096196117e-01,-4.041716671047182463e-01
-3.270027552722716280e-01,-4.068043405813268065e-02,1.058820324062580864e+00
-8.658468496804951897e-01,-3.457020303176490394e-02,6.949826675381763907e-01
-1.024663484280700976e+00,-2.376055183927613390e-01,-3.629160819498207236e-01
2.368320007936199345e-01,-9.510642220612365305e-01,5.307659315242313491e-01
1.196511306715261069e-01,8.250826658634798916e-01,7.426203098932577795e-01
-7.970949029969263133e-01,1.231471307018889433e-01,-7.747821380299430016e-01
-1.041031031974303911e+00,2.042716232153611033e-01,-3.600041128469542717e-01
-6.695724689916130457e-01,2.585094271786432529e-02,9.001972024130112660e-01
-7.175850832701919924e-01,-5.404491986311021900e-01,-6.757399772131906790e-01
7.489189542499548324e-02,2.799658633628244742e-01,-1.088094081620435638e+00
-8.289010732291880457e-01,7.091783489463432399e-01,-2.867756816446290213e-01
-9.466725351457193627e-01,1.467122640840093917e-01,5.990519806065274233e-01
-9.637619301360373925e-01,-5.897090277051615370e-01,-6.573406067929139784e-02
-7.742272527058607912e-01,-8.245545988546625349e-01,7.711972081172928373e-02
1.008468711947771324e+00,5.211129615852809760e-01,-3.257701555047022579e-02
2.798325775809790833e-02,-1.136828863288916747e+00,-2.902625239484122113e-02
-1.068919156764080336e+00,-2.696739825038815819e-01,2.882401149406927932e-01
-2.459006357535075404e-01,-7.083390959663330433e-01,8.605725741234607762e-01
-5.745094036738781496e-01,-8.426365183274099335e-01,-5.168307619590731816e-01
-3.844852935338763933e-01,-8.601191214636292326e-01,-6.511569011204904056e-01
-9.716176277491835878e-01,5.559659738774139770e-01,2.508801967633255137e-01
-3.694289953277761773e-01,8.973416321011309371e-01,-6.154947178966173604e-01
-6.114189071156373584e-02,-4.897894628382384319e-01,1.039888538510338911e+00
7.721130695608261485e-01,7.924620959157065991e-01,-3.245384463286493659e-01
-9.274296199262973550e-01,7.944564853979020624e-02,-6.837656648399325077e-01
-4.250941227473746808e-01,-8.254941353301995521e-01,-6.901689422539385443e-01
-9.603009396505963746e-01,4.063097012607195246e-01,5.056998920686653909e-01
1.008792886043254233e+00,-3.226017158665505646e-01,-4.751791116168021523e-01
3.161045250982032484e-01,8.396241977668700285e-01,-7.397194086362870458e-01
2.752348922681165933e-01,-2.504108455764197938e-01,1.103709480144960953e+00
7.706832840360452463e-01,-6.320956049376477148e-01,-6.063900982117151894e-01
6.518612786322963704e-01,-9.241053721731705695e-01,2.947847978603028163e-01
-6.703059311981515167e-01,-2.734459704804609315e-01,-9.199499945265785517e-01
-1.980162736039237092e-01,5.048072295889716177e-01,-1.039693288443640062e+00
5.168096539955966406e-01,9.655804296047895141e-01,4.244888251518785793e-01
-8.577173057385643895e-02,8.834770469940024240e-01,-7.722558950228484154e-01
-6.253528304655318060e-01,9.772905803593177065e-01,-2.067781987721077630e-01
-2.101565384931794178e-01,3.707787391627460627e-01,1.100883189635921244e+00
-9.980360310276904512e-01,6.319449761417350597e-01,-5.325247821262413250e-02
-1.101808710522588441e+00,-4.008914053079270512e-01,1.681166922173681633e-01
-5.213125947574643870e-01,6.190346767687696650e-01,-8.675804629290988501e-01
-1.017142595631044255e+00,-6.141222140336509705e-01,-2.573313267831155160e-02
-9.526116978897039012e-01,-2.787645181592518506e-02,-7.133552186991641841e-01
-4.283951263893865380e-01,-8.710340143070038899e-01,-6.925658128061544794e-01
-1.990494301042148584e-01,7.042497936578845374e-01,-9.439510826577843794e-01
-1.180124358366708037e+00,-9.229312349281718064e-02,-1.737712558350669456e-01
-5.118840926506688094e-01,-6.703938236084627800e-01,8.513192962551424658e-01
-9.577745372776040877e-01,2.322600854885163713e-01,-6.853645881620901159e-01
-3.928838648406829948e-01,-4.479352521079838501e-01,-1.044421059710968436e+00
-4.244819768297484752e-01,2.414745532347702811e-02,1.126890705633992074e+00
-8.042102708125556942e-01,-7.246168588177993863e-02,8.963768805237976034e-01
-4.020374396411834916e-01,-7.632545114792932406e-01,8.462650599182310884e-01
9.910096717413587886e-01,6.736658937936713665e-01,1.711842385375297870e-01
-4.931975705330272075e-01,-7.847480114625867698e-01,-7.816934498054188829e-01
-3.289797110620595877e-01,-1.520614448201085267e-01,1.159167704247056063e+00
-1.049587392349309756e+00,-5.828110637481388467e-01,-1.965554785827537954e-01
4.153126553124471543e-01,8.132669197245453452e-01,-8.068329757349446130e-01
3.387084995676614696e-01,5.567838678235041971e-01,-1.032027302582918526e+00
-6.715456661728026466e-01,9.338477735728976104e-01,4.143984864265244927e-01
-6.568217478116624708e-01,-1.032480866705446365e+00,4.809837005899172263e-02
8.946819592265938814e-01,1.211605197689695906e-01,8.304200008703115365e-01
-1.218768359176640725e-01,9.214550392232105647e-02,-1.219176285218480205e+00
-9.130475303326763825e-01,2.942938739550580163e-01,-7.710304126667334446e-01
-4.246523295813752208e-01,1.641631547976140637e-01,1.145646090605527467e+00
-5.307509981597544613e-01,1.239642503603881341e-02,-1.114890088063583695e+00
-1.008735248784917493e+00,5.280187497094492727e-02,-7.138319623491413690e-01
7.257048947477710010e-01,-7.710606741263668074e-01,6.432605282276921965e-01
-1.052834776608301937e+00,1.585833115772453117e-01,-6.375316160167856516e-01
-1.367831398196464321e-01,-1.189543810160816006e+00,3.338217356936505897e-01
2.048352924472572958e-02,1.228314965475615805e+00,2.027396018530512878e-01
-5.058221525528717732e-01,9.827988581284449188e-01,5.776376492787163031e-01
-7.952128251776184875e-01,-2.030740652660235068e-01,9.417863641292809618e-01
-5.114099554863109631e-01,-4.007143116256094428e-01,1.069399838032784267e+00
5.184945323277057039e-01,1.135409681125474579e+00,-1.136458065321871991e-01
-1.459403570281557309e-02,1.248961605168376288e+00,-1.264237187650620042e-01
-3.025648182637581951e-01,2.486013374766928852e-01,-1.194973587234813728e+00
2.654921711547694740e-02,3.570238850231045591e-01,-1.207627026955478966e+00
-1.245763740891624172e-01,8.271785473542022649e-01,-9.444730769415677907e-01
-3.733323676126741320e-01,-8.373906939137281125e-01,-8.697281020422410469e-01
-1.164107412266272235e+00,2.161505355407081497e-01,-4.476934611873634173e-01
-1.233144345648622853e+00,2.169376156102655884e-01,1.996852887523321018e-01
-8.717938742657419526e-01,-8.431474657811558471e-01,3.767740809687911696e-01
-6.922311269262591826e-02,4.155805364701247173e-01,1.200290376362895373e+00
-6.751435502240699105e-01,3.203887950718333766e-01,-1.032016782039570924e+00
-4.429288590672285642e-01,1.443623197019545078e-02,1.196861661877176797e+00
-3.049520328239366806e-01,4.112261478548604465e-01,1.171379836160221011e+00
-1.255589261347209495e+00,-1.172696741076266619e-01,2.221564543673747449e-01
-1.176507619765085000e+00,-4.048724255501147673e-01,-3.113042477474361469e-01
-5.278132978529501695e-01,-9.161783887923314884e-01,-7.296849669339937616e-01
-7.590250212941034302e-01,-5.968099308481553678e-01,-8.506068637259882603e-01
-5.729806209746407530e-01,1.154395645536532289e+00,1.832689186559923605e-02
-1.419796396763082502e-01,-1.179076161411770629e+00,5.063078918058213640e-01
7.453956375472797768e-01,-5.924416344790824906e-01,-8.749828410627991104e-01
-1.159490173160285797e+00,-5.178964846967601954e-01,-2.550459790023821283e-01
-1.227259425715068630e+00,2.821868936261892613e-01,3.120725849080859260e-01
-4.690141995109581852e-01,4.747452771606611166e-01,1.115053637745721860e+00
1.424018064530024608e-01,-4.268111279652920254e-01,-1.221388326933952051e+00
1.022649757708658097e-01,1.164167266151775681e+00,5.779630382314522308e-01
-1.742249026943595569e-01,-6.494959159389106507e-01,1.119442211329713111e+00
-2.587089722641966461e-01,1.279356723380449257e+00,-8.513213270956306034e-02
-1.332676725547152219e-01,1.303364716272133794e+00,-2.989310210806101972e-03
-1.207306769826692383e+00,2.567749303948454465e-01,-4.456671639320856082e-01
-8.512397788751812078e-01,3.965404919215799184e-01,-9.197381491749494486e-01
-7.341528588316388326e-01,1.957173492872230913e-01,-1.075235697089973241e+00
-1.000050531888916350e+00,4.220750849564303686e-01,7.488865106640906211e-01
3.800134426351836070e-01,1.251714393361092803e+00,1.831897983290597942e-01
-7.771419992149584122e-01,-1.451330923083350988e-01,1.060867021373301355e+00
-5.193780332312346593e-01,-3.905821537422263789e-01,1.154926411118882834e+00
-9.226423212744504498e-01,3.541601329748554905e-01,8.861105717654246261e-01
-5.064999841377600953e-01,1.095600007009395416e+00,5.574515621585043323e-01
-5.495534271448325736e-01,-7.326447385701371218e-01,9.667557569111984161e-01
-7.383555003694117769e-01,3.467027016940879558e-01,1.055366768129069932e+00
-1.042351450364986887e+00,-1.697423378167783325e-01,8.183243932084922623e-01
-3.637743570338116128e-01,1.233271199363178416e+00,3.707883508520912752e-01
-2.086680525582290946e-01,4.943979123584572588e-01,1.228262371248263651e+00
-7.965802872563287895e-01,-4.646949777707382601e-01,-9.756852395700968961e-01
-1.290126416812825694e+00,1.440602454858051495e-01,3.508897723782770650e-01
3.087729553689109729e-01,1.182905524503502726e+00,5.653084279008809832e-01
-1.223911653742592032e+00,2.129699234598000368e-01,-5.260774025036470958e-01
4.376248831365709968e-01,1.077127082226607024e+00,-6.886693285368957751e-01
-3.397654674823162302e-01,1.024454536928386394e+00,8.166782575106759090e-01
-7.789222457752503770e-01,1.089904797855145713e+00,2.079494588204169880e-01
-9.272236452692270703e-01,7.843081594472776086e-01,-6.073990601478338469e-01
-7.757625647937697044e-01,-9.683397106310766000e-01,-5.570507818377191667e-01
