-0.000000000000000000e+00,0.000000000000000000e+00,-0.000000000000000000e+00
-1.570587502156312217e-03,-3.731809290464685284e-04,1.159109310517675122e-03
-7.891961891784828129e-04,-7.973254757203462407e-04,-2.578951970441019977e-03
-3.118023945602886506e-03,-6.253443653597420349e-04,1.327868349465937585e-03
-1.126571421486614747e-03,1.894763680868538462e-03,-3.315035017081205404e-03
-4.357153623599606743e-03,2.462535503554921722e-05,-9.167848610449950931e-04
-4.755415383835365217e-03,1.048638322084817108e-03,-3.060763490366444914e-04
3.800563682916120213e-03,-3.652617254264225056e-03,8.221233687657666098e-05
-5.388237812021880874e-03,-8.604779043910883943e-04,1.417055149782426443e-03
-5.132366979110521144e-04,-1.165957035451039908e-03,5.843888731528799549e-03
3.174416854142197725e-03,2.876712259206348245e-03,4.627859007214618452e-03
7.198981598401485611e-04,4.129975614875485736e-03,-5.117917628435914891e-03
-5.903548185052519964e-03,-3.309130139060479248e-03,-1.402600321072611797e-03
-7.300449654838575813e-04,1.774291998532340252e-03,6.934887816952479446e-03
-2.081133018457908255e-04,-7.442978120789743059e-03,-5.826097900136050899e-04
-8.523630237293741219e-04,6.452916635628054912e-03,-4.174144029337883977e-03
7.973185289937171965e-04,3.881264995507850788e-03,-6.935572451071936838e-03
-4.091358952546433024e-03,3.194494800405403285e-04,-7.139693845876721873e-03
-6.687576815888011429e-03,-3.816102571022818909e-03,-3.542152155785151506e-03
-5.550131038361150876e-03,-5.187379815784732943e-03,4.259027168954493056e-03
-4.959749773594700727e-03,-2.029817695850963822e-03,-7.152209801721805781e-03
-3.241461378086747842e-03,7.662144182957706350e-03,3.831604942815930535e-03
-8.366313918122588594e-03,1.266275677062564517e-03,-4.040239819889381370e-03
-4.515731233505461753e-03,6.348832227261401104e-03,-5.590191801867760123e-03
1.178221105478877281e-03,-3.941923832972516004e-04,9.717804352736671494e-03
-3.910701268194003398e-03,1.139624445681797996e-03,9.133371771785678273e-03
1.896471038045762121e-03,-5.599821643001988945e-03,-8.312022356462561365e-03
8.253044242029076646e-03,-5.614467980307252630e-03,2.905981183851462021e-03
-8.586864737908624437e-03,-2.748841079474062445e-03,-5.552166095164271301e-03
-2.342029586777662729e-03,-7.163770466517947397e-03,-7.703976650485990126e-03
-9.645888808616234766e-03,8.387245298139126871e-04,-5.142977726660530324e-03
-4.278386339271571248e-03,-7.806990894164082817e-03,6.707145421070529433e-03
2.524385883142130256e-03,1.073612498010613828e-02,2.578179363782722583e-03
-1.706642698664058216e-03,-9.005301609888445580e-03,-6.951400916940718606e-03
-7.605799842240614818e-03,-3.479507567396141095e-03,8.150010096041791774e-03
-4.672718268859972664e-03,4.836819448101549804e-03,-9.756956170895125097e-03
-3.680655462916277050e-04,-1.193800264555779263e-02,-1.351707129736540256e-03
-3.113694829354352739e-04,1.210336863048143766e-02,1.393814775324969104e-03
1.025731234944467305e-03,-1.117956857924657862e-02,5.152734273610321859e-03
-3.325052763402789116e-03,8.399556660230343350e-03,-8.662161451316353900e-03
8.266037676552919974e-03,-7.272563723386147976e-03,-6.283425381746465636e-03
-7.661852707607469393e-03,8.701193498617205979e-03,5.508472391214336468e-03
-2.978428263751935201e-03,3.569288310818490191e-03,-1.213292101175280323e-02
6.605097808315855967e-03,-5.954076457636792163e-03,9.685165627591875090e-03
-4.249756278019425557e-03,-3.301927005449728416e-03,-1.216475083017965614e-02
-2.983475486175153710e-03,-1.258880955499785091e-02,-3.691887215008804631e-03
-1.245893448503340023e-02,-5.463380210718953890e-03,-4.750044577688224763e-05
-1.337969265215860869e-02,1.699692266043820480e-03,2.690480373175064069e-03
2.903169901245707552e-03,-1.258084478697739546e-02,5.148507463771730304e-03
-9.165803379126113678e-04,1.386780759276674824e-02,2.031681943357165846e-03
-6.274912749026627726e-03,1.270902922931777500e-02,6.798655534500756825e-04
3.882956743551624855e-05,-2.294136879426195987e-04,1.433092841490560786e-02
1.145394220805638109e-02,1.815287835292767960e-03,8.661214825910285020e-03
-1.265641638212254387e-02,-6.662908102884521587e-03,-3.000291709243470793e-03
-9.342752263380705441e-03,5.249621103375440474e-03,-1.013967939189965375e-02
-9.723255399752757031e-03,1.073543723623424442e-02,3.456336330374354133e-03
-2.554790517575519261e-03,-8.950992281330142838e-03,1.179706353981423497e-02
-1.374780872203577343e-02,-6.165284694656675973e-03,-1.698983586147443129e-03
-4.130158235193273804e-03,1.454593080884992659e-02,-2.310883592341895273e-03
-8.149220926513904215e-03,1.166498940073753925e-02,5.965311971114394679e-03
7.609152569649064134e-03,-1.232159129404012017e-02,-5.694852346748477401e-03
-1.397862919356259934e-02,4.654573790488936852e-03,5.401102151984620708e-03
-1.174191242361484174e-03,-1.253883533610616018e-02,9.577360361241593970e-03
-1.508023701513818045e-02,-4.208349516786383769e-03,-3.048376696506887532e-03
-9.175646302107929794e-03,9.808552271759331080e-04,1.316632826915950169e-02
-1.181249429905257761e-02,6.725261362045488814e-03,-8.822380327259980726e-03
3.881520166003611747e-04,1.383987705891937328e-02,-8.660180499768303092e-03
-1.547750042688505849e-02,-1.371933039634256691e-03,5.417610092019397965e-03
3.747151700232684551e-03,7.520469943860094361e-03,1.429274401045880528e-02
-6.924049896655343553e-03,8.055843537730212169e-04,-1.517848327877885026e-02
-1.134616202084022876e-02,8.204111839398231520e-03,-9.329134330987528395e-03
-1.278114559119806343e-02,6.125984228285581527e-03,9.289195704174952814e-03
-1.172348661596986190e-02,-6.226106005792728625e-03,-1.072707021959294106e-02
2.743378232336847553e-03,1.284938716878783471e-02,1.107894498713946942e-02
-1.048524268001601624e-02,1.140527857814142149e-02,-7.710881252896749707e-03
-4.809747205296038483e-03,-9.295974527980440869e-03,-1.392957700689109388e-02
-1.188233712912887576e-02,-1.265283377195682533e-02,-2.530338416224904834e-03
3.272147852091255617e-03,6.463953060136608947e-03,-1.610288776806771682e-02
1.841276313126441640e-03,-1.544655188669467188e-02,8.597291578035928111e-03
-1.672524856174003108e-02,8.725360783373159457e-04,-6.285893164601892742e-03
-1.418095552803149036e-02,4.995308799832925105e-03,9.902747140925059754e-03
-9.340991626310211904e-03,-1.378723556332988459e-02,7.133402707655267343e-03
4.655928780580295863e-03,-7.585643420505158892e-03,1.590971845246855199e-02
4.671497675808422394e-03,-1.772662012153452746e-02,-6.287904486242092356e-04
1.065496098494957480e-02,5.816301432311711886e-03,-1.389990992134498143e-02
-1.134354630883365432e-02,-1.287786646286837554e-02,-7.082669571874471159e-03
3.769114711605081342e-03,1.119056545173390156e-02,1.446929546210140062e-02
-7.174776882253897439e-03,1.071695567183501840e-02,-1.365949464211566391e-02
-1.046695112064952027e-02,1.447624564309184063e-02,6.157241895598194494e-03
-1.282514588982515934e-02,1.160085978843890600e-02,-7.879404995165944017e-03
-6.531885400392316819e-03,-1.592487407596210672e-02,8.306756282413658640e-03
1.082200446194904984e-02,8.176075733076387450e-03,1.361714085186076922e-02
-5.532149524853771649e-03,-1.846142353375994014e-02,1.443549915742722237e-03
-1.445791681573974780e-02,-4.506097390125295490e-03,1.217782851905250922e-02
1.370697827179443058e-02,-1.336418968671458304e-02,3.908603298656679326e-03
-1.510299254138728654e-02,-7.874614769850050294e-03,9.786481228551848974e-03
7.782734633352862696e-03,1.441794765990591330e-02,-1.102557298196172111e-02
-8.079996860108755799e-03,8.476956416414530363e-03,1.603101775368353729e-02
-8.080920870575537124e-03,-1.251678466753183665e-02,-1.327764616713766714e-02
-8.854704342707655357e-03,-1.743163533349930197e-02,4.486491821390499457e-03
1.031886058936280076e-02,-1.727862975302798393e-02,1.223387847993472359e-03
-4.321156848030288829e-03,-1.607415992479817313e-02,1.155884181026244593e-02
6.372294631643989418e-03,6.044829344466750090e-03,1.837509551434568164e-02
3.947382954600313874e-03,1.812083237022395210e-02,-8.658932302146288285e-03
6.052751409652551559e-04,-1.715029777677923306e-02,-1.133837067715806265e-02
1.961680643195626988e-02,2.601705966498857672e-03,5.966991852920896719e-03
-1.655604219468500421e-02,-9.470011254134944392e-03,8.218605767379073834e-03
-1.577715218100567141e-02,2.751821769585596419e-03,1.337816361946516860e-02
-1.290313025582220073e-02,1.276672183352958734e-02,1.049402143909367556e-02
-1.903062114619819695e-02,6.238091376900656813e-03,-6.531852988698465430e-03
1.397873058955216574e-03,1.702908428017102169e-02,-1.248758642523659958e-02
9.835258708124996509e-04,-4.237956156381566739e-03,-2.081097894354443090e-02
1.647244226663514485e-02,1.335611090627691205e-02,-2.537611961793894474e-03
-8.388306454847199722e-03,2.470187587071154701e-03,1.959193432866536064e-02
2.236426807643906740e-03,1.851532691014227960e-02,1.079973465998474921e-02
-2.128746021773895557e-03,1.392484277966900448e-02,1.643670500974447890e-02
-1.793432527759811559e-02,1.043381898043892891e-02,6.499153450104813365e-03
7.998964311983894349e-03,1.672338902135780958e-02,-1.154275245352614707e-02
-6.293681948126104292e-03,1.456829861516396526e-02,-1.513909573484099880e-02
3.966279115083396010e-05,1.499936584187341361e-02,-1.613083514260989226e-02
1.921789185912737164e-03,-1.484070087981240009e-02,1.629098043640702514e-02
8.078410862662626507e-03,2.031142977748120332e-02,3.958691732824243421e-03
-2.079909995591499878e-03,-1.625686953631533260e-02,-1.513358572737172163e-02
-1.747183308726243944e-02,1.266826429111258395e-02,6.003295536575321140e-03
-1.390670044890033805e-02,-1.555611189427071397e-02,-8.399615583197907534e-03
-1.709310775267195923e-02,3.655239884982052715e-03,1.430249209129897531e-02
-3.518399748688977747e-03,1.926644938953810463e-02,-1.143136772377437507e-02
1.049570049556992207e-02,-1.961259338899155880e-02,4.857313009150526946e-03
8.160613415988815164e-03,1.635436621474459923e-02,-1.372962782116562107e-02
-1.550239710394660415e-02,7.602172126349965135e-03,1.511965282006688151e-02
-1.069924106070847813e-02,-1.103302167611422933e-02,-1.716619588177473177e-02
-1.702118925440409755e-02,-1.552803822255656441e-02,2.048867652507989703e-03
-4.626763562986855802e-03,6.036882779577885244e-03,2.193964669393199882e-02
-5.277245605253032441e-03,1.878787846892876826e-03,2.262699486262995455e-02
-1.908485618652165303e-02,5.848989085901836610e-03,1.220981346258718722e-02
-1.988359008771993161e-02,1.145577818038910969e-02,5.009260979722452226e-03
-1.645265846277446653e-02,-1.346616724722986616e-02,1.018924533786558576e-02
-5.231187677854793119e-03,-6.412315726665993899e-03,2.217046708747976574e-02
-3.830918835855050102e-03,1.332608109546720362e-02,1.928516823164759530e-02
5.472220122728664767e-03,-8.553947126813935334e-03,-2.156916945228703683e-02
-2.135280030276658775e-02,4.634981263400402875e-03,9.751215481863655457e-03
1.848487257272418693e-02,-1.532140617792269316e-02,4.932791929180951320e-04
-7.339361051835728393e-03,-2.258456541286875049e-02,4.113304663207743850e-03
-1.959113434809219012e-02,-7.933591957705809009e-03,1.175854007070342190e-02
3.806732981110359793e-03,2.353094211670381242e-02,4.581674051237828206e-03
5.475791213412014441e-03,1.035869231220668853e-02,2.135585734492976423e-02
-8.945790660480752027e-03,2.090265264860609665e-02,-8.976828368852260431e-03
-1.478973781344596408e-02,1.335454185586243923e-02,1.430469610195852712e-02
-2.281032305872755794e-02,-8.877181809010450259e-04,9.207578683013894691e-03
8.743084891764682856e-03,-2.209367190174591628e-02,6.743963602605551784e-03
-7.506993906732246577e-03,6.353923705852807012e-04,-2.361079562094999321e-02
-6.941513638069376699e-03,-1.399144088319612296e-02,-1.935096234464907597e-02
1.472187213937468236e-02,-1.921240427158197803e-02,6.060679049482725449e-03
-2.309868139756733607e-02,7.385249329924068080e-03,6.218426871173268929e-03
-1.869590566232625511e-02,-5.814939788568875868e-03,1.573492899462235195e-02
6.788173391997940828e-03,1.551562299243422829e-02,-1.866291119441348956e-02
-2.827511201710224045e-03,2.275298317838900936e-02,-1.065857872154376065e-02
1.451591227764825569e-02,1.636217361862217848e-02,-1.284706396610152575e-02
-2.016437045682368395e-02,-1.552129237571695831e-02,3.863008937863364033e-04
1.009441955732790462e-02,-2.249899448961300771e-02,-6.613791395642085874e-03
-1.917053822375836686e-02,6.947301798620439221e-03,-1.550011042838976907e-02
-2.198533222125420225e-02,-1.222556612096678368e-02,-5.233825545869334218e-03
1.039144211336427833e-03,-1.716311598758258825e-02,1.920273589820349278e-02
-2.433422628027106724e-02,2.718660926148033178e-03,8.308897675591708429e-03
1.960328879691602272e-02,-9.494288704859094735e-03,-1.408331465217723885e-02
-5.011122645570669637e-03,2.509566024678507035e-02,-4.696194503744890308e-03
1.363865559505817934e-02,1.542319962614272649e-02,-1.603926445798578918e-02
-1.738262964233310004e-02,7.987338266551371330e-03,-1.787126047081077224e-02
1.892907390942224349e-02,1.758840646518219225e-02,-4.675816222801137956e-03
1.947530040675165977e-03,-2.313372006325585539e-02,1.244001207661625183e-02
-1.581447659817505208e-02,-1.237749858468473185e-02,-1.716412653263190910e-02
-4.856140444751087630e-03,2.097344947345718483e-02,-1.544771581984118007e-02
-1.917894593893327074e-02,1.803994938920241292e-02,-3.608440478611675984e-03
-1.721673928007531884e-02,-1.876256097816324936e-02,-7.876334032790527698e-03
-3.743141361677649378e-03,-6.936687743811649834e-03,-2.554510401327426961e-02
-2.773980184706631175e-03,2.619629981776012626e-02,-4.993526768338516809e-03
-1.005149557857918860e-02,-1.071908479314787055e-02,-2.251979546901372239e-02
-1.831350217819965182e-02,-7.888772024694411938e-03,1.815632914877517504e-02
-1.980970517050900659e-02,-1.205823772846298207e-02,1.391551496068471443e-02
-9.259272103780474480e-03,1.977453355034014190e-02,1.609033841096698531e-02
8.784926929388441399e-03,1.755360791532838832e-02,1.882977831692448506e-02
1.848089924105990670e-02,-1.752374608193457001e-02,-9.769301444839000037e-03
-2.205617997289745918e-02,5.668746953877086374e-03,-1.515438645621961129e-02
-2.510400249495346042e-02,3.708765514716734230e-03,1.041637196662475486e-02
2.124262660107005540e-02,1.688638552213964777e-02,-4.502166472070286661e-03
-1.379880219894426274e-02,-2.366440884595604963e-02,3.234262199640775166e-03
-1.063356293357596398e-02,2.461068086090874296e-02,6.805669264243864938e-03
-1.168535203445739655e-02,8.469724394090272224e-03,2.368535383165017855e-02
-8.302458793022779796e-03,2.370330828027124651e-02,-1.194602159179752876e-02
-1.481246939729127798e-02,6.756563205001759644e-03,-2.264134286115671024e-02
-2.526567486304149776e-02,-1.185917740042418365e-02,1.703844166986224042e-03
-2.135744236067057406e-02,-1.760024724152160422e-02,4.493972490058627950e-03
-2.010050083514366981e-02,-1.294815445128290679e-02,1.478607915508829349e-02
-1.136011802534652934e-02,-2.124206316087199134e-02,1.463708653759039462e-02
-1.242465578991034693e-02,-2.317140698970183467e-03,2.527825867030198195e-02
-1.456653283884704617e-03,-1.952435121802201246e-02,-2.048462203866880174e-02
-2.424521298120783930e-02,-2.703995806660739343e-03,-1.456059547938753571e-02
1.736875045136188761e-02,2.250817276181182533e-02,-1.753057652388709817e-03
-2.244442227491743463e-02,-5.332290375340722859e-04,1.765051968171596833e-02
-7.719240743013510569e-03,-1.211365948924639571e-02,-2.476818629730755464e-02
-2.458718448713725913e-02,8.464359599053084340e-03,-1.215850792631580773e-02
-2.759522308112537931e-02,8.022478323395943259e-03,-1.537055856369989523e-03
-2.791348827872837737e-02,-7.166535243213052048e-03,1.382908077822723710e-03
1.279804418728731430e-03,4.425768673699934444e-03,2.855565263905561132e-02
2.090189393987760061e-02,-7.773795074472519308e-03,-1.853500218593156362e-02
-5.170297161579698320e-03,1.735008620001768712e-02,2.274483306491255352e-02
-1.450247495701339345e-02,-1.812901438473125612e-02,-1.761590746965328164e-02
-9.201992076688073410e-03,2.717805480802014395e-02,5.495334531769607671e-03
1.949152275264807652e-02,-5.534868492870691388e-03,-2.114680843724186035e-02
-1.865409891783083307e-02,1.801835154315308343e-02,-1.375957144341202754e-02
-1.461969998397708720e-02,9.234353172335400123e-03,2.381542471786494281e-02
1.258091789155137098e-03,2.447255774420946384e-02,-1.642912821490390488e-02
-2.894239271615864622e-03,-2.038213740136709390e-02,2.123251194330289665e-02
-1.166270354051229113e-02,2.647964941917983761e-02,6.454477177302415936e-03
1.987522750879271508e-02,1.351718485710020311e-02,-1.747386031436620399e-02
-7.634098807686747964e-03,2.072137144386995700e-02,-1.999111399093537328e-02
-8.277757624037280354e-03,-1.108909740881438774e-02,2.645818158292606234e-02
-1.650314602992054847e-02,1.544830560554400975e-02,-1.961495870907594904e-02
-5.591556932028081579e-03,-1.843809173044845887e-02,2.299453482273450949e-02
2.207752746874042452e-02,-2.008750928935998034e-02,3.644105824837695455e-03
-1.273923369039364761e-02,-1.034164264108021307e-02,2.528231200467262116e-02
-2.638962068735497407e-02,-1.127541499527879697e-03,-1.466213427415390125e-02
-1.433462885931415139e-02,-5.424236942469714065e-03,-2.611488117874446666e-02
-1.017258350616120043e-02,-8.758059608463847345e-03,-2.722014155990852211e-02
-1.369003854352852587e-02,-2.716461585046120800e-02,1.357568272826549028e-04
-8.305551447221769593e-03,-1.743589753829476174e-02,2.359217579956035538e-02
-3.051198087789330771e-02,-8.951893696279643146e-04,1.425955580669904322e-03
-2.851571234515884457e-02,-4.300178901005863655e-03,-1.031557853004451408e-02
-1.678613275988667664e-02,-2.304493522972414499e-02,1.137712455642556422e-02
-2.723962020708059137e-02,-7.776686006388552549e-03,1.200178000330958013e-02
-2.603068179619261874e-02,4.015373670586195112e-03,1.603221154569708581e-02
-2.635682438529110203e-02,1.310354695288142024e-02,9.412858915450126804e-03
-3.010200945315701093e-02,-4.624322721763192770e-03,5.630980804119676934e-03
-3.058514456684985425e-03,-2.220048874827032503e-02,-2.147659486634088954e-02
2.566644089718262897e-02,1.340364080291477772e-02,1.136987770530721586e-02
1.527608793872561009e-02,1.217258204086901253e-02,-2.429826224840122076e-02
-2.314302929107571460e-02,-1.982955733624811728e-02,-6.882146794334305373e-03
-2.398103945116206517e-02,-1.301059572072352233e-02,1.536388780860329685e-02
-1.956471844741099197e-02,-2.099068850084438026e-02,1.269912474644162466e-02
-3.035616028182968468e-02,-7.489738008227268817e-03,3.362062738806186665e-03
-1.692285286816737344e-02,-2.087267700410334881e-02,1.646469186923714065e-02
-2.296070842722201799e-02,-5.341242347516979988e-03,-2.101563461088307855e-02
1.713101760928398970e-02,1.536082546898551171e-02,2.173007804553780259e-02
-2.634066541708120213e-02,-1.304206211760825657e-02,-1.191387285514460513e-02
-2.253872961047325915e-02,-7.555702053328763358e-03,2.109568427452822997e-02
1.846876985734305365e-02,2.375285760865395585e-02,1.044327832066763335e-02
3.008519298566723205e-02,-6.227808100263602584e-03,-8.642738101161022771e-03
-2.096666821435151998e-02,2.405566868824078261e-02,-2.138035356627335671e-03
-1.044772673059698488e-02,-2.028611453709459542e-02,2.250362020651089714e-02
-3.167158810755579118e-02,-4.383179658336315218e-03,3.006693442096405010e-03
-7.291751253435757585e-03,1.764536595887112452e-02,2.590485961776306523e-02
-2.438465443046920408e-02,2.095448830343504126e-02,2.477330792070897830e-03
-2.451856461267363022e-02,-1.567539800394439006e-02,1.404316418357593084e-02
1.411215116362870420e-02,1.347916003420161594e-02,2.583598967606914182e-02
-7.612732465650394638e-03,2.792405623612774848e-02,1.465888631001806795e-02
7.491371261446245870e-03,-2.307150315089762094e-02,-2.164315353605677020e-02
-2.463228924156166122e-02,1.317776900179968604e-02,-1.675380313977984856e-02
3.303720291207860784e-03,-2.194276055130404621e-02,-2.393630074192501511e-02
-1.374633416487200952e-03,-3.069844481630645914e-03,-3.253130499238227058e-02
-6.791102340498356323e-04,-1.643174431835571145e-02,2.834413245846600232e-02
-1.954108717220976160e-03,3.277497950336128590e-02,-3.003075745247046490e-04
-1.612494436156311495e-02,-1.269250073122823834e-02,-2.571477929769317924e-02
1.550100331083776109e-02,1.890058567391831798e-02,-2.211574278984633837e-02
1.512493506715235046e-03,2.723371668298733145e-02,1.862559618571163478e-02
-1.251220248388963468e-04,1.225731252457341880e-02,-3.073882853022939787e-02
-1.338294035378697136e-02,1.354537133412949020e-02,2.714425993509590046e-02
-2.681663595100390943e-02,1.853265170075353921e-02,6.407671675171843981e-03
2.720392112050731490e-02,-1.693786927939421733e-02,-8.997992777455839086e-03
-2.812548058740633669e-02,-3.638715480691865917e-03,-1.754666412775347101e-02
-1.479282609282710735e-02,2.995936311033756475e-02,1.940604042233635171e-04
-2.711977733914035932e-02,-4.991429355810529829e-03,-1.898138551545970956e-02
-2.412203351801912865e-02,2.075036933551102636e-02,1.060664462409830443e-02
-1.110146323671928545e-02,-2.424231103307723095e-02,-2.045193353686070720e-02
-2.785245165552721266e-02,8.828365972572792611e-03,1.672654683137191414e-02
-2.525472604181825884e-02,-2.007502612171599768e-02,9.845416171375766939e-03
-2.091051516017034678e-02,-2.580257039834469093e-02,6.243548705972145133e-03
-2.342613643946549196e-02,7.440253103823673587e-03,2.328363826644528484e-02
3.411804225133437552e-03,-3.289640373884394897e-02,-7.531303842670371458e-03
-2.418661697946631120e-02,1.269296172944030937e-02,-2.021625247255379523e-02
-1.404108264827072690e-02,-8.595528056085165874e-03,-2.979986696861707321e-02
1.697585715426494155e-02,2.077531115307544238e-02,-2.106041515320029173e-02
1.282454862742028572e-02,-2.426163186099316443e-02,2.035942742173055958e-02
-1.921021484780586347e-02,1.465130423414252349e-02,2.425237329595006375e-02
-2.107899197644173481e-03,3.264156848647362802e-02,1.030652677564162720e-02
1.404208553734741238e-02,3.063194576675679764e-02,-6.701734682916455146e-03
-1.228897130042866902e-02,2.073283920990437804e-02,2.457255730051805670e-02
-2.428676711543200153e-02,2.444975776705728132e-02,-1.145928811399386533e-03
-1.445721571042285145e-02,7.542851849634302740e-03,-3.045187428614911512e-02
-2.051930110467060225e-02,6.513146549848904295e-03,-2.709302368400337210e-02
4.395552874425740636e-03,3.383109807507140437e-02,-6.156563328723816710e-03
-3.108549320454523021e-02,1.307590565422315707e-02,-8.291779447207579118e-03
-1.109324723904871884e-02,3.279777673925061282e-02,3.400064129318659898e-03
-1.441504094705335290e-02,1.934531451929136572e-02,-2.515064226415671469e-02
-2.798921704700120961e-03,1.732717617512170849e-02,-3.017945987979410438e-02
-1.432388521505324405e-02,1.909293220913979572e-02,2.556221439079697441e-02
-1.363555502156636214e-02,-1.148724502013648806e-02,-3.015844477849147914e-02
-2.874506351286435293e-02,1.403426253675088033e-02,-1.443796217708460256e-02
2.286297411730818518e-02,2.168047980859806947e-02,-1.559527925134381390e-02
-3.003678345022404994e-02,7.749098922351979786e-03,-1.667312356290456821e-02
-6.998983961848995704e-03,-1.440470163969753345e-02,3.143322533534362306e-02
3.687280736434228514e-03,1.301310273658507453e-02,-3.264768536157303114e-02
-1.062802292144805587e-02,2.403577839541089570e-02,-2.371528726879137614e-02
-1.867421424967347782e-02,-2.357190596720072640e-02,-1.878850319342557570e-02
-3.144321447805868003e-02,-1.559140022437096804e-02,-5.466495530308047510e-03
-1.457813779877300403e-02,8.054003507453397562e-03,3.144110091436316812e-02
-1.708419105228758950e-02,-2.477596097904245440e-02,-1.909179170409695120e-02
-3.067557930429855306e-02,1.168655334956276298e-02,-1.403320944906877484e-02
-5.985235635351580583e-03,2.590591554138215943e-03,-3.516030431977815174e-02
-2.716507561552394812e-02,3.665122606590460411e-03,2.305842159068879904e-02
-2.642873423396291735e-02,2.759317887470425119e-03,-2.410929858719355889e-02
-6.283106787496026179e-04,-9.885355731642859328e-03,-3.454736859438047730e-02
-8.578251011938905005e-03,-2.560896632084852520e-02,2.380160019810136432e-02
-2.480902230618162695e-04,1.954120295888395892e-02,3.030326615687268035e-02
1.430191076551224488e-02,-4.589680018563792492e-03,-3.284639481974977598e-02
-1.275462154383262547e-02,3.916273954374292982e-04,-3.385187437591912624e-02
-6.761726435144064032e-03,-2.151406187709644161e-02,-2.836363184320738265e-02
5.673624362357339822e-03,2.552420228317683545e-02,2.517311383366722943e-02
2.564894878044174029e-02,2.289318728375122972e-02,1.181877120332679686e-02
1.383504756913499396e-02,-2.234776904438973491e-02,2.520136562464506472e-02
-1.669178466020066615e-02,-1.906649079698695751e-02,2.623135680942645723e-02
-1.642427652070737459e-02,2.254891553383852124e-02,2.358625642109445780e-02
9.284568862367639092e-03,2.013241321879012669e-02,-2.910835814349365530e-02
-3.545228548774505273e-02,-4.053035943123166340e-03,8.355519472799126726e-03
1.368915480474073611e-02,-1.881665864181349124e-02,2.838907638782027162e-02
5.394170295966989413e-04,5.115545742913703633e-03,3.640375027090992505e-02
-3.044499263866054517e-02,1.366916605404490045e-02,1.556417781710352048e-02
-2.798033041579546347e-03,2.347312909532442773e-02,-2.831016223024265463e-02
-1.721719660061424295e-02,1.844466396790240409e-02,-2.698036116170605611e-02
-6.254559443676564919e-03,3.177730834823001230e-03,3.632706605866627830e-02
4.048523748429995114e-03,-3.645917086657905065e-02,5.244794371583281177e-03
4.717286275758724237e-03,3.050947951232957020e-02,-2.060062033840613996e-02
-1.311325974090091218e-02,2.235178131438066845e-02,2.664966331695512586e-02
-3.553211514635061519e-02,-3.144591984302984138e-03,-1.066034312443917519e-02
1.874849016264433510e-02,2.197843118252817279e-02,2.357549491094609526e-02
-2.532162435270268307e-03,3.696585492831803293e-02,-4.666303545177855235e-03
-2.890480014111009022e-02,-1.518835118552811468e-02,-1.824245667660308670e-02
-3.468908827415115997e-02,1.176357182089853709e-02,-7.845162908572940116e-03
-2.425859676815772872e-02,5.208766293615114951e-03,-2.814163391285192523e-02
-3.192333470666035983e-02,6.649110465145840858e-03,1.866959746573748288e-02
-2.436375954638100513e-02,-2.648947568204686534e-02,1.099459564266152926e-02
-3.577123099939091833e-02,1.181103372260858785e-02,1.177850197563587702e-03
-2.230976383835494084e-02,3.044629953169146475e-02,2.636406936168739961e-04
-9.886655348003472663e-03,-1.519722093927158325e-02,-3.317189502107079080e-02
-2.816913845661290355e-02,2.317803811609984305e-02,-1.013207445745873195e-02
3.078871495836796486e-03,-3.779141553151657562e-02,1.235586186177834215e-04
-2.782844144894943902e-02,2.582807869709469531e-02,-6.924198023213357783e-04
-1.893533848262827363e-02,1.388766009230101538e-02,-2.991459911195860910e-02
-5.523367537201122508e-03,-3.544686794217742631e-02,-1.279125319116973178e-02
-6.533977051443051916e-03,3.748314007490480965e-02,-2.689360644153953282e-03
-1.051857947639258176e-02,-3.284281894850088479e-02,-1.642948888091724097e-02
-2.948962405917764529e-03,-2.961713807357736761e-02,2.403448460534598347e-02
-3.619940629867050147e-02,-3.560263507437246445e-03,-1.203179505024749331e-02
-2.398857046078647567e-02,4.801050433348989788e-03,2.955748222601019271e-02
1.620914389791083127e-02,2.983837697576437534e-02,1.798308123304118503e-02
-1.671145411900815808e-02,-1.480237701933916940e-02,-3.134300572341871399e-02
-1.636748690746589116e-02,3.008538731176212122e-02,-1.766502631423430905e-02
-3.572824752240457476e-03,-3.262080052052961088e-02,2.031030006284700873e-02
-1.384882504632000289e-03,2.418724814176955590e-02,-3.011247605470507294e-02
-2.072478079358420350e-02,2.245163529808219191e-02,2.375758386345894896e-02
-3.376262897133205931e-02,-5.825714023356393274e-03,-1.812386248684107193e-02
-3.415587056710538139e-02,6.318006486204877717e-03,-1.732345151260991992e-02
-1.004068797862340580e-02,3.464852640932094413e-02,1.447830838364985717e-02
-3.509400142861920924e-02,1.448776614259130076e-02,8.589978869007404080e-03
-1.323531546621069342e-03,-3.614114976432957621e-02,-1.454831219319557487e-02
-2.288918079453520701e-02,-2.566471601675347769e-02,1.847462085765377154e-02
-3.105325630906356077e-02,1.843050344580038011e-02,1.497439885619166085e-02
-3.503283961216606401e-02,-1.201530650775491267e-02,-1.268347362755687865e-02
1.486246303691953624e-02,-3.408373399374178825e-02,-1.242023430500083583e-02
-2.145372958904128227e-02,2.724178050408727902e-02,1.840643868317736256e-02
-2.762695380724848604e-02,1.953843736903220982e-02,-2.001234531130432689e-02
-1.742326551133064130e-02,-6.316933215898076380e-04,3.529650521844197864e-02
-2.119058114563345321e-02,-5.882003941627633736e-03,-3.271840454295950329e-02
-2.673628338621180170e-02,1.917919767590409164e-02,-2.181244651559427830e-02
-1.698282949146263238e-02,-1.268198466164395175e-02,3.336952267000014433e-02
3.018970374702351078e-02,2.543099778813827719e-02,-2.990334883455666570e-03
-2.611214023445062454e-02,-2.843390214859797469e-02,9.004850157085114021e-03
-3.914047335167296360e-02,4.756922681949193529e-03,-4.597396596931176485e-03
-2.920678325080202850e-02,2.558196725080441256e-02,8.520021177669466830e-03
-2.160786860933733983e-02,-2.206120853752112192e-03,3.335597380555070657e-02
-5.166027274609579986e-03,2.658771920551212392e-02,-2.924239794722121796e-02
-3.756248155785327572e-03,2.675394913196439683e-02,-2.937948365836294887e-02
-1.350139337330478334e-02,1.222537591072538586e-02,3.557548503223569719e-02
-8.496786929361234766e-03,9.100319547263856571e-03,3.803521497344278246e-02
-3.610072340119849926e-02,-1.738857879931428319e-02,-6.246938468977465426e-04
-3.842243292801303389e-02,1.139271877264992454e-02,2.065178054788857024e-03
-1.107108746861080323e-02,-3.211114676053045819e-02,-2.147032718164824244e-02
-3.427400798846121088e-02,-7.404973155571436400e-03,-1.973465340941742141e-02
-1.606293289798911908e-02,-2.737235070683480612e-02,-2.482062258906293784e-02
-2.362123185531552622e-02,2.100884682995203534e-02,2.506634028106962883e-02
-3.280430086139539403e-02,-1.199736138893248323e-02,2.029598165960632902e-02
2.453689699859685006e-02,2.911735875909763488e-02,1.365415201079805962e-02
1.061327365628330320e-02,2.708158002557481056e-02,-2.818852539705378815e-02
-8.086896114378839401e-03,1.861308154764404477e-02,3.511599722441787613e-02
2.247496960358362841e-02,2.881991395151651050e-02,1.770869818255739470e-02
-1.652881035639398258e-03,3.887819913815369205e-02,-1.180659482190906176e-02
-3.135617798084934515e-02,-2.149329586003212098e-02,-1.458778239905583057e-02
-1.430564607886786752e-03,2.707745603004096252e-02,-3.044788192810685828e-02
-1.551042970041372447e-02,-2.009379380277570223e-02,3.197355918043848222e-02
-6.711767027683518232e-03,3.482782156815778657e-02,-2.032122602956215607e-02
-3.623313099148027516e-02,-1.815935394069459474e-02,5.719282513980997532e-03
-2.972512797920134116e-03,-3.080981655058491475e-02,-2.686200430108009671e-02
1.299449781703003459e-02,3.434850890532350348e-02,1.831138432244402287e-02
-1.515873083409360889e-02,1.937471424042186766e-02,-3.291130407610886460e-02
-4.050078746940295737e-02,5.905381921291717739e-03,4.179731813651417840e-03
-3.693354830861467208e-02,-1.424703677801576231e-02,-1.139868892354029863e-02
3.354405052619293531e-02,-1.807344030322055595e-02,1.579496921457703568e-02
-1.733407202358039356e-02,3.513332712768775512e-02,-1.307101361220171405e-02
-2.870138848822922917e-02,-2.911257602212612150e-02,6.220899716636978279e-03
-2.653342504468611529e-02,4.330261132961166562e-03,-3.148932446198297180e-02
-6.826086323102379359e-04,2.933220209215254073e-02,2.928903645650270116e-02
-3.086924581544489218e-02,2.404177416984020974e-02,-1.386055928318066094e-02
1.496845456933058524e-02,-3.803908252491691039e-02,-7.506480234350087349e-03
-2.507409345792037739e-02,-1.034375820314214871e-02,3.155966046894708582e-02
-2.568774752470201136e-02,1.210850141530982541e-02,-3.048904300977149998e-02
-4.010959322710864333e-02,-1.063140203645017781e-02,-4.312148301405319128e-03
-1.007290173923154619e-02,-3.598810728552644805e-02,-1.865843149785224517e-02
6.036470613999974505e-03,-3.362167792664343124e-02,-2.412948698057586217e-02
1.706163253118981845e-03,-4.871049324228870006e-03,-4.155471682558552204e-02
-3.006506585239824766e-02,8.417342904361949443e-03,-2.798245767453630406e-02
-4.795182549092276252e-03,-3.862281706692276967e-02,1.572918771595515838e-02
-2.927552081267829551e-02,-1.989768673782245367e-02,2.266043434641719020e-02
6.779852015720479880e-03,-9.751047083591488432e-03,-4.037036500161478303e-02
-3.081764160231633895e-02,-2.802106019000787443e-02,-6.344763710146495220e-03
-5.989875990557869644e-03,4.123413382352036222e-02,6.586178240223068692e-03
1.020188784909515853e-02,-1.769303826986646372e-02,-3.696939439942485695e-02
3.045077482622529988e-02,2.683833166048054872e-02,1.186005991266885634e-02
-3.570753546664256345e-02,2.273130589534078094e-02,9.031573455603377496e-04
-3.764028087039313075e-02,-1.948365776196895813e-02,-7.085686579594888904e-04
-3.218234014840801877e-02,1.958588322632732678e-02,1.954343746616854505e-02
-2.067451335323180778e-03,-3.462636909262768042e-02,2.454275411649688501e-02
-2.597536870058913053e-02,4.032066304599649272e-03,-3.345116370617807339e-02
-2.808826917854454971e-02,-1.725236403271937155e-02,-2.697617836302395461e-02
-1.752211780435107558e-02,-2.015408401776398392e-02,3.324830118485305047e-02
2.300262341791916784e-03,-4.062725100490088143e-02,1.292862312428418557e-02
-1.531346550400359760e-02,-2.356783276722690390e-02,-3.220903766235917731e-02
-5.030096838434620736e-03,-3.517519926854794504e-02,-2.385632480380360868e-02
-2.545407663423512531e-02,-8.443712886768895212e-03,-3.341958611630401615e-02
-4.106444540916270869e-02,-7.007392731147106708e-04,-1.239557240652003171e-02
2.120549445372283889e-02,-3.635152004798118675e-02,8.583647750916526681e-03
-3.117832316600897477e-02,1.781253630412178018e-02,-2.365938245208562551e-02
2.946403052121691207e-02,-2.895886984736466621e-02,-1.211410840716095269e-02
-4.026929812106284923e-02,-1.514865633764003218e-02,-2.599120600866579051e-03
1.542863058460973436e-02,-3.981922333865078184e-02,6.212700047385636901e-03
-3.886712978614558639e-02,1.284258560486277456e-02,1.381965230691678190e-02
1.909551407413304785e-02,-3.872347425405286286e-02,2.603974113329163981e-03
-2.490428462464061229e-02,-8.698276017690159678e-03,3.434242965529783753e-02
3.024785513580089541e-02,2.941927563676580842e-02,9.960848141791668262e-03
-2.157352198228194851e-02,1.350834984898190323e-02,-3.515838769177674628e-02
3.649684941293452473e-02,4.565600079656752935e-03,2.314087835448312702e-02
-1.283412327277152478e-03,-4.332982134233172994e-02,3.688521561996138589e-03
-2.605616595276372474e-02,-3.455701716010152469e-02,-4.896499560747132225e-03
2.915496305839531711e-03,-3.104368709099107615e-02,3.048340908838425775e-02
-2.542366032678220616e-02,-5.955904941396370292e-03,-3.498536599695939442e-02
4.128998525191129344e-03,1.148181721995237235e-02,4.196776157976279953e-02
-2.852714574637205125e-02,-2.669130303808667920e-02,1.970566932058212886e-02
-1.412263157369711766e-02,1.773408005625935757e-02,-3.748272181726033936e-02
-3.144490527313673414e-03,3.887626591066772885e-02,2.005026709881171237e-02
-2.975427618599205473e-02,3.167982766668345912e-02,6.221033513457745016e-03
-2.145304239970552765e-02,2.245892028976127774e-02,-3.110239254140750864e-02
-3.218212625177797187e-02,8.857641134184501483e-03,-2.867427056189712081e-02
2.348414965225855897e-02,-2.481006905330654030e-02,2.781514277929715562e-02
-4.089134962726898720e-02,-1.226424232923243804e-02,1.107156733443210445e-02
-2.196231479954868782e-02,3.583070525839715526e-02,-1.353803304148820490e-02
4.114566193158068590e-03,-1.364493199327000521e-02,4.184154796396566400e-02
-1.235701814168624693e-02,-6.459577302213076813e-03,4.199732141490886833e-02
-3.507872787974196382e-02,2.343200410013638810e-02,1.352736884416674487e-02
-9.170041843203994777e-03,3.857237684725556975e-02,1.987503249360305160e-02
-2.057000892833658889e-02,-9.616933621525641102e-03,-3.815355614254466871e-02
1.866271815215578625e-02,1.091863818879047418e-02,-3.883504872176083561e-02
1.140475124414869375e-02,4.153395633123399891e-03,4.281035336370037775e-02
4.116937180256360906e-02,1.618235173632621288e-02,-5.256508288934930682e-03
-5.872556693609530185e-03,-1.406123593357557801e-02,-4.191161298111355238e-02
-2.407151814757018879e-02,-3.397624912327342622e-02,1.610394864519360328e-02
1.347936125202038767e-02,3.338527587978504935e-02,-2.648137708853166850e-02
-6.896781853653843192e-03,2.460138746238146532e-02,3.673026837880746104e-02
-1.712763978178754101e-02,-9.257608068479746682e-03,-4.033882074518745781e-02
-1.673693806876069834e-02,1.336019875621076783e-02,3.939586681341905594e-02
-1.184872565977786174e-02,4.151221398275865837e-02,-1.230335794533738564e-02
1.937415292645760026e-02,-3.552014131907196143e-02,-1.955416697194863745e-02
-6.960468377117983579e-03,-1.732007864474029504e-02,4.093099133551146573e-02
-9.270367000491205878e-03,-4.261838646925454610e-02,-1.122002990038712192e-02
-2.419367777915065743e-02,-1.196677068147342787e-02,3.611086071661009228e-02
-1.517670599458337266e-02,-2.936702062739967103e-02,3.072710491104820724e-02
4.123914989572816277e-03,3.268778694263060197e-03,-4.487309840723859716e-02
-1.098239748911568510e-02,4.022269088319302410e-02,1.752673906810030269e-02
2.793446223480537324e-02,3.386061824463720143e-02,1.109808397965869609e-02
1.168069666793559482e-02,-4.300832886841193109e-02,8.262382208350970564e-03
-4.415912262670786126e-02,1.027892988907889472e-02,1.765499196666779451e-03
6.198301797313145872e-03,4.294089231997379186e-02,1.344776785731520256e-02
1.383334625289201793e-02,-2.052977630401535414e-02,3.814090727336917619e-02
5.413025644371453893e-03,3.684911732438511667e-03,4.504512764871821534e-02
-3.264905601149850622e-02,-2.913680914421652030e-02,1.270472292121819016e-02
-4.215249909494591524e-02,4.923186435463852879e-03,1.672229831333598218e-02
-4.213775698942980735e-02,-5.432951750963232670e-03,1.673263144305012912e-02
-2.397911158438477755e-02,3.872484751371776251e-02,3.854828778605029222e-03
1.680050024703781111e-03,1.714354132952504439e-02,4.239258308431343575e-02
-6.669699045544425289e-03,4.522256287745098774e-02,-2.945078886265535198e-03
-4.352436390999808377e-03,-3.998139425070927622e-02,2.202651541808773455e-02
-1.734197892113131800e-02,-3.054898055262285014e-02,2.954696292152067874e-02
1.024209177204810778e-02,2.635498672169818077e-02,3.622025788904505161e-02
5.778906388704574924e-03,-1.281978327208421753e-02,4.379538912746221840e-02
5.333379284263128732e-03,-4.568606998961767529e-02,-2.121956110814800407e-03
-1.123752961938400893e-02,-1.686565510001837966e-03,-4.467017816585699963e-02
9.856457312637706414e-03,-3.300262390447216646e-03,4.495438926878693453e-02
-2.515963192431263165e-02,2.831246650042091445e-02,-2.643337637592137190e-02
-4.357744796824259553e-02,-1.078911178364375979e-02,1.105962737079270973e-02
-2.696179546954241557e-02,-3.171934879882676306e-02,2.022491517826846552e-02
3.679675589943039171e-03,3.463141457053317551e-02,3.055514753565066743e-02
-3.605321873924813292e-02,-8.230842961011231029e-03,-2.798750034726528446e-02
-4.468485235882602852e-02,-2.919876420479715351e-03,1.224784835303838020e-02
-1.628888930260146903e-02,-1.263181633129071592e-02,4.165058357518132415e-02
-4.138643573777255058e-02,-2.113127003154747011e-02,2.164540523017015935e-03
-3.546785576263063872e-02,-1.261366075827360066e-02,-2.741114785074921789e-02
-4.348043871720121828e-02,-9.716451127204352167e-03,-1.370687392330827668e-02
-4.294753463157136020e-02,1.539220643040043086e-02,-9.788668217474287211e-03
-8.939372057716242492e-03,-3.102946312968926992e-02,-3.374731864712898766e-02
4.560065078517908793e-02,-1.415193234838151015e-03,-1.022705880651555987e-02
-2.410135062581527168e-02,8.540928179689669109e-03,3.919931054276495908e-02
-2.258217751750476315e-02,2.108357809238910197e-02,3.521833059708221608e-02
-3.719795988236641957e-03,4.637044427309745809e-02,5.928101223200501341e-03
1.015860809057459770e-02,1.428072737008296601e-02,-4.354832358670326226e-02
2.654314721845041011e-02,1.045937678648400752e-02,3.733699454611198038e-02
-4.588876632180369231e-02,9.184916665069752309e-03,4.716232446597014467e-03
3.973153511114566744e-02,9.473977773276907530e-03,-2.341858058593889944e-02
2.417813828091907452e-02,-1.630754866963407546e-02,3.702242257183794433e-02
-4.338292419807034117e-02,1.424963205228517958e-02,1.185097305180495865e-02
-7.613689428902478511e-03,4.276329282927904957e-02,-1.852852346527551763e-02
2.298984248738461522e-02,3.563063519238305471e-02,2.088772790903163992e-02
7.435917379105773904e-03,-4.372123561828986094e-02,-1.649036009625599181e-02
-2.069062406728269538e-03,-1.281597796090254947e-02,-4.554821824217369919e-02
1.313959556014305391e-02,-4.278508146306401333e-02,-1.563196998208439548e-02
-2.676661718017919397e-02,2.829319920045118841e-02,2.711114144639146378e-02
-3.954275058087199091e-02,8.490239195804912334e-03,2.491301631213066470e-02
-3.068508608481488893e-03,6.670687484608518909e-03,4.697721900379123183e-02
-3.871156286780130101e-02,1.919740924279416533e-02,-1.995116637077508359e-02
6.473362751415748066e-03,4.180780994649934551e-02,-2.190386894435562490e-02
3.008093103537405263e-02,9.891188568660792477e-03,-3.565503502608406705e-02
-3.882514160926712338e-02,-6.839174651693266140e-03,2.691127531519517391e-02
2.522153093197154403e-02,-3.614426900031320056e-02,1.844593259875432559e-02
-4.119238214738190490e-02,2.076648730437573309e-02,1.261472585719812523e-02
-2.918203023920642666e-02,-2.601891683616305850e-02,2.762281915564232179e-02
-2.996388748332110257e-03,-3.973983473051075771e-02,-2.660389194665421092e-02
-4.404338135101674295e-02,1.080879995474016888e-03,-1.895831669646037831e-02
-4.757243777791757278e-02,3.083111138862127017e-03,-5.671745800076630553e-03
-3.164157023199735269e-02,-3.385473710868536212e-02,1.272341605304211885e-02
-1.222747657101771676e-02,4.480535891542575949e-02,1.251372541289315181e-02
-3.962931645546879239e-02,-1.531974230193496218e-02,-2.264629285406332890e-02
1.655025592480410465e-02,7.574277618063712109e-03,-4.462240508966868607e-02
2.203092919330337449e-02,-1.832030235764350173e-02,-3.880531641005222077e-02
-1.715315117610320813e-03,-2.533982653265484317e-02,4.106345479111189051e-02
1.952738018894408997e-02,-4.261975732274259770e-02,-1.174322842644362312e-02
2.440127002538687584e-02,-4.106595906839446281e-02,7.631533412757882801e-03
-1.363287292458757217e-02,-1.191569448507920174e-02,-4.490708334133367008e-02
-3.813782130277158788e-02,2.597667563183026287e-02,1.481939973911872328e-02
-2.632119710265536441e-02,3.513588586295609412e-02,2.063905617339132151e-02
3.323669756201762943e-02,1.829753496388242598e-02,-3.030247847300939282e-02
-3.329908453839406507e-02,3.499359982527306540e-02,5.361786881174586752e-03
-1.520462045948165961e-02,1.200620893132146351e-02,-4.462300657249651525e-02
-2.596238256534624811e-02,-4.860472502164807362e-03,4.090581143111697571e-02
-2.640567213700674085e-02,3.980326524685044026e-02,-9.685492783760824009e-03
-3.459484587548878470e-02,2.084118430108969355e-02,-2.736099110968335732e-02
-3.250289183260474807e-02,-1.361385138877050857e-02,-3.379972438692000619e-02
3.493722616458720329e-03,-2.869584335557895730e-02,-3.940752583456913483e-02
3.039017606652117537e-02,-3.777044642400866070e-02,-6.546491672649004841e-03
-4.508926912844752471e-02,-1.076113430511452078e-02,-1.576696864919200844e-02
1.603254508870374101e-02,-3.508119065686049476e-02,3.023449585662035116e-02
-3.672758208463566213e-03,4.427737851949620218e-02,2.079178848268471366e-02
9.987364973650608366e-03,4.594401428469162274e-02,1.414534497517087874e-02
-2.489299474927274269e-02,-3.449721463401880794e-02,-2.460465540459376432e-02
-3.016310962734148823e-02,-2.152526329215314477e-02,3.234773345138444028e-02
-3.653276816580470349e-02,1.678334517385887247e-03,-3.296185789030618013e-02
-4.533893873472865516e-02,1.765761885960595926e-02,7.807158374526192851e-03
-3.398115865223699100e-02,-6.409719361804749709e-03,-3.517069836749148887e-02
7.791270854249694733e-03,-3.789952131881108022e-02,3.066143569734013780e-02
-6.962378510648418485e-03,1.393797669893744387e-02,-4.689221081429496840e-02
-3.761678089944976711e-02,6.611932546920299900e-03,-3.142136318512818438e-02
-2.556804550578404764e-02,-1.362682082709030899e-02,4.013785972394771917e-02
5.878148430980665792e-03,4.863126244743127408e-02,7.438561253472484106e-03
-1.797907494090803318e-02,1.174325640664252920e-02,4.470072542953670847e-02
-4.746671675592310097e-02,6.769440968481662754e-03,-1.283798945878328671e-02
-4.921172436673985212e-02,6.805520065967224537e-03,2.050126772750305139e-04
-2.213827536829898399e-02,2.252250013345977447e-03,4.446794802070035135e-02
-3.305158809900469313e-02,3.448065570631278498e-02,-1.398838505334018024e-02
-3.939782197587034934e-02,-1.602142272199814574e-02,-2.593352665254736872e-02
4.052479942498682375e-02,-3.865814469266179703e-03,2.878615707074512475e-02
-4.632965015297044881e-02,-1.744169627764218314e-02,6.294635302672040890e-03
-2.647359584747515857e-02,-4.169568746111960295e-02,-7.437432282978126939e-03
-1.231993490344397355e-02,-3.235864542785524961e-02,3.605911838076996528e-02
-3.386325652941486047e-02,-6.490525446880336148e-03,3.625882259321207973e-02
7.957974589711504926e-03,4.602855157166188538e-02,1.805599081363929229e-02
2.406724516565623279e-02,1.548898696917314598e-02,4.114926432130950468e-02
-1.503066976323602644e-02,4.173303127385009914e-02,-2.343637356392996515e-02
-1.090265762288637405e-02,4.897089992065045694e-02,2.059589704650612724e-03
-3.797976785135450534e-02,-2.145828894303814308e-02,-2.495529275494939858e-02
-4.951172143607726617e-02,7.893001589594701370e-03,4.050496289082826905e-03
-1.506787057269440592e-03,-2.465175046548086918e-02,4.386988300938094582e-02
-3.025902458571812920e-02,-3.995937038642604494e-02,-5.159028584094761671e-03
2.980984061589066897e-02,2.194748615853216178e-02,-3.425035759128323976e-02
-1.353603556421023721e-03,3.108787523254536930e-02,3.974353470490259166e-02
1.375895662082290104e-02,1.144587708819333471e-02,4.724352966939715515e-02
-3.476097741111731920e-02,-3.471230575614330655e-02,-1.197622338286193772e-02
3.684782399540870862e-02,-3.437794974438486417e-02,4.639600955820087809e-03
-1.502307407743624576e-02,-3.014413970172973370e-02,3.783123108276160995e-02
4.863149813034759600e-02,-1.422569670542152796e-02,1.613716552479784209e-03
4.426585976249549498e-02,2.458020966579629873e-02,3.282909095334748430e-03
-3.693839873182432065e-02,-3.441553974993393633e-02,5.476264842513975037e-03
6.727912040595653530e-03,-3.336328954989081080e-02,-3.774817256677436006e-02
2.298885641696152976e-02,-4.275413726087164829e-02,-1.520952216697214233e-02
-3.508263258490507824e-02,3.650215666693115701e-02,5.382368164825786921e-03
-4.132865233068515332e-02,1.169560380798185389e-02,-2.741823326757979878e-02
-1.702379187616035947e-02,-3.396625574492095206e-02,-3.402240506430256189e-02
-2.271482612969730197e-02,4.562730505717522284e-02,2.768082915466512327e-03
-1.060815894354254045e-02,-3.985930650958385835e-02,3.014326357327971884e-02
-3.646614251562148301e-02,2.155266690416979963e-02,2.863658405342825800e-02
-4.176967614923768335e-02,1.003235033886411449e-02,2.781069743117420626e-02
-4.123887902220525759e-02,-2.833975501434731273e-02,-1.092885634888082595e-02
-5.066334707324985503e-02,-7.463260841336363631e-03,-2.278322340205517129e-03
-2.481245093633977633e-02,-1.931919377094813706e-02,-4.053659930147032742e-02
1.872802351046306754e-02,-3.950895282188125052e-02,2.692299822304308407e-02
7.243392091153172440e-04,9.232166490876601503e-03,-5.054925010273407515e-02
-7.994551580338416993e-03,5.055773734213693527e-02,5.042506590027550674e-03
-2.815510632569532580e-03,-2.151373253987833023e-02,-4.668080500099611174e-02
-5.095378322381326208e-02,-7.165450443467852142e-03,2.583596388131508340e-03
4.320030190823355258e-03,4.404444724258504973e-02,2.646077334811717391e-02
-4.559936078400440851e-02,-1.317619689268219839e-02,-2.025528432008923477e-02
-1.111843603098419155e-02,2.509897816978755650e-02,4.374991351738235362e-02
-4.456948095523699527e-02,2.543328807453773197e-02,-6.227789256551360085e-03
3.835173378996449556e-02,3.024493881691359132e-02,1.705601599338455593e-02
4.774520035466427864e-02,-1.692419373207704539e-02,1.072057966941503127e-02
-2.710383492662288285e-02,3.096696128380324597e-02,-3.149344459787783990e-02
5.687663686170545650e-03,3.873493779873932175e-02,-3.401628192319024191e-02
9.833578927868085254e-03,5.012495613193457961e-02,9.224264501175756525e-03
-4.723992509214453017e-02,-3.429335603755664431e-04,2.161053142248385225e-02
-2.882974844979241391e-02,-1.585555760495184138e-02,4.025712559525634199e-02
-3.053756333410057033e-02,-4.114530169557392009e-02,9.064057114043152022e-03
-4.791648049909848911e-02,-1.443052410870947037e-02,-1.441712653977504643e-02
-4.760872966623187069e-02,8.261606570407590416e-03,1.953675258605321388e-02
-2.497340769643606809e-02,-3.878643927309474021e-02,-2.434992279327179154e-02
1.077530066056786931e-02,2.859289607374832301e-02,4.232925073331063326e-02
-1.510303615034305595e-02,5.001122119311356140e-02,-8.067385713353608439e-04
-5.770782929068933240e-03,-1.481890517158754132e-02,-4.981387115168971202e-02
-5.036762034081658512e-02,-4.565898149029688421e-03,1.345469233205190927e-02
-4.026114486065502512e-02,1.005153556344424819e-02,3.195669357674500027e-02
-7.189361658673548879e-03,-4.293813519534647044e-02,2.919422881909284825e-02
-4.754797045413206025e-02,-1.868206195294326577e-02,1.192875531810406141e-02
1.475259163330400235e-03,-3.911452875293548737e-02,-3.499218421876126861e-02
-2.900977314081807854e-02,4.109485873257000266e-02,1.518791580029374769e-02
-1.341937047723309150e-02,-5.073224479773645601e-02,3.411626243918608904e-03
-2.842725296437808788e-02,3.462169501338999145e-02,2.762537636539031186e-02
-5.210660878777185340e-02,1.596698018715377032e-03,-7.532371141227179635e-03
-1.855222323561848616e-02,4.400741412501546490e-02,-2.231592247073670501e-02
-2.667585589185937286e-02,-3.067009596639727956e-02,-3.363087432398111087e-02
-8.684733729547469347e-03,-9.722396104907297595e-03,5.116440541113016771e-02
-5.216285555943549895e-02,7.792206263196235078e-03,3.243215926589203182e-03
-3.624855079154637449e-02,-3.587021832108362729e-02,1.400091532986589421e-02
1.736383348909405558e-02,-4.115607023191052843e-02,-2.838637448549063969e-02
3.872314203443986969e-02,-2.310880866721717539e-02,-2.778611222771800934e-02
2.879593166973212423e-02,-1.320661241048417395e-02,-4.250179921778708680e-02
-3.946822765234044711e-02,-2.699217664261880506e-02,2.298176020605584291e-02
3.136205125639364433e-02,3.702306963993644978e-02,-2.155577232873600452e-02
2.136452136924103795e-02,4.080084557645988208e-02,-2.649986952043143981e-02
-2.737806739597838015e-03,3.165296513005901036e-02,4.264325126309996550e-02
-5.155292152562653690e-02,2.187408311846665739e-03,-1.303160315421629002e-02
-2.108296596400811070e-03,3.403114894571906968e-02,4.091706615065070218e-02
-5.103247471546047687e-02,1.539194171796213692e-02,-6.576690199264701635e-05
-4.607054820431407891e-03,-5.270463791881672966e-02,6.832671465498178429e-03
-3.056651038317365413e-02,-2.468782428264007858e-02,3.614345279248683263e-02
-3.201740963807317431e-02,-3.624211428839211463e-02,2.271573023970784033e-02
-6.305223862380465207e-03,1.733810284317552353e-02,-5.018670254067431752e-02
-2.509179492225231678e-02,3.276908898259853903e-02,-3.406054958270497701e-02
-4.315569484191461580e-02,1.018440693339295842e-02,3.003095141863549797e-02
-1.804191617067979481e-02,-4.684201501388011307e-02,-1.878221164954797795e-02
1.008773056264230562e-02,4.728345867503328664e-02,2.322566135180903837e-02
-1.231486846168009831e-02,-3.898027038400102978e-02,3.478886013376734226e-02
4.595819051499006741e-02,-1.146271505003636400e-02,-2.534356719019481563e-02
5.620208022574945186e-03,-4.949395492997391705e-02,2.022550473424546136e-02
1.372432334714707809e-03,-3.902375046168945344e-02,-3.701401236531411121e-02
-3.875990650820148459e-02,1.016284203509592102e-02,-3.596699979821584015e-02
-3.884223119883369046e-02,2.224132764983945132e-02,3.000513787615949682e-02
-1.565556999996665401e-03,-2.899137476177472694e-02,4.544467796683240163e-02
-1.330420944067235017e-02,-3.026591606443106847e-02,4.265685879601586322e-02
-3.133736511921701023e-02,2.059941072051619734e-02,-3.886818558840886978e-02
5.515140416632860129e-03,1.661277225462155782e-02,5.113871205735674719e-02
-4.427809771762612062e-02,-5.518255867463224638e-04,-3.106737442189368842e-02
-2.775918202417354888e-02,2.933044524813427367e-02,-3.605074756967836108e-02
-9.732021529870085730e-03,2.177128851829878559e-02,-4.864432920209230821e-02
-2.012952279396458544e-02,-1.233070455460498309e-02,-4.880775026369856689e-02
1.313416197869597506e-02,4.748171439313839809e-02,2.273521457275125279e-02
1.940678503393645019e-02,5.019184547622736886e-02,7.248046859599553172e-03
-5.084138835093730130e-02,1.539340851958434855e-02,1.144746714536115130e-02
2.369421747426688710e-03,4.471853554735284036e-02,-3.085380279461829786e-02
-1.432837893743861037e-02,3.076155876227317995e-02,-4.254660049464464855e-02
5.378511729393899328e-03,-4.655278655009282424e-02,2.775194072596420120e-02
-4.876600807321138792e-02,-2.363957708403978050e-02,5.811949576463494409e-03
-2.879315010529074834e-02,3.757153887997927849e-02,2.710235613205982594e-02
-5.084419942002995491e-02,-2.723151207215304421e-03,-1.967556480743383462e-02
-4.516256704443991077e-02,-2.634863221023473270e-02,1.581900334682680501e-02
-1.962953880012859031e-02,-4.993120244770403449e-02,-1.049657795006871813e-02
-1.965134548043177137e-02,1.383407305716824985e-02,-4.914812885399467285e-02
6.830953609721333170e-03,2.754281209516689852e-02,-4.682201030696668542e-02
-4.852727273969222738e-02,8.757298171865818617e-03,-2.388424290706733788e-02
-1.941990323228228246e-02,-4.711087280431807550e-02,2.024725716414300589e-02
-2.236725393702300446e-02,1.045170744575229550e-02,4.900470836961708099e-02
1.769544891381766294e-02,-4.887752563501395614e-02,-1.770105783145067141e-02
-2.192528724693231304e-02,-4.913895766605523574e-02,1.116196969375044847e-02
-2.447289396840427941e-02,2.837084559942557385e-02,4.025660187470957163e-02
-4.819953643633077822e-02,-2.180090729556637824e-02,-1.517970320619802665e-02
9.115071675520466585e-03,-1.351820150560606101e-02,-5.260750118199834791e-02
-2.583651132754014035e-02,-3.478530699683778787e-02,3.406332597318180444e-02
-3.514274355992824672e-02,-3.161225967474240450e-02,2.842506175041923863e-02
-3.546349459114031544e-02,3.113156154952299859e-02,-2.863522762785560005e-02
-4.968876137478449306e-02,1.905444661248636290e-02,-1.480687522484995695e-02
-3.687828205989982649e-02,4.116384396852557082e-02,-1.139410028592106536e-03
1.432720906974698470e-02,-2.301301423782500452e-02,-4.822219492493055176e-02
-5.087313338779955035e-02,2.183214218368409801e-02,9.929673474169243392e-05
-2.317132147647859880e-04,2.924073844634594160e-02,4.705458539966293763e-02
-2.139494762499207989e-02,-3.538866278566352164e-02,3.692679317018981999e-02
-2.709299464941988811e-02,9.779812113745190924e-03,4.741830161068603250e-02
-5.070842561711440960e-02,-8.630383643318511461e-03,-2.090034401619403695e-02
-2.068618585111012959e-02,9.189027967635174030e-03,5.074227062945387001e-02
-9.412202444330745529e-03,-4.277247400878440159e-02,-3.425701347826665827e-02
1.428273282532705087e-02,-4.977238621107765021e-02,2.036695785284343627e-02
-3.602808157018472929e-02,4.054793690020092045e-02,-1.258672247907885455e-02
-4.702669525742882162e-02,1.778711061134686383e-02,-2.402448559344585663e-02
-4.902697360386266273e-02,-2.297895219519160287e-02,1.333697902952670628e-02
-3.544563164939507766e-02,-2.120081516781712958e-02,3.752557661770680036e-02
-2.183741834220353020e-02,-1.250254365938013520e-02,4.985312891259688350e-02
-1.675650763477853911e-02,2.661087720902408083e-02,4.619617889279329509e-02
1.837854498430345701e-03,-4.642696063778661841e-02,3.112317485263093111e-02
3.972730316093060071e-02,3.863211890246506103e-02,7.828123919236739878e-03
-3.675174387614525001e-02,3.790633704375195173e-02,-1.867844403923933638e-02
-2.872402128428054244e-02,-1.120019682808546385e-02,-4.680211897898135104e-02
-1.329709944523629027e-02,-3.748817586635528470e-02,3.953812707306274959e-02
1.067359164765608118e-02,1.617773787136573063e-02,-5.267145958053897487e-02
-2.628605549887582868e-02,4.445635593103904049e-02,-2.207015097343317800e-02
-2.918183725866147979e-02,1.436104756347398800e-02,-4.583759584207654225e-02
4.871275426543572595e-02,2.693751275545466436e-02,8.051821077428845258e-03
-1.431679785701261282e-02,4.183862674149143625e-03,-5.427160826532556603e-02
5.351515267358728303e-03,5.207620903862451162e-02,-2.077986566352340789e-02
3.315179994090419052e-02,-4.542877393924928120e-02,3.748082829929875494e-03
-4.609258176710936267e-02,-1.809611878483143033e-02,2.700663644617823725e-02
-7.306328237737702742e-03,-2.658809558369020290e-02,4.924973078424840084e-02
-3.856199507354769740e-02,-3.896873967907711622e-02,-1.359214785664826682e-02
2.839649312667895734e-02,-4.239552440217315976e-02,-2.431228784260407172e-02
-4.147308218911997801e-02,3.332491358973124762e-02,1.920297937981488290e-02
2.096826411657232506e-02,4.068100613048868108e-02,-3.330467368510207221e-02
-1.605052693209186795e-02,-5.426677521690535799e-02,2.409210629312247016e-03
-5.123135021034207204e-02,-2.362408941251922800e-02,-5.481910538970909998e-03
-6.696493118065594170e-03,4.360473661972986276e-02,-3.565217832499000677e-02
-2.904036292803185634e-02,-4.471126350526394982e-02,1.947686983529188509e-02
-4.604844655122482255e-02,2.363395925214143919e-02,2.339358252434832822e-02
-1.950459395918547820e-02,2.320323174706320074e-02,-4.808283539495953468e-02
-1.737262866801052297e-02,4.640433130976644865e-02,-2.793033595113219095e-02
2.616257091823689235e-02,-5.040999632830098220e-02,-3.757891948554449579e-03
2.048646898421667070e-02,3.332464953216203452e-02,-4.140094508799282980e-02
-2.584543546058980235e-02,-4.464128061253171825e-02,2.424731703163065383e-02
-1.473041418641282576e-04,-5.022925760573825060e-02,-2.702332009429049900e-02
8.214655617515590272e-03,-7.652251096184115031e-03,-5.596177180704674237e-02
-1.749372701314259176e-02,4.381747578509236074e-02,3.219089761599759625e-02
1.407360041109405671e-02,5.498639592682463134e-02,6.721888940613991725e-03
-2.873133954389527067e-02,1.126883983212056441e-02,4.815366954451561626e-02
2.589633424742723844e-02,4.128608511421830163e-02,-3.000984627354770853e-02
-1.243857397383362623e-02,4.928175225956953585e-03,5.568883319270560156e-02
-1.651649816588034864e-02,-2.820419025032681187e-02,-4.707950732876713118e-02
2.621121853172147728e-02,5.084630662401508350e-02,4.108117163007468306e-03
2.589082574804780004e-02,5.108182844698704733e-02,-3.750186544149804180e-03
-2.634858253112539947e-02,5.101590628983561360e-02,-1.175988352295338291e-03
3.694969106440574441e-02,-1.496483090176167589e-02,4.139479571521390011e-02
1.490103197939815147e-02,-3.028633835858388079e-02,4.656128657193981529e-02
-1.584766019945117385e-02,5.193789404177617114e-02,1.905428583592405634e-02
-3.805692068679743939e-02,-4.039203977077739788e-02,1.537580607677052451e-02
-4.601293268972060646e-02,-9.463045315567412269e-03,3.337702552677737633e-02
-3.025015306326328708e-03,5.447657761132405907e-02,-1.866602057794215092e-02
-4.743379403906559932e-02,-4.816525640467747733e-03,3.250551193515752862e-02
7.756576406289590782e-03,-5.654766396710230597e-02,8.744927274733867162e-03
-4.473450133235958026e-02,3.357721812955840462e-02,-1.449745877843883896e-02
-7.881870258037862800e-03,-4.607721862354308140e-02,-3.403016999675351206e-02
-1.736248760584667211e-03,5.409693117282101532e-02,-2.045236654911604390e-02
1.120596636611306991e-02,2.568398584077381808e-02,-5.066613134820132508e-02
-3.925919191876598748e-03,-2.127518314131010904e-02,5.374716487265458753e-02
-5.506319498544949564e-02,-1.290828286385638235e-03,1.810218433882152672e-02
1.178381466272334331e-02,-4.666874805196106341e-02,3.238807864203285120e-02
3.966190602986071636e-04,5.295502058617608532e-02,-2.378935893113233099e-02
-3.287114977076441725e-03,-2.254899510197620055e-02,-5.343754201507531360e-02
7.894491609829154197e-03,-1.022030079813085468e-02,5.667948184086975261e-02
4.815921986514468123e-02,1.036119012804430362e-02,3.093841362382730026e-02
-5.514563213267354055e-06,-3.999755361471146742e-02,4.229130742160852607e-02
-5.218132634922973551e-02,-4.416741622243806897e-03,2.550431043223970462e-02
-2.869593434222628830e-02,3.197856013638577383e-02,-3.938646361440115845e-02
2.895499775421929434e-02,5.045091303492318241e-02,4.266384208504248390e-03
-9.144562964993715320e-03,-3.663178521589686987e-02,-4.450717153470937909e-02
4.250422066732869458e-02,4.004889963326984520e-02,-6.219154867917535108e-04
-1.763005155554817072e-02,1.164027887524524824e-02,5.448951175130976182e-02
-4.926399170871542752e-04,-5.847751309126573288e-02,-2.666851537776916020e-04
-9.043564396429552843e-03,5.549341182294853514e-02,1.622160812484195122e-02
1.717428040031317160e-02,5.176786513458166150e-02,-2.130940026466399476e-02
-3.229991473033398675e-02,-2.762113241233653954e-02,4.033930631399840899e-02
4.686672539921724751e-02,3.325461978683172393e-02,1.164579460014422176e-02
-2.973136865562172465e-02,4.912516604357433647e-02,1.205246924596885087e-02
-4.910166464504283484e-02,1.369550378702273120e-02,-2.912853911323427802e-02
-2.284116946627755274e-02,1.720247651244777992e-02,5.132136577562778496e-02
-2.784770047057168879e-02,-4.517912450318607720e-03,-5.157650545935048292e-02
2.566017492958752241e-02,-5.192882636174166178e-02,-1.027179087928279007e-02
-3.962208282490780470e-02,4.284157662314808102e-02,-7.730645130201239078e-03
4.902096090726308641e-02,1.722785652488792452e-02,-2.774410613828745195e-02
-4.965216461899351480e-02,1.018164243472797267e-03,3.174478465628179785e-02
1.613115993111195051e-02,-3.402078373969271569e-02,-4.539817311914480513e-02
6.765335087191211641e-03,-3.927543155336504083e-02,4.352942029632377724e-02
-8.743033105499866536e-03,-3.684306919423220583e-02,-4.531892173249373740e-02
-2.775273713415673388e-02,-5.004833107200820641e-02,1.473517348323428490e-02
-5.626614882172355225e-02,1.106274860655949259e-02,1.443709612011605421e-02
-4.398328383853866708e-02,-3.925026469400360457e-02,-5.108802928046060100e-03
-2.418935272947875942e-02,3.723253550200165268e-02,3.917072224107912698e-02
-4.350829080432428581e-02,4.012323372836511248e-02,2.721402893373326640e-03
-3.262253279857320332e-02,-4.717086686288336772e-02,-1.501502868093356445e-02
-4.550709393013641080e-02,1.961472293304614839e-02,-3.261378326881874540e-02
-2.446429466646621656e-02,4.906033445267619919e-02,2.276827510435242008e-02
2.260165336980606791e-03,5.921366531690500090e-02,-4.119090439253524777e-03
-4.008173907521520030e-02,-4.213657315877360199e-02,1.228081950376797536e-02
-2.008518395307974311e-02,5.575703513164713410e-02,5.011539145215827828e-03
-5.635151833309095040e-03,5.873960784445214633e-02,-7.733231030821916333e-03
2.015619968849716170e-02,-4.340385718942829651e-02,-3.544368940629724629e-02
-5.234792870663076969e-02,-2.847045197521477430e-02,-2.697293792737046384e-04
-3.667299561530074775e-03,-5.888677302296867894e-02,-8.623652122995321273e-03
-6.367487657263199395e-03,1.078592676901196992e-02,-5.833619470717631150e-02
1.578805249863189653e-02,4.286506469026456212e-02,3.844268824910562765e-02
-5.974037391379113243e-02,-2.074010159324726689e-04,-2.933192973657764270e-04
-5.976148457689298144e-02,1.370962950463101761e-03,-5.016353404498725618e-04
-4.400181114438472818e-02,4.034814943264146414e-02,3.736214736935518973e-03
3.451173606556951629e-02,-3.014005368602361984e-02,-3.851149077116618191e-02
1.414175777102482517e-02,5.786540789733411044e-02,6.224867653807685322e-03
-3.262050871551222531e-02,-4.317038015619534264e-02,2.576608575220625669e-02
2.084571251907130912e-03,5.439618837061122730e-02,-2.515763694873124345e-02
1.207193711964303293e-02,-5.771516131327419918e-02,-1.113342153963121223e-02
2.471553613483036971e-03,4.048076131776338904e-02,4.427698984653629516e-02
1.762939408190734858e-02,-9.827471109853718953e-03,-5.658980256538171522e-02
1.800817061669919561e-02,2.013230037222335511e-02,-5.370944942609078704e-02
-3.686720705117896291e-02,-4.753542956229876715e-02,1.719681103867944495e-04
1.680364460601143500e-02,3.282462420354857746e-02,-4.757676713518528555e-02
-5.729946046403223969e-02,-6.282064281144228088e-03,1.747008654885048862e-02
-1.146106439077505118e-02,5.695847410369109937e-02,-1.602507744076826085e-02
-3.549169210585998574e-02,-4.563461462718387818e-02,1.716911994557285270e-02
-3.415291246538314923e-02,4.495546726769546197e-02,-2.130897033308293970e-02
-4.710327938142171850e-02,3.526089392719145444e-03,3.761471610130461690e-02
4.360037435389719357e-02,-3.763991499959257192e-02,-1.824266456065430989e-02
-4.909058306027682360e-03,6.015381909072638894e-02,-3.535750707359339769e-03
-4.961572089049426371e-02,2.622968620603947573e-02,2.258093186804583860e-02
-5.204521454862910679e-02,2.272560863216844043e-02,-2.095208913046257490e-02
2.016687302203174284e-02,4.976543524400910828e-02,-2.802462291350126325e-02
-1.930221333425060151e-02,-4.469065462133971212e-02,3.610240962371943918e-02
-4.269017961208015910e-02,-7.605441126945143744e-03,4.239638821819207565e-02
-2.964827939638577103e-02,-4.340102779623212365e-02,-3.032510830790536085e-02
2.779874263746190399e-02,2.181971941266302659e-02,4.937556320740987825e-02
3.202621216231019141e-02,-1.171568950784380135e-02,-5.028335794275823334e-02
2.081587301901469469e-02,-4.084309854338810664e-02,3.993028668170500034e-02
-1.736541433368835041e-02,2.808347691870434829e-02,-5.108995190204515535e-02
3.000883157785150484e-04,-2.743808312357187001e-02,-5.433250031485589715e-02
-2.062258585437189151e-02,1.283279346750262027e-02,5.585269482897661092e-02
2.269933680657973147e-03,6.023523693174059890e-02,-8.977530035315884824e-03
-4.528579019813314815e-02,-4.032319913144355450e-02,-6.465798731242386119e-03
2.135159454417777727e-02,-5.702994730047231120e-02,-3.847289877190443377e-03
-5.495435869064862512e-03,4.685901070283293030e-02,-3.875149544056215312e-02
2.776671091890121901e-02,9.150572768148467623e-03,5.364196542665381623e-02
1.063269627723894932e-02,-5.128468900303059796e-02,3.152060811883692498e-02
-5.153490249811637676e-03,2.607139960422257333e-02,-5.509069938441798348e-02
-3.081337698761299135e-02,7.040394845217828185e-03,5.240963059845824695e-02
9.983189653765068075e-03,1.287123238650128565e-02,5.903395975688540548e-02
1.064867262035631632e-02,-5.101512600990697199e-02,3.223264867393758198e-02
-1.416838237454286047e-02,9.572622477690688469e-03,5.888160791469717464e-02
-4.543951931803356242e-02,4.121783773800027223e-02,-5.502969178577390638e-04
-4.101298385757159298e-02,-4.159179949991096553e-02,1.888284404505966713e-02
-6.555032949652225480e-03,6.762924502045532769e-03,6.069876749000082533e-02
-2.253886907937930825e-02,-5.664438051028423959e-02,7.810353258070800754e-03
5.376860420046051386e-02,-2.978080936606139831e-02,-2.042382246553766691e-03
5.715811689050660609e-03,-2.389632302081709861e-02,-5.641780892884160070e-02
2.530156982645115002e-02,-5.602256053606029240e-02,-3.538415124794630408e-03
-5.641517712926278488e-02,1.417443332287682788e-02,2.030207022675527967e-02
-1.454988076771301583e-02,-4.834978595510722871e-02,3.536811695628024749e-02
-3.159536741793986941e-02,-1.765227234821011015e-03,5.294776706703821501e-02
1.141035710860420840e-02,-3.212813890626989299e-02,-5.144881437382407829e-02
-4.319156482255739893e-02,-1.942947425025521452e-02,-3.963487844160872020e-02
8.290502045793572000e-03,-2.131705239688131553e-02,5.740501215450927869e-02
-3.255921649429888154e-02,-4.693574003653074728e-02,2.366357099565687475e-02
5.060328084057477346e-03,5.699097669099894431e-02,-2.353717852328771759e-02
-2.056293318452183730e-02,-1.458290128639653377e-02,5.653873576686561930e-02
-1.690129999610475928e-02,4.015591793440490692e-02,-4.402861445162760401e-02
-5.374472002803726972e-02,1.353464994513182799e-02,-2.774052352632618013e-02
-4.508245102157071305e-02,-4.130446444305069242e-02,1.035759820280608180e-02
2.952424187505969105e-02,5.091387481404203302e-02,1.965733147406575204e-02
-2.743591827198352956e-02,3.421010671075005311e-02,4.395226764357829108e-02
-2.974080350376492182e-02,1.712044028709600691e-03,5.451573110775271430e-02
-3.747896707505201513e-02,-1.336297976711616972e-02,-4.775687210089561013e-02
-3.716997734408359483e-02,-4.787346932722472831e-02,-1.396546737416012526e-02
3.259686357826871439e-02,1.524651052250867653e-02,-5.077449117162636388e-02
-4.100346684178099443e-02,-8.363736191679926575e-04,4.685752012047020298e-02
-4.889892411122551130e-02,6.498011924630799595e-03,3.806353871141993084e-02
-4.928818039906377596e-02,-3.002056122311770950e-02,-2.358292730088122277e-02
7.804054712442554109e-03,-6.096902726354667262e-02,-1.063668133725451277e-02
1.121238298255952670e-02,5.242440109077951826e-02,-3.196531628923503232e-02
-4.848466634741424412e-03,6.220026951439619478e-02,-2.826269763680669660e-03
2.155999876654549410e-02,5.792907898158123486e-02,9.182037159103725518e-03
-2.693357710047285681e-03,5.215133277011649304e-02,-3.438689984773666414e-02
-3.779598026479968290e-03,4.839338035026512913e-02,3.946927153494494966e-02
2.901599535447117045e-02,4.832762079609293632e-02,2.722305968073376881e-02
-4.891570885661120777e-02,3.904591989745735681e-02,-2.409399765236446694e-03
7.175851351094325072e-03,-1.881235063098796526e-02,5.934890884119512627e-02
-2.748443629909763999e-02,2.475561451988937331e-02,-5.063606228685814392e-02
-3.085755690817596972e-02,4.513514127312032165e-02,3.078036197953384553e-02
-5.771886128064113858e-02,2.387965354248111280e-02,-6.296953986093796994e-03
-7.287698088886270312e-03,-3.569079484415248193e-02,-5.117586194753260403e-02
6.491496475474965201e-03,6.026392179587228976e-02,-1.663095378162648616e-02
8.734003432173238985e-04,5.049847398260225162e-02,3.747221457509537779e-02
-1.907939156709605524e-02,1.839106922184799084e-02,5.707300533735108761e-02
-3.137205948327294325e-02,-3.111125189974736291e-02,-4.485558832411196822e-02
2.651180051668857070e-03,6.247222557013160094e-02,7.673978210292973709e-03
-2.139821324723057555e-03,4.165381481160310845e-02,4.726136551670113289e-02
-3.996100729122110951e-02,-4.618704478578655737e-02,-1.573815901433845560e-02
-6.291002817871378661e-02,-4.889700853971720024e-03,8.904580091201715281e-04
-3.139818818951590346e-02,-3.988088656043753399e-02,-3.755797711532174454e-02
1.699058121721874759e-02,-3.855731691198295563e-02,-4.707596042302808481e-02
-4.249812297153360285e-02,1.931871625790370414e-03,-4.675713818283611101e-02
-9.442207732802149894e-03,-5.394332185216526437e-02,3.164768840741215977e-02
1.437138582911935865e-03,-3.003402924199910853e-02,5.568721430957775109e-02
-2.252312763052163533e-02,1.527132165001388259e-03,5.916174212631242907e-02
-6.245619288901677058e-02,6.779818266073177335e-03,-8.219157253592214440e-03
3.979594889471425173e-02,-2.698527567727044760e-02,4.131508360642138084e-02
-6.122234846333957786e-02,1.962934203561251569e-03,-1.647397252276719057e-02
-3.869637004053654711e-02,8.638601814727780992e-03,4.955753506179729623e-02
-3.122732964650604126e-02,-4.251288446739160190e-03,-5.513009084778210112e-02
-1.302281030502022187e-02,-5.218244385319562723e-02,-3.383059343812156589e-02
-1.448326378491363205e-02,1.447164643358978681e-02,-6.018704149760151917e-02
1.853274854419249482e-02,4.835893227838342079e-02,-3.693492365105716102e-02
-4.953451992729637071e-02,-2.182793997199865971e-02,-3.347647848509903434e-02
-1.282514069953493221e-02,1.414752427827804804e-02,6.075138210766577174e-02
-3.586850513798681833e-02,3.673775643613854530e-02,3.773221261523509312e-02
-1.581725689529017015e-02,-5.362019104581706302e-02,-3.064616207199585482e-02
2.588303349970335135e-02,5.145744392630405978e-02,2.740919801988882243e-02
-3.556197243578333028e-02,4.916873815077912879e-02,1.978412167583851189e-02
-5.881613785268869493e-02,2.457039735376326250e-02,-3.892890553362916665e-03
-3.442719208563300992e-02,3.596884356415332856e-03,5.370842218338361257e-02
6.111226366907616253e-02,-1.367344951094218511e-02,1.287086848297803315e-02
-2.145916257054518786e-02,-5.207414292514561671e-02,3.032634187361588768e-02
-5.715371843518580325e-02,-2.689668551688196088e-02,1.031929593595768205e-02
5.022948525386276321e-03,-5.250731781963685618e-02,3.631511472157662040e-02
-1.586018418576480571e-02,4.140505392656082528e-02,-4.625668237163111512e-02
-6.828410229027225822e-04,-5.857223810238337131e-02,-2.605764163044436629e-02
2.342153796487595960e-02,-4.591816107584659190e-02,-3.817980852774456590e-02
-3.844276109410513231e-02,-5.150067733797710455e-03,5.113652919245605111e-02
-9.118691160019506275e-03,5.927148688545992583e-02,-2.297007236542434813e-02
1.306462202819357390e-02,-2.278598996313474165e-02,-5.863931009849114584e-02
-6.415380347201843358e-02,3.974018247855868810e-03,1.233831075739621726e-03
-1.353365327230287782e-02,-6.193980338118833945e-02,-1.085809257462355334e-02
-3.927108399633139069e-02,1.747491846514937983e-02,-4.790175511375515532e-02
-4.017193445714446060e-02,-6.928247920368156912e-03,4.984933323852643039e-02
-1.361400973729311528e-02,6.121344394334411049e-02,-1.479482311937226069e-02
-3.975164417712033493e-02,-5.054827234965728056e-02,4.534885497639304548e-03
-5.216750847837953869e-02,-1.854774824043368964e-02,-3.309065726777535299e-02
-2.862911890597813827e-02,3.112066325163771741e-02,-4.875357280057141668e-02
-4.995956144001720972e-02,3.998775240853534585e-02,8.638816386557252036e-03
-2.010263032289094989e-02,2.419823065484289198e-03,6.135316190112164586e-02
5.314423830108591651e-03,-2.327957786958177039e-02,6.007141270261881494e-02
-5.311836960658741780e-02,7.531568355753091686e-03,3.612541587661046577e-02
-4.785312555954228386e-02,-3.766197732479830557e-02,2.189886616065863170e-02
-2.449030162579105344e-02,-5.487323512447876694e-02,-2.411712226823384264e-02
-6.282347169199108128e-02,-8.026424277002369712e-03,-1.363254929819776237e-02
1.245192687596028726e-02,5.845870358408229023e-02,2.508315835239224509e-02
-3.345548670909388733e-02,-5.105291611470139101e-02,2.192126770829709581e-02
2.014373338597786819e-02,-6.167461186466231121e-02,-1.123077649935702582e-03
5.602463055725074095e-03,4.745950923140392075e-02,-4.394968067315666721e-02
-1.361673322409603752e-02,4.627182110059820802e-02,4.351376545475067747e-02
2.077867541635981113e-02,-2.556948130374197756e-02,-5.602652280351450020e-02
-6.216678325979854876e-03,9.124653007642516758e-03,-6.408740220620383343e-02
5.326282261795820677e-02,3.456414167072360821e-02,-1.421522446594306911e-02
-1.946649047446099082e-02,5.952743914931726832e-02,-1.777076073287268965e-02
5.215295238744083878e-02,-3.781562495652267958e-02,-9.637834744345256943e-03
-3.513190480403489274e-02,-9.048370177545610182e-03,5.414144791643078769e-02
-5.461283022180644237e-02,-1.511505767894986453e-02,-3.226413503858908960e-02
-3.798162247180145168e-02,-8.131983499911048935e-03,5.241992403080487917e-02
-2.712973682597713543e-02,-5.649365291638765163e-02,1.826491600231189283e-02
-7.942047183275329630e-03,2.024039355016589090e-02,-6.158729135070922095e-02
2.061135857522585629e-02,5.952476796263956454e-02,1.738676625863637068e-02
7.271193056064752247e-03,2.628421275707630220e-02,-5.942371594194582191e-02
3.707712587179438912e-02,-4.746223450811139916e-02,2.553652702819576847e-02
-9.315124536191309382e-03,-1.081266932586056294e-02,-6.387791825611770224e-02
-4.937903416022745851e-02,3.920566267300704122e-02,1.769983431197187304e-02
3.034461117192709112e-02,-5.612502131552685181e-02,-1.491401105329933502e-02
-5.873584625995135339e-02,2.629439892239770690e-02,-1.251118271155645875e-02
5.943342863920266818e-03,4.556863562597483069e-02,-4.680369343715624908e-02
-2.695013965096220918e-02,7.510969463214309076e-03,-5.936555642810362882e-02
-5.828911721430025299e-04,4.826092297819297577e-02,4.452104208487817072e-02
-6.395700780927783546e-02,-6.612601545168873655e-03,1.348849398580413000e-02
-6.511431473720528940e-02,7.979118353484420875e-03,-4.148538176347919999e-03
-7.523211805483281771e-03,-1.000903530247126451e-02,-6.456436433908463446e-02
-5.895411358390322681e-02,1.739017494362906854e-02,2.349292650605678059e-02
-4.099674241191183371e-02,2.368527476557818340e-02,-4.574697234635762694e-02
-5.215601032403965887e-02,-1.830982515218942605e-02,-3.582734040481629773e-02
-4.790323859790914657e-02,1.508502249224015837e-02,-4.267794906246119568e-02
-3.374156750417146161e-02,3.122882834350765996e-02,4.727092112517672362e-02
-4.105162227787592655e-02,-4.220437099809797032e-02,-2.977276072413779021e-02
-4.773307601829308161e-02,2.266179687307358706e-02,-3.956572546771232324e-02
