-0.000000000000000000e+00,0.000000000000000000e+00,-0.000000000000000000e+00
-3.956381928540469474e-03,-6.356707670969019130e-04,-1.162237050668617081e-03
2.903240667267136151e-03,5.140388532198007961e-03,-4.068904170330233782e-04
6.854427997934876837e-03,-1.463718136458279926e-03,-1.906758220102536608e-03
-3.234324852316283749e-03,6.351375999264038952e-03,4.451139559400166604e-03
-7.511321067461522102e-03,5.566054965820264877e-03,1.076589955995903508e-03
-7.589898424257190447e-03,5.184971855485035266e-03,4.701143935167433584e-03
-6.565145758886370073e-03,-9.003553090813411555e-03,-7.316141470834660720e-04
-4.999221172881413051e-03,-5.056946501301796612e-03,-9.608165583789012032e-03
-1.198459186071679575e-02,-8.397174568518003378e-04,4.098246138935318812e-03
-1.079146849599674045e-02,-1.350752915754505415e-03,7.820778384145592524e-03
-6.941070888130195828e-03,7.367661722523866433e-03,-9.765191045945104814e-03
-3.903158161582252240e-03,-1.404371404766799683e-02,-1.947507840939279380e-03
-5.397747431889234060e-04,5.752223830507955694e-03,-1.419027173522364148e-02
-3.915854971165220154e-03,-1.261719524662893027e-02,-8.874674301082999608e-03
-2.665261526405522836e-03,-7.195226901651543237e-03,1.459483145463258066e-02
-4.470620652513354783e-03,6.804918051920484483e-03,-1.497458916803714318e-02
-1.147839014295106916e-02,-8.344689190424392587e-04,-1.329581815087857097e-02
-1.620166802764753250e-02,7.236742649481217940e-03,3.620643949497546338e-03
1.051240889411943907e-02,-1.517365578312103100e-02,2.452528843324313854e-03
-2.631393457977153263e-03,1.588537570926991382e-02,-1.031182576728388242e-02
-4.484258660037076724e-03,-1.141591978617246574e-02,1.529881630531565624e-02
-1.285769656685861392e-02,1.033408771108696410e-02,1.145852865753590501e-02
-3.612312599347920154e-03,-2.015119688363602862e-02,-1.805841332882008937e-03
-1.192648587156395351e-02,1.816959500616203049e-04,-1.729501878291508574e-02
-1.889761182476027909e-02,-9.702101765972637182e-03,3.032067680966113194e-03
-1.421739452017952788e-03,-2.144069146665804337e-02,-4.220433698369955612e-03
7.606742478943114005e-03,-2.098746923702427686e-02,5.769472127457011190e-04
1.237212868123535245e-02,1.556511945812300880e-02,1.106791090581392585e-02
1.616927528799851424e-02,-2.507314270422527757e-03,1.641095358175391830e-02
1.067505428881113799e-02,1.654095668648757414e-02,1.298998343182288309e-02
1.736434362016875052e-02,-1.213508662913651351e-02,-1.126075951276401567e-02
-1.639005207308369058e-02,1.338092170623503448e-02,1.213363649987823749e-02
-4.601217372973909030e-03,-2.282618844238840095e-02,8.488875835348970444e-03
-2.232875527981660613e-02,-3.914358006163259733e-03,1.094378789350399471e-02
-1.314768209658771086e-02,-9.074935760812113950e-03,1.994684283806574809e-02
-2.249963832646844145e-02,1.276851213698462252e-02,1.813611347340368619e-03
1.357131261070243858e-02,-1.854424487503783525e-02,1.280579588819514072e-02
-1.271055275345128570e-02,-2.084829379035472302e-02,-1.074163506537402848e-02
-2.292533693533893233e-02,8.637356840339952685e-03,1.144488292975856178e-02
-2.448706124851354748e-02,-1.087259944212989361e-02,-5.738672514334904745e-03
1.484266609160743910e-03,2.198034349722943412e-02,1.688365952543015303e-02
-1.309523398436222841e-02,-2.484141275424095116e-02,-1.217728779046284900e-03
-1.163653665868098763e-02,-2.574501683910167954e-02,3.398346626988089491e-03
8.607507316725059726e-03,2.063275517628108957e-02,-1.815752597449118988e-02
1.567632830436786751e-02,-2.456365247743032276e-02,3.729649659187430364e-04
-1.973309763763434962e-02,-4.747903870776467791e-03,-2.138029149923625569e-02
-1.815357884928116630e-02,2.270114508127276179e-02,6.632245472367842912e-03
-8.248454067952906005e-03,4.929115231630831241e-03,2.857280606672015638e-02
-8.640181589593020489e-03,-1.276773492456091501e-02,-2.628609236018604467e-02
-2.553796990071856288e-02,-1.028470467012358551e-02,-1.380513553979495836e-02
-1.866475564325277905e-02,1.912443868459771587e-02,1.594917701169675656e-02
-1.602530975705810865e-02,4.464054033392192943e-03,2.667834029066222523e-02
-2.978821291178314692e-02,-8.812338999185877556e-03,6.594335372131293442e-03
6.182531524951514340e-03,-1.493757087988415756e-02,-2.769770890505686770e-02
1.910979053263178046e-02,-1.860598678553029850e-02,1.836349587581139614e-02
3.105456979602157219e-02,-9.940908575945490988e-03,-2.339405638964692918e-03
2.031700785721600455e-02,-2.552656593905826277e-02,4.941563293597540756e-03
-2.219989269351154565e-02,-1.478004487004319807e-02,1.994175749097610445e-02
-8.699098527172497222e-03,-3.227676465159555474e-02,-3.417081170554490000e-03
6.887618846027355459e-04,-3.365042344924400186e-02,4.065053585213727200e-03
-2.819662720252736482e-02,-3.027780644020535133e-03,-1.911467652284978835e-02
-1.881992523813508233e-02,-2.328677630218123698e-02,1.712863189980698767e-02
-6.949515904708387926e-03,-1.828089671744756797e-02,2.876908054936632916e-02
-1.528513429784756662e-02,2.535897041532519935e-02,1.880837489329393805e-02
-1.539896389519240273e-02,-3.110845409967409256e-02,-6.778761320385707882e-03
-1.035139438562176616e-03,-3.014497277073139442e-02,-1.901051970627539237e-02
-2.086024737308848562e-02,1.383068424360525553e-03,-2.923234744496065046e-02
-1.641659329130469580e-02,-1.979040788694550954e-02,-2.551189902286417691e-02
-3.640691632136294764e-02,1.528298277531002503e-03,-2.162884689677316459e-03
-3.050648803735052372e-02,1.924674833878403310e-02,7.202498111439851157e-03
-1.185045421682552613e-02,3.057037563125074298e-02,-1.727675596562326318e-02
-3.650450010704549275e-02,-7.080917210219642849e-03,-3.359179600800886803e-03
-3.318212622720913968e-02,-8.992567720664311134e-03,1.525262487979763860e-02
-1.116173459963740004e-02,2.161016073734102830e-02,2.904419614466654045e-02
2.748902020945599364e-02,-2.314003375181606509e-02,1.283174572031215745e-02
-3.012254362403868693e-02,1.497504946856698972e-02,-1.856822232749261864e-02
-2.325280217664604809e-04,3.787941771105206995e-02,7.884021861759439587e-03
1.468681659369297857e-02,-2.401645749070413505e-02,-2.693061067136047135e-02
9.592962797805889077e-03,-2.231688591024725415e-02,-3.079604407938288727e-02
-3.000355589273019999e-02,-7.869556784240144820e-03,-2.443481307531346347e-02
1.789299451368550273e-02,3.163517548919954347e-02,1.609422364613365478e-02
-3.366821816985215467e-03,2.098779705778475516e-02,-3.389591537996106130e-02
-3.316562508161209621e-03,-3.611444396747832269e-02,1.750191754656718959e-02
9.894817360908330164e-05,4.027335487860089075e-02,4.522730525158154789e-03
3.114649476190384236e-02,2.181950730740900637e-02,1.473349649194088777e-02
9.398139355865191280e-04,3.108601967171798625e-02,2.677562675655449989e-02
-4.068953085435306899e-02,4.437758191040564425e-03,-5.453244984006002868e-03
-2.717405578367261543e-02,-2.973284836272563694e-02,-1.017512758990934095e-02
2.535920487295858367e-02,-2.922533993811282649e-02,1.580363484145987443e-02
1.848839300629940077e-02,-1.626937127361233540e-02,-3.407983506697226384e-02
2.129195657207276146e-02,3.441587042201649932e-02,-1.229455976246728206e-02
-2.307157882351019290e-02,-2.626360789748041075e-02,-2.424690321153984141e-02
-1.078498599189477852e-02,-3.823738871021342689e-02,-1.589429039258926160e-02
5.092690819613842051e-04,4.293147021418775022e-02,-2.958113737054965300e-03
-3.155788908741512244e-02,-1.531255389268819378e-02,2.535445274507964683e-02
-3.457686601352395143e-03,-1.540278338668445504e-02,4.056041055117569349e-02
-2.932502001904933181e-02,-2.903594230827301684e-02,1.457581517241765892e-02
3.772593981136797975e-02,-2.185228362286785811e-02,-5.991693888251626958e-03
-2.006183319471021784e-02,-1.115627684913095795e-02,-3.782756261905115963e-02
7.902937979422045706e-03,-1.877961482825928410e-02,-3.954683309725572776e-02
-2.886484722221696261e-02,-2.566552986208507593e-04,3.416252765070040137e-02
1.806509485573534702e-03,1.643258417659073864e-02,4.181260821654891185e-02
-5.131805530336354393e-03,4.308569690906469130e-02,-1.265549813235765202e-02
1.355217976314417906e-02,4.242418791150696228e-02,-8.983907057865255300e-03
-4.176375072339845451e-02,1.239597740483187362e-02,1.369833702689619848e-02
1.317095613545841287e-02,-6.089204759707316991e-03,-4.354673329702454104e-02
2.134645141391201123e-02,-4.070904181533146343e-02,-3.917937151128758622e-03
-2.442644470837065842e-03,3.855120253619710724e-02,2.564147144091299610e-02
2.215343085781470989e-02,-2.535952642715955802e-02,-3.220540945496633278e-02
-3.872930655397976291e-02,1.864661791887706546e-02,-1.857032096172459013e-02
-4.007999179371743437e-02,-2.454880248005104210e-02,2.220141130044145285e-03
-3.031522173324255678e-02,-1.230415635996705455e-02,3.413300321900707840e-02
-2.729091140247294142e-03,-4.396834868410105790e-02,1.778519277403378326e-02
2.287916954592920937e-02,-4.088351892344513350e-02,9.142783484578207234e-03
-3.209536706182695032e-03,-4.159238036186288338e-03,-4.767035390954792173e-02
-2.583725596898108455e-03,3.759672377162396467e-02,-3.002415095303399839e-02
-9.461907678439565247e-03,-3.500438765448401351e-02,3.206869405297603504e-02
-2.548445319433452483e-02,3.154934819185497424e-02,-2.683349736166387375e-02
-4.461404698412245462e-02,1.990147014022631763e-02,-1.205368581019181345e-04
-1.920541397217234367e-02,4.436963668867646704e-02,8.405091032308025997e-03
-1.016551330008174693e-02,-1.672585871364178425e-02,-4.524102303852010204e-02
-3.458307394399910001e-02,-2.963610571902986629e-02,-1.942317055098004980e-02
-2.506851917802372515e-02,9.629394740694609267e-03,-4.185830319913153019e-02
-4.531409037025754122e-02,-1.973443046132137071e-02,7.225426801669309132e-03
-2.548272745534614636e-02,-3.648333001546804483e-02,-2.316003504583994885e-02
1.836942569331096245e-02,-4.691275377379835326e-02,5.813770551341667639e-04
5.191902377982163773e-03,-4.980912314863868845e-02,7.244764302503498704e-03
-3.593310538054469289e-02,-3.583182102277661374e-02,2.667625578626781329e-03
-4.620526185766986316e-02,2.087208175094597620e-02,-5.788502948872733048e-03
1.389838621337493620e-02,-4.123373983612451527e-02,2.706592082317042791e-02
-2.151901976548277126e-02,-4.320790258603671163e-02,1.782848097335846399e-02
2.505955319864464157e-03,-1.410324663934959567e-02,4.964453569037736991e-02
-3.317382866105103665e-03,-3.171984622173093515e-02,-4.092119106692660574e-02
-4.506432328993926345e-02,6.323112624412033887e-03,2.535507104209261051e-02
1.894492377318875154e-03,-3.303065904206961556e-02,4.050949323607930946e-02
2.671830280722374204e-02,-4.427282629377401330e-02,9.147664845981656051e-03
1.304104323030132184e-02,4.506213468710516812e-02,-2.406210731525039795e-02
3.172951209718034155e-02,-4.168208365174569385e-02,-7.584906125432483610e-03
2.061018946010836905e-02,-4.894351627418479928e-02,-1.871130220048526204e-03
-2.427252111573420523e-02,3.096178200906166134e-02,-3.602834000737469705e-02
1.838277401179700191e-02,-3.293523720533898802e-02,-3.801674355969783536e-02
-2.458720182020552800e-02,-4.766435404597813702e-02,3.691674558486664724e-03
3.957556558175201467e-02,-3.668668215401874738e-02,2.289491093656850394e-04
-4.851316194847800356e-02,2.101469848980640903e-02,-1.179861749889411435e-02
-1.998542308799036715e-02,1.472728494469338276e-02,4.837585014517068599e-02
-6.420517831738302081e-03,-2.734797704435903282e-02,4.679315313230240914e-02
-4.976358448199175860e-02,-1.185261739003606180e-02,1.959735016054913598e-02
6.748811832760516320e-03,-6.345022133015174037e-03,5.419770045491922872e-02
2.363745914102167306e-02,-4.979555739575237949e-02,2.670272894171892356e-03
-4.703615542635774388e-02,-2.550802161235241755e-02,1.430661789898493054e-02
-1.970333872792924199e-03,-2.893131410070426575e-04,-5.555243474917261060e-02
-1.866759379105361813e-02,6.758471759957490436e-03,-5.213639574232283719e-02
-4.343166608431572873e-02,1.827850682768995816e-02,3.023717617687562281e-02
-2.484538106421715215e-02,4.876207515332049713e-02,1.272899537366230759e-02
-1.358163479852725862e-02,2.255667359907226333e-02,-4.986156133253398515e-02
-4.718337833992884808e-04,-2.241942113460629327e-02,5.195176766205657909e-02
-1.069117446856501265e-02,-2.626239477506589134e-02,-4.919596902098824498e-02
-3.421623967558139190e-02,4.598890991956950075e-04,-4.556021986649907290e-02
-4.979961717171851876e-02,1.086974264790879947e-02,2.590369004291371430e-02
-5.257198964345009135e-02,1.452767173835383015e-02,1.779786339807023013e-02
2.443558331203434311e-02,2.678794329117408987e-02,4.471505711250180898e-02
1.362072652454648751e-02,4.590566043420404863e-02,3.230774634225249548e-02
-3.071020998477842767e-02,-6.134527049869260493e-03,-4.876915366778370592e-02
1.240381807061541157e-02,-2.863098464507158117e-02,4.907286682994861648e-02
-5.415100177823078259e-02,-7.489988016891764404e-03,-2.039306992896741319e-02
2.024269974173899256e-02,3.040047542578321049e-02,-4.574871941174047524e-02
2.284405287163214504e-02,1.013151968069074017e-02,5.315087038307376305e-02
-4.937302629067942539e-02,-3.178161877539562724e-02,-4.937374666547070592e-03
-3.677207995052861333e-02,4.621045372806541901e-02,2.683914615181511119e-03
1.442103313088986946e-03,4.431322666174088848e-02,3.939191596130370981e-02
2.592798526314122123e-02,1.815880298306071089e-02,5.038006092609186026e-02
-5.321948744616392113e-02,-4.701822611175031190e-03,-2.661653280150092990e-02
1.025464141542202674e-02,3.970274680560138131e-02,4.363623591160174786e-02
-2.678564300689836516e-02,3.308700622582547851e-02,-4.238055802381655163e-02
-7.161640515190991797e-03,-5.211035180474592882e-03,-5.960412951636297196e-02
-4.854165833640421840e-02,4.431506010279063286e-04,3.601930196264868655e-02
1.694505175468322133e-02,3.200909823464147957e-02,-4.863089352440740087e-02
4.614881187141906677e-02,-3.909920225510072483e-02,-6.406316193618074271e-03
-3.291961893930046151e-02,8.579163170869852015e-03,5.064619925907314080e-02
-1.741541422332404040e-02,1.576903656801315404e-02,5.650875417619471985e-02
-2.376957053683561097e-02,-5.287821808031437087e-02,-2.017366873411859107e-02
-2.434950478524669851e-02,-5.337770439125308353e-02,1.867867124495702080e-02
-1.877753095725201091e-02,-5.807062022336467733e-02,9.438820314624497138e-03
-4.480610712749830138e-02,4.171298168996731559e-02,-9.447554697703797882e-03
-3.860975567003812475e-02,-3.000917324205064352e-02,3.832105969948353813e-02
2.931522915394739123e-02,-4.296685668943306391e-02,-3.431039100587174318e-02
-4.587722542597452019e-02,1.414999948802255283e-02,4.000977183816439853e-02
-2.735265287536211079e-02,2.339333715714415549e-02,-5.131582968092849445e-02
-2.075837463269934735e-02,-3.987286307551664299e-02,4.394313818294284801e-02
5.669079018772101713e-02,2.677404987008956058e-02,6.640959152696196931e-03
-1.048762247444734452e-02,-1.338328499612347587e-02,6.089956010582522894e-02
-2.574916132085599413e-02,-1.022113855817015533e-02,-5.703899927096257871e-02
-2.068059800260549710e-02,2.478662209792710514e-02,5.479025939707556775e-02
-1.457752277124000836e-02,-6.042559786103261082e-02,-1.426166629028480584e-02
5.091086210582653621e-03,2.223845321642458836e-02,5.974795605839816615e-02
-1.150269228595345548e-02,-2.073163098589861017e-02,-5.959300401704891587e-02
-2.502925857269052909e-02,6.158475636870175580e-03,-5.892553639617795908e-02
1.050156479863985533e-02,-5.052724058552745395e-02,3.868478949882627610e-02
-5.428165628768022444e-02,-1.335731412388127537e-02,-3.252827187774618573e-02
-5.243952016312736913e-02,1.234162575941849700e-02,-3.611107991069082562e-02
-6.479298180594553203e-02,5.323340331077195363e-03,-1.733005219789850952e-03
-7.297458733510421396e-03,-2.390621780496511931e-02,6.023265340715944910e-02
-5.638963352388542960e-02,-2.173455908038835968e-02,-2.497658320944844482e-02
5.587952011693825966e-02,-2.995585029029309079e-02,-1.671628482770826443e-02
-4.139844440214014015e-02,2.462693456948727294e-02,-4.474712851665489655e-02
-4.003654815085740115e-02,3.473143507767726540e-02,3.920149879720723901e-02
-1.445425964847976003e-02,-3.542834943265152359e-02,5.390001829696544622e-02
-3.947306760864602998e-02,-4.263590755559374529e-02,3.188620298352996124e-02
-1.045610980700701406e-03,-1.429366826478571835e-02,-6.488957476370672828e-02
-4.976604414937329385e-02,4.265940941977779122e-02,1.195736781613633906e-02
1.339936253760899698e-02,6.063334694400804303e-02,-2.463612227847638766e-02
-6.393098058337891298e-02,1.433314909671026642e-02,-1.391812272244743326e-02
-4.729772587810188861e-02,1.180779435461935985e-02,4.618745865494081060e-02
-6.606488438398780416e-02,9.495119389903735165e-04,1.295316321880408440e-02
-5.722665902773683977e-02,-2.544425404171223037e-02,-2.518821755225359588e-02
3.837289276117810538e-02,5.540622188382016144e-02,6.158611360931427574e-03
2.710441357955884617e-02,-5.853010748563045040e-02,-2.105614271649776381e-02
-1.610005471474303465e-02,-6.225776297134157783e-02,-2.218305833301265767e-02
1.407428179128231843e-03,5.280578471981543787e-02,4.313304782284194810e-02
-4.268439313608572011e-03,1.003457204160647912e-04,-6.823666123189399413e-02
-1.804308644421568492e-02,-2.048485884379586119e-02,6.287198255109456568e-02
3.091860505040501181e-02,-1.573299600031093440e-02,5.931438466517814645e-02
8.670205863855379863e-03,2.805732800525645096e-02,-6.231316017945678215e-02
-4.787836058343294260e-02,4.924700798663440848e-02,7.166635232681854012e-03
-2.081969050989715755e-02,-6.261117580195597887e-02,2.095267101054774928e-02
-8.927336913153716830e-03,-4.498209621383572610e-02,5.208868415550552827e-02
-6.077259435610489480e-02,1.936927488792901386e-02,-2.777665547820928546e-02
4.193223996201374953e-02,-5.537493677587555785e-02,6.248376887566514139e-03
5.220269478458852003e-02,-4.501400040283078108e-02,1.166591559704594980e-02
-6.467228853762585494e-02,-3.742386603738809270e-03,2.673422334825277177e-02
-2.985863958857148601e-02,-3.707808184137257462e-02,5.165924385129973262e-02
-5.312516993317630692e-02,7.504631323909711875e-03,-4.560904625876037455e-02
-6.523646637641485058e-02,-1.256520470844506732e-03,2.692987635996254778e-02
3.252129791762985167e-02,4.779706720117749691e-02,4.079486878673211497e-02
-4.241530497133517291e-02,-5.668111247628731392e-02,4.295236905640513123e-03
-6.289733402669893392e-02,-1.570156695518675621e-02,2.918044856246295241e-02
-6.002963577748298557e-02,1.228061177623953476e-02,3.638153910194742713e-02
-2.796803893475578034e-02,-4.547018876783526231e-02,4.745659679052728619e-02
-6.895244068538253224e-02,1.685894849469530068e-02,-9.333957844168433438e-03
-5.657784021353797627e-02,1.945793117313311671e-02,3.962383186372687993e-02
-4.925703526551438588e-02,5.199741373947769363e-02,-6.608109234402229429e-03
-4.778150734148196854e-02,4.449483176928752115e-02,-3.057368416350057100e-02
-4.806016388228129266e-02,-5.319776032445544534e-02,-9.044782054947455782e-03
-4.534921731449841759e-02,4.057941017245874499e-02,3.927266418373505374e-02
6.673678653597614474e-02,2.429822089269541643e-02,1.501299401932217926e-02
-6.084433778687230177e-02,-2.360457613121848264e-02,-3.216224658483226445e-02
-5.705360299980002242e-03,-6.264304910503915025e-02,3.689119974390114159e-02
-5.019199251925713506e-02,-1.365060584467012866e-02,-5.134344629320526654e-02
-5.804420243392904855e-02,4.081184018314995554e-02,-1.819523968883501527e-02
1.987637974102978572e-02,4.507693240888400316e-02,-5.443249352953127840e-02
-6.017570619055642028e-02,-4.234140153326377415e-02,-3.135484554813758968e-04
-5.683901124748922534e-02,-8.563833800685859490e-03,4.619657772316450306e-02
8.991213961813319597e-03,-3.818776640069715400e-02,6.263492417432590942e-02
-4.170297514236393638e-02,-5.990988153115827525e-02,1.257423280689740942e-02
2.377669272544634047e-02,-6.677489133700513502e-02,2.205457086991213789e-02
-5.813763178415191912e-02,-4.614861191457319406e-02,5.013795518992867489e-03
-4.303102037545449877e-03,-4.765480265411937283e-02,5.717982041671335058e-02
4.653606951667020597e-03,7.085848235219981139e-02,2.325245228815862875e-02
-3.817200895453178727e-02,-4.073452515375013128e-02,-4.991091155967066623e-02
-5.761746208884507836e-02,-4.620693927488461056e-02,-1.330080373225298908e-02
-5.143187221098668299e-02,8.903392592779779680e-03,-5.414365429771311050e-02
-7.912581540982384018e-03,-2.616389904305128911e-02,-7.023660004912260502e-02
-2.442619381644403620e-02,5.384938623294503041e-02,4.699206756610333630e-02
-1.920445433295444801e-02,-7.294749508541777117e-02,-6.231411459297981660e-03
-3.116488190891123292e-02,-6.891836467753739703e-02,-5.686179758241531601e-03
7.595528336677247541e-03,-3.323255009143905730e-02,-6.793813707184101491e-02
-1.561031203919236408e-02,3.559243204792986170e-02,6.550999574708013529e-02
-1.721851656143329537e-02,-6.772634545373434900e-02,-3.071028924663826362e-02
-7.608369261162531427e-02,-6.037476341664032090e-03,-5.068393665419454810e-03
-1.762064277690170849e-02,-6.178158123421155674e-03,-7.434136537625964103e-02
-3.410251936209227064e-02,-4.650612165030092171e-02,-5.073399424801586927e-02
5.141226561834080777e-02,5.063430661332248006e-02,-2.677956724293306667e-02
-3.789012516333063133e-03,1.797313988641521809e-02,7.490851672361938107e-02
-2.462358167123794225e-02,5.077737769456468209e-02,5.280630465274348956e-02
-7.530702116151112568e-02,2.567707002815564424e-03,-1.788680621002472493e-02
-5.956854918554379402e-03,6.292805227405048885e-02,4.501978052351202075e-02
-1.328615016769025062e-02,-2.820488337704802478e-02,7.123699131273955598e-02
9.831656193718599571e-03,-5.939332639576114931e-02,4.946792705965625397e-02
-1.125783806384896186e-04,-7.299222018687546998e-02,-2.771285660371136314e-02
2.340615151164208291e-02,7.462123261769214311e-02,2.072223591113078831e-03
-1.700876301497655785e-02,-7.374380818643160029e-02,2.043602218069114421e-02
-6.067427765779464383e-03,-4.529609204082946095e-02,-6.388389226016555345e-02
-1.635678063753757613e-02,-7.674864114933066528e-02,-6.036825915817083631e-03
-4.825591600929573372e-02,-6.237199501827871140e-02,-3.139823987196401801e-04
-6.572605824481736470e-02,-3.807683995028347118e-02,2.176946514543778508e-02
-7.108524886105595762e-03,7.398242013076217205e-02,-2.728421838737439889e-02
-3.165363900832567426e-03,-7.153024787765095704e-02,3.415357524082340140e-02
-6.719029984730129357e-02,4.245780456347585108e-02,-7.630541869820530940e-04
-2.744432978943350462e-02,2.043827427057415616e-02,-7.191388368172398071e-02
-6.999127029008064826e-02,3.772742773269746608e-02,6.718416263088351943e-03
-3.215242259565932736e-02,2.985222468126175546e-02,-6.683643745070388942e-02
3.022510955960354406e-02,-7.025093032837818018e-03,-7.385065325508187450e-02
-3.840126448845255364e-02,6.220255175156756688e-02,3.313329744297744545e-02
4.214574702503770011e-03,4.826181047841075072e-02,-6.418318895009463010e-02
-1.202617662316675731e-02,1.575754588116391698e-03,7.965028892372930103e-02
-4.971389438814672462e-02,-1.517391141869308020e-02,6.176092077776527967e-02
1.254464259055892636e-02,-1.578566226492060867e-02,7.832267015871173521e-02
-7.727291275154522798e-02,-1.692203981902303325e-02,-1.756185341211553147e-02
-6.541330519649367348e-02,-1.423062232969258926e-02,-4.592780869612376332e-02
-5.790757146946333422e-02,2.889251179248193691e-02,-4.927092701923298235e-02
-6.890013986041178262e-02,-2.713508540519813696e-03,4.342839388880469914e-02
-4.342419174400029280e-03,-8.024704405877029767e-02,1.439163004766075629e-02
-3.535891528464882999e-02,-2.089425554333648044e-02,7.073685267444128344e-02
-8.449865756447745568e-03,-7.394027588387065697e-02,-3.430651959506291621e-02
-7.354841593388043719e-02,-3.114930938179691008e-02,1.899595684073093413e-02
1.618207968207559244e-02,7.658287187218210113e-02,-2.527268352535104456e-02
-8.981443842282301609e-03,1.836444068399948129e-02,-7.982863030436765372e-02
-2.380760197862322007e-03,-1.762251921033426011e-03,-8.250331232896818134e-02
-1.758982429351593421e-02,6.616833967960764062e-02,4.640017061981435015e-02
-3.653764998672474895e-02,-6.881517943906925727e-02,-2.819877256034786228e-02
-6.029772791710143881e-02,-4.335029073925425469e-02,3.709075534638788668e-02
-6.899305715646839032e-02,1.377600021666206681e-02,4.434041263505429653e-02
6.362531032434254330e-02,-5.007274342418027713e-02,-1.963548701024073195e-02
2.850326618321990645e-03,-6.720423865531066632e-02,-4.941268779905921837e-02
-4.001043908353903167e-02,-7.341120301531717240e-02,1.122142456753876276e-03
-6.326050597097981898e-02,2.166597564836100775e-02,5.044957890610375639e-02
-7.310808974608849764e-02,-1.773913657598986254e-02,3.717767455419752204e-02
-7.033675828075913739e-02,-4.595597065415690796e-02,-2.763609314293703680e-03
-3.731245353249892927e-02,5.532960636041858726e-02,5.136611727259938337e-02
8.045429944839919967e-02,2.320028889595580207e-02,1.030265489700291429e-02
-8.335959153116616338e-02,-9.376909739533340060e-03,-1.028545623543405257e-02
-2.336372442790196971e-02,-8.016809868511336201e-02,1.396468384568834258e-02
-1.718419528880147859e-02,2.182619455263832414e-02,-8.013362249429431539e-02
-5.942057517557419732e-02,5.218376587944163758e-02,-3.105511091461072778e-02
-7.347957948379225945e-02,-1.279516956176181795e-02,4.099650392421858025e-02
-1.906444003109708518e-02,-6.701968911289846176e-02,-4.913156235902048363e-02
3.296532702087277833e-02,6.949044652683522560e-02,-3.713094292790013184e-02
4.376745897940850089e-02,-1.850404243652182396e-02,7.114567361693367731e-02
-8.513513766235572544e-02,9.402570934808775595e-04,9.807755298318711346e-03
-4.695182630450443761e-02,2.964625890588881707e-02,-6.547579489868943226e-02
-5.543711669875499293e-02,6.516450249729406619e-02,8.727553183084208258e-03
-7.673044345850867087e-02,1.846693461667119063e-02,3.453527673650418767e-02
-4.960851244301053842e-02,6.914549451536843028e-02,-1.430394280167467981e-02
2.154286296741608764e-02,6.160337454134252877e-02,-5.668407708814954260e-02
-1.821396634021707830e-02,5.913422802156335922e-02,6.057238745707810290e-02
1.368706640161147618e-02,-7.445547567927643384e-02,4.233373481824973666e-02
-3.718592882318913495e-02,-7.736076970612616732e-02,1.345778960369014773e-02
-6.984815645660902295e-02,-4.742019644932330552e-02,-2.113444454526171648e-02
1.966271344297902159e-03,5.012728408600340690e-02,7.129529935570744215e-02
-7.348381391880975944e-02,-4.208706864840996292e-02,2.130680379513678543e-02
-8.200787372354312321e-02,-6.562440814951512637e-03,2.970474109563587053e-02
-6.090484697716645746e-02,9.210692472077808626e-03,6.230620664543786574e-02
-4.098690363034942358e-02,-1.692823991557624794e-02,7.573240532868896757e-02
-1.195161119025756405e-02,5.372388984189097050e-02,6.854483260823347746e-02
4.576871249684744819e-03,-2.583687657429442619e-02,8.405128204570246064e-02
-6.003518674050176834e-02,6.418411619733475904e-02,7.410791173167650264e-03
-8.572344330995183836e-02,1.359181002876463408e-02,-1.646655237461415455e-02
1.504249854070208343e-02,7.981789228214408727e-02,-3.511245554032965677e-02
-3.379538270126589139e-02,-4.426551725842928914e-02,6.895051347542963116e-02
3.080911063705757749e-02,-8.229998816373836068e-02,-1.260726359544218390e-02
-4.109012976503767511e-02,-2.355677116470057328e-02,7.525837715372368786e-02
-8.113305492351467751e-02,9.527500487345283431e-03,-3.548975904780346524e-02
-5.827219402424343867e-04,8.830105534212193130e-02,1.269624548642845491e-02
7.398446622979792942e-02,3.656945264594687467e-02,-3.425405266414110333e-02
2.015614483802860568e-02,6.601155857280630035e-02,-5.697667952711389650e-02
-8.853958413153116547e-02,8.945085775544113493e-03,-1.080058329708779609e-02
-4.815279485524918447e-03,-8.479565562025190295e-02,-2.912451168813890573e-02
-4.074964909762091719e-02,-7.542550646049830942e-02,-2.716623589957710763e-02
-6.369499577340383134e-02,1.524303308353657828e-02,6.183829573693667286e-02
-4.675440787641556989e-02,7.491587475874704471e-02,-1.846247085737410046e-02
-4.501548194485810450e-02,7.222562244500450868e-02,-3.036699956829991623e-02
-2.052178842050938513e-03,4.438006078041450975e-02,7.884900711716499866e-02
-1.055058204769302073e-02,4.638609253556265355e-02,-7.716136543708995710e-02
-1.155066110753945677e-02,6.450483822081613805e-02,6.283691059970264448e-02
2.432205290025150554e-02,-8.386900764866557501e-02,2.535981224256091474e-02
-8.954682073239141060e-02,1.659449049546077304e-02,7.884816905626825054e-04
-7.319240748811761677e-02,5.157719175904887376e-02,1.741409020770747981e-02
5.899167551215530984e-03,7.245950055928716826e-02,5.532969897849065316e-02
-7.180462930829445423e-02,-1.857303807364595050e-02,5.358802992063915055e-02
-6.784452795571141448e-02,-2.958153585545715211e-02,-5.404250082093928903e-02
-2.659083108816329491e-02,4.948814408156753525e-02,-7.258377995152261175e-02
-8.828982214173920762e-03,7.828101187480222822e-02,-4.737843040489291696e-02
-1.940446296103305905e-03,8.151254843441983755e-02,-4.276175568042538816e-02
7.182541551792509527e-02,-4.165582303115175633e-02,4.010723912919350598e-02
3.555649182751412229e-02,6.202855625862400968e-02,5.845474410383746933e-02
-6.743459921487832479e-03,-5.351617579555705863e-03,9.209092624158901619e-02
-5.791035663139108142e-02,3.026299422000311087e-02,6.566201539483035310e-02
-7.196713128616007149e-02,-5.854731479083139650e-02,-1.496457619722665682e-04
-7.962849577053174310e-02,4.516093233469083840e-02,1.590616846027698844e-02
3.611432799837570231e-03,-2.842035788446915096e-02,8.853589030335951016e-02
-6.549447978726165298e-02,-3.069002426195709815e-02,-5.877179464453616275e-02
2.237342241688141872e-02,8.873121707328926466e-02,-1.838233092821685982e-02
-9.175290970492305798e-02,1.554983674717199359e-02,8.803947417365688352e-03
-8.609695095385321018e-02,-2.458945017073066452e-02,-2.732741694606084099e-02
-7.041754452580857582e-02,6.189095644013347525e-02,1.103327629510095394e-03
1.810351187342322532e-02,6.056540897917462446e-02,-6.943106635187458464e-02
-2.858951563071068444e-02,-6.361843486784736490e-02,-6.307271801384992105e-02
1.927998715056906606e-02,7.451294770128270850e-02,5.426975478510611545e-02
-7.872136588204779739e-02,-4.100970927017997397e-02,-3.188320375001579138e-02
-4.404570752392798078e-02,4.573557252090539038e-02,-6.992796878161884611e-02
1.906557706856765524e-02,1.541356209963848541e-02,9.136152534703211037e-02
8.595351815532618206e-04,8.630941947743490938e-02,3.904199810243910024e-02
-6.502635951701048189e-02,-4.490368923846341925e-02,-5.249673971558827673e-02
-5.046040739389252849e-02,6.873694598824615920e-02,4.190483333044213443e-02
-8.796390495144781885e-02,2.995045447305936387e-02,-2.046294296755294881e-02
5.485762445375767793e-02,-6.641326862864936620e-02,-4.073963512559036076e-02
7.752064645531311915e-02,-4.951480731170829902e-02,-2.539755363294268417e-02
-2.613774023857650189e-02,-1.762356078006132448e-02,-9.021557502754889990e-02
-4.267963607569055101e-02,-1.193823680610438254e-02,8.482324361221724174e-02
6.827067445590127327e-03,8.871024284243385349e-02,3.562845947129498342e-02
1.984118816681160885e-02,5.869388167884891788e-02,-7.330294877992955815e-02
-5.778238271930807857e-02,4.302839091630839691e-02,6.362545414036605007e-02
-4.917974642710540474e-03,6.740865348646048194e-02,6.853338066739453338e-02
-9.367047437664040299e-02,-2.120652049108153955e-02,8.220130954391073955e-03
-6.881077935741444600e-03,8.787873955333025400e-02,-3.934394284504962036e-02
-4.159124843946034045e-02,8.099788317502432675e-04,8.725833364568151562e-02
-7.946297968713329773e-02,-5.345050486727075112e-02,-1.413277878975377488e-02
-7.947164317893358476e-02,-8.759618475574850599e-03,5.481925510104398991e-02
-5.362388137690530382e-02,4.066343091726450087e-02,-6.996548748708834864e-02
-3.105443463007971291e-02,-2.737750984819893249e-02,-8.795962046719259242e-02
3.975056059934845704e-02,-6.424185978194373037e-02,6.140267296997073410e-02
-7.216541413663919713e-02,6.038020592223977689e-02,2.550334701146858910e-02
5.837364103839951662e-02,7.821313943551194692e-02,2.429115926908082760e-03
-1.950462728363221154e-02,9.576364465058949393e-02,2.495245802518485361e-03
4.690434567209753047e-02,7.655693415559160220e-02,3.902589739950197006e-02
-2.762618643377957872e-02,6.199790647200167232e-02,7.073712264410426942e-02
1.243101678119673190e-02,-9.737620129578622441e-02,-8.552190025038326976e-04
-3.126325398164112035e-02,-9.588973897132173005e-03,9.270792885336974487e-02
-6.336303452368038588e-03,-9.155090713039508443e-02,3.562458003970799675e-02
-5.151775767587001703e-02,-1.621713025101386915e-02,-8.246512531038761862e-02
-4.265705225819246132e-02,-8.330525679259158378e-02,-3.138374136104703227e-02
-8.982581054525055897e-02,-2.199736216941698339e-02,3.490761194530066225e-02
4.821881541696063089e-02,-7.349658537645877010e-02,-4.550919134503792624e-02
2.853706689206352010e-02,4.668030869321507931e-02,-8.265152833614196337e-02
-8.989008983994099811e-02,1.677933799995099187e-02,-3.859704157736285057e-02
5.527272500991026183e-02,-7.967776512105369247e-02,-2.178799070337934102e-02
-5.806630148885449233e-02,8.082956638535199190e-02,-2.624796232501902592e-04
2.008045336088754365e-02,-9.653340883682354212e-02,1.449548191681535383e-02
-7.610862977790379402e-02,-1.775000964064429865e-02,6.205909208090193419e-02
-8.330736108335445866e-02,-3.412817007876615960e-02,4.337001888833248026e-02
-6.742030375673944975e-02,-1.519574415523452897e-02,7.236230123740995668e-02
6.198874319852623604e-02,4.590097541566389577e-02,6.395408082537296091e-02
-9.621083774718948434e-02,1.804736937511992184e-02,-2.200746963941035278e-02
-6.306352919494784270e-02,7.373360497436660943e-02,-2.607403678767834451e-02
2.582390149291330719e-02,-3.909363414069982889e-02,-8.902406984099707488e-02
-7.920057323762676182e-02,-3.856316040810839341e-02,-4.886306481028702270e-02
-8.302575584674402875e-02,-5.713791371033178496e-02,-4.052325411736198806e-03
-7.726866505306326238e-02,-6.484885250490796116e-02,5.062027442992380818e-03
-3.485838857779988142e-02,7.608091187517707077e-02,5.678954088816867696e-02
9.753110701867304111e-02,-2.038696700950741458e-02,1.809843134711726712e-02
-1.576993385517879917e-02,9.829521838351786001e-02,1.928488495435691161e-02
-5.924440538561429048e-02,5.570796440851488035e-02,6.079748887962205250e-02
-6.262672229541943469e-02,-4.057412435640789933e-02,-6.905304823459394725e-02
2.162760661852232424e-02,-3.504473738154453843e-02,9.310153046421858203e-02
3.039380532087111383e-02,8.350547511396735900e-02,4.993936816181486493e-02
-2.499083962044769056e-02,-3.769838706895156655e-02,-9.150027093246354548e-02
1.657600873758331055e-03,-8.604840862159676695e-02,-5.511869014412219825e-02
-2.421298209383468056e-02,2.518905640855954170e-02,-9.618492046105915627e-02
1.679765276856541589e-02,1.744202687815131839e-02,-9.956442880905030934e-02
-1.316376270752899445e-02,-6.279449850843052405e-02,8.006376456353901661e-02
-3.566087862095582844e-02,-2.075544159588738752e-02,-9.408159638243876466e-02
-8.986416366330031436e-02,3.191942290605859905e-02,3.855676616893216613e-02
-7.366852832038255257e-03,5.136868972047841514e-02,8.896769727677501793e-02
-8.326984487718962213e-02,-1.161852987807972942e-02,-5.972138443048874423e-02
-9.135350642121813081e-02,-4.804476450377323515e-02,2.998241790557654943e-03
5.091116538592006802e-02,-7.966031484093254178e-02,-4.186054291705840202e-02
1.213652011683703097e-02,5.121087737580098942e-02,8.914846419954350343e-02
2.881739383533731685e-02,3.636274219337020525e-02,-9.269250406413552523e-02
-1.928852265561615447e-03,-1.746362935902729535e-02,1.022897932997782061e-01
-9.241005283723126296e-02,1.107279780414573665e-02,4.622768076005918936e-02
-9.675367048324561015e-02,2.800707467849368817e-02,-2.609390640510748927e-02
2.681623454379787608e-02,7.408641653895964296e-02,-6.816160511059467242e-02
-9.453010610574008599e-02,-2.388695840462495834e-02,-3.707762525644864304e-02
-2.686080546327967652e-02,7.404224684220221675e-02,-6.859228746136498966e-02
-9.845627812845469951e-02,2.022303446289950429e-02,2.886941902549713251e-02
-7.374419199998293040e-02,3.820194014572353414e-02,6.376415931833222250e-02
9.740613571708739427e-02,-2.942455776243577820e-02,-2.524135280123798036e-02
-7.307669395656890554e-02,5.411954466651093532e-02,-5.243276517840975148e-02
-1.920937139913819758e-02,-1.014836124457907940e-01,1.943840653212583133e-02
-9.052348664624593200e-02,3.462618639858248276e-02,4.098496452136980717e-02
-4.436401912830061078e-02,-9.106358438084706519e-02,2.898239474010389297e-02
-5.611027404469312585e-02,-4.052505969951106235e-02,7.960887465540025798e-02
1.907118348506691916e-02,-7.630864633289098642e-02,7.049117947663752215e-02
-9.646259098757020700e-02,-3.075805614675655025e-02,-3.053128617928535168e-02
-9.118857822177625638e-02,-4.741338638548610318e-02,-2.544405733100454925e-02
-8.780267528357783846e-02,-2.383929490954301081e-02,-5.441246610725196386e-02
-1.037715662370124747e-01,-6.365717263732298924e-03,-2.137391203407211157e-02
-1.060888158297513817e-01,2.516166977840103829e-03,5.684771830898984087e-03
-5.711899733172186300e-02,1.475305555109598064e-02,-8.854855743974765492e-02
-8.304487305918377416e-02,-4.457806955994632336e-03,-6.657600437596065956e-02
-6.846528436380644456e-02,-7.508259173804276987e-02,3.242560769006611054e-02
-1.774278563743114656e-02,1.040539987800695454e-01,1.618353394114429786e-02
-8.314747113275823553e-02,3.101738889225337178e-02,-5.963236653408499760e-02
-4.246563191287892197e-02,4.912602774165568398e-02,8.510327938699877026e-02
5.932598012861132336e-02,8.222039141794235118e-02,3.474448907900234279e-02
-4.718307824870904277e-02,8.043443342153444586e-02,5.309140350503856187e-02
-1.071423855542550235e-01,1.845200645604550905e-03,7.710425725654721993e-03
-8.425025257683331492e-02,-6.677515985821599886e-02,-3.611302124412176569e-03
3.943173180497326624e-02,-8.450476304825015050e-02,5.386917978594768508e-02
-5.542057833015439500e-02,-8.295387239708071347e-02,4.089951139052625667e-02
-4.046863028311215721e-03,-5.688183472740060420e-02,9.165915502104311774e-02
7.415516440792380148e-02,7.816361555614398382e-02,8.518222571577012056e-03
4.317393577306805758e-02,6.189706848401333589e-02,7.754777051357447659e-02
-9.397757243136394337e-03,5.380796331526331577e-02,9.355792195243457787e-02
6.257047102704831054e-02,5.115874175972760091e-02,7.233422757621169041e-02
7.046123862753082834e-02,7.956125877429714999e-02,-2.230642164148713413e-02
-1.111735646693002774e-02,6.435721530570807057e-03,1.079592155470485981e-01
-4.320518635403642477e-02,-4.116209901333243298e-02,-9.103330814506753466e-02
-9.097914962500761038e-02,1.795884570541238928e-02,-5.723828865403723237e-02
4.468020228469288951e-02,9.090579880713119121e-02,-4.054201384124662272e-02
-9.432772222146867946e-02,2.741619606837697107e-04,5.508131881933466673e-02
-7.222698752412685941e-02,-6.910036571874990374e-02,4.436290581047847015e-02
-4.760136506943046797e-02,9.131123925190763602e-02,-3.720170850494244202e-02
4.007707468279358282e-02,6.084696827166456018e-02,8.189641559366074575e-02
-1.019459513783108340e-01,-5.696040072208440053e-03,-4.022546939771901725e-02
-8.017207410075434526e-02,-7.125015901685646802e-02,2.381891020754001512e-02
-6.028952072415589419e-02,-2.063090555721340969e-03,9.198040128576905061e-02
-5.684835253606970035e-02,9.053071062513762257e-02,-2.645631662943218401e-02
5.802208120434241417e-02,-8.876345079895799073e-02,-3.016601815619728358e-02
4.693346556547278725e-02,9.834657335894572694e-02,1.757083130495054948e-02
8.229504618534613791e-02,7.319920368010197909e-02,8.998966854479664712e-03
4.047812500074959852e-02,-1.027722717210960007e-01,-6.246777264128424226e-03
-1.011698518118114565e-01,-4.339874348629656209e-02,1.220350522208565359e-02
-9.161420051727411917e-02,-6.117002378208082070e-02,-1.268345463581625060e-02
6.237879807121638615e-02,-7.967764951215226821e-02,4.565373843865420944e-02
-3.517591806001370974e-02,-3.480215609874488109e-02,9.951626846945199611e-02
-2.410186774897969068e-03,9.446095417386032866e-02,-5.874924010276440234e-02
-9.911147410996068441e-02,-8.232401509714392523e-03,5.017411331099486116e-02
-2.919336308571285343e-02,-1.053321727447523587e-01,-2.212100222107899264e-02
1.416870145065258699e-02,-1.107291615903498727e-01,-1.712008281749088576e-03
-2.764406373107227213e-02,-8.852207482057414256e-02,6.238962102098023071e-02
-5.869104878420292049e-02,-9.493856649847241813e-02,-7.940190850503034067e-03
4.490171598631612082e-02,8.260000538755160604e-02,-6.091229418285851183e-02
-2.854297889516931030e-02,3.429447402398846934e-02,-1.028914385745108018e-01
1.554830286042683564e-02,5.419208831497140944e-02,-9.709362224417852905e-02
2.569897516368001289e-02,9.896284696309406992e-02,4.668916205045073320e-02
-5.261815360417913118e-02,-9.817784427839063022e-02,1.595842483314344890e-02
-8.021081842992838773e-02,-4.073180461025027038e-02,6.780604741588161510e-02
-4.274452916176445932e-02,-7.047407352740066300e-02,-7.697482657700312203e-02
-1.005070525270335274e-01,5.069459351999428681e-02,8.690003369875754988e-03
-1.582706459309994682e-03,-4.327230079847659699e-02,-1.044052434069430019e-01
-1.972926333273242530e-02,-9.875207509130141947e-02,-5.160015757602574166e-02
-1.004413847476080535e-01,2.413201898832578393e-02,-4.649000117395044734e-02
-3.808179562048220196e-02,-3.529276982177600996e-02,-1.008201948449956725e-01
-4.530365710855371875e-02,-3.535159197558662703e-02,9.791189583350015657e-02
-2.060695970031672930e-02,1.125883749580204769e-02,1.112019962492350605e-01
-6.098268959813814977e-02,9.384215367897967564e-02,-2.050520494446493938e-02
-9.346061747335714098e-02,1.568760584870837818e-02,6.319127446076568122e-02
-9.825740715417131954e-02,9.721582322029352283e-03,5.703977023265573848e-02
-7.653690032612549266e-02,-1.349556225339589022e-02,-8.361212019102404192e-02
-2.878105093977864626e-02,-4.051799755119330805e-03,-1.105201934599569363e-01
-3.639919638477794733e-02,-9.544486724120997134e-03,-1.080368473854816658e-01
4.422106462604233346e-02,9.917756802854299503e-02,-3.639724236640234922e-02
-1.971259307257882190e-02,6.692539189580389014e-02,9.098001848425629756e-02
-4.043544228223841519e-02,-8.979731521684192197e-02,-5.894825146000971100e-02
4.657898822537019645e-02,8.662957139967120135e-02,5.939468772932705865e-02
-1.137974614640567539e-01,1.010593363055159281e-02,1.336303342165313761e-02
-2.388480867930167784e-02,7.966750746063730459e-02,7.963497011260828318e-02
-7.432418521092316877e-02,-2.082124622801187486e-02,-8.561595899577155444e-02
2.709554939751042044e-02,8.122057882768901615e-02,7.736497443273955554e-02
-5.916534343324255513e-03,1.067304387278704830e-01,-4.380072086815775534e-02
6.425159442327951775e-02,6.362087990275119842e-02,7.209457761263722564e-02
2.253325368322460151e-02,1.099162251449645605e-01,-2.850999491663737048e-02
5.199142729141410790e-03,1.045235021648133478e-01,-4.978549412888917669e-02
-9.595527738012574193e-02,6.434480500472455899e-02,-1.057256138125702016e-02
9.622024254437953894e-02,-5.638887201186161546e-02,-3.240496177134809253e-02
-9.904985794304724256e-02,1.180645694524784170e-02,5.972052367087300057e-02
6.964067980757542020e-02,7.717151335125310707e-02,5.234731253591642930e-02
-6.820156087979635517e-02,3.605376486456055019e-02,-8.730919819526039571e-02
6.985655777163302105e-02,8.135990694701417114e-02,-4.586477623247046248e-02
-1.520783875655710819e-02,-1.089301856793656407e-03,-1.157550323835374734e-01
3.335529669373862166e-02,-1.012381489073322510e-01,-4.794485593440524218e-02
-1.024295400243227100e-01,1.197006105203327758e-02,5.526413721813681207e-02
-5.132669855115521568e-02,-1.318234769469681968e-02,1.044499701760989580e-01
-2.307519920969805863e-02,-1.148152370829369218e-01,5.638645002936300797e-03
-2.662142611857009483e-02,8.315430531964082550e-02,7.843640579204014252e-02
-1.107321920520381725e-01,-2.359789355914562389e-02,-3.139990245170059396e-02
-2.253575862431618591e-03,-7.280123606908378911e-03,-1.173677624108629691e-01
-7.729907751992246001e-02,8.642718005890626110e-02,2.042835453352044583e-02
2.961338504802594682e-02,-1.134134606215845553e-01,-1.230541702390817137e-02
-1.175567295141839580e-01,7.637530186728492924e-03,-6.476959626642285819e-03
4.440833343402619121e-02,4.252074735617514256e-02,-1.008397114735545136e-01
-2.369305820590456371e-02,1.480018387444647504e-02,-1.148793369884619497e-01
-8.300518381357657738e-02,-2.327034661030913387e-02,-8.108772485254261975e-02
2.586890524127901173e-02,1.130400784027921629e-01,-2.425414169677276438e-02
4.708626846283920503e-02,1.030292474368724176e-01,3.510454106012857178e-02
-9.093052356908189193e-02,4.192429553863962627e-02,-6.377637432528046602e-02
-3.494461009846826921e-02,-1.040244500034444158e-01,4.560916425065521945e-02
2.990382141270445451e-02,1.072148952336988842e-01,-4.197768153615755171e-02
8.053388505411274156e-02,2.287445605836525495e-02,8.468442956085997508e-02
-1.000609460854460370e-01,-9.591820283984045514e-03,6.407199746687482211e-02
4.837476532921090346e-03,-6.617470686767155941e-02,9.917638012537853542e-02
5.635079802254225334e-02,-1.400718823011837255e-02,1.043833219943940266e-01
-1.465858200351166825e-02,1.107955937307033012e-01,-4.249718746698423477e-02
-1.458943783586429642e-02,6.931025937170083584e-02,9.648241483613088920e-02
-8.780467904937144796e-02,-2.804188389202375703e-02,7.654212133196532097e-02
8.011456474535924577e-02,3.592519931863275701e-02,-8.169969687954321824e-02
-4.950874481494989786e-03,-1.059999910116690008e-01,5.614629786909180326e-02
-4.587290436318955389e-02,3.108326992307812800e-02,1.066374630699833820e-01
-8.302389300285720197e-02,-8.483919971874333277e-02,1.950704777262065454e-02
-8.774960481089361108e-02,-7.664250331715814768e-02,-3.043465746192859991e-02
-3.690631044227314639e-02,-1.041390151105861667e-01,-4.819223169337055745e-02
8.011861762471006454e-02,-9.000545754658947906e-02,6.221496348184358920e-03
-5.646871365006961990e-02,1.057957248832882557e-01,-1.436750965673367665e-02
-8.673150310865987422e-02,-1.447388249630302080e-03,8.421778948721124480e-02
-3.264043438756680099e-02,7.743701379277598273e-02,8.708855796345696398e-02
-7.431024189390501855e-02,-2.279307356570929241e-02,9.291934789524523841e-02
-2.541612347938362534e-02,-1.022064515184074596e-01,6.010533978935529709e-02
-5.343533450771437848e-02,-1.073415369803393526e-01,-1.888152255742317834e-02
-8.568433245169043699e-02,8.398109203615776452e-02,1.920154095547196155e-02
-7.633973643594754721e-02,-7.640835251377701975e-02,-5.591623604999567537e-02
-5.490093251027034632e-02,-6.138452189055326053e-02,-8.966464431469313434e-02
-7.228859924738470499e-02,8.494292083629907675e-02,4.909476581132703882e-02
2.535349870216230261e-02,7.957199854963764585e-02,-8.891605823355422378e-02
-7.796673729135167319e-02,-3.109278864716319424e-02,8.868110367600988420e-02
5.337468672601729941e-02,8.314236238828172365e-02,7.195664941363962008e-02
3.225131628272065887e-03,1.196467591699616889e-01,2.535532521876430329e-02
-3.158333010598565749e-02,-2.781799730400113819e-03,-1.182910830103069688e-01
-6.045635821449433372e-02,8.454467858349999643e-02,-6.499730467182719684e-02
-7.485144833922278973e-02,-9.414194598984866602e-02,-2.431850781768589431e-02
-4.711104812940767467e-02,-1.103337568021686976e-01,-2.633006945727684942e-02
-1.211846030671945434e-01,6.875524602446462553e-03,1.956320420822817499e-02
-1.225221917566147664e-02,1.021250856272889751e-01,-6.756850470568057099e-02
-5.425926019912264558e-02,-1.332605379794314475e-02,-1.097860106689226983e-01
1.551075476539216617e-02,-1.223250955104208670e-01,-2.937922131376365228e-04
-1.905850449149221540e-02,-1.044785642456019514e-01,-6.288556870791071896e-02
-1.042984219466890072e-01,-2.982549345345093458e-02,5.912171327170294421e-02
-1.149202271294888639e-01,-2.604478679729981330e-02,-3.751837863455854960e-02
-4.694177019491320435e-02,-9.644380544110631170e-02,-6.178361827121835875e-02
-1.351524885431806475e-02,5.832865467128924702e-02,-1.084749076393010520e-01
-5.175444647920438707e-02,-8.274125444986601963e-02,-7.652857917067366900e-02
-1.055728167569936343e-01,4.510172287100079613e-02,4.723399257187184397e-02
-9.545369957923637017e-02,5.966466061555142364e-02,-5.262265214122058277e-02
-3.577778019506311358e-02,-9.611893407456095773e-02,7.036423581866280141e-02
3.934201717377035917e-02,-1.168359290188813598e-01,-1.735545722726971468e-02
9.348983274693706269e-02,-7.430483246421781818e-02,-3.560494609713747011e-02
8.534764791184733246e-02,-6.189608239878822277e-02,6.666006692665868427e-02
-1.170187661596128748e-01,3.799555193752538612e-02,-2.124881620964951673e-02
-6.093191666799166462e-02,-2.277543981545491515e-03,1.090887215434303420e-01
-8.439283400443609029e-02,6.915387090420342664e-02,-6.118422482311384331e-02
5.964404539887156742e-02,6.651919520259275131e-02,8.772342170834646069e-02
-1.032777041199751944e-01,-6.008969976543750147e-02,-3.781887252202689731e-02
-7.049339798813918090e-02,-1.000546924845782809e-01,-2.750975311054610142e-02
-4.024302462258822627e-02,-7.235792607252784781e-02,9.440134009263832782e-02
-7.380907306615545893e-02,2.250234855365860695e-02,9.920886275759012440e-02
-6.432466568689380881e-02,-6.000354241118413534e-02,8.993447116562612587e-02
3.132062806262365245e-02,-8.570763786255793104e-02,-8.677149750836030129e-02
5.863994135439192651e-02,1.039678208685361066e-01,-4.047114445613309019e-02
2.041053885894232589e-02,9.914470274345092704e-02,7.529545515561215929e-02
-9.595218066094493570e-02,-1.634061343177076187e-02,-8.044656183745163558e-02
-6.531102363601939964e-02,7.590114130837283257e-02,-7.712848532547243730e-02
5.883091180497019256e-03,-1.228469753349802907e-01,-2.965081731927863770e-02
-3.824096231780257666e-03,-1.265340095323532477e-01,-3.088474334548646071e-03
2.840913904949054353e-02,-9.511869950638402252e-03,1.231557364367455581e-01
7.756473846647370107e-02,9.945080170403818032e-02,-1.371218417355968971e-02
-8.097432013369984527e-02,-7.869757108455376071e-02,-5.809065190857663763e-02
-2.930301182618839928e-02,9.760522839544526208e-02,-7.595483253898839549e-02
-2.976942879137576062e-02,6.736724369400376444e-02,1.037301551463215982e-01
-3.094120265354587465e-02,-1.187631613246972750e-01,-3.394702713990981058e-02
-1.018526653169419260e-01,-5.494488364532352370e-02,-5.339937481170987932e-02
-4.195183187502110611e-02,-5.136544432906869039e-03,-1.203662095298018431e-01
-6.403744233010721931e-02,1.104002968855018196e-01,3.914557700115922634e-03
1.999502412177697752e-02,-4.640283538212102571e-02,1.173938321610005636e-01
2.296103769005401751e-02,-6.708109545875461099e-02,1.064765642640687487e-01
-8.446192370790210624e-02,9.596741216252997753e-02,7.127324903952237702e-03
-8.231099457909250849e-02,1.797717267795753346e-02,9.657180794829257897e-02
4.694788861152410231e-02,8.940906950081241311e-02,-7.909710815167803055e-02
6.303421873396487796e-02,-8.252171054132430295e-02,-7.550729420314687690e-02
-8.659049219927804353e-02,5.046725680023628202e-02,-8.043452551099446179e-02
5.655359712896132485e-02,-1.125845071328751279e-01,2.590512547256081793e-02
-1.203293270702668755e-01,-2.088219635438006219e-02,4.073748370727222484e-02
-1.151631382587953306e-01,-4.814766060765008487e-02,-3.200190671896327443e-02
8.395947681076144919e-02,-9.248161935547570545e-02,-3.213955108639023062e-02
-7.923476020032862999e-02,4.364271721729406917e-02,-9.209940042277273142e-02
-3.874589583340443816e-02,-1.085093538292422749e-01,-5.847873016863452955e-02
-4.119224837061292305e-02,-1.213544467168473362e-01,-1.737093107366167316e-02
-9.408780642975937691e-02,-2.486127251749148739e-03,-8.886471099463233436e-02
6.372338686955413521e-03,8.427265698135978644e-02,9.820050171107964909e-02
-9.501977688106511000e-02,-7.557969778167190900e-02,4.555198719444830679e-02
-1.271415324242549938e-01,2.554949429615304204e-02,5.339096209947702225e-03
-5.616479481629278736e-02,6.370938591753097513e-02,9.830114316899986326e-02
-6.162303043422029392e-02,-1.038338874649528537e-01,-4.824786900723511407e-02
-5.800909054894816917e-03,-1.299828054359267182e-01,2.794850636114005419e-03
-9.398463125116110484e-02,4.073355065144009662e-02,8.046695543318085897e-02
-7.069749380673445716e-02,-1.089584251689206112e-01,-1.129056043990504798e-02
-6.628016509237805165e-02,4.358707411829400302e-02,1.036096395581321411e-01
-3.112504566652545338e-02,-7.510612107642891666e-02,-1.022177373001828538e-01
7.149790444384464261e-02,-1.094303565967450625e-01,-1.239998529154987374e-03
-8.431574650920470315e-02,9.966828916021207296e-02,-8.713097551435677879e-03
-4.088355881651534185e-02,-9.299250797627096887e-02,-8.264449307391544264e-02
-1.136123127707032998e-01,-6.294508668491149983e-02,-1.759854072758459259e-02
2.078689383169770796e-02,-8.093483595767014815e-02,1.011305474808896071e-01
-7.742332113483398233e-03,5.103526300778026686e-02,1.207302008661209070e-01
5.473508753199705923e-02,-1.062605508755287559e-01,5.462138399910362180e-02
-7.298391173850111990e-02,-4.955320990057748148e-02,9.756524867293128733e-02
-1.181582147996164400e-01,-5.700166758191376609e-02,-1.100133938379427648e-02
-2.890594513350048383e-02,-5.032685938626453581e-02,1.182948989912820797e-01
-1.318014094579864348e-01,-1.598054740735126893e-03,-4.280695547538339481e-03
-5.692351478692070366e-02,-1.171925705158714942e-01,2.117964300811711262e-02
7.824084443760681573e-02,-1.062212567461438134e-01,6.990262406443302316e-03
6.520725365616662772e-02,-1.021370996815968296e-01,-5.291479996382686402e-02
1.270381881083005801e-02,-1.190530920001170029e-01,5.638648893637643322e-02
-1.303844853231204137e-01,-5.613846379282540731e-03,-2.265742669248347815e-02
8.793623176316725520e-03,6.572885972254806364e-02,-1.147951109297454114e-01
-9.645136605440170208e-02,2.238330170423471956e-03,-9.109448180561580122e-02
9.487766206946679493e-02,8.069149447423547283e-02,-4.608425671805994883e-02
-1.081555710432472589e-01,-3.706206719577337383e-02,-6.779381915188291419e-02
-9.354067150263201125e-02,-7.496947698599003285e-02,5.768482992355958988e-02
-2.539631060731130027e-02,-1.300657377434356332e-01,1.289794780287434502e-02
-6.263057044318486033e-02,1.023779895063335332e-01,-5.792411769824504925e-02
2.595873643135749448e-02,1.286611430538887046e-01,2.370932430195140522e-02
-6.263610489020129957e-02,-3.019834996425798876e-02,1.139521885203715751e-01
9.197978045331456354e-02,-9.207090390018356219e-02,-3.022665486655348038e-02
-6.244716119713758506e-02,5.066274028127985135e-02,-1.068423740374420811e-01
-9.486285057223031725e-02,-8.189995110354617025e-02,4.696571279833857554e-02
7.275402422719651208e-02,-7.142314448570714902e-02,-8.688282634358016066e-02
1.053426496627482140e-01,8.075357908436674170e-02,1.885570631761494809e-02
2.026430599431890481e-03,-3.519431733837612847e-02,-1.294671020464157607e-01
-7.831623972954028512e-02,1.072534627241771704e-01,1.996189915319969421e-02
5.333213331037210680e-02,-2.952668430030603447e-02,1.197907577248148586e-01
7.812888481708316069e-02,-4.664470806443431206e-02,9.908017487875327156e-02
1.047454008493633043e-01,-8.173140595106437312e-02,2.181488277379801249e-02
6.340957000515527221e-03,1.206964140403773700e-01,5.958583098509553228e-02
4.086842761863041656e-02,5.178744186789391302e-02,-1.176305237648237328e-01
-7.930985612783712779e-02,4.776973874854407998e-02,9.822385052226878521e-02
1.300442588558152479e-01,3.527831502333606678e-02,9.730803865098801297e-03
-4.785706553375235900e-02,1.226555377769111277e-01,3.077209428698145927e-02
4.811954478320312062e-02,-9.062856684719153288e-02,8.822376039783755286e-02
-1.091554645336420964e-01,-7.693081472628132689e-02,2.258461593176220444e-02
-9.655335204677563399e-02,-8.596824094189706167e-02,-4.075692870506292947e-02
-1.243744616702060907e-01,9.674896711021167828e-03,-5.331511575189486901e-02
8.211838917603594967e-02,8.670818443414969601e-02,6.460870182919717375e-02
1.164711878149247704e-01,1.780500045825851585e-02,-6.770813835182062923e-02
-4.701941011918205765e-02,-9.086237041762421085e-02,-8.961634428156173282e-02
-4.508731658896884126e-02,6.328175326091756148e-02,-1.117648811300393230e-01
2.689627484348868511e-04,1.347720987729284225e-01,1.990495663526242742e-02
-4.708722896285226500e-02,-1.269186589786630848e-01,1.628563902576282002e-02
-1.252493636392477960e-01,-3.551180613461198121e-02,4.090566117719889039e-02
7.720257716861443631e-02,-1.118050875030576902e-01,1.386189609955264419e-02
-6.961198469638431308e-02,1.174976748214007077e-01,5.679120912805285526e-03
1.017317488006753562e-01,-4.499128315455411947e-02,-7.963196144128675824e-02
9.589674253702541035e-03,-1.092561783007301585e-01,8.195719573333538899e-02
-1.017586530192455541e-01,3.641252945210113941e-03,-9.169967487833138864e-02
-7.000101785971073187e-02,-5.299593793723055002e-02,1.053530692706791949e-01
-5.780053605736944905e-02,-7.672107330505147094e-02,9.804100245106549261e-02
8.038980781803022058e-02,7.297740583646486479e-02,-8.415423811022061662e-02
-7.820805412458714523e-02,-8.729100945972007031e-02,7.186826601778809054e-02
-7.156191252901017430e-02,-5.525049437200841435e-02,1.037239877646354003e-01
-9.646223544031416741e-02,-7.308533199004305092e-02,6.570461162191749971e-02
-1.120135229714929181e-01,2.280059469683886134e-02,7.699205162733584185e-02
-1.378616820848055924e-01,-3.410932511598431353e-03,-2.890635832573389477e-03
6.140972530293190706e-02,-5.974034084654528121e-02,-1.082448456235898526e-01
-1.226502679847748384e-01,-6.332888085184031068e-02,-5.878806558854858533e-03
-8.935283669949516117e-02,-5.458305047605134519e-02,-9.031144907952916301e-02
-5.368402446106011056e-02,3.541449964834877950e-02,1.225334627268248461e-01
2.278916610175849011e-02,4.938475311574191950e-02,1.273720458997529281e-01
-1.064631473426491948e-01,6.992347819821988220e-02,5.467525806224178553e-02
1.144042774152880387e-01,6.999368915839079830e-02,-3.545245626993631660e-02
-1.032587703787450628e-01,-9.202797362593544139e-02,-1.200320063053274440e-02
-1.154859785387979398e-01,7.513217372080389922e-02,-1.802840072406171681e-02
-9.007967706259311855e-03,-1.584483751242100023e-03,1.387606447129440812e-01
-7.822757604350280558e-02,-9.878048001683692458e-02,-5.909602789034765213e-02
-1.189218833400068481e-01,1.900077136101168199e-02,-6.998108507310929483e-02
4.871914864328760753e-02,-4.105422425725086671e-02,1.239884019519688629e-01
-2.988607342578611034e-02,-4.617343607935095462e-02,-1.282119751554739451e-01
-1.224655053771874086e-01,1.783115936654151162e-02,6.464582222188473837e-02
-4.625550747183820172e-02,-1.233040107927180912e-01,-4.671993994343542206e-02
-1.015148317137602868e-01,-9.585848703994112596e-02,7.967342035385948165e-03
4.508469431905533231e-02,8.719812447235669728e-02,-9.976394454228103281e-02
3.329681937334393743e-02,8.333401362584087757e-02,1.075507415516616383e-01
-1.535842674032246100e-02,8.877876681942271919e-02,1.073977284442741847e-01
1.330483015798938073e-01,-4.321157901517447969e-02,1.068499529146190417e-02
-1.066970294063483982e-01,-1.288929085918447777e-03,9.126222068714541502e-02
-1.259409761564957431e-01,-2.864702567891732471e-02,5.535694649102750747e-02
-5.896551283092813650e-02,1.171469858263039232e-01,-5.076713174865398609e-02
-1.124415648550516067e-01,5.411602595600769477e-02,6.509600817053499966e-02
-1.358455195236376589e-01,-2.730690952027629848e-02,-2.531739527756400945e-02
-8.985009965026909129e-02,9.988302166057128062e-02,4.269074848126624272e-02
-9.512359224358860055e-02,-7.597275634473554806e-02,-7.129747609251937956e-02
-4.882056443563907722e-02,-8.717807960811024826e-02,9.975853552989409623e-02
-4.435280589881439306e-02,1.326142181225554717e-01,2.032445703404286638e-02
8.793668106059762679e-02,-7.294899425607472010e-02,-8.333029373847332388e-02
-1.048879444634812780e-01,-8.057661038782890084e-02,5.035736073392344664e-02
-2.245875697204271354e-02,-8.441527044044160044e-02,-1.114952738191792581e-01
-5.654300091476011092e-02,-1.094655608771021860e-01,-7.009505679859424909e-02
-1.334791908740902977e-01,1.851777737970670664e-03,-4.800660627714990053e-02
-1.132197078889226327e-01,-5.946239403259964001e-02,-6.165965814674890383e-02
-9.604111027883867335e-02,-3.399467091365592636e-02,9.903790178002777611e-02
-3.598609335897533235e-02,-2.201122621593390449e-02,-1.357947181127692193e-01
-9.373602745265229019e-02,3.493956485189396444e-02,-1.012134171783671405e-01
-1.281782054638470891e-01,6.162379003642474984e-02,-7.477619302751738195e-03
-9.959724331054893576e-02,1.005152273383864564e-01,-1.708320073374324302e-02
-4.480308795246010917e-02,-4.531611591066637273e-02,1.276150569127027790e-01
-8.249625378348796056e-02,-7.242363428001991066e-02,9.125448310169692601e-02
4.788123907671662516e-02,9.505262642947652496e-02,9.530119690236864283e-02
-5.477597905424344549e-02,-1.003364601925472582e-01,8.587125240512323565e-02
-5.938196225328409850e-02,9.361882874811770089e-03,1.298444720855286283e-01
-1.043769011618527615e-01,3.747157208012022196e-03,9.796248190687709134e-02
-1.329008887818241280e-01,-3.830575443998662788e-02,3.751053172790801832e-02
6.585511515612229617e-03,-1.131932914394352951e-01,8.782215285445214847e-02
-4.728699708724551365e-02,1.351482286486947182e-01,9.976658853544985786e-03
1.206769118719248912e-01,7.386933169479742434e-02,-2.475625590845140570e-02
-1.044412266525694133e-01,-5.021413268077819930e-02,-8.505810645398485803e-02
1.138385000150124796e-02,-1.027938812634596605e-01,9.999996197619732963e-02
-1.115324755344452301e-01,-7.572932400824392007e-03,9.072592312346829113e-02
3.187404904169906933e-02,-5.661027764455896227e-02,-1.286049729331157632e-01
-9.122590204682994378e-03,-8.220115626592956401e-03,1.436698322241776460e-01
-1.304734754480376367e-02,2.833311439334882526e-02,-1.408925902466829361e-01
-1.372015405176453817e-01,-2.855820621727679989e-02,-3.486843393543385961e-02
-8.633519667852632140e-02,-8.413369397355413559e-02,-7.972033611990762825e-02
-9.644882189951264895e-02,6.838141106335580977e-02,8.331344842840766873e-02
1.613829069553762707e-02,-1.438136268694294451e-01,-2.946254675074681632e-03
-6.711741532293373502e-02,-1.185923782567337992e-01,4.913815336265459771e-02
-1.281096765581344055e-01,-1.754842843708334654e-02,-6.553934917385166592e-02
-1.170905709747778328e-01,3.311355954733513629e-02,-7.899831443168330025e-02
-1.189237704984476007e-01,-7.986263861509380890e-02,2.363368349471615254e-02
-1.185636580717433219e-01,-1.410571119836862659e-03,8.397708269830245209e-02
-1.332862156165611489e-01,-5.317705094678312067e-02,2.346283086445795016e-02
6.117151043764710097e-03,-1.448632531170137849e-01,-1.236079947848422143e-02
-8.746560880172864205e-02,1.083844480896162948e-01,4.254660488360570425e-02
-5.043442632180290819e-02,-1.340593824243341281e-01,2.691028277074040964e-02
-7.038427218313754452e-02,-1.387322308269382624e-02,1.269857904726862941e-01
-5.569077855712282338e-02,-1.024682821678992301e-01,-8.776499495471405676e-02
-6.734547619669026264e-02,-2.632401174328740517e-02,-1.269159407241476356e-01
-1.417401272568048765e-01,-2.360558383560141388e-02,-2.684520018899498248e-02
-1.591128151347508471e-02,-1.108955361858048744e-01,9.407075133823600277e-02
1.234012346545472136e-02,1.430048393038566568e-01,2.880603882234804639e-02
-6.415261976867455210e-03,5.350469547454238944e-02,-1.362376984906994437e-01
1.720609779258261765e-02,-1.312640774306260971e-01,6.301184272504400941e-02
-2.540002804407853754e-02,1.417822132690306491e-01,2.795779032753437782e-02
-4.234365301049786839e-02,1.296820092844024053e-01,5.432121731718542873e-02
-2.363420352652897266e-02,-8.354540925277685604e-02,-1.185538364870682287e-01
-1.462644756017807413e-01,1.521334484885255439e-02,-9.560585868129278667e-04
-5.916298221881437919e-02,-5.395645801259831703e-02,1.234760899366857956e-01
-1.586935575550451130e-02,-6.018256725685607565e-03,1.462945869959885736e-01
-1.125468648863980348e-01,-5.258935887858471811e-03,9.501569249908317638e-02
5.265844414201222012e-02,-1.240839509991463335e-01,5.987471555822362901e-02
-9.489566600698003118e-02,-1.091114571331413818e-01,2.960610333357148113e-02
-9.286924994194875604e-02,1.453953002334954989e-02,-1.139440014445172317e-01
-9.027419949546645894e-02,1.154208607385582008e-01,1.949997553574987427e-02
1.118437403519861317e-01,-9.388070567049359993e-02,2.369353806835970341e-02
-1.193960169519431812e-02,-2.610949534101950770e-02,-1.452311357980659856e-01
-1.007713691655536398e-01,-5.665410969059836432e-02,-9.265068137817605853e-02
-3.400986672648206866e-02,-4.418175519094055814e-02,1.373767945165451365e-01
-2.826827318246915438e-02,-1.350984545814967186e-01,5.443146395608208787e-02
1.136770977779551772e-01,9.510992821311965717e-02,8.802994380968525573e-03
-9.755115935951413561e-03,-3.255192903556407280e-02,1.446495708964580518e-01
4.801247421453694320e-02,8.734106496845363277e-02,-1.103497063264288897e-01
-1.113871312167725169e-01,9.791329439929866152e-02,1.220869627807892946e-02
-4.815901055708176476e-02,-1.342049846528779733e-01,4.295747865594165549e-02
-1.040132216184499470e-01,-6.349031469681133168e-03,-1.065317757691801592e-01
-9.498010349656599294e-02,-1.120322224404404349e-01,2.584802686260917817e-02
3.789688405856454084e-02,-2.584057838289326517e-02,-1.420181124279246143e-01
-9.209035353508529531e-02,1.110710881006205936e-01,-3.857641349256871882e-02
-1.198549339672810438e-01,-7.755978396729928948e-02,4.424196998500677658e-02
-4.710022073599526293e-02,-5.474620941552463260e-02,-1.309772156925807229e-01
-1.475849573827565653e-01,-1.043649678507268738e-02,-2.264761071229611303e-02
2.852467232681915252e-02,1.468711237644757528e-01,7.136426312923824407e-03
1.021425874245305936e-04,8.624048454157444421e-02,1.226003752720366685e-01
-1.334397064029575752e-01,3.680323272280904695e-02,-5.779475055046061349e-02
5.429541700725739467e-02,-7.944732182250825725e-02,-1.152110851806325414e-01
-5.265915171336765788e-02,2.488629332058526003e-02,-1.384693449611409111e-01
4.962858611845635121e-02,1.249793410546870542e-01,6.720016820950119874e-02
-8.292382704343395639e-02,1.193189568843793513e-01,-3.896095497793598816e-02
-1.918092502769707178e-02,-2.520113242254468783e-02,-1.471766767722562375e-01
-7.891626648393099130e-02,8.064238679092806950e-02,-9.982819682290956786e-02
-6.676701139611243563e-02,-1.209985549133088256e-01,6.025637431245102482e-02
-1.003053048804222885e-01,1.122969272418981590e-01,9.499877747918368184e-03
-9.007684697688510267e-02,-1.285393314708180475e-02,-1.204808678498129199e-01
-8.980381994635328047e-02,-6.489544218477336091e-02,1.027193789170087190e-01
-5.735376939870279189e-02,-9.017601591412088835e-02,1.069531289011769748e-01
-1.101766977115929275e-01,-4.624844977520618100e-02,9.281732539865535092e-02
-9.579358149015483603e-02,1.015152686319165387e-01,-5.868450898739352439e-02
-9.165231237578193302e-02,-1.203846983870808379e-01,-8.110128662951517770e-03
-4.806782135741877182e-02,1.354330514131107943e-01,-4.835853390914585798e-02
-3.405755393123190145e-02,7.461168666824694040e-02,1.276602665818818427e-01
-6.777010698287887214e-02,-1.332605991650770705e-01,-2.656300867295058321e-02
-9.337241460554367156e-02,-1.086191147557926256e-01,-5.072538284466455993e-02
-8.284265158539209917e-02,-6.009449183248684496e-03,1.273710959762726358e-01
-5.363665896037816960e-02,-6.211468056526287668e-02,-1.281410591958632994e-01
6.234304052178094024e-02,1.380261426782629364e-01,-1.581898034395861491e-02
-6.651299661736123636e-02,-8.334462078547029071e-03,1.368485946946467746e-01
5.977208480491258240e-03,-8.374739256163876711e-02,-1.272969249367913447e-01
-7.858755801216395220e-02,1.301909915222690950e-01,1.269080359165887344e-02
4.995220184474665620e-02,-4.820801974922048899e-02,1.360162696637057522e-01
8.238573337115570605e-02,1.140887737591816109e-01,5.957284472561866911e-02
1.324624102464436182e-01,6.344257953788827453e-02,4.259415988292827859e-02
-1.358122540705595550e-02,-4.283591542580600375e-02,1.462842921585439104e-01
-2.397004352366795960e-02,1.429811290382598521e-01,4.932799927087511832e-02
4.091014095106364212e-02,-5.738417047565795570e-02,1.360801443498897423e-01
3.603607197313427046e-02,-4.391930602847668452e-02,1.424425098818756785e-01
1.213375312692265137e-03,1.284874391895109158e-01,8.390396921673189123e-02
-4.224679521557965500e-02,-7.305950934108988715e-02,-1.283000264345522112e-01
-1.511228459750005582e-01,-1.241909075499654166e-02,-2.498107758796076078e-02
2.260257800147564416e-02,-1.378260481849376273e-01,6.436258473461714535e-02
9.348894261217308155e-02,1.210493037037741193e-01,-1.701091956871195882e-02
-1.019384870701954965e-01,9.153102192797216152e-02,7.032898416431883348e-02
-1.250025163536986617e-01,6.786975332345558665e-02,5.930168773145131494e-02
3.446469140277721305e-02,-7.566794181721366030e-02,-1.298778606156167081e-01
-9.868976383565661314e-02,-1.034635957069874740e-01,-5.805537329994849005e-02
-1.961246815404965940e-02,2.720565810211235044e-02,-1.507419226339349050e-01
-9.504087492771148143e-03,-4.020679600785284635e-02,-1.489098241852548632e-01
8.510329589294889086e-02,-1.092838411546674104e-01,6.876525440942438117e-02
-4.737798281611581980e-02,5.496245570977921491e-02,-1.366813651233142468e-01
-9.965655932555908536e-02,4.276955841830851202e-02,-1.105433851381534688e-01
4.188812614573646231e-02,1.079281735639214118e-01,-1.030076554029570185e-01
-7.631283879636509282e-02,8.669863879175582905e-03,1.347147235289468947e-01
-1.215325216814611697e-01,-9.641769475374357967e-02,3.681036926592851435e-03
1.630459743928257613e-02,1.364537827657680835e-01,-7.230364669219004059e-02
-7.438790053733924934e-02,1.349916847137773157e-01,-1.975365614625957181e-02
5.622275195407949733e-02,5.219621120330315139e-02,1.352564997155294990e-01
-1.466319005716607005e-01,5.009022558558092614e-02,1.425035578988059944e-02
-8.396832789314638557e-02,-1.035091945761628524e-01,8.050746494938784692e-02
1.165749411833807564e-01,-1.032647687721014590e-01,-5.122196013680951204e-03
-1.173037666114587763e-01,1.007222332049941271e-01,-2.019200352830641254e-02
-3.333761830841702051e-02,1.492919492631854528e-01,3.076819438200647724e-02
-1.188585255269129226e-01,7.149292972567015958e-02,7.170004773366940587e-02
5.082694496365938383e-03,1.552719107292174772e-01,-1.666183712285545029e-02
1.327003107642284185e-02,1.340898046983489134e-01,7.930946348393282108e-02
8.500007664310790800e-02,-1.202793963758017615e-01,5.279557015675120923e-02
-1.035714734167293011e-01,1.174080426090481355e-01,1.091278092153385396e-03
-1.116650946195936051e-01,2.051352570860132465e-02,-1.079646885820291502e-01
8.207644630535929076e-02,-1.245672461491864891e-01,-4.822994084992609370e-02
-1.247089741428843712e-01,8.927180918726994319e-02,3.303473061337310057e-02
7.645994703567614292e-02,1.090171884160923144e-01,8.316025589099253212e-02
-1.123410059174832359e-01,8.370008984398037699e-02,-7.108956847099778820e-02
-1.215158129768098560e-01,8.203092281622605120e-02,5.672933054726270879e-02
-7.596998678102610814e-02,1.359612899733875779e-01,-2.213438290419339136e-02
-8.644887986278060321e-02,-6.657642646417644139e-02,1.134657911063279845e-01
-1.024602893699847889e-01,7.913342157325045645e-02,8.974180539432631554e-02
-1.371115772712507286e-01,-7.473460099468311191e-02,-2.150478426298523330e-02
3.284000715024980657e-03,-1.207218026634472724e-01,-1.014705575815110783e-01
4.349616568741486444e-02,2.581800456889729936e-02,-1.495187303857246075e-01
-1.534949476090652076e-01,-8.089287225287001420e-03,3.635571394881979834e-02
-1.743277140327733135e-02,1.481882049322524875e-01,5.213232107310692559e-02
-7.600802862817625238e-02,7.903655379195353992e-02,-1.139780224895755728e-01
-7.958245112201624283e-02,8.198250999222884972e-02,-1.095174180134085989e-01
-1.282842573102100092e-01,9.203049764676903000e-02,1.247755099868948746e-02
-9.832747102285568919e-02,-7.932681454168469259e-02,-9.568029666243310638e-02
-2.673224233661996782e-02,1.307624326750939925e-01,-8.565011423679561031e-02
5.559860822805296615e-02,-6.290982235690273372e-02,1.346630784262295710e-01
4.844285154685366163e-02,-1.046234851717192521e-01,1.091963908921851217e-01
6.017141266539512839e-02,6.125343871830377096e-02,-1.337075399877546977e-01
1.366161085413102050e-01,6.641398541600697369e-02,-4.700187759721257547e-02
1.103120302890424065e-01,1.100966288440525104e-01,3.205652267228255303e-02
4.103655681954834766e-02,3.569093683183858362e-02,-1.496445221716625751e-01
-1.472413911898960703e-01,5.961684799123857792e-02,1.228140265661148769e-02
-2.724556191177412642e-02,1.483274159387761304e-01,-5.172430121943973058e-02
-1.047867148137878457e-01,-3.536227800224382711e-02,1.149857758115970796e-01
-5.493846782174384435e-02,2.212778389530080814e-03,-1.498769069292842648e-01
1.657185887750242670e-02,5.804747665103713455e-02,-1.479048266125492228e-01
1.052823882406712375e-01,1.178735378058614058e-01,2.398312616257848584e-02
-1.255255815581742158e-02,1.443823390306279153e-01,6.770300667132801709e-02
-1.262825753185792543e-01,-5.720832713509654138e-02,8.000772222462788907e-02
-1.477234923492334595e-01,2.606601643096310289e-02,5.615564962394150456e-02
-1.164037365663765783e-01,-2.056802678162898690e-02,1.082407980032884659e-01
-1.071163368334623056e-01,-1.041586456774822728e-01,5.830817060505859989e-02
-1.064990871880696077e-01,7.213682171566866697e-02,-9.597314633555231733e-02
-4.982119310987525446e-02,8.689661198635503792e-02,1.255281117439757954e-01
-1.584914487144148676e-01,-2.263375639878080145e-02,-1.387527146068347726e-02
-1.315840253854104192e-01,3.910482589443477902e-02,8.375374630921705865e-02
-1.232381898862916492e-01,-1.034560390455585288e-01,-1.152001355030067347e-03
5.398237447923524834e-02,4.715369498312214913e-02,1.441820759630546012e-01
-1.507031875855906478e-01,-2.045476935573166399e-02,-5.319879851787761432e-02
-1.339332964116108082e-01,-4.500030797171806346e-03,-8.964104913316574275e-02
-1.137191209656429787e-02,-1.455083210119329992e-02,-1.602710087431140074e-01
-1.349118493001078278e-01,4.385066733294955277e-02,7.705657839767590667e-02
3.929522677555813415e-02,1.414095460461828324e-01,-6.749076201775483508e-02
-1.294076904577974862e-01,-4.397062621386749193e-02,-8.631336173498678488e-02
-9.534267150112812894e-02,1.303167247543391971e-01,9.543986819242903513e-03
1.982279713620664977e-02,1.606100396999752544e-01,-3.040640556065703735e-03
-4.370780666030916334e-02,7.254730177405167846e-02,-1.380518543487387340e-01
4.282402210846777274e-02,6.834824948429667202e-02,1.405718870410176680e-01
-1.341069452856935573e-01,-8.500692941860638063e-02,-3.300052004198789773e-02
-8.788863751248748857e-02,-1.334418584265666397e-01,2.833383158960972939e-02
-1.471328353497168284e-01,5.134242056637296214e-02,4.564983908524133244e-02
1.351156311373733487e-01,-9.023585441727891010e-02,-1.835311436002662420e-03
-5.560195061689506002e-02,-1.357342269071670493e-01,-7.014881345620994912e-02
-2.808022266037071835e-02,1.022055099356616176e-01,1.234336329834928719e-01
8.287381590311933277e-02,-7.596635082405538142e-02,1.177518494095522450e-01
-1.855212970099991143e-02,-1.457041853279669452e-01,7.046063808409964990e-02
3.464603872554956193e-02,1.591153588327046675e-01,-7.395899225224619386e-03
-3.750048482084441560e-03,1.622848319292688468e-01,1.601501029845465648e-02
-1.128521113462493258e-01,-9.497842271632235545e-02,-6.988983387325865826e-02
-8.137400945263144336e-02,-1.408966586556957279e-01,1.420145232599089209e-02
6.461988902555886038e-02,-1.397826710586332344e-01,-5.472255019741037452e-02
4.951202652359956713e-02,1.164515337107504545e-01,-1.035919763400544868e-01
-1.604986868932270772e-01,-1.166766483206783250e-02,2.969789762274435002e-02
-1.119129278613062856e-01,-1.191576061431593031e-01,-9.440931722070489834e-03
-8.064391818626109876e-02,1.344207559583540934e-01,-4.768691572093192860e-02
-1.286782712301182408e-01,2.735923820544555393e-02,9.784715465758819786e-02
-8.758690517323611258e-02,1.797911093118008743e-02,1.375509226370709159e-01
6.120000042820569058e-02,-1.522568948649933307e-01,-4.654174948797502875e-03
1.386026693756010064e-01,6.033286184559222970e-02,-6.428697424573170949e-02
-1.121460217621346317e-01,-9.603390215650378647e-02,7.224020721885875129e-02
4.528904837899402902e-02,-1.480910635260283270e-01,-5.540900242601388276e-02
4.147245676376606210e-02,-1.292775168547958820e-01,-9.302646103744732775e-02
-1.114445699662872657e-01,-1.158926611386251887e-01,-3.563592139720676844e-02
-1.547517392939915803e-01,4.084548472739151642e-02,-3.922798768785989987e-02
-4.334829526797528976e-02,-1.114111012711850729e-01,-1.135700764230411774e-01
-5.379986917759382870e-02,-6.436905307764766160e-02,1.420783760690861042e-01
4.936982638351445837e-03,1.614655661686500432e-01,-3.410236601548515684e-02
-1.099641995835493463e-01,-8.302164105121120907e-02,-9.114919620886528795e-02
-8.628838104336479520e-02,9.064658337413987119e-03,1.407106038487547228e-01
3.270397022740526710e-02,-1.431007668698327240e-01,7.625217839201665904e-02
-2.221795276002680800e-02,1.409272616834965353e-01,-8.391723208350251872e-02
1.038711742860943393e-01,6.195386036323358159e-02,1.131512352641558944e-01
7.329973674011258655e-02,8.539176720423743983e-02,-1.216576449905106688e-01
4.680620173166161191e-02,1.112170550514561679e-01,-1.137524991411974634e-01
