0.000000000000000000e+00,-0.000000000000000000e+00,0.000000000000000000e+00
-1.683500331778215462e-03,-1.281329412422620411e-04,2.801863871558265152e-03
-1.756938035497280018e-03,-4.175890200418400436e-03,-9.766362791045930802e-04
-6.833009555850219933e-04,-3.635548233853242491e-03,-4.315380317424125783e-03
-5.998244522779935459e-03,-1.413984180493527100e-03,2.279718606979778961e-03
-5.193901054891081163e-03,8.657653051016415448e-04,-5.133555231357482367e-03
5.934499752412872656e-03,5.458463274181111179e-03,-4.816740747932411499e-05
4.810742374035347629e-03,-6.703565235234403875e-03,-2.810569338844489968e-03
2.403595635844264083e-03,6.294505885287307589e-03,-6.447800275029823627e-03
9.435926533607577257e-03,-1.750887011705194556e-03,2.426313046507368523e-03
-7.079740208814224757e-03,-6.226394839421042771e-03,-4.487722614121528349e-03
-9.720822021671916488e-03,-4.892449635653092765e-03,-1.289806027362141528e-03
-4.377135889653405512e-03,8.384614754945304491e-03,6.458976943063206473e-03
-6.509830127154113064e-03,9.899783926819668428e-03,1.379174273770171402e-03
-5.675092833782699638e-03,3.287558936822354387e-03,-1.050701247098611776e-02
1.052950367387982429e-02,7.318900413173018080e-03,3.478889202683975381e-04
7.109220730726896822e-03,8.543621528413956195e-03,7.224098369846623791e-03
-6.670707360885826109e-03,-6.756785595606248744e-03,9.836272126539849850e-03
1.278200709481422783e-03,1.742260632800919987e-03,-1.390811412630457884e-02
-1.323584031143834085e-03,1.220047599874083191e-02,7.662829781362403940e-03
-9.067804788356321685e-03,8.252937730320260984e-03,-8.379771338147956952e-03
-9.192277498568105637e-03,-1.194149848953186821e-02,2.170207922350811565e-03
-4.332611678882531021e-03,-5.487474837900283009e-03,1.393520343520262064e-02
-9.256011776073767502e-03,1.086168248275088365e-02,7.120822079908467606e-03
-3.868152584237451196e-04,-1.460101470457509862e-02,7.232867918979591672e-03
-1.181399187690225505e-02,7.740858123964672495e-03,8.801986344891222711e-03
7.778701238198237021e-04,-1.460792185315661594e-02,-8.619588549524898752e-03
-4.882814578446819168e-03,-1.659812766312990934e-02,-5.439872250055472966e-04
-9.521249846697126332e-03,2.753640434805608526e-03,-1.458612378944941154e-02
-1.556911427886067435e-02,-2.015255985782144800e-03,8.712252592135427687e-03
1.359615077982477722e-02,1.206004829675416494e-02,1.856286982156735892e-03
-3.055815039335322680e-03,1.050821825752263315e-02,1.501275176496233085e-02
-1.634010972975018586e-02,1.137495425652134068e-03,-9.394741898262282120e-03
7.066698580629152127e-03,1.775856874029729110e-02,-1.635017422519360322e-03
-1.349355882352744514e-02,-1.403674573134321840e-02,5.559695848158376997e-04
1.002074864155975904e-04,-1.826264731774260644e-02,7.571717779030301583e-03
-1.597744958471801133e-02,1.773538272005887500e-03,1.199598106929091433e-02
-1.327870526856042913e-02,1.340889154599093566e-02,-7.594762478071551658e-03
6.394279871627864612e-03,-1.116470242328131135e-02,1.611685203956063697e-02
-6.778722365733913686e-03,-1.166857192890312193e-02,1.595879376204601893e-02
-8.386663078980892069e-03,6.337942584501617301e-03,-1.837921931442642459e-02
7.022917058140033635e-03,-1.787452060584085456e-02,9.539658933395976301e-03
3.824032923645998439e-03,-2.091199936140253346e-02,-4.407406691810398895e-03
1.683781269886271831e-02,-1.081066242767862381e-02,9.084315448806090307e-03
5.329744764367040123e-03,-1.621885922130616650e-02,-1.424808347841125152e-02
-1.465110340481107741e-02,-3.100900316572061284e-03,1.678585608598427009e-02
-4.740986410765038288e-03,7.169138609941181142e-03,-2.106521155162335845e-02
4.412902536029376390e-04,2.288431112371766898e-02,2.307021568826233757e-03
2.389315425324145623e-03,2.279449395612501497e-02,3.938857569073176204e-03
9.071775345957601780e-03,1.276542695927422762e-02,-1.752636147379831380e-02
-1.196557645540125177e-02,1.547306096290986151e-02,1.347075741482264832e-02
2.029520673069900791e-02,1.276605221887981180e-02,9.057897885750148008e-04
3.363757780729364610e-03,-1.750122411997765554e-02,1.642336772369054967e-02
1.244294465050861491e-02,1.788289836008809600e-02,-1.115199030358443415e-02
-2.758329424071414172e-03,1.508693573828369730e-02,1.937616122067756588e-02
-1.376085426846156146e-02,-6.229014793515727684e-03,1.985386910456859999e-02
-1.767294078995361450e-03,-1.820839093443930856e-02,-1.730195538502610902e-02
-7.087038153455728524e-03,-2.949805032535258130e-03,-2.422390925259370123e-02
4.741754464936976006e-03,1.690896551405309325e-02,-1.868252643976506255e-02
-2.435872262698484877e-02,-4.069005943800540863e-03,-7.697334445833821370e-03
-8.082262314870660574e-03,3.445796360721654471e-03,2.457001306488320116e-02
5.518813590969048020e-03,-2.573208138325555963e-02,1.536917882655751443e-04
-2.128736848504230936e-02,-1.528753066729398799e-02,4.184405641889595712e-03
-4.132851994430539536e-03,-2.523830817026164602e-02,7.878824822117302604e-03
1.654581129393066161e-02,2.107087916523233198e-02,-3.186063561417892039e-03
1.919930822625940704e-03,2.482380820414295530e-02,1.094381921110196276e-02
-1.450381847285541577e-03,-2.356757481215457015e-02,1.392580600300371944e-02
-2.060870656484874944e-03,8.781349655975796828e-04,-2.753617985360048634e-02
-8.910380265853157927e-03,-5.859098426356631507e-03,2.571657323315432175e-02
-1.012354946844626347e-02,-1.873471808105419854e-03,2.609378912587946922e-02
-1.258468527944696315e-04,-2.759533945385070353e-02,-6.098247993639592697e-03
-9.697133196736474475e-03,-1.739074006474521615e-03,-2.671110723398035375e-02
-2.019548951352131971e-02,2.379132727251570545e-03,2.022047443596973471e-02
-2.678213864448233950e-02,-7.549094424801943738e-03,7.743834199200281057e-03
2.030619202592236563e-02,1.537237706018457738e-02,-1.405167371864186540e-02
-1.611882727552151409e-02,1.097007463607380801e-02,-2.185893614956413780e-02
-1.484006074566318611e-02,2.491450215291981726e-02,-5.375174676618405326e-03
-1.238214581476088962e-02,-7.138914978033291184e-03,2.602806064977295983e-02
2.011848723489577731e-02,-2.180813069387450148e-02,-3.645750525293148941e-03
-1.289112728554007992e-02,2.503342909925179716e-02,-1.061568508742758224e-02
-2.615286206348335293e-02,1.311141124948537323e-02,7.847354535248046367e-03
-2.331094903886916838e-03,-1.470652089050693279e-02,-2.660208860464770286e-02
-1.188901488079589785e-02,-3.330155947687029119e-03,2.808703377849637930e-02
4.011509277967907280e-03,-2.978401974496703783e-02,7.076856981996241559e-03
1.170989067052760103e-02,2.821290114858415049e-02,5.667712998615196708e-03
-8.712492534191434643e-03,-2.188692198508004547e-02,-2.054815551219724146e-02
-1.761832396209116885e-02,-4.707414631307142022e-03,2.562370045705355398e-02
-1.441648076022654899e-02,-1.958956896470339520e-02,2.023682317375160092e-02
3.961724215408970844e-03,-3.156324220325492508e-02,-1.079994596361357785e-03
-2.389085892112546503e-02,-1.637341489573458219e-03,2.125179573913861877e-02
-7.806013860561224378e-03,-2.973957960042782414e-02,9.576943413572756858e-03
-1.831131599511516203e-02,-1.846491766082247743e-02,1.930923456497139409e-02
6.878912472676581083e-03,1.645129175651467018e-02,2.726091330646243996e-02
-9.387420615363692780e-03,-5.489796485008335489e-03,-3.090123976478732423e-02
1.436863576949972375e-02,2.353518482649140722e-02,-1.802276142405687120e-02
-3.181341307894942905e-02,9.024058400962559762e-03,1.923102788904033130e-03
3.148035558545633772e-02,-1.032421223787981929e-02,-3.416708115434450264e-03
-1.246055443218311437e-02,-6.663277788991904364e-03,3.035902342865146736e-02
-7.764822374772507516e-03,2.964811802926754086e-02,1.393192925821089279e-02
-1.434812096528960065e-02,2.528224177829285074e-02,1.733252708459381841e-02
2.590256991420257157e-02,-2.065441212518854402e-02,-7.746749382113143900e-03
-1.380867819995244827e-02,3.020911918956126901e-02,8.147422973792504616e-03
-1.810713725980707747e-02,2.486201688715188735e-02,1.535452753308304968e-02
2.585490383802425268e-02,1.533949405013769994e-02,1.703174874874281014e-02
-3.218747867525066642e-02,-3.942487010753176722e-03,1.242555495204474177e-02
1.616088221034475345e-02,2.672080521474603718e-02,-1.558583318019333627e-02
-2.147627153744809114e-02,-1.555322382783439622e-02,2.295846341291212650e-02
2.629739039945135168e-03,-3.429976662906356749e-02,-7.679366241740176457e-03
-1.609667256498617657e-03,-1.696289435391345676e-02,3.105120259044943931e-02
-1.034573254677902988e-02,2.594615761287594538e-02,2.205502409611932377e-02
-2.672137523982865900e-02,5.502096122649778945e-03,2.311964232569370739e-02
-2.409250842982721408e-02,2.571331119377457189e-02,-7.026257742162523440e-03
-1.351751425703389721e-02,-1.753548103846999315e-02,-2.851230902421270780e-02
-2.297648270160798992e-02,4.046728718160025676e-03,2.776791761340354631e-02
-2.099717734469807098e-02,-1.677315976370780809e-02,-2.460332227866899799e-02
5.702187503388933022e-03,-2.584794735300631474e-02,2.528065974161075938e-02
-9.151205999012666792e-03,-1.985927173780283311e-04,3.561131566416192440e-02
6.224275477746508620e-03,-3.609324329232929673e-02,4.764471787486499778e-03
-1.017091378629639969e-02,1.849139419862647071e-02,-3.051239965017637362e-02
-2.346584350818973694e-02,-2.536734727031323203e-02,1.394512120203917141e-02
1.680130386539957499e-02,3.067943688138297792e-02,1.331689108768390611e-02
-2.031189697225888741e-02,1.100254450471763699e-02,2.965578800996760897e-02
-1.654919466891881241e-02,-3.373588401162957301e-02,-3.655204667817043857e-03
-2.002175477136033943e-02,3.053949631424389410e-02,-1.020162461773067679e-02
-2.682920985318184084e-02,2.400014807179360124e-02,-1.241196807443375148e-02
2.786669814228064437e-02,-2.157879515798722184e-02,1.483059290106766501e-02
-1.843440833046319002e-03,-1.841644367926368112e-02,3.364313186337051370e-02
-2.930937617615643823e-02,1.646959536969837268e-02,1.887921212433794557e-02
-2.665003950847823558e-02,-2.402477085406271723e-02,1.454621146444844831e-02
-2.707263419730952109e-02,-2.723696109542229557e-02,-6.043932324074202493e-03
-2.231932766437831617e-02,-1.338372973529118430e-02,-2.909194427731622706e-02
-1.176855766577303460e-02,-2.999993638954932818e-02,-2.230333938799936716e-02
-3.906128005378468188e-02,-8.157492213733986150e-04,4.669927944637234686e-03
2.953089160457396042e-02,1.893089525034634055e-02,1.816963392261046820e-02
-1.419537254644057805e-02,-1.873569752147389092e-02,-3.194355419052544165e-02
-1.368821497466492058e-02,-9.828392889387756182e-03,-3.607361358769926862e-02
-9.426322144934537461e-03,-9.933287196396366897e-03,3.755124466004255285e-02
2.167851483352710787e-02,-2.767307290812856188e-02,1.934486082331453305e-02
1.587964965811819798e-02,3.247921762035330812e-02,-1.775622386371704040e-02
-2.104397450174887163e-02,-4.528137155162749623e-03,-3.422522318255766249e-02
-1.421632434425922076e-02,2.663051603107482318e-02,2.712582406140653934e-02
-2.937000803651848221e-02,-1.014188933021884821e-02,2.634444233314121517e-02
2.012776043610218710e-02,3.246590255352545945e-02,1.458481681289199375e-02
1.156427937336747605e-02,3.898903774831832120e-02,5.513717940649792877e-03
7.643626846181721633e-03,-1.396209416585133395e-02,-3.799105855662347764e-02
-3.041040114375474432e-02,-6.271154210930671505e-03,-2.729432233331967675e-02
-2.108419090319278710e-02,1.340778067407392277e-02,-3.312414590082694149e-02
-3.360667178222927209e-02,-2.210910427453703989e-02,-1.075767412589031732e-02
2.334197686408965092e-02,-3.454111282165103075e-02,2.906241991934281621e-03
-3.576322084313367927e-02,-1.581180892153091766e-02,-1.515924399132760267e-02
-3.852029092945990357e-02,-1.556802788105968866e-02,-6.715337793855014753e-03
-3.121732454809516069e-02,-8.780896773563773641e-03,-2.705736634085118691e-02
6.947713377384492905e-03,-3.219606216062611409e-02,2.667078332604502430e-02
-1.318803165982755275e-04,2.019011057392289255e-02,3.742991089421816159e-02
-4.375212455953410295e-03,2.970760731545273037e-02,3.032237612748847969e-02
-2.321207296672025966e-02,3.189971850848610097e-02,1.664992502893495457e-02
-2.647381567851587666e-02,3.341842561058339794e-02,-5.333491029604463946e-03
4.078231874508445737e-02,-1.313177482132513348e-02,-4.791051180184141209e-03
1.562738013355904204e-02,2.237160684986297735e-02,3.356177592696907297e-02
-1.290799503429062266e-02,-8.249683914749297853e-03,-4.060702928935815137e-02
-1.256103916023328451e-02,2.065569303541677990e-02,3.621714238881874881e-02
2.725271056405254022e-02,3.278367110738203416e-02,-9.547808724505857728e-03
-3.341782720178271965e-02,-2.012925439605036011e-03,-2.829071075643404057e-02
-4.379238338438565248e-02,-3.821998780128043824e-03,1.149444513557732915e-03
-1.621850670924704450e-03,-4.376442261293800318e-02,5.318581569074067560e-03
-1.247964051528685156e-02,-5.759781923693487425e-04,4.245840563105010568e-02
3.163316753018968145e-03,9.762862652729952309e-03,4.319748964840468275e-02
-3.980197658378579334e-02,-1.636221844922888151e-03,1.992557333895802682e-02
4.530460860206530290e-04,-4.197595129055735341e-02,-1.530632901887256370e-02
-3.434156129382711503e-02,-2.673071243341143630e-03,2.868020824756976894e-02
-3.839325997936647149e-03,-3.098331000644755431e-02,3.235608019700890459e-02
-4.026798655464598753e-02,-1.870046485721915674e-02,7.936592109860373528e-03
-2.765577285603965096e-02,-3.237603199366216600e-02,1.528890713513041816e-02
-1.861511915458316166e-02,-2.231326241794695520e-02,-3.485676472269776116e-02
7.777807597538910359e-04,-4.526696535435696667e-02,-4.722297089106688474e-03
5.952161220272524263e-03,-1.564146826769438614e-02,4.247976754133701155e-02
-3.851967067463150929e-02,2.379325707957260713e-02,6.880991653980470836e-03
-1.969021217495482701e-02,-5.022992038698059943e-03,-4.119370409288034690e-02
-2.463339121787703687e-02,-3.889136419602638728e-02,1.773120685245509632e-03
-3.172307763908123468e-02,3.005551738111983742e-02,1.501448685341435704e-02
3.073129005302377079e-02,-2.955825053080497408e-02,-1.815662195777767787e-02
2.012984029189337359e-02,4.169454616210981068e-02,-4.094957881852381680e-03
5.533036125532036879e-03,2.925543762949445528e-02,3.586884918802091954e-02
-4.392626884470277569e-03,-4.540231805052429709e-02,-1.025015037506157856e-02
-1.225817956714497434e-02,-8.043532057038576058e-03,4.453580137686628804e-02
-3.646387726667751211e-02,2.454856578548390150e-02,1.669809590122024387e-02
1.387961508739738413e-02,-4.493705523022983178e-02,3.430789051666064716e-03
-2.459325183772604825e-03,2.664540015869824516e-03,4.715178732174695603e-02
-6.912799885113715681e-03,-4.222075019886433606e-02,2.046345202550047329e-02
-2.501769545134526276e-02,2.519997432648589386e-02,-3.163710304603807588e-02
-3.310776954262395488e-02,-2.740340734975729026e-02,2.067519531077483680e-02
-2.099622925728666240e-02,2.841658120823407560e-02,-3.223199831150903166e-02
-2.148764479438675448e-02,-4.196202812565880125e-02,-8.799535202972736531e-03
-3.313542560921442504e-02,-2.384171248984924205e-02,2.542247206926165695e-02
-1.786960430045908890e-02,-4.220812362684175922e-02,1.498554474541956803e-02
-4.039484483584451086e-02,2.631180356969822429e-02,-3.754395072939523560e-03
-3.373817413145929062e-02,3.033320384110845674e-02,1.710332285618330200e-02
-4.772498091198019293e-02,5.837268729977843421e-03,-7.203557278198979667e-03
-3.183585163629307907e-02,5.788787595267979918e-05,-3.691703241801504165e-02
2.518683043026032076e-02,-3.930613518229903597e-02,1.448457193368131099e-02
-3.742370838274831912e-02,2.344440406740823032e-02,-2.125424152645753045e-02
-1.020503568893375151e-02,-2.698371555747175812e-02,3.977970002964616864e-02
-3.767428147582675690e-02,-7.498933917708651420e-03,-3.085255860608699871e-02
-2.355677023829235231e-02,-1.464124421109922435e-02,4.087739868541885591e-02
-3.737991750941367652e-02,-8.171650737955245009e-04,-3.248249985659396738e-02
-4.167880921618727363e-02,2.195792397198625956e-02,-1.570224434987729442e-02
-2.736524524830807187e-02,3.161148482545971406e-03,-4.147029844457204156e-02
-1.810266743744189111e-02,-2.771877813908802529e-02,3.735512212590122449e-02
-2.100148555862073677e-02,4.484425632848958870e-02,7.223971633575660724e-03
1.420626821351077783e-03,4.219410798754846120e-02,2.710560447301542733e-02
-4.705049933517700851e-03,3.382333597728780922e-02,3.692890309140248878e-02
3.838271863613652163e-02,1.703055000517677067e-02,2.791876766020030473e-02
-5.030434496841607039e-02,2.131323844543255713e-03,4.527415044504214461e-03
-2.326663112633222535e-02,9.791813434548947079e-03,4.394535266449409866e-02
-3.616377381144792597e-02,-6.766477501437113094e-03,3.503790263526504467e-02
3.396120262163720982e-02,-3.393902747413071741e-02,-1.699680833788470499e-02
-4.929772697388007385e-02,1.007101013880054921e-02,-8.676505676239643430e-03
-2.835055475834848474e-02,1.851589344533827869e-02,3.838289418010786685e-02
6.435308757244025991e-03,3.818314272427383860e-02,-3.366518806467110742e-02
4.538191430317780987e-03,-4.572338808122641818e-02,-2.311632926944478042e-02
-2.095505718562736333e-03,1.020431885830788005e-02,-5.049705126604300126e-02
-3.512771405006775982e-02,2.179679736092512629e-02,3.102102844626937472e-02
1.037543849791765921e-02,5.043235751768013891e-02,5.760493896728521510e-03
1.375767354498730029e-03,2.955241431449959211e-02,4.268393458664472562e-02
-4.759922830267544758e-02,1.304952772470922839e-02,-1.655554133094850472e-02
1.482751281911095544e-02,-4.467259632106145711e-02,-2.252729225309253042e-02
-2.214969901697273064e-02,3.256248514001349598e-02,3.442337275845004652e-02
-2.695860034072973532e-02,4.482824839699977443e-02,-3.532554007793160464e-03
1.163837940229424384e-02,4.096727877586225225e-02,-3.078922799762599458e-02
-1.413982908684343308e-02,1.639562983860766779e-02,4.802009895442701376e-02
4.131568459232409091e-02,-3.256984304093946819e-02,-4.454401924018851211e-03
-1.646801154915755738e-02,-3.673449028418040996e-02,-3.435040709956937999e-02
-1.328130993702907048e-02,1.495526239302882171e-02,4.912705528511437936e-02
-1.411244469282700587e-02,-2.974600732613617848e-02,4.174317705883095336e-02
-4.204505925983983983e-02,2.717357776700000255e-02,-1.825518976167648730e-02
-2.831076588133119368e-02,2.793630422570799951e-02,-3.564371769381826510e-02
1.081399670161375080e-02,1.972465387988293906e-02,4.857346813892468584e-02
-1.902790886783883514e-02,-2.425497609268798677e-02,4.390901269435031062e-02
-4.896209786339803492e-03,-1.267906896839576282e-02,-5.202519700750826009e-02
-1.760605591159976335e-02,3.431495097128612476e-02,-3.764113735946487960e-02
2.646076952115044602e-03,-5.300363020722983348e-02,-1.004765373683666474e-02
4.307972572687320499e-03,3.478449299737302464e-02,-4.125318023501992060e-02
5.793122810882469186e-03,-9.270149051651861705e-03,-5.313997897561709843e-02
-4.189063886563478001e-02,1.058194374647149390e-02,3.300854634185324682e-02
-4.799103931635070180e-02,5.883676412567258145e-03,2.513223530281159454e-02
-1.934813899662446088e-02,-5.104822844388672703e-02,-1.462845347391915959e-03
-4.767825275542154906e-02,-2.537978088819413738e-02,8.837047422915670150e-03
-8.232050385922486113e-03,3.966337967039787471e-02,-3.698011045231362065e-02
-4.256647359358474089e-03,-5.406584387463225089e-02,8.960255998457747340e-03
-6.772823416984687962e-03,2.327768427198573242e-02,4.946560911751924500e-02
5.164177841289234461e-02,1.684096577574391643e-02,9.855448045076360339e-03
-1.466316319487256416e-02,2.046809405963686949e-04,5.334443725817335225e-02
-1.257877117165089043e-02,4.505081763513869852e-02,2.976477454036558640e-02
-2.418792064047202428e-02,-4.526839060480223470e-02,-2.127275508723940750e-02
-8.784085211640679444e-03,-5.353436547076018820e-02,-1.252194794369539989e-02
-3.829582805260867140e-02,4.016812197111571670e-02,5.737534381867527046e-03
-2.967095139055101610e-02,-4.394596216286811990e-02,1.773247475750517471e-02
3.972633782361299076e-02,1.356960397086596874e-02,3.710564550049389593e-02
-4.318860930496224576e-02,3.587256443737790040e-02,3.807182862241284332e-04
-3.546569795548902321e-04,4.937535811894804005e-02,2.696835382214009605e-02
4.347251194634351584e-02,3.236481017435623164e-02,-1.552776115680501792e-02
-4.487418035941438677e-02,3.167848495047458079e-02,1.320402799171450058e-02
-4.473537425607478080e-02,7.848433912245478955e-03,-3.379099438634238645e-02
-1.355092802095973770e-02,-4.947141628338600633e-02,2.422309001228490841e-02
-2.793818501082950476e-02,3.588069822262075770e-02,-3.410233919925027835e-02
-4.571518227781001115e-02,2.606178432031991746e-02,2.179395956752568433e-02
3.485501804459899267e-02,3.277399373146258621e-02,3.111597672139958248e-02
-1.697060317591465861e-02,-3.362441170385089412e-02,-4.303201182683524806e-02
-1.662153234918948078e-02,3.458136290136048369e-02,-4.256009405787188754e-02
-5.060720721108554615e-02,-2.136096683461105941e-02,-1.671177359257163680e-02
-2.348260262762703540e-02,2.428451591793051589e-02,-4.656881805380556211e-02
-1.978390417734789478e-02,2.525942353053059475e-02,-4.789103261987604637e-02
-2.247052261591633501e-02,-2.515112657343733515e-02,4.688988260390430235e-02
-5.438902024899096299e-02,1.851554398121605174e-02,6.953490612029490994e-03
-7.524092470214524889e-03,5.674601590383030608e-02,9.262980158187069865e-03
-7.992120205813538214e-03,-5.352135519303597572e-02,-2.114956407648053635e-02
-5.704111745699486785e-02,2.724334551906034026e-04,1.162513466421725289e-02
-4.354069748410636931e-02,-2.030466903629925615e-02,-3.307618015804162509e-02
8.058625238901741955e-03,5.672820724044510404e-02,-1.150126798912603880e-02
-4.342661873329150407e-02,3.522263121376793121e-02,-1.737856146276856723e-02
-1.607445216140854878e-03,-1.629708404562776533e-02,5.633431892714162170e-02
1.968070923678318790e-02,5.456882720907115653e-02,-9.479826571888635631e-03
-1.392668368502957173e-02,4.223507845605234401e-02,3.860602852265755669e-02
-2.103566017207630923e-02,4.094808807137587103e-02,3.690752934488718273e-02
-3.699866735743030655e-02,-2.137648548126673195e-02,4.085083427982703907e-02
-1.523662016435309340e-03,5.811491638458251424e-02,-1.132352930181180703e-02
-2.750670159847192278e-02,-6.905400684110953556e-03,-5.212322805968393202e-02
-5.400457096563313075e-02,1.365626377815926280e-02,2.077013469484855629e-02
-4.673776915041604613e-02,1.746356750089273630e-02,-3.253071482833842787e-02
-2.894757484980680154e-02,3.668602296097623477e-02,3.710900751795664920e-02
-1.376836599044435356e-03,2.779536580090156972e-02,5.291213484054301669e-02
-1.685610337790572136e-03,-5.959610817435778696e-02,-5.736452755493784243e-03
4.636889840093165460e-02,-3.307128280057786834e-02,1.889280205747364758e-02
-2.418654436769630475e-02,3.011923896559576957e-02,-4.606352043411832131e-02
-5.969634038221515587e-02,-1.333278970189162105e-03,-7.865294247695015645e-03
-5.775500237590851932e-02,1.687096498005581993e-02,4.507440170065977504e-03
-2.598833015021321038e-02,-4.391097456412397515e-02,3.240861004263635714e-02
5.178337036047731684e-02,-2.371080609734258979e-02,-2.057835909751936851e-02
-4.096493535474898806e-02,4.469142573014349418e-02,-2.246803734375105773e-03
-5.279881787913447838e-02,9.634735805444648651e-03,-2.851786201719221439e-02
-1.846288146490684262e-02,4.878923410281410522e-02,-3.139846621215814509e-02
5.659562509021510285e-02,5.293457269164222705e-03,2.212170554029183750e-02
-2.014191409293747057e-02,5.612824084046862810e-02,-1.333073132451534706e-02
3.859505208406083937e-02,-4.751098223460839542e-02,4.981273802054259634e-04
-7.140779587749310903e-03,5.825861285404855539e-02,1.775958052053869252e-02
-3.960421356644391877e-02,-5.520245287691596687e-04,4.695748442712061738e-02
2.725869244081840018e-02,-5.477825939124959798e-02,-6.592404060145923457e-03
5.394084538136600243e-02,-2.822769818353374274e-02,-9.700080606861297139e-03
2.888065903358254943e-02,-4.899531428838393987e-02,-2.406731876927168529e-02
-2.975706214653007012e-03,4.210370349843044202e-02,4.522895217760121434e-02
5.338237070728777886e-03,6.032295770930441725e-02,-1.316241327125748650e-02
2.223387274335215588e-02,-5.299736701897216767e-02,-2.347156937532521997e-02
-4.837828149867134941e-02,2.612833751212240260e-04,-3.907473176607378224e-02
-2.539232976231098338e-02,1.951732147036316575e-02,5.343267503452739375e-02
-3.098662354765495744e-02,-4.524170708376298172e-02,-2.978514568955124842e-02
-2.756967382583965648e-02,-1.109091476956234994e-02,5.499489095958995377e-02
-4.530728186412048830e-02,-2.383779962708471034e-02,-3.605473053217555374e-02
-3.920259969685026963e-02,1.360621852169626540e-03,4.894533038799013525e-02
-1.429273303334205325e-02,5.983545070245415570e-02,-1.277450487532433981e-02
-1.010266717614410892e-02,5.131812580346836045e-02,-3.500790245570679915e-02
-4.858529968989071246e-02,3.513145728489422415e-02,1.948942578608254053e-02
-1.147949876147119283e-02,-5.838760423037224478e-02,-2.114528516323958135e-02
-2.144816660417331843e-03,-4.885361363980995041e-03,6.303156733597690964e-02
-4.446493060191712698e-02,-4.368779567730046720e-03,-4.492956143367046740e-02
-5.560509190658915329e-02,-2.735194361488299183e-02,1.372106042949691046e-02
2.442833933775594851e-02,-5.717817080225629650e-02,-1.325450460203568374e-02
-4.170479976034348335e-02,-3.964390763587311017e-02,-2.728168456678025863e-02
-5.350323510362017115e-02,9.465575920723516903e-03,-3.341381024147201811e-02
-2.531516911322320013e-02,6.727297065446950081e-03,-5.827540578877859340e-02
-4.326914913173301319e-02,3.920138917752456070e-02,-2.620372981248730512e-02
-2.369972933095729900e-02,4.160619074580492599e-02,-4.261833274974261704e-02
-1.464426010653210007e-02,5.510019699794915793e-02,-2.953073720677397082e-02
-2.775566324759407705e-02,1.004964984774229554e-02,5.713720008406517753e-02
3.840962455639169992e-02,3.512793510042790807e-02,3.795058050271820499e-02
-4.512639530116671627e-02,-1.829443608134593072e-02,4.233120285796514864e-02
-5.923272950107819762e-02,1.041173052944212307e-02,-2.365554034934177000e-02
-3.845546664128628167e-02,5.195769900569040256e-02,-3.403005400124437668e-03
-2.939102723701499803e-02,5.657072114286993553e-02,1.180814399951739257e-02
8.046763589242999408e-04,-1.990267147316216942e-02,6.180823871937644182e-02
-4.291568634759402971e-03,-5.356760280994747603e-02,3.664194965953504468e-02
-4.998134583865115194e-02,2.042977706437621929e-02,3.644925413630863142e-02
-2.997574905333870096e-02,3.094161915533559862e-02,-4.900668352775339881e-02
-6.143590141957223222e-02,-2.219329285584270908e-02,-2.049955921271416365e-03
-6.427332177124067680e-02,-5.435008433749753632e-04,-1.238122144335408389e-02
5.173776460741515149e-02,2.775083421375256973e-02,-2.917679438766296665e-02
-3.556570919335375752e-02,-1.798685597658166227e-02,-5.218513864053599821e-02
-3.769197790750989513e-02,-1.868309314962863024e-02,-5.055237540027328336e-02
1.092637059868336105e-02,-4.261340606780704421e-02,-4.902604044890894464e-02
-4.116329583906514628e-02,-5.148230192759244150e-02,2.748892288674624745e-03
3.418036688459427652e-03,6.386423698849437447e-02,1.660244840793843879e-02
-2.346570979144183694e-02,-5.584253871203540692e-02,2.665532740097924583e-02
-3.308897746393391764e-02,-5.738537958316068666e-02,-2.268704493597045908e-03
-1.100734914611424704e-02,3.608774058675457558e-02,5.461869874449951784e-02
-9.107618817393066260e-04,-6.309131861143291164e-02,-2.095063788788181780e-02
3.998570111867332660e-02,-5.305175748527293095e-02,-4.529576245080494529e-03
4.183581928846519249e-02,3.435569203929948745e-02,3.894748987745060009e-02
-5.885011023709090655e-02,1.471390982975989865e-02,2.795032170252279360e-02
-5.503332560014106978e-02,1.992554587321747686e-02,3.238771826754413552e-02
-6.611407677302801045e-02,-9.709123848646385863e-03,-4.788434373339011882e-03
-2.159055050607529974e-02,-1.556166846588275844e-02,6.159190897137503673e-02
-4.011466541016193293e-02,-9.916511803749679041e-03,-5.299032807562189390e-02
-1.060619023844982037e-02,1.136471389100572257e-02,-6.547880493083256537e-02
-1.920811492665841849e-02,-1.865002198028442582e-02,-6.185446368814165319e-02
9.349979235324164251e-03,-4.162819342812451584e-02,-5.230730111444772956e-02
2.000223590663062836e-02,5.911716232579103392e-02,-2.598251167752266624e-02
-3.314238558511946320e-02,5.690115660005017062e-02,1.573220012418760985e-02
-3.907754499829662470e-02,6.849558041184059150e-03,-5.498488886056472624e-02
-5.402742396317138790e-02,2.199325770942789013e-02,3.476053158064117132e-02
-4.307218793329497392e-02,4.075290414950661494e-02,3.329571381311691863e-02
-6.412116785055925472e-02,-1.455052829191956845e-02,1.774927625940154671e-02
-3.152590043146762805e-02,6.008897832844652120e-02,-6.883113531317326672e-03
2.934643939350053271e-02,4.743856182401442328e-02,3.942062110628231225e-02
-3.403797730736484589e-02,2.649134028123926836e-03,-5.927638254942554225e-02
1.341672551711316219e-02,-5.468953474368046241e-02,3.901305334116524082e-02
-6.382104750159703355e-02,-5.872890986310864980e-03,2.447530542037572657e-02
-6.544714942641844009e-03,-6.838506902691912637e-02,9.983494703013475000e-04
-6.914632994343883690e-03,-7.251481575947431400e-04,6.845220528499443291e-02
-8.771529716689398931e-03,-5.365550335400649101e-02,-4.233070868314835200e-02
-1.346346629017768082e-02,-5.717766908412310473e-02,-3.620628760835097742e-02
5.879715441422554006e-02,-3.630296869452358244e-02,3.801358413412168338e-04
-5.443076124951345268e-02,-1.018911244942635134e-03,4.272146036798848273e-02
-5.511431260117492098e-02,8.091726956451271088e-03,-4.122528640328840255e-02
-5.951265062163443864e-02,3.545481712823630310e-02,4.184605031863639427e-03
-3.521958083126466854e-02,-3.250658292968522378e-02,5.032834148741403835e-02
4.452278332583953051e-03,-6.421562629693809698e-02,2.646322404681438617e-02
3.652459003517152802e-02,-4.383920637769414541e-02,-4.001983135879097486e-02
-4.248828515175854387e-02,3.131079400909282662e-02,4.566870391384870304e-02
1.266690034269413005e-02,6.562967418244253226e-02,-2.042776219425287976e-02
-8.051152618248416659e-03,-6.291944295552611734e-03,-6.924117306760460555e-02
-1.618354979353836889e-02,1.865346426442242300e-02,6.559456340446247202e-02
2.850620541625731308e-02,6.126214413274786580e-02,1.898980650895275984e-02
-1.730371486790199809e-02,6.112346699437336273e-02,3.007549404928047676e-02
-4.565650776180237708e-02,-4.006054222555520232e-03,-5.341570058900328710e-02
-5.889762173824265173e-02,-2.274304160169172279e-02,-3.132733597380395196e-02
3.283412687806069180e-02,-6.186766066574717754e-02,-8.698853432579039743e-03
-6.413158952364293730e-02,2.946097320458425026e-02,3.785751410125995624e-03
2.137481095192611188e-02,-4.043379904290844706e-02,5.401070102887527147e-02
-1.406228211690229921e-02,-2.780826044391297713e-02,-6.365278742623392549e-02
-3.130995344005876174e-02,-6.365197793765073331e-02,-2.153012994813598840e-03
3.950324877842592564e-02,3.487077480291937009e-02,4.768488466992520242e-02
3.199595451866303619e-02,-5.726621536781888178e-02,-2.758573052563371986e-02
-4.505126948184887820e-02,3.619375418396940380e-02,4.169341820115415181e-02
-7.877512202750066445e-03,5.343763301535812277e-02,-4.662753529838631339e-02
3.182190201672975560e-02,5.273095427669928503e-02,3.622702142593778318e-02
3.201083921848906638e-02,6.338621390647192211e-02,8.769533308613432915e-03
-6.565387971793246180e-02,2.580824193973432074e-02,1.251974556630514046e-02
-2.564901147245120944e-02,1.064951590216157984e-02,-6.614977889859184612e-02
-6.194478238092838290e-02,2.716787190827497922e-02,-2.420057371431896115e-02
-3.363990190240746109e-02,-4.910135545376042437e-02,-4.040019830517475180e-02
3.939028259907913915e-02,-6.008226648096964134e-02,-5.209403717696937074e-03
2.630974194933578120e-02,6.713224689642652288e-02,1.877354637966887349e-03
-2.420785900918104305e-02,-4.740231130842620724e-03,-6.788102536146994881e-02
-3.383805521590584238e-03,4.279192537515350003e-02,-5.820298994145904625e-02
1.806797554965614006e-02,-6.638934761873827028e-02,-2.258446258575478455e-02
-2.465787773420651668e-02,1.527588573653508065e-02,6.645723327303572348e-02
8.210255021685524540e-03,1.252623142203852097e-02,7.104568811669097206e-02
-5.406885808616269939e-02,3.711433279689133058e-02,-3.138106535943575859e-02
-2.438363963154093188e-03,7.233885329961763089e-02,7.792105307455577182e-03
-4.909200387836986507e-02,-1.611539067759473406e-02,-5.141724098104141771e-02
-7.207105130768543672e-03,-7.126695531425791819e-02,1.401560124098882344e-02
-5.679478777431399422e-02,-1.530138964171392883e-02,4.337600848175698909e-02
-1.211434493093197298e-02,4.642713407593276193e-02,5.525329924805667814e-02
5.249233045247308355e-02,4.177488906376679301e-02,2.947008923227278573e-02
-1.310261962919455521e-02,-6.248684035803797610e-02,3.614833095190558843e-02
1.092853086938458916e-02,-6.055775563873853906e-02,-4.012766510725680053e-02
-1.614536460780041302e-02,-6.801399536544315561e-02,2.289651329262831769e-02
3.063740579343954967e-02,1.795294701168153456e-02,-6.452747646921484781e-02
-5.819524288172472394e-03,1.223593127444563833e-02,7.249207928312055571e-02
-1.193636647497526605e-02,5.895771844357336477e-02,-4.282678366001969189e-02
-2.517029988784159206e-02,-5.809732448558953613e-03,-6.927674133752947938e-02
-7.138161529946222827e-02,1.325444981084900054e-02,1.447389018913355051e-02
-1.453764462829745807e-02,4.729335762238225105e-02,-5.519469603438198479e-02
-4.417257175644827283e-02,-4.649956142977999807e-02,-3.734954904195882108e-02
1.522122063451022619e-02,-5.575434046336340960e-02,4.671338981518736305e-02
-6.077425226013961901e-02,-4.047301712118684530e-02,-1.430949980272269370e-02
-6.250120093806874055e-02,-4.052107109430039267e-02,-1.395537616114168444e-03
-4.715542942174744817e-02,3.475796200410691955e-02,-4.617929143454164997e-02
-4.842646039687481530e-02,-1.868359538130206013e-02,5.370340883147402267e-02
-5.578697054063578437e-02,6.785875197471341602e-03,-4.933561094981739337e-02
-6.630405955386696470e-02,3.320410041498374903e-02,1.036738774157967488e-02
2.078963435041443833e-02,-5.135222348264838893e-02,5.050696678251585109e-02
1.363282713681180161e-02,4.348465423006133562e-02,5.964427777770937161e-02
-2.567338846527383867e-02,-6.296810671581264118e-02,-3.200161356344892460e-02
-6.718030852751649511e-03,-6.477621525228266508e-02,3.769778361764908325e-02
-2.792448487619094213e-02,6.833348034565432660e-02,1.506586890619478723e-02
-4.682742613444487029e-02,1.896142864733169064e-02,-5.601688735157055177e-02
2.742363833056657776e-03,7.041851908384683112e-02,-2.716549724034479987e-02
-7.029863444223953539e-02,5.495943284392118024e-03,2.731614419287826945e-02
-5.865708265983646252e-02,-4.143542448232831465e-02,2.397403430611162040e-02
1.470256190395522085e-02,5.574407594328290028e-02,4.922159481043184015e-02
5.437236413060124451e-02,-5.265462625934345942e-02,-5.612909179109436611e-03
5.157130502371218284e-02,5.568814869303445603e-02,-3.693187564968296224e-03
-3.400889484260562895e-02,4.263953971562782497e-02,-5.304449062380307833e-02
-5.194133936028621362e-02,-2.619307906257978616e-02,4.917847329635616216e-02
-4.400055701786750872e-02,-1.703672968038853069e-02,-5.991875433159003089e-02
3.820299731647085195e-02,-3.886621427321408639e-02,5.348422245458000351e-02
-3.071325890684557455e-02,-5.807882374079362947e-02,3.909248548561784081e-02
5.751802365490663038e-02,-2.891226030391231411e-02,-4.140653856154969531e-02
-7.031807759581745754e-02,-2.881791829534605803e-02,9.884851860216549088e-03
1.338166509752537585e-02,-4.400806527149201536e-02,6.140937534075093657e-02
4.709068053666984333e-02,-3.128076037781488128e-02,-5.200915915603679385e-02
-6.497781970887514524e-02,-1.129995427864220227e-02,3.956323127640314075e-02
-2.410638090030014016e-02,5.207502156217035105e-02,-5.134412125748875205e-02
-4.274888148035884544e-02,4.694614140926970519e-02,4.372448513580973889e-02
2.112978120718257691e-02,6.589547249191470002e-02,-3.418558915596949660e-02
-5.113033977320172174e-02,-3.990034682992125992e-02,-4.201296179120728863e-02
-7.234049103880298148e-02,-1.095478581412239610e-02,2.514738054778407894e-02
-6.108977590216280867e-02,-2.500768681038595745e-02,-4.052543640014504012e-02
-3.648193578020880040e-02,-2.011309225924657468e-02,-6.540874256282322441e-02
-5.571024006864661038e-02,-4.477935077880552429e-03,5.389071118174282998e-02
-2.008537992841166395e-02,5.843229903645344447e-02,-4.716206150894797222e-02
-6.295141272513968614e-03,-2.679243726359457206e-02,-7.279204141506467884e-02
-3.742392247679275836e-04,-3.627751618351887641e-02,-6.894983669567721074e-02
-5.744218587741588278e-02,-2.640354784761374946e-02,-4.569095736465061258e-02
-1.863307019411774776e-02,-2.573895680084288540e-02,7.133633379166920419e-02
-2.615838431302972694e-02,3.843493562184389922e-02,-6.285856397237384041e-02
-1.525916506619819091e-02,7.634120696211106616e-02,-8.126067729899046424e-03
1.553714123952271500e-02,-4.581371488775580481e-02,6.164990542199043355e-02
-4.200127432074605288e-02,-6.579601648843810824e-02,7.870630038681197121e-03
-5.795231282840336562e-02,-2.833548116479244622e-02,-4.481030704642770257e-02
-6.347697942348458355e-02,-1.199927141546254690e-02,4.483517225782684967e-02
-4.705181450627595602e-02,-5.876483700921359549e-02,-2.303248965498471204e-02
-5.709560098234851139e-02,4.199140470226880167e-02,-3.447704009643350054e-02
-5.359292802292252994e-02,2.525247538001610184e-02,5.211663810473404768e-02
-1.543864958180908575e-02,-4.436523689476260662e-02,6.351057874122398306e-02
-7.562783794160515827e-02,1.316442523955804224e-02,-1.901414310035972124e-02
1.752773462864714985e-05,-5.837671534869361828e-02,5.348610199645600222e-02
-7.761372619493642211e-02,-1.583032216944354337e-02,-2.883321683953034720e-03
-2.208381133128927559e-02,7.612940995692037138e-02,-3.691201567069929499e-03
-4.348917911516921725e-02,3.440682333857566361e-02,-5.688652051542267968e-02
-2.108413829892691674e-02,6.931397555029110424e-02,-3.280941895349026582e-02
-3.648813077386449388e-02,-5.188370504339219480e-02,4.812836851421817275e-02
-7.347753748287785824e-02,2.357652819200704245e-03,-3.081162615980325217e-02
-6.541511649901397829e-02,-1.010907220481960765e-02,-4.457305665333612804e-02
-6.319713676586527495e-02,-4.211230961086075836e-02,-2.479904961579514761e-02
-6.338958008154918500e-02,-4.725683443728759259e-02,-1.204589179722692638e-02
-4.831988210713431681e-02,2.579241149974233899e-02,5.840145251927656572e-02
-6.320794008081129234e-02,-4.168203279527623456e-02,-2.631341320527707736e-02
-4.840572613946151487e-02,6.252980675442111613e-02,1.364502518763665781e-02
-5.942052949330090678e-02,4.747531051895279453e-04,-5.406019453822454718e-02
-1.159220946160396427e-02,3.180350783707651396e-02,-7.295164227042301441e-02
-2.026091587482977893e-02,7.709100937463643499e-02,-1.133647120866044557e-02
-2.883336211889379538e-02,-1.951607240125853224e-02,-7.269159435331963570e-02
-4.209666556283078037e-02,6.127516621475413705e-02,-3.136560453475072813e-02
-5.031561865804258515e-02,7.651672330771566374e-03,-6.272670030565687116e-02
1.522378349060068449e-02,7.405031983506740745e-02,-2.870386751977056089e-02
-7.306690493483310178e-02,-3.452039849740566602e-02,-4.793329918360925319e-03
-7.028948673518620183e-02,3.268180513350828903e-02,-2.364275846967293232e-02
-4.155403203818329450e-02,5.432510932644413898e-02,4.363515947739460971e-02
-6.617713128594313043e-02,-4.209511998087907270e-02,2.109180515273833406e-02
2.155266828011945940e-02,-7.479069088279065303e-02,2.350339649099194086e-02
-4.666611288823103304e-02,4.220323337656142065e-02,5.163369090843211023e-02
-2.612189423977574407e-02,5.715846966975303423e-02,5.186270393734487838e-02
2.449539094744488527e-02,6.111636632687041798e-02,-4.814831814359894074e-02
-2.961934891464175143e-02,-5.660221644992463608e-02,5.085955509437076194e-02
3.917374269838991806e-03,-6.485504949214865311e-02,4.960450573548066261e-02
-8.845227062000962301e-03,-5.611546495790612800e-03,8.115865398151782262e-02
-5.010816948579923519e-02,-5.851751889698630915e-02,-2.785056547536138641e-02
-3.376379647640481707e-02,5.296980519531183096e-02,5.271927177845131540e-02
-6.272193322695709949e-02,3.713052370837704313e-02,3.777215806216596000e-02
6.267590737486197772e-02,4.738108307088833432e-02,-2.409475738101316683e-02
-6.068204353980605897e-02,5.173089766949451329e-02,-2.024210808442674508e-02
-1.651772642030362517e-02,-6.710295661116612298e-02,-4.479784243208935479e-02
2.026585651619002004e-02,-1.456375045640036746e-02,-7.857502682246644832e-02
-8.205840739919649518e-02,-3.442013623077323087e-03,8.109929205775604985e-03
2.766695949224178691e-02,-6.237564618925247467e-02,4.657662130530407230e-02
7.209120659611420456e-03,2.922199629350949110e-02,-7.703267700723138989e-02
-1.491752891914045059e-02,7.540800084087025124e-02,3.074738429781148294e-02
6.928329959483518763e-02,4.541769212019149127e-02,-2.394507614764117796e-03
3.343572343245938827e-02,-7.509596358149308280e-03,-7.555602900665395194e-02
-2.550414448098144854e-02,-3.891952234347958312e-02,6.879133951595396701e-02
6.802161730425071440e-02,3.870860479847140073e-02,-2.804514696478663596e-02
5.493780807544644540e-02,-4.018283076210413945e-02,4.788942001236363294e-02
-6.161895667708845031e-02,-4.910507528385573556e-02,-2.706309741032586827e-02
-1.870741847356008000e-02,3.861371943836090781e-02,7.151244305689408165e-02
-5.468687591791205303e-03,-8.255635166209292219e-02,-1.113387938054601588e-02
-3.057380016660252858e-02,6.892357705216670127e-02,3.603627978233871904e-02
1.881399077886912463e-02,6.248892540409321794e-02,5.233938340827776897e-02
2.737964469297689968e-03,-6.904478662120801247e-02,4.730730863002474001e-02
-5.091623509798696295e-02,-5.830981000532850511e-02,-3.216496988232599163e-02
-6.225563625205500495e-02,1.696945740470667124e-02,5.364495917835800098e-02
-8.126815408664429807e-02,1.223929248485820624e-02,1.736735373288251366e-02
1.435279521850430992e-02,8.032153377626761667e-03,8.246123160225170279e-02
1.743565543467779505e-02,7.066863897766989533e-02,4.226999725065944125e-02
-7.277625260071243773e-02,-1.890406806759567168e-02,3.801982572586636022e-02
-4.113624157033613296e-03,-4.732666772474642541e-02,6.969193148643686164e-02
4.568220548917696459e-03,-9.116099972967240533e-03,-8.381038438051167938e-02
-2.842206166238504111e-02,-3.319648012612747695e-02,-7.233801022141879422e-02
7.119899171514299137e-03,7.064485883718364667e-02,-4.599649812506952096e-02
-4.571022856519765115e-02,-6.703098705267085400e-02,-2.426834945884114372e-02
-5.014954057059801962e-02,1.170604513791155717e-02,6.733491310848427336e-02
-1.809243014171250247e-02,2.621659116119200855e-02,7.865001566950573231e-02
-7.027757206144270852e-02,4.100802677474108676e-02,-2.437932437258122365e-02
-5.699000752818417920e-02,-5.179126654863695084e-02,3.604485440510189070e-02
-4.955425597337593385e-02,-6.330567965292878407e-02,-2.794063845144696343e-02
4.999646963219415291e-02,-2.781656311201136100e-02,-6.312680288668083561e-02
-5.332747815201401009e-02,1.041985912058291525e-02,-6.573051533188806195e-02
-2.279865566933493917e-02,-1.510864069329268325e-02,8.086619530826451296e-02
4.952311709993424682e-02,-2.099435543755249350e-02,6.639722117410579161e-02
-4.025353754698645509e-02,3.658049862903619415e-02,6.601452659039608317e-02
-5.426185009701109396e-02,6.613170027200504508e-02,-3.627370198665360191e-03
-3.867123914030835136e-02,5.696977075597254442e-02,-5.103334456289193577e-02
-4.826725655043104940e-02,-6.386000217158817327e-02,-3.085631364342601365e-02
5.032561162445647884e-02,-6.662689379801151057e-02,2.006618466024958497e-02
-4.327843361323815280e-02,7.255280710595281290e-02,1.587625860172547226e-02
-5.058123449574042363e-02,4.911441694576355876e-02,-4.932374314646489205e-02
6.108301485042469392e-02,-3.913082685359459134e-02,4.642948997359565289e-02
-2.380663013667376135e-02,-2.154705655772385167e-02,-8.000975616386531153e-02
-1.398232966164623427e-02,-7.884094650683382000e-02,-3.218283330661890485e-02
-8.164568929887543181e-02,4.647560540534066524e-03,-2.782200155286986692e-02
2.958306558569103947e-02,2.971180423314873781e-02,7.561933828503718258e-02
-8.898795792520544992e-03,-4.543670054391555496e-02,-7.312391191500125509e-02
-4.988428178710070660e-02,-5.995041907651967733e-02,3.772073787242830739e-02
-3.314917484795038005e-02,7.747273927902740588e-03,-7.975602814209771518e-02
6.755512552598988418e-02,-3.574347792635024917e-02,-4.114837366356718235e-02
-8.008981248902430350e-02,2.462636997512584330e-02,2.298294017908519490e-02
-1.304891944339768399e-02,-6.958513700361226850e-02,5.051002640493250373e-02
1.044531396961406733e-02,-6.382091278720132543e-02,-5.827516414339326684e-02
1.871862290550961941e-02,6.856437112648754162e-02,5.041163615711084789e-02
3.198566187988695700e-03,3.862481006301834302e-02,7.813625235186627549e-02
-4.388829637025534226e-03,-4.342546099671003301e-03,8.708532419860919027e-02
-8.503190769188551101e-02,-1.633008091634001804e-02,1.180989145950152482e-02
2.682160839252004797e-02,5.165498671348266874e-02,-6.529574523099800076e-02
-5.056429126152494138e-03,-7.004427880015944019e-02,5.228773362810487657e-02
4.718394381303186308e-02,6.213340280960689965e-03,-7.358977423507827298e-02
-2.739314564710380092e-03,-1.219742527662597269e-04,8.767827295175827096e-02
8.029163039840533922e-02,3.553430167175648108e-02,-4.275041748864706940e-04
-4.842266482643556996e-02,4.319653313952474122e-02,5.927513663245136816e-02
-7.602933224674842186e-03,7.128107957927715121e-02,-5.099083311422176329e-02
-7.933155064001883028e-02,1.211231828581795997e-02,-3.623932149186586543e-02
2.332214536008483247e-02,7.481299593476424536e-02,-4.033880069838696042e-02
-1.781407388407788353e-02,-8.335539769845962121e-02,2.274422536206150564e-02
1.792065469800664321e-02,8.645670747933371925e-02,-1.221664820828767062e-03
-6.463903702067430590e-02,-5.740669069092662474e-02,1.839341554201731621e-02
6.296943136874599833e-02,2.556669083330272846e-02,-5.663829022461278756e-02
-7.798434897627654072e-02,-4.117636768462960145e-02,-8.018923844756227493e-03
-3.144178269555285982e-02,-5.717808877335506766e-03,8.267245306799081428e-02
8.663777917412423049e-03,-8.713600740777160958e-02,1.424537106712855765e-02
-7.959301045362435212e-02,1.339067905789533691e-02,-3.702680023490141636e-02
-6.260707419277776464e-02,-5.519952193192641937e-02,-3.055126256664396356e-02
-5.596640362790332446e-02,3.277579020053069531e-02,-6.089496104346681787e-02
6.476098963973138389e-02,-6.042727471877460538e-02,9.161020099146056569e-03
-5.608583235180382431e-02,6.247596272218314262e-02,2.991958803919877660e-02
-4.732281940677713489e-02,-1.856613171523101985e-02,-7.331155778809127221e-02
-8.539355508335497169e-02,1.630989402818908487e-02,-2.038023243455860944e-02
6.896193682937910852e-02,-4.683935705680376121e-02,3.222493545172782498e-02
-6.241668422957539347e-02,3.151022236704008328e-02,-5.580396737069975854e-02
-3.192002734781940188e-02,3.630430546151487779e-03,-8.357903290780632766e-02
6.085285112573725341e-02,4.745387403589700070e-02,4.557729659453729765e-02
-2.116967517263787166e-02,-8.695627392850130422e-02,6.114925008594848145e-03
5.873588786422443558e-02,-4.754012239920564487e-02,4.849421175846257287e-02
-2.692933576962787401e-02,1.577114792859932169e-02,8.427607769658645998e-02
4.458983453376390294e-02,-5.934500692588531162e-02,5.080369396030166851e-02
-1.533896583965464397e-02,8.690458733585787465e-02,-1.783633808011544919e-02
-3.400520088258361662e-02,-2.036272549442864899e-02,-8.092937203510548738e-02
-2.327067392338505111e-02,7.423604708488022730e-02,-4.563745993606831142e-02
-3.032845497422645073e-02,4.289371871743594133e-02,-7.341897654970983012e-02
3.073958766651031186e-03,-8.910290251072981726e-02,-1.469691665152094220e-02
-7.497733959554363226e-02,-5.057395929892890413e-02,4.437409210548818087e-04
-3.024493708263077674e-02,5.069654529191747888e-02,6.862491788246047331e-02
-2.979252559877610187e-02,5.220414179192020554e-02,-6.779501065472376409e-02
-6.395094438781852297e-02,5.592022955065303891e-02,3.173318005741596753e-02
-1.806430245552567010e-02,-8.413262670965429568e-02,-2.887795305205147905e-02
-1.435403070628111372e-02,8.876221060504417559e-02,-1.298281159867369083e-02
1.200447019481443341e-02,7.277697090336716912e-02,5.317422985379945816e-02
-2.432468077009817056e-02,-2.472081081259071278e-02,8.414309921968587958e-02
-8.694169054184633372e-02,1.160755551923039683e-02,2.457756132765577875e-02
4.912924586977258923e-02,-6.835774317181186888e-02,3.501384766066132498e-02
-6.142399437392290218e-02,2.934693227066077683e-03,-6.742182192963526444e-02
-7.099584267743251631e-02,-5.732572316116318900e-02,3.919818677715239223e-03
-7.599072685301136443e-02,2.193947985036307370e-04,5.081505972427252660e-02
-2.560108099751520760e-02,-5.147020823605504697e-02,-7.118294239142072821e-02
-4.768887935705898480e-03,-8.889112885336378223e-02,-2.149506949280946891e-02
-2.464355573250022122e-02,3.203921328866837781e-02,-8.226424077996236095e-02
-6.546296114799864119e-02,-5.746193901256464731e-02,2.878817727053558165e-02
-5.782798800463877231e-02,6.887145975149566723e-02,1.853362140122933460e-02
-4.691874608749954656e-02,-7.862099959220207601e-02,7.939687086030535954e-03
-4.653042611625144570e-02,6.209434610056231707e-02,4.939336243054880810e-02
2.976139257580447464e-02,7.066149052830526800e-02,-5.095620075891065665e-02
-6.545543284130014849e-02,6.296688198917725632e-02,-1.552130398884182805e-02
-4.213416816342814564e-02,-7.608565813215778517e-02,-3.067040486003804259e-02
-8.521497638672539954e-02,-3.543034788548232034e-02,1.710858819739525605e-03
-3.748395953955082315e-03,-8.623667750133301446e-02,-3.292199957255425441e-02
-7.243291248865803278e-02,-4.512076119306152044e-02,3.559650746828734585e-02
-1.739295486742600816e-02,7.964745067216306984e-02,4.379659808130752924e-02
-7.190308775236925465e-02,4.735055688461204879e-03,-5.819582781509512887e-02
-5.867844353712408506e-02,-2.490734837600361651e-05,-7.176996927973658402e-02
-6.894323949626718351e-02,5.038459750752917465e-02,3.629290862261359135e-02
-7.652199598830283778e-02,3.098725359071751936e-02,4.252053007527412110e-02
-4.817569324507229959e-03,-8.793002746193812058e-02,-2.972867899963244076e-02
-6.359572929751523829e-02,3.661651962590194154e-02,5.716976748058796159e-02
-6.364922013184087790e-02,-5.934564795356701838e-02,-3.309561195195457467e-02
-3.853034114084202127e-02,-8.236905324020635244e-02,2.034906188976496472e-02
-4.037994232286164220e-02,8.369566866234973146e-02,-7.919342354695558736e-03
-8.550524292510257307e-02,6.990494976311233122e-03,3.678449349423165010e-02
-1.015250883275776832e-02,-8.623413197136983732e-02,-3.447621031280152792e-02
-5.300124569652798698e-03,8.297422066007728580e-02,4.277961328324821066e-02
-7.170202032672921832e-02,5.977506863098602796e-02,6.600972652365974698e-03
1.684519920572817922e-02,-9.120041066880968383e-02,-1.309364656956604755e-02
-1.057607221297005885e-02,-7.147220852370783639e-02,-5.972855833966697614e-02
2.057883223761595645e-02,-6.206635287869551043e-02,-6.728168964984625189e-02
-7.516020570478483542e-02,5.525617407900364902e-02,1.073149348244521045e-02
-3.164911458206934314e-02,8.660271603437040555e-02,-1.818496112156281139e-02
5.544596656223155402e-03,-9.016029745647252680e-02,-2.622395098656142565e-02
-2.914531752044539903e-02,5.364269157516900893e-02,7.166073272207335032e-02
1.531169256732573154e-02,-6.974813186539187415e-02,6.146490064684714122e-02
-8.690252873932448330e-02,3.075875140732943144e-02,1.984875516686307809e-02
-8.544788880493833783e-02,1.974678578940308130e-03,4.002280831916894821e-02
-7.745555918653081184e-02,1.100389989087350098e-02,-5.292980867684753121e-02
4.441747154211388854e-02,4.870620917909409403e-02,6.776251677341843527e-02
2.885101092084258606e-02,-8.938966706849924004e-02,-1.135901121616640641e-02
-4.238836579795408205e-02,1.880005211065287687e-02,-8.256308834907082062e-02
-1.501143517683877805e-02,1.054564396568455700e-02,9.298004472735311998e-02
-4.426211864596964890e-02,-8.236454435961067244e-02,-1.592971567358199628e-02
2.505574592234247749e-02,6.201924599245888653e-02,6.736172913748843250e-02
-2.994868105441017558e-02,2.490561195861111868e-02,-8.665761564790727678e-02
2.248043013331296747e-02,-2.920911574125565832e-02,8.765381816570955165e-02
4.375977694178085492e-02,8.445165009434324466e-02,-3.117269660260009630e-03
-5.373602944525105590e-02,-7.213127634397435706e-02,-3.132445273840464561e-02
2.704755191850848235e-03,6.449395559998283289e-02,-7.014205382805092925e-02
-9.457350327336988549e-02,-8.142569837067719501e-03,-9.551919154463083678e-03
9.775347658969030587e-03,8.698514333215648375e-02,-3.814071083043947541e-02
-6.735343468636787768e-03,8.751376215804519687e-02,3.778446738438222263e-02
3.290649450918094188e-02,-8.967525659499094026e-02,4.712361202183440109e-03
-3.780853098995531208e-02,3.468703742618942099e-02,8.080241080288658173e-02
-4.365836069744793296e-02,-4.411453262818925553e-02,-7.296968665839630164e-02
-1.838033057296687214e-02,-6.547720545888720267e-02,6.757689587466804426e-02
4.388339855993556721e-02,4.512612506741133650e-02,-7.241988670719505528e-02
-8.442670014601774686e-02,3.864870561063608184e-02,-2.449888563154956414e-02
-4.199254775528575567e-02,-7.578655048687065778e-03,-8.611622897297502299e-02
-2.692624457536698171e-02,2.954475612495519390e-02,-8.748676294576387957e-02
4.197996189768099518e-02,7.613772484751148151e-02,4.132331377500163966e-02
-9.504666164163315389e-02,-7.454776681787505556e-03,1.387394434567617608e-02
-6.819014484967244293e-03,7.606009982635240918e-02,5.886710431801101678e-02
-2.455559366504241406e-02,-1.621516667849452406e-02,-9.190274379288793094e-02
-8.515889556332924618e-03,-4.027018752792634049e-02,-8.736628499716520002e-02
2.190897612800742772e-02,-7.824088198828069163e-02,-5.234972646494897436e-02
4.621017181097789028e-02,2.290755891292331828e-02,8.183555134685790988e-02
-5.216407686121758702e-02,-6.555907512780705104e-02,-4.850954372155408950e-02
-8.821721688989342391e-02,3.415296592803583609e-02,-2.094338878450658498e-02
1.112695063562442639e-02,-9.547572907683347931e-02,-1.276622429818802772e-02
-6.875396645287905339e-02,-7.757502565965761557e-03,-6.804550187138430628e-02
-2.137963704754717795e-02,7.471669702311052423e-03,-9.444385906701405209e-02
-1.351152101818962545e-02,-5.436822100768468058e-02,-7.943032829202553713e-02
-1.957902756195504732e-02,1.784468753367734681e-02,-9.359999602178667444e-02
-2.354479771554108397e-03,3.099367377189183453e-02,9.225871879058071545e-02
-6.116441554495063992e-02,7.153722296020556537e-02,-2.518448111342566978e-02
3.223995849488624221e-02,-9.122966762417808462e-02,-1.207275845259346558e-02
-4.393862629073781029e-03,8.761023800849393472e-03,9.709305346053191677e-02
-8.440807750516721164e-02,4.115492856274031302e-02,2.682868127092670821e-02
8.452633073258392082e-02,-4.842289481520856836e-02,7.991489067019429127e-03
-8.561143533859509602e-02,-2.248524566707335928e-02,4.163595357724572676e-02
1.595587797505072791e-02,9.253328818635654651e-02,-2.768712623688495897e-02
-6.237745314910058542e-02,7.549794191872610805e-02,-2.795250088922740257e-03
-6.776904511844163669e-03,-5.241322798235351077e-02,8.258785259058418204e-02
-8.895415522078055359e-02,1.209741106185608511e-02,-3.962030108568296433e-02
-2.919351311541893909e-02,8.333812164007901868e-02,4.297195260416707824e-02
-8.045370903022221187e-02,-9.897043361399314454e-03,5.557409399267248390e-02
-2.901854495557487645e-02,9.233285700437575405e-02,1.751974275713288204e-02
2.220018634362059661e-03,-2.857790762511443899e-02,9.416950028768185377e-02
-3.748408872158096039e-02,-3.471288937591468504e-02,-8.422961889411265113e-02
4.550377502910844807e-02,-8.284218265574008755e-02,2.804289043544970494e-02
-3.817605726845777619e-02,-1.853630073628198538e-02,-8.907287349724501979e-02
5.221467874299599854e-02,-5.655768047922236745e-03,-8.361688437133114882e-02
-3.912476536015294104e-02,-5.797778291418876490e-02,6.980787271689498086e-02
-3.329463862511262279e-02,9.199137025063038042e-02,-1.447530023964858047e-02
-8.423110556914258085e-02,-5.137249141549181386e-02,7.851186572143233414e-03
-3.703800379505096940e-02,-4.776580015074850111e-02,7.846938508995381090e-02
-6.336358693305937928e-02,-7.499754473528005838e-02,-1.365412977324258897e-02
-5.089068372612823819e-03,3.716631553345155214e-02,9.183660841142211873e-02
-7.838576241485663287e-02,-5.919245639885377386e-02,1.443296791802978034e-02
7.306754341588233767e-03,9.294106338632543429e-02,-3.435328207993455091e-02
5.482444343018333735e-03,4.797094221380281825e-02,-8.692241296854424926e-02
-7.661576467343644836e-02,3.092933921651911874e-02,-5.545606494189910668e-02
-3.362132736843841119e-02,1.175080889599683376e-02,9.299840483436772054e-02
2.894388728625955226e-02,-8.211506943832948269e-02,-4.849488337088012774e-02
-9.388370323024318453e-02,9.032651415058118999e-03,-3.243240042238442616e-02
6.776931666217213485e-04,9.400555809462979306e-02,-3.354563821223575243e-02
-3.501288832157178205e-02,-9.328682479504867009e-02,7.049787713905778311e-03
-5.005300245597888581e-02,-8.617479233161694230e-02,7.865089475171942179e-03
-9.398244303075421746e-02,-1.185394044938493582e-02,-3.217559203853692651e-02
-8.486196507095429553e-02,-2.134139091885264156e-02,-4.864881628036112765e-02
-2.760848339449677863e-02,9.230169571440559328e-02,2.751579136382972454e-02
8.978110791083295308e-03,-3.736098808212712924e-02,9.261608637571505653e-02
-5.641607292728274825e-02,-6.340831314568164123e-02,-5.353545211668785109e-02
-9.661197221083839271e-02,7.755697587781039751e-03,-2.628030302471159527e-02
-7.904159764467146021e-02,2.889344885894881351e-02,-5.493198116101712797e-02
7.268451243530432704e-02,-6.779618747582073779e-02,1.535645933369034211e-02
-9.479942221002836400e-02,-3.206550258865328157e-02,-1.073838502437526529e-02
1.997750184455127087e-02,-7.048503761620032726e-02,-6.912641063588778612e-02
-7.959901349016841599e-02,3.981795522838898690e-04,-6.184501292859131971e-02
6.349929036444662556e-02,3.511447646337847311e-02,7.007888739165120395e-02
1.329650393424017599e-02,-4.116697548028694364e-02,9.121399548624589682e-02
-1.087444974789173076e-02,5.515942510382917940e-02,-8.394027918071685079e-02
-5.947547165293436133e-02,7.985992314377118872e-02,-1.752506640052589604e-02
-6.258646470127873784e-02,-7.910489586832521181e-02,-7.918448893860749113e-03
-4.069877975554458960e-02,-2.015344738937520364e-02,-9.049910551375556222e-02
-3.426137077383762525e-02,-1.149782849401763396e-02,9.466726520188892269e-02
-4.437333809434797910e-02,8.812727073296851288e-02,2.340554362061533084e-02
-8.924574588027640865e-02,4.693241048903924739e-02,-1.144875882660980997e-02
-2.327527691825071257e-02,5.398133126872492471e-02,8.281370021380178581e-02
-3.847473928271613608e-02,-6.819194127174010855e-02,6.479731862236882967e-02
-9.326076051777118514e-02,3.304090596760249354e-02,2.356224641514196097e-02
-2.482932063284646468e-02,1.594201412650097724e-02,9.741212480915867333e-02
-3.694764698998123653e-02,-1.457890894853396645e-02,9.379451255492471384e-02
-4.635710129249424882e-02,-8.706149355382895860e-02,2.572395996858487660e-02
-5.876504792015366935e-02,2.531333349221049148e-02,7.944581100606316892e-02
-4.732483798020553634e-02,1.886067942438329759e-02,-8.846297021002537397e-02
-5.380930772839839782e-02,4.919568300512489056e-02,7.155934486735236744e-02
-9.257100053525552097e-02,4.281907422759358844e-02,6.990812512551253938e-03
-3.648383447387993500e-02,-5.849382546556489842e-02,-7.559416684758041294e-02
1.097665357105942659e-02,-1.198556973497494783e-03,-1.017865335846262625e-01
-8.029162411536952537e-02,-2.275732662446725355e-02,5.944013912633019925e-02
4.549657802926406619e-02,3.170862585910354942e-02,-8.624238175702880760e-02
-2.159927661025706248e-03,-2.460394476301875841e-02,-9.959146865273627025e-02
-9.341488628530422722e-02,-4.040790813780829188e-02,1.359046920293006944e-02
5.185968928158478375e-02,-5.684470980170372445e-02,6.810621345065313859e-02
-2.440737834118530958e-02,6.285178497037029188e-02,7.764345663705729539e-02
-9.031871790095397090e-02,-2.013911648533263377e-02,4.502099642031676119e-02
-5.579985822551181834e-02,-7.614041818427756680e-02,4.116227529142172520e-02
-4.667443994262505252e-02,-7.343325788486958217e-02,-5.522456809746693202e-02
-8.818564975670453721e-02,-4.740781256130809085e-02,-2.473607066578012437e-02
-7.135641784836982415e-02,-5.386662423372503422e-02,5.155693948714670793e-02
-3.409356615665470099e-03,-7.375514598740250116e-02,7.221783001326370632e-02
-1.003259832533694024e-01,-2.443753658972631221e-02,4.445060320961457742e-03
-6.528799057143087892e-02,-5.805734316458656050e-03,-8.000890317270147045e-02
9.522809344284298427e-02,3.984327884872235215e-02,-7.561681994955469360e-03
4.021188030399512614e-02,-8.066787985180490228e-02,-5.103096278338835334e-02
-5.466763244016138029e-02,8.217289007730721462e-02,-3.166917679407479924e-02
-3.942185881779379508e-02,1.079390437505757180e-02,-9.533463359115590396e-02
-9.648324136019977015e-02,-3.807483424077813539e-02,-3.999055111280452358e-03
-7.740173052188685510e-02,6.634536747659686151e-02,-1.993454265052319735e-02
-9.214152945615866619e-02,2.105877797243473071e-02,4.326676558442163478e-02
-1.499925400605837261e-02,1.013306609907115435e-01,-1.811338326024176937e-02
-8.890882420280060705e-02,5.409819986717166740e-02,2.238774820359103364e-03
-6.675508064973245670e-02,-2.775639150571460392e-02,7.500123316529398732e-02
-7.536928159459219123e-02,-2.153726206773633189e-02,-6.872335922004245423e-02
9.111363828076259053e-02,-8.125440182370470554e-03,-5.014984946679435646e-02
-8.236392708692692743e-02,2.998977263216309405e-02,5.670070263703087809e-02
-7.980619112421712125e-02,-4.138402714189039905e-02,-5.321614118289046819e-02
-8.590397287471990273e-02,1.367625219819769596e-02,-5.798745996343294268e-02
-7.089234411562946037e-02,7.663398116072778210e-02,-6.785666259710550034e-03
-5.828654759543779040e-02,-3.804344930572842870e-02,-7.820085329956391607e-02
-7.107049346740444348e-03,-4.340296288537672659e-02,9.508489674393685864e-02
-1.705454150428659804e-02,7.146542005160939903e-02,7.478482825093762942e-02
-6.205606423243298364e-02,-8.307613946826378215e-02,-1.593134517190343200e-02
6.646675159499740131e-03,4.874194051302797176e-02,9.274658924006058680e-02
4.091453355944078829e-02,-1.814885362211663550e-02,-9.504727977050847487e-02
6.581324243925662162e-03,1.781344735077267094e-02,1.034031788322348350e-01
2.673630217445655682e-02,-1.017393909091871412e-01,-1.613933874240412606e-03
-4.798470574089614554e-02,5.806901851288996663e-02,7.354786110215262573e-02
8.354996279461808506e-02,6.189457787551651269e-02,-1.696441965485466496e-02
-1.326969176922458520e-02,8.028722554179355819e-02,6.702762441686438422e-02
-6.355420013641563219e-03,4.037504347444642594e-02,-9.726147051992736769e-02
6.953159986286158722e-02,-2.732588183321964931e-02,7.459550026465999739e-02
-7.716272697050306772e-02,7.211962129138314859e-02,-2.453688016410715111e-03
6.009105555141326660e-02,4.050146975121212550e-02,-7.697763957235052856e-02
-1.781093025550640335e-02,-4.937534683017794773e-02,9.185437006165751705e-02
9.746840752743760007e-04,7.715042324098851136e-03,-1.055813864942116570e-01
-1.137181404885046106e-02,-1.038163552981299642e-01,1.778406866436749514e-02
-1.545506374364086048e-02,1.030378639991821055e-01,1.957793401430009059e-02
-1.394120129977048216e-03,-1.012448304478434230e-01,3.165485464361068174e-02
1.424036926423682958e-02,-8.795467600002514208e-02,-5.771666343408216049e-02
-3.315110072142917613e-02,-7.134345490813193136e-02,-7.139105557494256071e-02
-1.380723741959635157e-03,7.010659129872355566e-02,7.990163251122911481e-02
-7.149511852513680543e-02,-5.738177154962332410e-02,5.396702183667057007e-02
3.009338606843240532e-02,7.780197763970897462e-02,-6.613207459325061432e-02
-8.288745635684983959e-02,-1.117015458513338040e-03,6.690431704336344265e-02
-1.023363255877737660e-01,-8.563561709764655819e-03,2.858789134485091588e-02
-5.999473409424913722e-02,-4.715579507837677764e-02,7.453757798657981160e-02
-7.089599411702976473e-02,1.588392702376023591e-02,7.820430618852919347e-02
-4.617021284131876679e-02,-3.401720982973924917e-02,9.011750953069697090e-02
-1.541390280545065772e-02,-9.929826385198604888e-02,-3.643988254819460759e-02
-9.758221363855117125e-02,-5.559204311434795369e-04,-4.380158844706543569e-02
-9.781019898093741560e-02,3.032961451185059096e-02,-3.114541788696679331e-02
-1.419967089452919308e-03,-1.042119216560790373e-01,-2.470227821035123061e-02
-8.991518792908705093e-02,-5.120748646624120881e-02,-2.794608525052126244e-02
1.235511716737297018e-03,-3.810967583317294294e-02,1.002479439084866669e-01
-1.617251742237925741e-03,4.184078830922179082e-02,-9.882233421497885195e-02
-7.571487105981655752e-02,6.286578453898759855e-02,4.301013658081031393e-02
-5.084762419066291700e-02,1.579322848823436903e-02,-9.335639742760418192e-02
3.466409404175097020e-02,4.492141699127181337e-02,9.135862362776184242e-02
3.214691378349309597e-02,-5.141973279604857699e-02,-8.890517099871439455e-02
7.479080429680713682e-02,-5.935641113488300535e-02,4.980270560387793644e-02
-2.499097968454315824e-02,5.079826301442531833e-02,-9.169385326185883200e-02
-9.290236525386336153e-02,5.383079834206989933e-02,9.989676712888270402e-03
-9.438311641174219890e-02,-1.730613375150239983e-02,-4.935938117292278104e-02
-4.643725650784621267e-02,-7.152750778916636132e-02,-6.623480604759844625e-02
-6.609307682386171556e-02,5.911476475505379746e-02,6.174492285824857707e-02
-6.686838788176061033e-02,6.297100863076392219e-02,-5.704553672280940346e-02
-4.148378691120705591e-02,7.233286125796774269e-02,6.894647605888963582e-02
-1.475558676554228951e-03,2.454966915019261495e-02,-1.054388195079621199e-01
3.584891395122860591e-02,-9.938851513629354262e-02,2.397153642831393108e-02
-5.810217641925333881e-02,-3.455754384875466684e-02,-8.475505924057333274e-02
4.185090166079576124e-03,1.072054431775642247e-01,1.608229164786676227e-02
-9.349591223466689749e-02,-3.174789383239704638e-02,4.511548244974608601e-02
1.894989488270651043e-02,1.063295933512483221e-01,-1.163627238720045184e-02
-9.626688510299469259e-02,-2.404660153132875955e-02,4.439142730949405258e-02
-3.028509583493983054e-02,9.085915562506629781e-03,1.040772792807707348e-01
-7.976627587718862489e-02,2.696339367461172021e-03,7.401057680702380348e-02
3.927452953350667186e-02,4.092490154961062748e-02,-9.298298444983676969e-02
-5.464231253651020276e-02,8.356387567496927071e-02,-4.370524828646597110e-02
-3.939991937757925805e-02,7.855009758887268601e-02,-6.459153320775082308e-02
-4.005283150369465944e-02,-7.006546498775187426e-02,7.346309831952484160e-02
-4.663029489768904384e-02,6.897039869181259553e-02,-7.067260856210362541e-02
6.141938675186875418e-02,5.271311642187633678e-02,-7.342070629447744468e-02
1.828680291235617456e-02,-7.402210363122964376e-02,-7.838133889631862528e-02
7.633752430874413131e-02,7.668106715375222482e-02,-1.629762424103649993e-02
-8.274626508543203585e-02,-7.041160857335967971e-02,1.356405846346405569e-02
8.404516227839479992e-02,-6.847623803685388977e-02,1.586975500880965714e-02
-9.991075914667232882e-02,-2.680298398837651155e-02,-3.632613717535401049e-02
-8.088443624304293700e-02,-7.284878387425215013e-03,7.375976799006583873e-02
4.141442559427399757e-03,-1.168258164395760343e-02,1.090777376636020701e-01
-3.728517486776497525e-02,8.469862180034226640e-02,-5.918843663962720242e-02
1.543739668817283722e-02,-6.656973285269181251e-02,8.609993260547373073e-02
-7.521186666442944424e-02,-6.493364606102593195e-02,4.717594919739957066e-02
-2.929752449537509004e-02,-9.645702238901847358e-02,-4.418378956845209898e-02
3.923218530278971966e-02,-3.570727315225886295e-02,9.651981630491020259e-02
-1.097856260994569538e-01,-7.984886257875032159e-03,5.417581185655156485e-03
-1.892122573617836465e-02,-1.080266966332387446e-01,1.157407925878053967e-02
-9.121933253661600183e-02,4.058808999687111424e-03,6.196812929235847450e-02
9.079216115728265535e-02,-5.882144706031913056e-02,-2.213741358419802838e-02
-7.887977986821100018e-02,-5.502813558094873242e-02,5.439565069611983911e-02
-8.081473239472110326e-02,6.914172517124481110e-02,-3.021862495868361115e-02
3.311525640066593362e-02,9.036788630498956976e-02,-5.456696697835748677e-02
-1.084320230691236953e-01,-1.220745465974668563e-02,1.870222375314053651e-02
-1.467985597624515276e-02,-7.358055454564403630e-02,-8.150137810889347689e-02
-1.312520982094073953e-02,6.040692080635323702e-02,9.201402010290600508e-02
-1.070484328359649906e-01,-2.697515820811077075e-02,-1.079817168339155739e-02
-8.103095374695798436e-02,-5.546439951195343554e-02,5.174065434157798515e-02
1.018771734790489270e-01,1.772108416110743101e-02,4.052409219217727870e-02
3.856500816378013313e-02,1.036602909085307389e-01,-1.087532648697473424e-02
-4.268259615393327211e-02,2.408881890855271365e-02,-9.982338209407161378e-02
6.844263762528356165e-02,8.417395534363389387e-02,2.475746178476736711e-02
-6.535037690497423613e-02,2.470907270767012595e-02,-8.670163168832635547e-02
1.767345600973054681e-02,6.807628232041931793e-02,8.641445194748662018e-02
-1.062467073542175400e-01,-3.259356083857543884e-02,-8.904755274818919666e-03
-2.191058372176390295e-02,2.034980022654043000e-02,1.074784708884371220e-01
5.150454411670025989e-02,7.232499245845622204e-02,6.766095108629084642e-02
-5.465521660786377273e-02,1.804964796364358706e-02,-9.573120526787858020e-02
1.870865616706928261e-02,-1.038090958769433830e-01,3.697197975613277648e-02
-1.600091451742692919e-02,-5.056320488860788220e-02,9.847045209306652669e-02
3.302180182857769597e-02,-1.069259060804270967e-01,-1.157392562563940019e-03
-2.937123981667956810e-02,-1.079145251900874430e-01,-5.705118220300737196e-03
-1.837947219366457136e-02,-9.007165580136886063e-02,-6.407723631002655573e-02
-4.278713073677370415e-02,-4.497760660859138199e-02,9.337407722039502145e-02
-9.779802938084534991e-02,4.767561299455523594e-02,-2.740198700279014923e-02
-9.977462281192553406e-02,-4.431852055323794171e-03,5.127884954303416759e-02
3.902989477836286275e-02,7.737111230227325387e-02,-7.148683743004999314e-02
-6.108363077131321456e-02,9.359894960096003247e-02,-1.199465886080353441e-02
-1.377940597170738274e-02,8.452822106456869822e-02,-7.291648273335840647e-02
-3.227863326375810665e-02,8.549621455521891344e-02,6.569669858339380331e-02
-1.765229061836949553e-02,2.058951790787683783e-02,-1.093064720542648721e-01
-7.022732876508201716e-02,-8.802418104803934329e-02,4.378651225139914421e-03
-1.727931888253838102e-02,-1.036357539951261453e-01,-4.094186835163370758e-02
-9.744239033576650166e-02,3.499869182357820407e-02,4.484563746930521344e-02
-7.442465519558769116e-02,7.387479244221609176e-02,-4.183810234572853115e-02
-2.361255334087366750e-02,1.649076775544809290e-02,1.092397722936439275e-01
1.608715664778844964e-02,-9.865893788921314966e-02,5.278571833426249499e-02
-7.282030568510133861e-02,8.654067514618872525e-02,1.588056381707396610e-03
3.519110826764369759e-02,-1.451864478889785225e-02,-1.065893878080123452e-01
-4.428808954057118774e-02,5.069461776768795225e-02,-9.107702167075772126e-02
-9.904860425842650085e-02,2.461886950487858841e-02,4.925029317799380080e-02
-6.067994016144325625e-02,4.679507613497146945e-02,-8.358456040446195223e-02
8.634753806353480735e-03,-1.107947399365017682e-01,2.289301992830770210e-02
7.195113219587725983e-02,8.457406245605461614e-02,2.367065171726443970e-02
-7.552514543196378605e-02,5.177943587191391472e-02,6.723687912615936013e-02
-8.941900531121992068e-02,-6.876655693965756655e-02,-1.404559171754761818e-02
-6.928748910473774003e-02,-2.304055989915501992e-02,8.721340344897145214e-02
-5.009725933067340348e-02,-4.422874626615139367e-03,-1.021001106478100773e-01
-6.162233145716865951e-02,-3.917157033680081224e-02,8.739529963763410791e-02
-7.491810227707089431e-02,-4.921056849473406936e-02,-7.036473494053657740e-02
-6.390504463181685690e-02,7.219595065286835145e-02,6.087221588482939066e-02
2.794422519570021954e-03,7.355962580961826480e-02,8.717025130365568808e-02
-5.800291431010038551e-02,3.285876734972868057e-02,9.267895900468907378e-02
1.656234626276315708e-02,1.059731362337362343e-01,-3.930343390588270092e-02
8.493386851411419136e-02,2.815677678823468727e-02,7.112498937218998674e-02
-1.038814839059283152e-01,-8.617406510511361681e-03,-4.707084925681148668e-02
-5.463322464596714195e-02,9.381958655850793083e-02,3.619868605727252081e-02
-8.657577611185129918e-02,4.809004169658194494e-02,-5.749083499740263725e-02
2.977823125754279140e-02,-1.098131114887864745e-01,-1.354690492632819668e-02
-2.625664796668186925e-03,2.492916618188633499e-02,1.118784841922006446e-01
6.911922543985817013e-02,1.982116337593331501e-02,8.939117373615812490e-02
4.255943943533326002e-02,-1.063876552807001413e-01,-6.889733293308479382e-03
-3.448651697784699960e-02,-2.089618638151371013e-02,-1.075505431063636524e-01
8.055124483764479482e-02,5.103992560916163768e-02,-6.415215169140404960e-02
-9.702456572643208821e-02,-5.988728800230854604e-02,-1.499371155875810040e-02
-6.849225691434876820e-04,9.470956048399829796e-02,-6.535050088329397155e-02
-8.662586850320116993e-02,-6.446710798654227415e-02,-3.996256127061946495e-02
-6.018276311093945924e-02,-9.769802142071816464e-02,-1.030470849173901679e-02
-7.715752138265789817e-02,7.925920853885259909e-02,3.246158716191431537e-02
3.550285588787979729e-02,4.976003402616985954e-02,-9.781898127345295402e-02
1.042158672274787617e-01,-4.879012134615983570e-02,-8.924988549670767254e-03
8.163769436184811767e-02,8.109565025702478169e-02,9.791612226966313684e-03
3.314574226362688308e-02,5.264166627614683125e-02,9.738237244772093848e-02
2.496164001735480878e-02,9.999099360954079307e-02,5.241995153899246113e-02
-1.157836804709521696e-02,1.151133905713872252e-01,8.725088909642985432e-05
1.050311776205191915e-02,6.583994191281264396e-02,-9.463600909584807264e-02
-1.156035086743854995e-01,-4.297804651075682637e-03,5.880261101351085852e-03
-4.398035157990382721e-02,-3.119762497112387161e-03,-1.071879292132611045e-01
3.983148180995964988e-02,6.881652012754511938e-02,8.442177457962532494e-02
-2.032306957769773256e-02,-6.952506191120502721e-02,9.065637540385321214e-02
-8.704748389704257405e-02,-2.138313013927006442e-02,-7.380300701083945814e-02
-5.048839988074550408e-03,-1.147601904907226550e-01,-1.737942945355670094e-02
-3.906517659905694301e-02,7.932885994067952196e-02,7.546081859007412740e-02
-3.538036757513015468e-02,5.875092618904768915e-02,9.394736451902216401e-02
5.435472917233891837e-02,9.277055669711938013e-02,-4.455106565175602495e-02
1.595215273196611255e-03,-6.687746359956429909e-02,9.532331762215306981e-02
-5.353340360826294893e-03,-1.150129688409238377e-01,1.791929952765290018e-02
-9.257040865195458046e-02,-1.375778751102756277e-02,-6.953601533426727321e-02
-3.474731214146296876e-02,-1.084050760722527346e-01,2.551183897437789977e-02
-4.793986074563828803e-02,-4.742184864921097920e-02,9.528329807318532130e-02
-8.571489280416766388e-02,-1.293946704287847471e-02,-7.827885564370737348e-02
2.229323798413949606e-02,5.710280611213665314e-02,9.950085053062728002e-02
7.753278468805950563e-02,-7.517202430004746305e-02,-4.485601158704505959e-02
2.236013761658353638e-02,-1.711479881817167675e-02,-1.135668454693113671e-01
6.151432253291985123e-04,-6.001355091211489634e-02,1.005207084214032320e-01
3.470476840937745250e-02,-7.973632892252646709e-02,-7.848703500436998715e-02
-1.150242399621892037e-01,-4.390998935308011719e-03,2.210804394952151086e-02
-1.268589432511984735e-02,-1.165123996328652073e-01,-4.319579014824553517e-03
3.793019320143106807e-03,4.339384576570864266e-02,-1.089652603887147075e-01
-9.768185317417773031e-03,-2.692199197704273073e-02,1.138716108832963925e-01
-3.115934783226741514e-02,-2.080469782179738408e-02,-1.113522909592694482e-01
8.520923488301848647e-02,-6.776990973241629745e-02,-4.433758204003671738e-02
-5.856463888628012093e-02,8.303037811109419131e-02,5.925756897475783352e-02
-9.998786262609227204e-02,6.164045984806343359e-02,-7.370878686213101945e-03
-7.284766723706391500e-02,-7.160123818387766070e-02,5.860086831766706666e-02
3.144613330064974233e-02,-1.012512504490185455e-01,5.141053078662886217e-02
-1.382432771779078078e-02,1.624387852808968635e-02,-1.159520640594207674e-01
3.788525092656843535e-02,-9.185849608454325910e-02,6.358242268881508785e-02
-9.617782965442028820e-02,-2.894224340826149350e-02,-6.200256408742964992e-02
2.405343010628978057e-03,7.600989482907404005e-02,-9.036042807611707750e-02
-1.093576277085841347e-01,3.883584083307748541e-02,2.229656836669809822e-02
2.401955311805879789e-02,-8.449610276783296736e-02,7.914592533896612492e-02
8.603400540521090323e-02,-8.075736690424424602e-02,8.553714707676478637e-03
-1.050486768753291014e-02,-1.079645966316180733e-01,-4.739436363332925894e-02
2.554670667568042022e-02,-1.066976752372106457e-01,4.463264182500104038e-02
6.008388051668040603e-02,1.007068566088460404e-01,-1.712681791601209508e-02
-4.868160817391794376e-02,-1.001271709410908040e-01,4.081785136041429091e-02
-8.740531047414802635e-02,-2.010315244055586523e-02,-7.767753918334215080e-02
