0.000000000000000000e+00,-0.000000000000000000e+00,-0.000000000000000000e+00
-1.103302048237725678e-03,-1.466919000252248865e-03,1.073344525069686028e-03
9.328511375801855831e-04,-1.117666184554818275e-03,2.633760591559641730e-03
1.996696642052221780e-03,9.462144515166515590e-04,2.952593330130928988e-03
3.852507920712470047e-03,7.391952153391003920e-04,1.662158308239256119e-03
1.767405730812473142e-03,-3.359700656558427603e-03,-2.880465763063576323e-03
-1.911258148561039436e-03,9.748862074883007684e-05,-4.858903436535527698e-03
-5.085428451600871626e-03,2.412900806836179406e-03,-3.947278194784555700e-04
-4.388906612888363035e-03,-2.235678819734440107e-03,-3.485904443874484216e-03
-4.571784827003289378e-03,2.713216246381737126e-03,3.567469722221775202e-03
-5.742474450245029644e-03,-3.231766422602162531e-03,-1.466555161860965632e-03
-2.309306688271776497e-03,-5.216139910142173278e-03,-4.197093046887092130e-03
-4.629682668611558027e-03,-2.206304371016696176e-03,5.333301567093103740e-03
7.100367568834263119e-04,-4.674973551128470788e-03,6.081053988891571387e-03
-1.450822229674631142e-03,3.060968181677468491e-03,7.242981335793591616e-03
5.442834728894361662e-04,1.945522807499292569e-03,-8.028303530341908065e-03
-4.945760994995221198e-03,1.040436988088037657e-03,6.898915351258995236e-03
3.894390603097597648e-03,-7.470977694185651843e-03,2.600486006805284144e-03
-9.022010853967405916e-03,-9.708090902679965229e-04,1.203056390505193783e-04
-6.150312510099995023e-03,6.243630172822698114e-05,-7.009683832882251074e-03
-3.818438847103910842e-03,-6.770085688123089231e-03,5.582700627966825577e-03
2.480885337996666194e-03,-9.422878353872121693e-03,-1.119697080878808652e-03
3.196663647616098097e-03,-9.506993375559099485e-03,-4.672721206288141965e-04
2.193307459827503140e-03,6.979340503535529788e-03,-7.205668335936775935e-03
9.237160982531098484e-04,4.741284844486199843e-03,-9.313251290779459360e-03
4.539377980391329464e-04,2.609240296489302811e-03,-1.037709923974639362e-02
-4.061421843272778817e-03,-6.511520568554514041e-03,-7.773975219195286730e-03
-8.473783097237702622e-03,2.281777661121786246e-03,-6.852155324085495817e-03
-7.793725107614273874e-03,6.234889008092514041e-03,-5.383668800312052180e-03
-6.373547489415630658e-03,-8.314698808598582763e-03,4.845850501393988465e-03
-7.235227767144900013e-03,-9.089869889676699052e-03,1.704503172744591859e-03
-2.409537289065426767e-03,-4.424668217585479672e-03,-1.082309950666850672e-02
-7.309681811195946517e-03,1.843323012044247066e-04,-9.680046094739096219e-03
-1.284014420396135643e-03,-3.258763679355353680e-03,1.181306192058950190e-02
-7.712150966837225813e-03,-9.031544656818335688e-04,-9.806829843491182697e-03
-3.621699651959970744e-03,1.082220597552808854e-02,-5.557192438312547576e-03
-1.110896195574945580e-02,-6.082600920143828825e-03,-2.316614319230443555e-03
-2.489516286456391805e-03,3.232648927240489110e-03,-1.240091712204497397e-02
-2.807519706658068940e-03,-4.516160448779540405e-03,-1.211657371209431434e-02
-1.250312177581897749e-02,-3.847436471883381847e-03,2.935858877274398482e-03
-6.442870322141610977e-03,-2.553126180893133552e-03,-1.167835750869024129e-02
3.844928600197208834e-03,-1.305057842269096054e-02,-1.994218455695714095e-03
-5.585455069726864494e-03,6.642214083725058588e-03,-1.088249013945424143e-02
8.045260221726981001e-04,-2.073304833580915437e-03,-1.390928017475245165e-02
-1.090669635573965866e-02,1.713326927270564194e-03,-9.010728710167606112e-03
-1.331682436342938002e-02,-3.315624305857155555e-04,5.505444768264447682e-03
-4.092143083360495932e-03,-2.587432542575958307e-03,-1.374743722692282032e-02
-1.228568056820055041e-04,1.350865118975713534e-02,5.883061470938752598e-03
9.317647173809262204e-03,8.586205105590310332e-03,7.825997090017997732e-03
-7.707082003749981744e-03,1.155759850071907784e-02,5.787134215294515056e-03
4.773956448598839705e-03,-7.469697428991778701e-03,-1.235164934666993682e-02
-1.274687575093802830e-02,-8.367412774629965494e-03,-1.827004564077652554e-03
-3.911290834338079087e-03,1.617107823107056695e-03,1.492002194386492925e-02
1.108973126739316514e-02,-7.033554483193873823e-03,8.529656019248110094e-03
-1.109047852661319312e-02,-1.119231573228783756e-02,1.277012647015163998e-03
-7.173371696277656626e-03,4.619740590086171550e-03,1.348292949592799425e-02
9.350587022126453929e-03,-8.560171573280981813e-03,-9.928323256180477188e-03
-8.431145891216296206e-03,2.587327223561304394e-03,-1.364543260423205402e-02
-5.230485472791329520e-03,-7.412455050185808719e-03,1.365175213027514274e-02
-2.230976043789167137e-03,6.943472406367751093e-03,1.483852567667980765e-02
-3.756515218317959398e-03,1.120441617292946418e-02,-1.176521488679710230e-02
-1.046429392688929053e-02,-1.108438313763193510e-02,-7.099800955396452784e-03
2.915330458619616941e-03,-1.534547948979976192e-02,6.594867875272639006e-03
6.146031415558219496e-03,1.349731788205395765e-02,-8.498751757250334188e-03
-9.218815132751105243e-03,8.386290499121521261e-03,-1.189831965923022518e-02
-4.269980178319399112e-04,-1.727478072381691959e-02,1.730339547600725407e-03
-1.052880962662289428e-02,6.376796767929708218e-03,-1.244124978615282658e-02
-3.653641006809275915e-04,-1.724061154493483627e-02,-3.693672384271884553e-03
-1.300868979767549199e-02,1.200149664349168220e-02,1.570458665182635372e-03
-1.397998377591502285e-02,-1.068461208661880026e-02,3.292671293632306456e-03
2.894411109426135633e-03,-1.025449053978904658e-02,1.454738635497218602e-02
4.323395159970632937e-03,1.364334164070253250e-02,1.118228872120627555e-02
-1.362428593380042921e-02,1.219705778141222212e-02,4.536649014886388366e-04
6.617128992711316694e-03,-1.006090936887142628e-02,1.393942664981925525e-02
-1.413437817980544783e-02,-9.787877188342135673e-03,-6.960953323541060021e-03
-1.691234085057408132e-02,5.593198494082533313e-03,5.608075563123851928e-03
-1.489058966290702883e-02,-1.139255982107198646e-02,1.402373156293218763e-03
-6.025504668150646892e-03,1.197602625335439548e-02,1.335970050079535697e-02
-5.679102163467343069e-03,3.335688629194754739e-03,-1.787631229383814316e-02
-7.010071543038961552e-03,-1.396439367100405383e-03,1.779269999204102087e-02
-1.723458067928787529e-02,7.453771103647145214e-03,4.451169667234001169e-03
-9.090297254468455643e-03,-4.535119928862608139e-03,1.655095392597921364e-02
-1.653357620144238829e-02,-2.306854214587323714e-03,-1.015815421153487552e-02
-1.810966441372888983e-03,3.879891818077347513e-03,1.919039242852478219e-02
-5.951347665827207666e-03,1.800698512638981147e-02,5.627716710314128318e-03
-1.036458924594137361e-02,1.044101870773665383e-02,1.340298611662874007e-02
-1.033954098066211524e-02,-8.406532204077339643e-03,1.494133212230585976e-02
-1.485310556066559741e-02,-1.250078450970710554e-02,-5.355012211956514112e-03
-1.523266222848279790e-02,8.811185739773545397e-03,-1.003154963674375566e-02
-5.569766855204200291e-03,1.161418432447637421e-02,-1.578402287335766568e-02
8.035602954865210534e-03,1.669582240731113526e-02,8.744767689522512516e-03
-1.034217864880635461e-02,1.017711165890144986e-02,1.462889866695902923e-02
-1.901485216516873855e-02,-6.012210603203124205e-03,-5.619242725827060768e-03
7.354101244154473589e-03,1.395923365913086071e-02,1.360491196047841807e-02
-2.053085773114633056e-02,3.505469862134235736e-03,-2.232234217092740960e-03
-1.067999584705856507e-02,-7.176016370800277107e-03,-1.667279204143712334e-02
1.093494673486693040e-03,2.114378052855771239e-02,-1.946185585804113079e-04
-1.348512589454404706e-02,8.359368724415089380e-03,1.418873740142407788e-02
4.187578560523472215e-03,1.833725746902111278e-02,-1.019869162087384297e-02
-4.362208684718725527e-03,1.162037227076031728e-02,1.756416127398297694e-02
7.704949401600050957e-03,-1.592762526380500296e-02,-1.242034971364495630e-02
-1.698604192222509870e-02,-1.014666026771047710e-02,8.977769358493479721e-03
1.198203724801932650e-02,1.751961761496098266e-02,-5.131859903915106727e-03
-9.245418764673891954e-03,-1.210865095644115923e-02,1.579581643326340157e-02
-1.932309100305706906e-02,1.052902081043846465e-02,1.458368431683601009e-03
1.779189591101183743e-02,1.008782047264784702e-02,8.533383439216536692e-03
-6.352639321666478378e-03,-1.538912629202130421e-02,1.478917538505610495e-02
4.080737279441551575e-03,1.347496975758722196e-02,1.739085107703216768e-02
-5.961607664967350124e-03,-1.334546196516949411e-02,1.708203846817786531e-02
-1.569064624003028291e-02,9.184322598177778116e-03,-1.340375213378966826e-02
-1.606717695001812218e-02,1.183083895200961458e-03,1.598206761979401383e-02
-2.005743200599305331e-02,6.995072885149685935e-03,-8.277783099272848985e-03
-1.736894979216855803e-02,-1.353889121184169257e-02,6.288526108185611523e-03
-2.165263350881944243e-02,5.324177651595271912e-03,5.667431195141855484e-03
-7.799902516782761600e-03,2.168996495092667329e-02,-1.669391443435602144e-03
-1.141011992026713141e-02,-1.816954449809471406e-02,-8.861982819379341306e-03
4.481875220247119769e-03,2.194825298773363242e-02,-6.467155100299328344e-03
-2.014219074341638827e-02,-1.192229600167599331e-02,-7.539486619218142881e-04
-9.651400208988946891e-03,-1.065103032600237844e-02,-1.861733792651247207e-02
-6.850016994850720471e-04,-1.217820070131753543e-02,2.022879867573565416e-02
-1.128846432541672808e-02,-9.864598760344428507e-03,1.838549464573308728e-02
3.306386848253646277e-03,9.676000457532371937e-03,2.151729977630924273e-02
-2.679423110769872662e-03,2.215870153135164958e-02,-8.611072727494851684e-03
6.459538991416787987e-03,1.567857493590241527e-02,-1.701711654417439878e-02
-6.630299348261576783e-03,-2.316332807561676324e-02,1.189097067016884083e-03
-1.773599562338561836e-02,1.594189882161652430e-02,4.242046432036823168e-03
-1.195009114106653468e-02,-1.630612270697067573e-02,-1.352041572993360405e-02
-1.879594904801651714e-02,1.546037539731254934e-02,1.994346919796591896e-03
-1.323901688442974574e-02,-1.822342051128736373e-02,9.680771498189881183e-03
-1.879562350612132282e-02,9.873530155882057416e-03,-1.245450905268182841e-02
7.232704444469074782e-04,-4.443210025415606640e-03,-2.429830381704568484e-02
-7.594503941070864309e-03,2.349423562589585818e-02,-2.411267779450376129e-03
-8.586829905923385603e-03,-2.017511986028612189e-02,-1.181096944445822298e-02
-2.233587214596986781e-02,-9.432273537933143909e-03,6.099879275012427653e-03
-1.717355669624635872e-02,-1.823181617981595865e-02,1.593124195480273911e-03
-6.849413711966022104e-04,2.508385497570204611e-02,2.236274163893208801e-03
-1.990898717836902393e-02,-9.765797961132124949e-03,1.215459938030400040e-02
2.534369950762660733e-03,-2.487354361643101877e-02,4.377288454306601899e-03
1.505378257393592822e-02,7.532221642908986867e-03,-1.912410384618450435e-02
-1.709894055293305348e-02,-9.156663700865756705e-03,-1.666343577343577798e-02
1.173577113297802517e-02,1.642831929010406602e-02,-1.584543179900468543e-02
-1.014212077288187581e-02,2.352001669412531054e-02,2.729584180960638144e-03
-2.318726572744902320e-02,-9.090870157258347864e-03,-6.929711021630291165e-03
-1.531984049620593001e-02,-1.016305552544266230e-02,1.830681794351788141e-02
-1.317492959332184493e-02,9.226203438624938982e-03,2.047523323546356425e-02
-2.015640502697470249e-02,-2.880581992221437938e-03,1.637593462006247183e-02
3.709035791858044263e-03,-2.497950845809347731e-02,-7.059118676131777813e-03
-2.602077570209472557e-02,2.143420796498936298e-03,3.271698024172780064e-03
-1.163771761430845014e-02,1.635415600737827324e-02,1.715519003125161659e-02
-2.352454299963086318e-02,7.803966141449572395e-03,-9.365188597457364816e-03
1.786067257792078866e-02,1.808747535066373979e-02,7.789155863441027741e-03
-7.431215960250534382e-04,1.502030769944377384e-02,2.203381753877060520e-02
-1.873506791654842504e-02,-1.573132134341734267e-02,1.086252999553016622e-02
2.519132922936876545e-02,-6.180705581776449811e-03,6.963417835393996558e-03
-1.106825448665030645e-02,-2.050465953361716928e-02,1.353399302555763177e-02
-1.119062410430976193e-02,-1.014086638866174700e-02,2.242483311254022185e-02
-2.490261146228648151e-02,1.015237492166604256e-02,-3.543231678371773236e-03
-1.204206418978574430e-02,2.228125080189481688e-02,-9.956195624842494735e-03
-5.425185675637337647e-03,-2.663942669232775839e-02,2.515317884332981830e-03
-5.141952531107159101e-03,2.109055702076964925e-02,-1.670315322348251905e-02
-6.650296231276523092e-03,-2.297020355095499844e-02,1.353584774647388113e-02
-9.898116639375261275e-03,1.094365441925639233e-03,-2.570478701167494898e-02
-2.016562758685775184e-02,-1.714859067801734888e-02,-8.000684338927409670e-03
7.832220214918786741e-03,-3.192940832370876232e-03,2.642028751139736259e-02
-8.256389968769838050e-03,4.244414134520133920e-03,-2.623395669594746210e-02
1.815788961350482114e-03,8.892272619454286153e-03,-2.639826753603095877e-02
-1.953995601538762936e-02,1.709846108645081408e-02,1.048362374083340771e-02
-1.561617468266052189e-02,-3.378359167216609532e-03,-2.310047881445629128e-02
-2.598873120912907272e-02,-6.968781924443672934e-03,8.352835224846874920e-03
-1.348519004565796632e-02,-1.128886457164765891e-02,-2.212007980597365323e-02
-2.215649554711739133e-02,-1.578774180021896845e-02,-7.953825064845251869e-03
-4.455689682190427069e-03,1.018404615472267086e-02,2.616675586411419327e-02
1.498319152073455951e-02,1.820389422552958630e-02,-1.603842453236224014e-02
-1.150008098071792634e-02,7.837716998130824300e-03,-2.498539484248274781e-02
-5.815054696364262317e-03,1.905189788771984374e-02,-2.063990923616399256e-02
-2.628895118010290965e-02,8.503357687491230193e-03,-8.014012520309489115e-03
-1.736359050308989085e-02,-1.536650503467800084e-02,-1.717156086532109147e-02
-8.411759683268498627e-03,2.573207901971114736e-02,1.021936945599152304e-02
-2.026368859430490929e-02,1.645008810807615726e-02,-1.268693823194674830e-02
-2.821152703324960719e-03,-1.948231978411671741e-02,-2.143618504624950072e-02
-2.714086200511432387e-02,-9.379755431343008223e-03,5.222410362797015766e-03
-2.313634927923664819e-02,-2.369098426038109776e-03,1.777153315630802810e-02
-2.751264061403775607e-02,-3.807384301624112000e-03,9.494261878213759026e-03
-2.715250688594778722e-02,8.846721201787031627e-03,7.135282901101629681e-03
1.945893697972652173e-02,-2.158036220110194289e-02,-5.189117655141366539e-03
2.873564272731714709e-03,1.930189989114802773e-02,2.225585913020421136e-02
1.405727445535034231e-02,-2.574751106797518521e-02,4.523113541551400558e-03
9.780573806016705507e-03,-1.488866375568652020e-02,-2.384375768281258440e-02
7.403003353853401455e-03,-2.821769340095583653e-02,6.298575724601856649e-03
2.838306475726746353e-02,8.190064722811262604e-03,-4.785188092734666415e-03
-2.645795888901946932e-02,5.316812927871217113e-03,1.312026040141934559e-02
-2.422487667153814042e-02,-1.515940060463712678e-02,-9.414981302323512796e-03
-4.034279728726296310e-03,2.983326306254344487e-02,1.963892407734005481e-03
1.545134836745162311e-02,4.870316592246438925e-03,2.554514249335462089e-02
-1.626705872282154311e-02,2.101236138280257806e-02,1.462004139992676040e-02
-1.463433753722998346e-02,2.063323396597173398e-02,-1.687757848648323636e-02
-1.026411386193879297e-02,1.670368860112577888e-02,2.335052881743552092e-02
1.014849367719807341e-02,-1.052820240336732605e-02,2.684481648407846532e-02
-1.402793937480752845e-02,2.224709649461155750e-02,1.573626970054289517e-02
2.659033664154040674e-02,-1.521484736727503166e-02,2.382770494426695966e-03
8.178435357166644742e-03,2.928697577410399600e-02,4.946802067882402100e-03
-5.810654123286528722e-03,-6.156801933998894659e-03,-2.970328472741281395e-02
2.633076797432716901e-03,3.083618412882874193e-02,-1.011451027520250201e-03
-2.828650497666933619e-02,9.385093665617587691e-03,-8.688640628261154117e-03
-2.426902815837248331e-02,-1.683024619539803465e-02,-9.814738504865578098e-03
-2.370128620047473600e-02,7.338321865054413598e-03,1.891677722966141062e-02
-9.898730493360666238e-03,-2.147528682299811725e-02,-2.047311756213387665e-02
2.433283263003564040e-02,-1.373110513872075056e-02,1.423262558530747658e-02
-1.002098310318773160e-02,-5.847507253155239879e-03,-2.921405699800667596e-02
-1.302285932839257910e-03,3.671573811390084052e-03,3.126941419031925573e-02
-2.333024811054937656e-02,-1.536183009188213898e-02,1.474941532417542618e-02
-7.354054523867646154e-04,-3.144507008855327440e-02,-3.657618569531811102e-03
-2.051419510061611162e-02,5.252417688267212214e-04,2.421743443738675131e-02
3.632944992520155836e-03,-2.595706402693490067e-02,-1.804179477554171060e-02
-1.402750392291830274e-02,5.058940520312898287e-03,2.819561522026489686e-02
-7.183335140033208447e-04,3.007036380284502930e-02,1.083961609197053519e-02
-1.401162285152938829e-02,1.475685202475777308e-02,-2.475953472913459616e-02
1.663686918285551403e-02,2.694277282805774068e-02,5.414024876929768304e-03
-3.894074840415967260e-03,-1.041092755980507420e-02,-3.022160052906004007e-02
-1.522322057954920461e-02,1.183758828075881855e-02,2.588259897565089659e-02
-1.834185325302882877e-02,-1.606369541174835699e-02,-2.126513703666072994e-02
-1.772223869239042057e-02,-2.455994086107194524e-02,1.158847057453526487e-02
-1.433541704993166951e-02,2.680038447880294522e-02,1.151894768491295087e-02
-2.524186380361754731e-02,-1.351833949257955948e-02,1.553849499837452013e-02
-2.003068787912939616e-02,-2.193015164207316389e-02,1.356737435231220208e-02
-1.901972353053583975e-02,2.598649778986235337e-02,5.837696862145813799e-03
5.898177055632464021e-03,1.313616010092349962e-02,-2.947325707223542174e-02
-1.553754161000492351e-02,8.776253099810079825e-03,-2.761298436329414144e-02
-1.810500666781324425e-03,3.180149376833753955e-02,8.437850105821612101e-03
-1.385080224941235248e-02,6.209752497834031618e-03,-2.933088454405949688e-02
-3.226414530228619622e-03,1.056515764616606894e-02,-3.120210816243064456e-02
-2.962579239273888110e-02,1.429504082436311788e-02,4.297217054310881190e-03
-2.938509405279381148e-02,-1.554533053393101182e-02,-5.098505827048861391e-04
-2.541868659380412329e-02,-1.546262632706848356e-02,-1.500328426746051769e-02
-4.855678025841529862e-03,-3.034215035293584897e-02,-1.307585610187046894e-02
-1.166258331948407702e-02,1.249397001039500264e-02,-2.877478559466129654e-02
-1.193995616513125399e-02,-1.993897329469140542e-02,-2.418430985884567272e-02
-5.236249293216335872e-03,2.859236566804702895e-02,1.688099094633241024e-02
9.062621179638704824e-03,-3.164950561421202985e-02,-7.140854336007757507e-03
1.237907845611193290e-02,-1.441186579321204232e-02,-2.790655208048196251e-02
1.107378022292750119e-02,1.385863023009478029e-02,-2.880859471229046953e-02
-3.083081284002477801e-02,-3.168134035430334849e-03,-1.374614268296417939e-02
7.800485055679737094e-03,3.130878278490224070e-02,-1.064672654579765058e-02
-2.212257863240293249e-02,-1.594624143767843505e-02,2.038769017683603191e-02
-8.818663863430522415e-03,1.387917117312846386e-02,-2.989746788618075080e-02
-2.664371308034402253e-03,1.249181942841173266e-02,-3.171789461120569364e-02
-2.475812335538330258e-02,1.949617258556450225e-02,-1.345418901966485316e-02
-2.520562416290208010e-02,-1.532469108129381509e-02,-1.757336528915487764e-02
-3.335030520645714674e-02,4.021568390905372087e-04,-8.455856355281272593e-03
-2.140753063154623645e-02,7.064277062263048983e-04,-2.701922814960259697e-02
6.737232725831781947e-03,1.186399973856583530e-02,3.174256255382828379e-02
6.173972017993736502e-03,2.379547947666669702e-02,-2.437843061152401847e-02
-5.928215796590693282e-04,-1.045850389552133858e-02,-3.307318637591748905e-02
-2.336129377425104695e-02,1.803952828601953703e-02,-1.836600140343656873e-02
-1.633283935557004046e-02,2.160856718140448732e-02,2.190230825986634600e-02
-2.203845228852554031e-02,1.661733247939327709e-02,2.136569897425922779e-02
6.863755707396861604e-03,2.055836645324066875e-02,-2.744967314689471943e-02
-3.355314214712134396e-02,-6.604374926906578930e-03,-7.663689112976990181e-03
-2.356971189350664728e-02,-1.565813230963743674e-03,-2.598272112260771594e-02
6.829067518567563319e-03,1.613700202808879269e-02,-3.051177326460492722e-02
9.161088684178626471e-03,-2.555016463274830188e-02,2.249876225934566501e-02
-1.186938785278467134e-02,-3.312790124279083037e-02,-3.084638592464647444e-03
-3.503883808242282127e-02,4.935707874631069941e-03,-8.359898526061717346e-04
-1.743085124484576240e-02,2.602249041902558388e-02,1.663435074063147889e-02
2.043849625940203241e-03,2.755136701891364170e-02,2.234676334124338290e-02
4.556950648033799081e-03,7.368364895525920423e-03,3.453262574371573218e-02
-1.207748164276057322e-02,3.095984983432206045e-02,1.296577223264198768e-02
-1.800915452350039178e-02,3.086593817882830534e-02,-6.187966413006953980e-04
-9.453187059336969414e-03,3.842504650407352600e-03,3.432522853423116554e-02
1.234660024911098802e-02,-3.140669746960488701e-02,-1.218443666399664053e-02
5.185707744426271831e-03,1.383575148268634432e-02,3.277029197123575849e-02
6.947027610237318726e-03,2.555348665802351094e-02,2.441111384085685801e-02
-2.056534125748841341e-02,2.589692225792433050e-02,1.443932076664444439e-02
-1.594346678312842658e-02,-1.549558313345370669e-02,-2.850798290143230149e-02
1.439708338828673065e-02,-3.319429192331316975e-02,1.676433709563130434e-03
-1.511452993685034538e-02,2.458521391890372120e-03,-3.289969864463210963e-02
-3.114204075578027101e-02,2.222836437093184299e-03,1.862935154463070397e-02
-2.787084097194758581e-02,2.344370198673779992e-02,6.057519949245546024e-04
2.186572190983479547e-02,2.777482552861278500e-02,9.063425396415886182e-03
-2.384820244580778976e-03,1.988114358358378589e-02,3.058902473585351639e-02
-3.579404072749997612e-02,7.882227656806628513e-04,-7.729249620527951607e-03
7.019002039608292220e-03,2.902897498130915452e-02,-2.132062573562498731e-02
-1.151541520562321397e-02,2.283992849069573991e-02,2.640438545736361470e-02
-2.775742709044660278e-02,1.277152257663442293e-02,2.056246218317155788e-02
2.703727924318774858e-02,-2.340825716086493771e-02,9.076543094893366886e-03
-3.659072140197942163e-02,-3.561309909340488241e-03,3.837330536806952529e-03
-1.804396490239817269e-02,1.975066864791942545e-02,2.560391386484734202e-02
-2.724093532351220398e-02,-4.057858687373275611e-03,2.485246401858511034e-02
1.290447716534443229e-03,-6.972383667572493345e-03,3.648077698878719050e-02
-1.567547846609984932e-02,-8.943938848016062121e-03,-3.256316150474035387e-02
-2.624623662711419655e-02,-2.514027343038175918e-02,8.374013938966992296e-03
-1.500262733062258762e-02,3.095687760730189697e-02,1.457958810711048638e-02
1.450390656391483887e-02,-3.391863084918756571e-02,6.331237307518359711e-03
-2.796724004157022381e-02,-1.931536500418338728e-02,1.583105239215569504e-02
1.731871195451440554e-02,3.207639973637081005e-02,-9.054865343879215517e-03
-2.034305592088270220e-02,-4.363400670941069981e-03,-3.135118307873988042e-02
-1.852938954883919659e-02,-2.985243891921407836e-02,1.364633794721179308e-02
-3.277347212489951228e-02,1.053289852500375982e-02,-1.551259136420277997e-02
-3.638641342532209638e-02,2.826984937678323276e-03,9.933522957722450142e-03
3.365386968440657600e-02,-1.414833575586132812e-02,-1.014075245329333977e-02
-1.875112817551058061e-02,-2.269008385112043086e-02,2.396048942157027323e-02
-3.567520500073341483e-02,-1.130513214582714622e-02,-6.706750009327156273e-03
-3.697691992053472876e-02,8.936812560554580759e-03,-1.818038162786873293e-03
-5.407559899074024581e-03,6.820393651759696675e-03,3.714382553638699569e-02
3.335848250506458224e-02,1.773206493097260333e-02,5.759211999339457731e-03
1.906078348896371455e-02,-3.207274932469814099e-02,8.565530941751374819e-03
-2.291788182419868605e-02,7.903193256486640283e-03,-2.970882957760976467e-02
-2.805363235793107562e-02,-1.570162172827546318e-02,-2.101711064570513030e-02
1.278396548775505119e-02,3.618967421967253517e-02,-2.665807093946780983e-03
-4.869573889328696059e-03,-1.207331296843713007e-02,3.627278119798888617e-02
-3.524371899385449203e-02,9.491002119439683957e-03,1.256812147454336274e-02
-6.591490053047649803e-03,-1.407654996918274106e-04,3.810057655273818566e-02
1.819075380087049887e-02,-3.340870938316972683e-02,7.282977085021453793e-03
-6.506236482240370343e-03,-1.434001416943416103e-02,3.545541807140389912e-02
2.093017429502054202e-02,3.208037716109202186e-02,6.542064228571290579e-03
-3.317070680088534188e-03,-1.423245292437562426e-02,-3.607524868178977467e-02
-1.778834488178115958e-02,-1.105668061685981252e-02,-3.288286662004966110e-02
-2.369779112919671166e-02,-1.761257383987872155e-02,-2.555660063898990836e-02
-3.061181413570197504e-02,-1.564959626424156786e-02,1.865222811558471180e-02
-8.074440458339545140e-04,8.850977023684928474e-03,3.815597015101482997e-02
-2.219432359734041516e-02,2.684220029386388470e-02,1.807622811457714265e-02
1.823798221721533580e-02,-3.076144732024416878e-02,-1.630717884432962561e-02
-3.664692261836522552e-02,5.373031578666419804e-03,1.333873930776462852e-02
-2.325681349616550569e-02,-1.790907945222512329e-02,-2.632770715504941308e-02
-3.706243496333985754e-02,-3.264793811590390262e-04,-1.363843419661007854e-02
-8.691982719048437986e-03,-3.516015446312865250e-02,1.590366951383923727e-02
-3.732368527107731565e-02,-1.311400153258899907e-02,2.157675301485981537e-03
-3.451184340694298663e-03,7.296264721111336664e-03,3.885256085199426807e-02
-1.692170207693403927e-02,-3.592561766049012784e-02,-1.628498338197151415e-03
-2.818588277046751162e-02,8.482779147674042453e-03,2.679968825338016614e-02
-2.840992884678354702e-02,2.376200114499010460e-02,1.475966205465614051e-02
-1.376189396431337642e-02,2.851004383745363649e-02,2.433870758000555509e-02
-3.108242091511542911e-03,-2.368691977976992297e-02,-3.207545779299909167e-02
3.721669667824505090e-02,-1.308196737064684992e-02,6.951828506265282474e-03
-3.404588825795620138e-02,1.908255987028432618e-02,9.287876529302104348e-03
-1.531351998877266037e-02,-2.464092350634284820e-02,-2.779992407047113603e-02
-1.315819435042397609e-02,3.618368984677940853e-02,-1.170903003206059945e-02
4.477604218979664742e-03,-3.332873986048801723e-02,2.221778573407214366e-02
-7.561190438108424290e-03,2.101434645711834637e-02,-3.362581304502262197e-02
-3.649262730777306368e-02,1.596434559919584356e-02,6.919835055429690400e-03
-2.996457987129147113e-02,-1.910692104930599225e-02,-1.940343363810516017e-02
-3.339432976173330181e-02,4.383787019022518036e-03,2.258390315385925759e-02
1.602548236582144667e-02,-3.593229134198950431e-02,-1.007346921930726315e-02
2.741505601058330174e-02,2.367691099195944754e-02,-1.849942183030559364e-02
-2.418138309816211459e-02,2.092918671364261095e-03,-3.271514438759178661e-02
-1.720272272803220759e-02,-6.311268992838400989e-03,-3.645031862017455299e-02
-7.452571252949993265e-03,-1.543369390415353336e-02,-3.708967014102853427e-02
-9.430537390190988148e-03,3.095681101991760650e-02,-2.504229594485483240e-02
-3.674755485035946512e-02,-1.244768596203833094e-02,1.319247560004416925e-02
-3.051371216111364165e-02,1.526911687751432954e-02,-2.280637442397968548e-02
-1.836313060791055704e-02,2.004078150959549137e-02,-3.083051171729806958e-02
-7.657328222318939871e-03,-2.439892961333359894e-02,-3.225540236046511161e-02
-1.655003398052897270e-02,-3.294113667787531424e-02,-1.844797942167617638e-02
-1.245007732516600733e-02,-3.848564615164518088e-02,8.258189377716638330e-03
5.592402676586534851e-03,2.419322790618976763e-03,-4.089274672414430767e-02
-2.644708432341346185e-02,-2.723745212166038890e-02,1.652320197241279737e-02
-2.637195968012735758e-02,-8.582652064714667295e-03,3.082531769365863539e-02
-2.013003196798611796e-02,-7.341690810752821324e-03,-3.556998588859945631e-02
6.192430164013400587e-03,-3.247065094855548784e-02,-2.523200104597898494e-02
-9.624610581627009165e-03,3.979824501004174814e-02,-7.603362629110688685e-03
1.546664455518602550e-02,-2.931763117741703617e-02,2.531019967555414238e-02
-3.624208532235994457e-02,7.678028219263488378e-03,-1.928494417732103464e-02
1.880113469358282371e-02,2.500621601160539498e-02,2.775896377548255772e-02
2.569346688277862611e-02,3.259293018208127973e-02,5.648425937339438159e-03
-9.918939365537992117e-03,-3.710781787057776393e-02,-1.685192778029915434e-02
-1.189475929708290643e-02,-3.512473999986807233e-02,-1.972654043287169062e-02
3.136480774087106130e-03,3.455925118703218751e-02,2.377385476170822132e-02
5.312209986591759706e-03,4.020793676729494948e-02,1.137914634036475692e-02
-1.169522893645908931e-02,-2.912047654109980316e-02,-2.818883596439433759e-02
8.898821208332444513e-03,4.026028432234866200e-02,-9.182596607020762983e-03
2.078183334967396642e-03,4.194544447991761099e-02,-5.066561789773279569e-03
1.157797508490475413e-02,-3.728721705386173202e-02,1.643269254856245809e-02
-1.975133454027975036e-02,-3.480735119197439498e-02,-1.406283660930846176e-02
-3.577929606535395352e-03,2.010034979560198706e-02,-3.725072393819287703e-02
-4.137322114297689937e-03,3.315447452318515814e-02,2.632713044242683889e-02
-1.502019883179837693e-02,3.627985693600062345e-02,-1.651160971196861602e-02
-4.173997352588098425e-02,8.615635564931865137e-03,1.739773266992447262e-03
-2.574097138829654213e-02,-1.500889060889060503e-02,3.060443675042739606e-02
5.463165674099333506e-03,4.236070922750879986e-02,-2.288118876680596183e-03
-2.217099437807550089e-02,-1.170121490156675326e-02,3.472831334421926097e-02
2.610760868420164069e-02,2.658912319932237381e-02,-2.123571129750314104e-02
6.685520888809230559e-03,3.198300520314493328e-02,2.787387057746470304e-02
-3.979187564485675566e-02,-1.323998214527068173e-02,9.533574017156442454e-03
2.840663100041786876e-02,3.086918680676792662e-02,9.734232580580764668e-03
-1.404761315731164334e-02,-4.066449926300833712e-02,-2.946379397282904763e-03
-2.998577448045984875e-02,-2.459006665713790382e-02,1.899527553617607820e-02
-9.920410673987491851e-03,3.865303945813621661e-02,1.664895229972928117e-02
-1.462956792064425138e-02,3.984494282268533083e-02,-8.546202084329384760e-03
-3.232713817904198789e-02,-2.866049918329536747e-02,3.638058495474891588e-03
-3.671665843053415618e-02,-2.299249527326165110e-02,2.821149569037554716e-03
-1.105690159162964724e-02,2.098069866634331721e-03,4.198921118103542821e-02
-3.485454990443452583e-02,1.663832921709143325e-03,2.602244096188202974e-02
1.394465581862520433e-02,4.129464268313721292e-02,3.155256615934187605e-04
2.335671441021149389e-02,-3.464337852493672154e-02,1.261454030221817631e-02
-1.708761459697010106e-03,-3.605928447273407111e-02,-2.463049490549189952e-02
-1.286780164451300015e-02,7.366249920639612349e-03,-4.117084781276331151e-02
-1.894746849710360684e-02,-2.486275988242148127e-02,-3.070416211579888102e-02
-2.328922619974840152e-02,8.055285621741599747e-03,-3.629961340796649533e-02
-3.093876218414337033e-04,-3.662715307833307871e-02,2.425536914029617283e-02
-3.763866464560284425e-02,1.906244687212375888e-02,1.244795199110896103e-02
-2.671929113548601048e-02,3.929082798106632406e-03,3.479468370237329133e-02
-1.897511066604264801e-02,3.119194926092580533e-02,2.473999811317613429e-02
-3.324751540848493864e-02,-2.057259627590042519e-03,-2.899073092152174361e-02
-2.634876263969465615e-02,-2.767033917950249139e-02,-2.225354273621262327e-02
1.200450578258076273e-02,3.160555032692380362e-02,-2.858566402920337257e-02
-3.416243355427651257e-02,-4.184554655528704287e-03,-2.793941657419752797e-02
-3.215580992462040849e-02,-2.126615828696214183e-03,-3.052392334982253347e-02
-3.989387109439202633e-02,7.090862061020479327e-03,-1.826097709629515703e-02
-1.268854928696043667e-02,-4.024670007062246951e-02,-1.412462271012289786e-02
-3.423869620450723655e-02,-1.839411070080038818e-02,-2.178776085090685516e-02
-3.719934383861921851e-02,2.383541363412643860e-02,6.201443968205096885e-03
1.631008302039605546e-03,-4.356316431471288914e-02,9.747064780194108699e-03
-3.905888051313957665e-02,3.087593973723754860e-04,2.178904287334842288e-02
7.806300178444297057e-03,-4.234511972425362980e-02,-1.230635167586171391e-02
-2.590414923858860505e-02,-1.564327250940964614e-02,3.308772477876149865e-02
-4.311078094466213456e-02,-4.158173633696879944e-03,1.182142256048732652e-02
-8.127027755607191609e-03,4.143336303640161866e-02,1.542225220265192390e-02
-9.421632268283778103e-03,4.348891370995580652e-02,6.753376223374229874e-03
-3.027210081407135864e-02,1.867008928107725257e-02,-2.767186415327163237e-02
-3.475899258656249546e-02,6.969640230850711847e-03,2.791030497250767892e-02
-2.034051564688101662e-03,2.295743900933536544e-02,3.885372606800226170e-02
2.196482452789914885e-02,3.865949017084967937e-02,8.296333516464610147e-03
8.057558293424650284e-03,-4.003154453173368710e-02,-1.958152412474135212e-02
-4.522632869402736823e-03,4.443096112331863801e-02,7.833734710815965299e-03
-2.936635458695435394e-02,-1.836969997668513183e-02,-2.934537162948467476e-02
2.011849197859868349e-02,-1.084302938710299952e-02,3.928998100104953012e-02
-8.288106056682719228e-03,-1.569117155266622557e-02,4.190669497995416076e-02
-3.204927886415740584e-02,-1.904410969666526371e-02,-2.619717151257110535e-02
4.128782764377243036e-03,-1.780900369841295801e-03,-4.539777689382957365e-02
-3.156740208997006747e-02,3.670181344430541713e-04,3.300896687362887827e-02
-2.396088988183489588e-02,2.301897556130742817e-02,-3.142103918779247385e-02
-1.117338628556334423e-02,3.020225547578099176e-02,3.254705078132979351e-02
2.013088726297158210e-02,3.924531180869429703e-02,-1.248749485949117097e-02
1.844383741734036391e-03,-4.460695845646321656e-02,-1.064217404831815927e-02
3.206466362234406363e-03,1.138225611641408529e-02,-4.440332477889167434e-02
-2.592096576766388105e-02,-2.811413354664734146e-02,-2.557824628620641513e-02
-2.664564403220262903e-02,-3.674663033153805630e-02,-7.829304368965098529e-03
3.903352279665735572e-03,-2.494455604629181728e-02,-3.859006106075801162e-02
-1.384732067951179209e-02,4.178036134649061595e-02,1.394166045048125628e-02
-3.221279150350651183e-02,-2.854271389830175323e-02,-1.686488476208002421e-02
-1.949072954376082287e-02,-5.349409972827605213e-03,-4.163325972885406623e-02
-1.527464815212151161e-02,4.222074797007536323e-02,1.144490702333933810e-02
-2.568666410369082470e-02,-2.396233244872464710e-02,3.029775130644784750e-02
1.771661264461618949e-03,-3.113105358474151096e-02,-3.441992211558648346e-02
-2.097880588735599391e-02,1.938891604442117764e-02,3.668832277182581397e-02
3.769427271605355068e-03,4.433860763897867069e-02,-1.367533251839848918e-02
-2.323757585051456145e-03,-3.681371652504682873e-02,2.848768186181958526e-02
-3.853378321547092089e-02,-3.823193710862679822e-03,-2.603442773435347621e-02
-6.780801261678359899e-03,4.621001436202274576e-02,-9.899511039324359902e-04
-4.544042471427810898e-02,-2.550279843687254088e-03,1.077279270431893456e-02
-4.114812904407822575e-02,-1.821578559694352756e-02,1.294104998061675234e-02
-3.624846115298327454e-02,-2.954584105482346151e-02,-3.257652511427051954e-03
-2.183104228817857664e-02,1.553300947177989116e-03,4.151601459743173295e-02
1.640243343547862290e-02,2.097334279755900047e-02,3.871346997400092194e-02
-1.892659455917980807e-02,-3.272711403599759712e-03,-4.293943343403534840e-02
2.708796513117028848e-02,-2.648739233005206056e-02,-2.797230786844109862e-02
-1.773074316192879349e-02,3.385047464927391780e-02,-2.761566494401081900e-02
-9.269197660308009512e-03,4.226183091159118471e-02,-1.886660163791175487e-02
4.429710875458982289e-02,-1.630483844517918376e-02,2.217550697603186578e-03
2.146089203543595850e-02,-3.556183391721771253e-02,-2.264633416213977790e-02
1.626055074121727020e-02,-3.082690216476288367e-02,3.206928286927782784e-02
1.767774890623027492e-02,-3.868883284874394257e-02,2.094960441621092351e-02
-2.733053079849160488e-02,7.015580406694565604e-03,-3.817213033955149659e-02
7.098390884799697412e-06,3.890238762483359120e-02,-2.729405671992514437e-02
-4.823422710076693577e-03,-4.239319459515634991e-02,-2.104727005755603966e-02
1.832576073609023647e-03,2.969255499939163143e-02,3.719549675171574671e-02
-3.550929654168943905e-02,3.036992718854619397e-02,9.504940839216050735e-03
-2.036718175902596517e-02,-1.966278220091516749e-03,4.312742243638756356e-02
2.749657222401019618e-02,-3.823313073299353798e-02,-8.118257006197646813e-03
-2.253550128462202332e-02,-3.937664862386362069e-02,1.518053110605177211e-02
8.077873757091446998e-04,1.031902366184351584e-02,4.676282174429554489e-02
-1.002479878901448365e-02,-2.512891253731288320e-03,-4.682055146179060767e-02
-2.931760920867695300e-03,4.006313566548347360e-02,-2.627555283269918454e-02
-1.549902900808802775e-02,6.069072631576502043e-03,4.507861567835402122e-02
-2.816622287217233900e-02,6.070140211809064990e-03,-3.852315258449608842e-02
7.303336732943636889e-03,-4.655507641559728654e-02,9.928941182174175206e-03
-4.794676730877506926e-02,4.580160485178385969e-03,2.123570644327335381e-03
-1.466180328233732816e-02,-4.598168173617589449e-02,-4.235691352563593316e-04
9.489882132731927711e-03,1.805547372169967121e-02,4.380055220349345080e-02
1.450062407211659583e-02,-4.611444142061855989e-02,1.679524434601976099e-03
2.171529366837859215e-02,-3.338375645336304903e-02,2.754426391368876986e-02
-3.229921681494789254e-02,8.680883342282937369e-04,3.613596626796889560e-02
1.023057866852912883e-06,-4.516544547326006853e-02,-1.774738679255960863e-02
-4.665172864647254558e-02,8.615371654452813263e-03,1.045780584995483278e-02
-4.272442881694726163e-02,-2.156885064719967285e-02,8.629553903331947315e-03
5.479000636271711029e-03,-3.552013382791024271e-02,-3.283976786555360683e-02
2.550388183527208669e-02,3.409391372780563867e-02,-2.371487744347770127e-02
1.109601794997219087e-02,7.622484548660710298e-03,4.689460315095895365e-02
2.041062023910084761e-02,3.453401905585513215e-02,2.786082930317501302e-02
-3.772977335285350453e-02,3.108001464588900156e-02,-1.002627780072346203e-03
-4.018263389937760943e-02,-1.152123004718768294e-02,2.546010360223722666e-02
1.304703303622093205e-02,2.629889181378567559e-02,3.922798549341282442e-02
1.663954870609035339e-02,-3.878919752996641546e-02,2.498615133201319977e-02
8.931722274603374340e-03,3.022694380949063689e-02,3.764882443499471820e-02
1.048375536033854631e-02,3.472054773373766529e-02,-3.317447745091949701e-02
-3.671712936364935481e-02,-3.186062597007648101e-02,7.603892694999629144e-03
-8.480833646594188036e-03,-4.476389907478570476e-03,-4.831354380485167882e-02
1.865724560293308826e-02,-4.139640346890662709e-02,1.922243283024580723e-02
-2.668253804909933094e-02,3.645649603089699126e-02,1.988264012051819615e-02
-3.641750673982757647e-02,2.861716577444753384e-02,-1.721260152089752749e-02
-2.244726632861321347e-02,-9.960941201370795972e-03,4.293539695473808093e-02
-4.436938202832676516e-03,-1.752933464649784542e-02,-4.609428070727395604e-02
2.105735392001423928e-02,1.127913007794668909e-02,4.342942508564377746e-02
5.958273257356727984e-03,-4.903769304216343966e-02,-4.652866689915505227e-03
-2.734742617382514285e-02,8.395502508942095932e-03,-4.060270208292952182e-02
-1.581225710931681572e-02,4.678510830083824207e-02,-5.759574154650041848e-03
-3.513815141418168836e-02,-1.301778223465339783e-04,3.524828613596791421e-02
-2.583454443397857278e-02,-1.902287533010580886e-02,3.811767312748703257e-02
9.778464122783596391e-03,-4.605243620747019595e-02,1.645927646594461113e-02
-2.362516638108850403e-02,-2.297248371606197548e-02,3.750430481560233092e-02
6.608568681485493899e-04,-3.358100076953489301e-03,4.985826861133911547e-02
-1.821747543093956562e-02,-4.357129629828029524e-03,4.638754625225710582e-02
1.619841728886308634e-03,4.370636744490728059e-02,2.439057674433519479e-02
-1.529644656826485358e-02,-6.430334967423226820e-03,4.730270795497522329e-02
-2.913993743535727224e-02,3.335695652490661828e-02,2.358306357943669787e-02
-1.683087350620351627e-02,-9.187380402514346706e-04,4.731773461038039919e-02
3.383141214508354061e-02,3.665519715924751148e-02,6.326975605838249667e-03
1.841427954579663226e-02,-4.590623428720714411e-02,9.318739885781126761e-03
-7.566032766120777374e-03,2.461280191135957127e-02,4.330567128726148241e-02
-1.119236369280419974e-02,3.500676958973020919e-02,-3.453668868446131690e-02
-4.910357813250669674e-03,-3.556270080089291713e-02,-3.549392752561614933e-02
-3.722982314602926723e-02,-6.638912352262950865e-03,3.352032742693462908e-02
-1.629539001503900030e-03,-4.483203723761625993e-03,5.035974979682767555e-02
4.174355077148943736e-03,-4.901945481528795917e-02,1.198494924253778321e-02
2.488430741948693264e-02,4.326305748639155957e-02,8.840994662140968380e-03
1.112399346695937957e-02,-3.419610284775255471e-02,3.579219017722184981e-02
-2.562330055572045739e-02,-1.253568121698664644e-03,4.383134312146051009e-02
-4.495268020987391172e-02,-1.893191530346590920e-02,-1.432708395600247597e-02
-3.184313071833577008e-02,-5.545113344828723253e-04,3.968941114166960743e-02
4.425288262685418868e-03,3.856197355787167880e-02,-3.298558045105039888e-02
-3.095889939476119401e-02,2.582922895716082551e-02,3.121172272818214383e-02
1.430202922381875429e-02,-1.437679989221650988e-02,4.683642711763883609e-02
-1.829806523743509813e-02,4.764611018518486590e-02,-2.244643540133355302e-03
-6.073399046159172997e-03,-3.617866992419294797e-02,3.562787800484853301e-02
2.314065778855805069e-02,4.363405754989467533e-02,1.344715821145430271e-02
-2.859915636372353451e-02,-2.889880025729067714e-02,3.118195309910829632e-02
1.638696085270008318e-02,4.022609179573072291e-02,2.727299148616941712e-02
1.467537222459102189e-02,-4.302654316367419962e-02,-2.385283810299309443e-02
3.711338786160467418e-02,3.499548452184907815e-02,-6.216274513428683181e-03
-1.234124417332464231e-02,3.786807877733175398e-02,3.255079079679121246e-02
1.824672327419911769e-02,4.426112034410088075e-02,-1.894689835918918555e-02
-3.162775304722421910e-02,-3.731969720727351669e-02,1.621799676189136438e-02
-4.855965097794919146e-03,-6.339428395244365265e-03,5.096521749148986286e-02
-7.861978812027612187e-03,-2.178080940401188811e-02,-4.615335619353846258e-02
-3.416765603638375476e-02,1.796404997627996589e-02,-3.437057110071022048e-02
1.070248213596367536e-02,2.161709353731731953e-02,4.576850673213732346e-02
-3.294467605564291995e-02,-3.062013302499118697e-02,-2.566671481423011755e-02
3.857462575956972090e-02,3.312169552656150928e-02,-1.008975624704461227e-02
-3.818147611311999839e-02,-2.078330587378832400e-03,3.506899673885411489e-02
-1.487779976065457810e-02,-4.591772759635129320e-02,1.916562373573799799e-02
-1.740269249427515638e-02,1.742634123503171775e-02,-4.577887737206354918e-02
-5.150667645860243504e-02,-6.644367564159955062e-04,-7.347593274594324195e-03
-2.240077946529639430e-02,1.959786098788652078e-02,-4.273903508472690765e-02
-7.482046178296191188e-03,-4.753878995844126182e-02,2.004269578828774337e-02
-2.439998777261782881e-02,-3.746596012597222525e-02,2.690168929388561322e-02
-2.044026194002128774e-02,-4.076359284598591454e-02,2.546400501179114234e-02
-4.746600612656168283e-02,1.097210874588351592e-02,1.896350371611390390e-02
-3.239038835370148996e-03,1.351321647517619851e-02,-5.044856971464033862e-02
-4.662791852815157539e-02,-5.747748351057379787e-03,-2.315363918465107931e-02
-2.997497606575471457e-02,-2.576854859012175231e-02,3.443700861553403159e-02
-5.648112485394921577e-03,-5.129761558377864822e-02,-9.498071365522607265e-03
-3.025501025764865820e-02,2.610206340923152887e-02,-3.408829979608671290e-02
-2.883645820863215727e-03,2.734052680840023605e-02,-4.481084634185500404e-02
-2.222888964806485346e-02,-4.759711784051110645e-02,-3.059314389478245272e-03
4.500905501529300912e-02,-1.586246826873626004e-02,2.228616138340365135e-02
-4.209850781870041331e-02,-3.070420633689834727e-02,-8.013216968209139687e-03
-4.572317634950998771e-02,2.270677730231739078e-02,1.334826361997024091e-02
-7.784317610783273583e-03,-5.125019943526124694e-02,-1.011650245073412828e-02
-5.001928125488174642e-02,2.585813159010789085e-03,-1.691292945614716534e-02
-2.278165760650189761e-02,4.738121422553325662e-02,-5.984911980066840061e-03
-2.723256060784681395e-02,-3.349432765821318270e-02,-3.068324657258841501e-02
3.279031702813049037e-02,4.164628340017306751e-02,6.837876914513674534e-04
2.038864247992156365e-03,-1.309081100197707903e-02,-5.137802477458266320e-02
-2.071680418330204901e-02,1.770683185151713385e-02,4.558127541139268130e-02
-2.030428646965737674e-02,-4.592268899690826051e-02,1.744582610292405578e-02
-1.889242103987914465e-02,4.908342682466909634e-02,-8.034429545471477932e-03
-5.830180252845860479e-03,-2.236488138458254601e-02,-4.797524442741230022e-02
-3.827496484597183585e-02,2.293440555652907428e-02,2.915456344401482283e-02
4.788731469752271867e-03,4.613606173985201203e-02,2.635576183797436536e-02
-4.844528134219708987e-03,-2.404973365036545269e-02,4.742764918083488407e-02
-3.447976837566434777e-02,-6.285947269334320534e-03,-4.034873714798306588e-02
-6.759673799315694259e-03,3.946744061909417817e-02,3.547060131802044769e-02
-4.690871131353777784e-02,3.591874524289773163e-03,2.556081285179973017e-02
-3.432269146999708531e-02,-2.515941867017058159e-02,3.256976407160051129e-02
-4.371261874261656022e-02,-5.814551300834861630e-03,-3.053490516873433661e-02
2.616491118822432231e-03,-5.051729009760789341e-02,1.798026973720753471e-02
-1.660332465461175980e-02,3.094338362513006369e-02,-4.067087289112605170e-02
-2.584322313732791490e-02,4.325033671602343532e-02,1.881411191300350408e-02
2.998941535115604365e-02,-4.462704787507433546e-02,2.578425942074327477e-03
2.533741083324729526e-02,4.678560954347250889e-02,-8.477113033228721520e-03
3.261285031347966462e-02,-4.143953070100987734e-02,-1.127206752873200629e-02
2.698564689393770366e-02,-4.143656059283610388e-02,2.162942217133051806e-02
1.784608199405080670e-02,5.089086019357180052e-02,-3.136540192951583258e-03
1.446298813885039079e-02,-5.208555320987311166e-02,1.127881278901352816e-03
-1.783293209040185540e-02,-3.351621261322398904e-02,3.856372053039371084e-02
1.615136635630923245e-02,-4.984727894801981724e-02,1.371307389020938287e-02
-2.207802415564668469e-02,-4.797251329160144226e-03,-4.927849810487084509e-02
1.215519239213169907e-02,-4.577398993003636146e-02,-2.647590184834847093e-02
4.985195873474446149e-02,-1.734068043223413111e-02,-1.277579735502023563e-02
-5.017297818725328235e-02,1.869805357997663189e-02,-9.346199257158663634e-03
-2.127960779088774665e-02,1.851996582088308654e-02,4.651499319000402394e-02
5.124203096201118170e-03,2.867592621023817845e-02,-4.600053161088546450e-02
3.027580172233695389e-03,4.355648735865098875e-02,3.261045193760758742e-02
-3.800360002679856186e-02,-3.058770059710027786e-02,2.439375484792294380e-02
-8.704012117744830065e-03,-3.501406335839375716e-02,4.096770539584208143e-02
-2.273409912703054994e-02,-3.868468689249996567e-02,-3.117555428339409060e-02
-3.892654511488554542e-02,2.767739994147027163e-02,2.662907715338355338e-02
-2.822797376433042876e-02,-1.650268639261972398e-02,-4.389108953473418867e-02
-3.126491284411488103e-02,7.447603771937884830e-03,-4.435974685318300886e-02
-2.445236923532489656e-02,1.966584142079080832e-02,-4.495830741503289291e-02
-3.113373704042037005e-02,-4.178492902260587394e-02,-1.719849176441597127e-02
-4.121806569480222088e-02,8.809085014267555372e-03,3.520957989125229198e-02
1.300350066534549168e-03,-5.230398097141418512e-02,-1.685265735556942465e-02
-2.762564673739638724e-02,4.564161109889050549e-02,-1.342547337149147327e-02
-5.395193769940283268e-02,-1.091899473764563512e-02,1.306637982599517626e-03
1.163017450746473870e-02,1.329482517573250810e-02,-5.220055506655099653e-02
3.405716610598816252e-02,4.287177606404238978e-02,-6.648306177066859966e-03
4.627220706550065621e-02,-2.976038152861032113e-02,4.522297411327856967e-03
-4.708233418032405082e-02,-2.741521717807628503e-02,9.169387914258479017e-03
-5.171926375380934277e-02,-1.904641508354696852e-02,4.465438616250536237e-03
4.661641734195415623e-03,4.925760253624336671e-02,2.479348216096423363e-02
-4.289627635947133172e-02,2.311953669872286038e-02,2.633109863422867722e-02
-4.476656029514486379e-02,7.516999172261418141e-04,-3.268780183551399376e-02
2.506558535590310693e-02,-2.904673352318956972e-02,-4.007840544196785565e-02
-1.152463768989537077e-02,6.580730479300626011e-03,-5.391961159746419541e-02
-5.456916495434146336e-02,5.955673047565255424e-03,8.680887431352934253e-03
2.621727901219779791e-02,4.905448532946769108e-02,-3.279580198392216214e-04
2.889971637443958241e-02,4.679478971623134836e-02,-8.603744786714979595e-03
-1.797659735636717576e-02,7.736512322001140238e-03,5.216449107536179353e-02
1.232766526190420125e-02,-4.827435879719203793e-02,2.503870087514845078e-02
2.673729008976216334e-02,-4.509367762283471304e-02,-1.913571983068112006e-02
-3.073451401215977416e-02,-3.081739929032759409e-02,-3.500504571522655706e-02
-2.253273410346755962e-02,5.097650143986135612e-02,-4.304086669817799686e-03
1.361776453147503984e-03,-3.710538901814051244e-02,4.184933978194217002e-02
-5.269207638831283069e-02,1.658766785041208836e-02,9.143568331006917543e-03
-3.092538072877317260e-02,4.637570712697343389e-02,-5.770988320139066631e-03
-4.030862989367337001e-02,-1.699604184588482739e-02,-3.509869807116865192e-02
-2.280168374999841721e-02,1.099877081633661609e-02,-5.009851019527603033e-02
-3.032388252649398375e-02,-1.004171882107402977e-02,-4.621209305377570187e-02
-2.813581545271336831e-02,3.874487243252599383e-02,-2.946733904172242277e-02
-8.825482622269566549e-03,-5.267745456991920067e-02,1.770570581819521511e-02
-3.061060007779821054e-02,-4.628793621025231037e-02,9.586256298145301447e-03
-4.155637143122851984e-02,-1.179931078957443050e-02,3.620091133648805498e-02
-2.408440449918472677e-03,-3.837805898924206982e-02,4.126948011922061677e-02
-4.552596310411840402e-02,-3.156912174363595003e-02,-1.085392560871142192e-02
5.276795645392305667e-02,-1.814699243120777503e-02,-8.856923234440197343e-03
-2.567623358489872290e-02,-2.517344337393978559e-02,4.363977328860042804e-02
-3.851875595312057032e-02,4.141369873726713502e-02,1.949001643988808362e-03
-4.687002096871210714e-03,5.267991440615727577e-02,2.026408139272949799e-02
2.209106566155505727e-02,3.591956781491464912e-02,-3.787784653595557133e-02
1.630311700369390260e-03,-1.443670846774621278e-02,5.483678889018499952e-02
-5.517653424550025831e-02,-1.053860403747193227e-03,-1.333334455282841197e-02
-4.977389962876568180e-02,2.632286480585506461e-02,7.628448282097076080e-03
1.222353512365795952e-02,3.963428445895173652e-02,-3.890277927401859098e-02
4.060055013817490122e-02,2.224142994190904735e-02,3.310319968721205791e-02
-3.068943264636533885e-02,-1.405720103489623831e-03,-4.796124642420234591e-02
5.775773730370824255e-03,2.499917184474488921e-02,-5.090158855640720958e-02
-3.924861223300324387e-02,1.098667400960694554e-02,-3.991642891395991155e-02
-1.584206815887904268e-02,-2.717498067644819049e-02,4.764686510843296058e-02
-3.816910964769747866e-02,-4.193677763875679199e-02,7.020924251070409690e-03
-5.055800370648864950e-02,1.582065516022131829e-02,2.153268472434103492e-02
-2.743904007521803801e-02,3.764771529529114657e-03,-5.008174594870676288e-02
-7.900165368371892677e-03,-3.942096104061394886e-03,-5.659061628180579728e-02
8.499110114483041795e-03,5.391030935180662897e-02,1.752397485824836246e-02
-4.051127309537474325e-02,3.062210640270623951e-02,2.668267891786166648e-02
-1.550013380673815125e-02,-5.143172492728503506e-03,-5.503936907101669024e-02
-3.342058195342394872e-02,-3.458169025375869982e-02,3.143894024990255553e-02
-4.714926661190051854e-02,2.858651183698334916e-02,1.631536468445310764e-02
-4.865199798467174930e-02,3.040247763169518988e-02,4.506013353436946929e-03
2.224096865060995812e-02,2.368600857533094406e-02,4.755147313810076382e-02
-2.018947929287848858e-02,-7.930757572773668856e-03,5.339960559914587457e-02
-3.886639100743462943e-02,-2.823103854975041183e-02,3.193182637679476549e-02
-5.554149975723850913e-02,-1.341596796252788335e-03,-1.567711360578094917e-02
3.870564130237559575e-02,3.414774640750208728e-02,2.595064024545002193e-02
-4.958335037246660443e-02,-8.241358079176325929e-03,-2.857279044770529020e-02
4.336070301711675984e-02,2.780098825211516425e-02,2.636265133050783721e-02
-3.591676512311272208e-03,-4.490128652906433260e-02,3.638972538198916723e-02
-2.764346943629385905e-02,2.376320218277675964e-02,-4.505097033329142492e-02
-4.508731181264012677e-02,-2.923144307067973569e-02,2.182434212046044722e-02
3.849615116943097548e-02,1.568329433210538873e-02,4.050838992507115044e-02
-4.147118728688321820e-02,-3.504406620261558969e-02,-2.064238788067343511e-02
-5.395667067048651871e-02,-1.589499736808939676e-02,-1.467264049848338199e-02
3.955393571484257242e-02,3.505181646156214914e-02,-2.431712106175202073e-02
-2.759088561349543056e-02,-3.795966257960273205e-02,3.445982265473958306e-02
-2.343381882271293459e-02,-3.806336067307687209e-03,-5.320946769023870287e-02
-4.085907370793543519e-02,4.118959948785431979e-02,-5.834429785117663074e-03
-2.358969078758948665e-02,9.481193261103521355e-03,5.252551264064446446e-02
-3.319045012379481796e-02,3.870593585815371163e-02,-2.847366071808307003e-02
-5.171172514593613129e-02,-2.335660885451068883e-02,-1.400286565545302668e-02
-3.797490189890697504e-02,2.180395722479586823e-02,3.877394396610524263e-02
-3.577371662090540055e-02,3.867949574898100346e-02,2.550044293164678913e-02
5.192584562479538729e-02,8.484549676856334086e-03,-2.575004707768814571e-02
-3.997734736838978037e-02,2.558257490807447354e-02,3.440786240144836500e-02
4.960532654142794928e-02,2.473006519708883036e-02,1.922251814485648538e-02
-1.986856827191410893e-02,-5.219046959534859309e-02,-1.812118210296386270e-02
-2.079638043875921272e-02,5.272575616348221250e-02,-1.548227974798238420e-02
3.369569794012180347e-02,1.978484997679145346e-02,4.393824839894473755e-02
-3.848404731048189059e-02,-3.073262867963133527e-02,3.220416380117051280e-02
-3.189104524330430707e-02,-3.497514913122164865e-02,-3.503625953443733482e-02
-4.675564255286419890e-02,1.989123328106192495e-02,2.985470806171090438e-02
-3.684155133946637878e-02,1.307245830090529928e-02,4.415973426407505259e-02
-1.314187176038165246e-03,5.788131134501801889e-02,-1.146797677549670456e-02
-2.757483007305342251e-02,1.241929249263611611e-02,-5.073554025365977632e-02
1.601970230449639709e-02,2.315307190898491935e-02,5.197333061276695337e-02
3.716643000177066725e-02,4.390280641085995278e-02,-1.379641560621111020e-02
1.023871942699509582e-02,5.827486449154595238e-02,-1.889143552249086117e-03
-1.692714477791504996e-02,3.071802575529929483e-02,4.774362781334268863e-02
2.351182922733591543e-02,-4.857179142958095719e-02,-2.455146196416564328e-02
-4.654541726419040432e-02,2.814558759500785171e-02,-2.369324917226273489e-02
2.376572992178674695e-02,4.092667876575656338e-02,-3.585300489528078088e-02
-4.458328121869629262e-02,-3.040234255582559969e-02,2.486948143362517280e-02
2.934100262730901087e-03,1.459856886533189568e-02,5.756698387503207670e-02
-9.451300736202293508e-04,2.277204040162605220e-02,-5.496770088550059774e-02
-4.128315774481518957e-02,-2.050698250445152568e-02,3.770007222963337595e-02
-4.841353344111148926e-02,-3.474443520398538821e-02,5.556020020169629694e-04
-5.780363522104770002e-02,1.345956222148947910e-02,5.844578574639921163e-03
-4.899306378219036445e-02,-1.883168729705289937e-02,-2.840512295745808297e-02
-5.732664845514515162e-02,-8.055993557095205912e-03,1.468965211494364237e-02
-4.154948633218764203e-02,-1.549511884885834169e-02,4.007239580863266454e-02
-3.716977338847078649e-02,4.498187806852037285e-02,-1.313470791131432502e-02
-3.215658334671323698e-02,-4.965066795891588669e-02,-9.136434841606592278e-03
-5.418372622760420088e-02,2.546929171606125350e-02,1.837362533370136622e-03
-1.814844450078072907e-02,-5.177048359466249888e-02,-2.415814088877157872e-02
-1.652603754604281203e-02,5.268245651170921917e-02,-2.344872390204131088e-02
-6.108555875163962021e-03,-2.492617110844979472e-02,-5.426780275273639792e-02
-5.196461863991487518e-02,1.508814316307648985e-02,-2.609366654625538615e-02
-4.792601949490669228e-02,-2.439255490404556442e-02,2.687346787774810841e-02
3.301205001488323465e-02,4.165698168742193452e-02,-2.818181388426346801e-02
2.093534690806631710e-02,5.488824750257690482e-02,1.317335043783758770e-02
-2.407852974839615537e-02,-5.426525288630599381e-02,-1.026081624997589835e-02
-4.243642114624127104e-02,4.280894795456183927e-02,1.246716299588871649e-03
-3.812370652531202331e-02,2.057057958077402465e-02,4.199616085631021484e-02
3.851670649986302809e-03,-6.002935328205238202e-02,-5.207523260881945747e-03
-9.344402071580533084e-03,-8.867067966674411703e-03,5.903192667216948519e-02
-3.688996832779781188e-02,-4.124714173427063320e-03,-4.772905617963267566e-02
3.660025575964748895e-02,-4.799788084467480898e-02,-4.219691412713050607e-03
-2.572170021237867726e-02,5.290253601889026436e-02,1.435732118341110676e-02
-1.832142749305206136e-03,-6.056232758368434999e-02,-7.080954155782546999e-04
-1.853871682614011487e-02,-4.906756984562345679e-03,5.752503948765765041e-02
2.701633879910645547e-02,1.510635233057654875e-02,5.219236816097845566e-02
1.074340205804742536e-02,4.700119405428492686e-02,-3.691656973185462182e-02
2.122660500620333554e-02,-2.959531949066617276e-02,-4.864311477114564852e-02
-5.078941978433531429e-02,-3.116746956917233746e-02,1.211888056292012746e-02
1.612615976638321486e-02,-4.811798489118659927e-02,3.358109344591518608e-02
-2.638125334632438271e-02,-3.307478090404896570e-02,-4.379967291895475734e-02
4.527197429678556789e-03,-1.041531944633517642e-02,5.987143961923237223e-02
-5.081051024861418103e-02,3.237212977413174431e-02,9.441536016890888366e-03
-1.275731178477081638e-02,-5.924750096897207774e-02,-7.143635638128855055e-03
5.053256908482530417e-03,-3.361970406658047750e-02,5.072937553931466254e-02
-1.172982628702223459e-02,-5.952579070541948181e-02,7.322793055354645531e-03
-4.659644404320765348e-02,-1.016715346738002179e-02,-3.827761321855333021e-02
-4.326429645971976989e-02,3.480628104965936831e-02,2.572436766354186180e-02
-3.031730619207364738e-02,-1.856529024732292074e-02,-4.986436413243736793e-02
-4.800662558074487302e-02,-1.134400814165720424e-02,-3.636188142987632071e-02
3.383113207581280729e-02,4.713330649117351140e-02,1.986606490939922531e-02
1.257174454052799144e-02,1.793921490818733977e-02,5.732483217022126681e-02
-1.573470332050605144e-02,5.362889600828836534e-02,-2.544813443175034107e-02
1.657642080321147446e-02,-5.824177046066069535e-02,1.046960540813035578e-02
-3.591449325023345768e-02,-4.972893130925892108e-02,4.350217854990574839e-03
1.424484474321395522e-02,3.856980972683142495e-02,4.578694744051331478e-02
-6.019871959893795255e-02,1.145119282362493975e-02,-6.101072253581330332e-03
-2.450155071612131544e-02,4.290508810994713568e-02,-3.682818793487659115e-02
-1.570219720648940651e-02,-5.521711673429355316e-02,2.252219289768525590e-02
-5.415004068205134247e-02,2.669942868610555159e-02,1.276331623753170462e-02
-3.225980929900623684e-02,4.359848489587933584e-02,-2.952484171927114570e-02
-2.243389550966877130e-02,-5.361685074820569941e-02,2.098676375409197492e-02
-7.003836028404477818e-03,3.738434707778533206e-02,-4.875550729162807934e-02
-2.837840477995009353e-02,5.492463841368824123e-02,2.635370547693900809e-03
5.050918388711110769e-03,-5.324896700663819815e-02,3.119749758612001475e-02
2.978458094746406007e-02,-4.501411142801660381e-02,3.043205723275527880e-02
-1.585109544164668358e-02,5.488689984760331680e-02,2.410242553025540579e-02
-5.849466963488248600e-02,2.044773109586918783e-02,3.205377087564261970e-03
-2.326310413407015748e-02,-1.870784587102136340e-02,5.444363966682698452e-02
7.771441645410963632e-04,-1.182634593527154450e-02,6.099225123602500936e-02
-8.475831562856503615e-05,5.255828491257189677e-02,3.321742245897724849e-02
-4.845840803730082358e-02,-3.019720212259241823e-02,2.471732421779156141e-02
-5.987692263200224824e-02,3.112372574346366442e-03,1.677375209248630969e-02
1.635691077394752987e-02,2.946883293598814499e-02,5.239836530006986015e-02
-3.526306433477065932e-02,-4.565553285229945191e-02,2.364099371739339372e-02
-1.385938397019572527e-02,-8.066318720627319375e-03,-6.029028337124904546e-02
2.406862964016395073e-02,-4.411896980146194636e-02,3.703435592360617562e-02
-5.648329662555996028e-02,-1.995240732785151863e-02,1.772355696094113711e-02
-3.352601426755519309e-02,-3.620014154695179454e-02,-3.838492668808551889e-02
9.304207960815588652e-03,-6.185902345558288995e-02,-1.639749407746657087e-05
3.125708365429164665e-02,-5.382729734136489780e-02,-6.632174515640103761e-03
2.091923686195192728e-02,-5.542135565316787249e-02,-2.035901861647387845e-02
-4.858916753140466588e-02,2.984195701542680448e-02,2.602774933244675001e-02
-1.594763874860558733e-02,3.884801722668534962e-02,4.659035324367210434e-02
1.745012932255149071e-02,-5.483372684949070625e-02,-2.506342970290433708e-02
-1.994610026396094818e-02,5.644861251245026496e-02,1.898398176797154446e-02
-3.698883928688376233e-02,3.949436920399953393e-02,-3.196825427162451605e-02
-5.943931902578477450e-02,-5.008863280697304493e-03,1.992719267735280561e-02
3.062664441682810129e-02,-5.442750827446520001e-02,-7.754686840706417894e-03
-4.213599536457818262e-02,3.968825281250891457e-02,2.480214932579935527e-02
-1.467093362454557209e-02,-5.222233349407981451e-02,3.207186264623957533e-02
-5.878986807618148680e-02,-1.192456952713748415e-02,1.943800877136721977e-02
3.360676052614867265e-03,-3.796128434090983994e-02,-5.029110177409921306e-02
-3.628663404727717340e-02,-3.672021131952492301e-02,-3.635550303475969247e-02
-3.784515793227049424e-02,3.376907081534494259e-02,-3.767597438574103730e-02
-4.478515084264369540e-03,-1.914274566884225162e-02,6.009037251345680786e-02
3.848864592975016763e-02,2.773246725013474648e-02,4.185880131980344171e-02
3.967066456768535317e-03,-5.990131357525727701e-02,-2.009950602224157973e-02
3.551840274088285260e-02,3.664436173576517825e-02,3.753398292121312707e-02
-1.291487758982951678e-02,-1.720146052878873677e-02,5.963013770634693206e-02
-4.303532154172227259e-02,1.766504363855340987e-02,-4.312327889433715394e-02
2.243838860901924831e-02,4.082036686372168821e-02,-4.311842423163692734e-02
-2.253963251236246537e-02,2.504064326872534538e-02,-5.384409176067160574e-02
7.090524920447493357e-03,-1.802059735749217059e-02,6.053520582044591425e-02
1.348203175068614021e-02,-6.164283609708326450e-02,7.949739888824849596e-03
-2.955061879480448336e-02,4.527607930885702708e-02,3.356955678066946003e-02
-3.901959524461058593e-02,-1.009100910946356122e-02,-4.930512840545659553e-02
4.758326772140897970e-02,3.729471541334943019e-02,2.013865019275063589e-02
1.831854267730276611e-02,-2.420431221068772981e-02,5.607572281967185268e-02
-1.457731283075623489e-02,-1.806990173141676329e-02,5.943199178735836946e-02
-2.367392562339802956e-02,-5.863525392104018685e-02,-8.826692238816642375e-03
4.765313239722712702e-02,4.208749184567831675e-02,-6.289518526816135005e-03
1.729304261375892368e-02,-5.821286246755997401e-02,1.998068377137078230e-02
-2.654154739163973667e-02,-3.495907316307158424e-02,4.653711209324707526e-02
-5.281592995329249113e-02,-3.596021849913983576e-02,-3.861743412093306040e-03
4.102826180408460088e-02,-2.780289595664582961e-02,4.057749413601316468e-02
4.444054461529996919e-02,8.228545149330005262e-03,-4.544735381259312063e-02
-1.194791234826009588e-02,2.734451195786749556e-02,-5.677093070392288943e-02
3.199318439415402976e-02,-5.534180511144824038e-02,-5.693502856285736352e-03
-3.582479629881899635e-02,-3.870911815728348554e-02,3.663557045183533228e-02
-5.957540402396664658e-02,-6.492145275186076564e-03,-2.319230330184322841e-02
-5.164132778646905730e-02,-3.652842496374551079e-02,-1.154945032879419603e-02
-2.909157478195632460e-02,-4.695439908144668356e-02,-3.299682247618691833e-02
-4.476603935208742918e-02,3.196516444854483746e-02,-3.345653777100945914e-02
-2.149034645204183497e-02,-2.729864229842493897e-02,5.425258832205828025e-02
-4.654336387937855340e-02,-3.224806497649400361e-02,3.081326217745389978e-02
1.758741143069035909e-02,-4.386420849940356886e-02,4.390420230250745293e-02
-3.850570504365206231e-02,1.532734588884256989e-02,-4.948367697193411380e-02
3.040374242304427158e-04,2.804432232377432332e-02,-5.818041708202541240e-02
-5.808842899511880431e-02,-2.136057098340224045e-02,1.860873747561230321e-02
-3.619353724380401649e-02,-5.066733582795545504e-02,-1.746312777340790906e-02
4.996730744617528669e-02,-3.800374239860033337e-02,1.569662029838993569e-02
-3.447046683464753680e-02,2.110997390853630237e-02,-5.058502516452181158e-02
-4.133064498385934094e-02,1.851975798598161707e-02,4.633329663937246767e-02
-4.969761843958192538e-02,-3.610591481873492298e-02,2.073107075403767333e-02
3.235381848313305386e-02,5.209611753783014582e-02,-2.116087674460725987e-02
2.429906679883999873e-02,3.852631492470398600e-02,-4.625069374782382614e-02
-2.713132561671614124e-02,5.896693951714449683e-02,2.435367432946302420e-03
-6.114886535443142535e-02,2.114192053164151708e-02,6.186005026984297238e-03
-1.780104933716001453e-02,5.061798433660719132e-02,-3.675140679696340534e-02
-5.904721045903596477e-02,-2.452506219861450357e-02,-1.212289911259034625e-02
5.337252450777749818e-02,1.513485454325312618e-02,3.409720618195127145e-02
-5.692489768704519365e-02,3.073705729664864481e-02,7.771270821760772538e-03
-4.446618493735399191e-03,4.810310315858174618e-02,-4.378603007576635509e-02
2.640628749599480476e-02,-5.515256681740790534e-02,-2.273971801751701119e-02
-4.648368526249938709e-02,-3.776645733618810841e-02,-2.597015566200009881e-02
1.503305514425769263e-02,4.651329192960793057e-02,4.332786675048241887e-02
4.228614581539637957e-03,7.761467814201600431e-03,6.476077781065602001e-02
-1.947036755458747895e-02,6.204457851152778841e-02,6.982232297801771632e-03
3.194716845512797151e-03,-4.868862883878141701e-02,4.361060951663739416e-02
-2.638477923859768818e-03,6.454769580225530601e-02,-1.070536310322004261e-02
1.673593809977257790e-02,-5.968717071592592044e-02,-2.122781892755463279e-02
5.431236082295241158e-02,3.671058884749515278e-02,-1.033946442203151263e-03
-2.000561135683197322e-02,2.456985930671803584e-03,-6.243081960598562824e-02
-5.153605783153744624e-02,3.994594638929110236e-02,7.584455453283767655e-03
1.796599243761476394e-02,6.274560191077517557e-02,7.394678707300237491e-03
-3.422481087353284462e-02,2.255892130893619955e-03,-5.606552065345910690e-02
-1.536989760176311719e-02,-2.090333704339663798e-02,-6.043084989270891549e-02
-5.420887376306519900e-02,-9.203536133677150954e-03,-3.615336309737671172e-02
-5.887249616581691214e-02,1.096365863288490360e-02,2.737703979689007361e-02
-1.548961086511203324e-02,4.918839997659411878e-02,-4.100672235060343063e-02
-2.376565381520989381e-02,-3.289927436531298738e-02,-5.195298706427970564e-02
-1.907802784984509448e-02,1.751758643235583335e-02,-6.066917452775914127e-02
1.663248754844661934e-02,-1.228931643062894201e-02,-6.268351294223897807e-02
7.875046761478172747e-04,3.235164447532134363e-02,-5.757556401409925917e-02
3.691102784931949571e-02,-2.855564007412035935e-02,-4.679371601481990828e-02
-2.219765024912362730e-02,6.218038739680289972e-02,3.697327433046349900e-03
1.599491537379409134e-02,5.032100875580030469e-02,3.987570180516973595e-02
-5.722164302900976940e-02,-3.303574070426336384e-02,4.212228391699718820e-03
-6.538013342557949525e-02,-1.270144214909077257e-03,1.060904513340052945e-02
-3.747913406418383608e-02,3.290153535408089219e-02,-4.366736513648274143e-02
-4.111380614642361903e-02,3.523370850078713645e-02,3.830906725847949001e-02
-4.650710279139028819e-02,-1.965196146338276870e-02,4.307600922616400957e-02
-2.520961270215043085e-02,5.737434682069569858e-02,2.196866477636044007e-02
-5.907987457567526191e-02,1.865732044432093228e-02,2.401552095573072573e-02
4.852526509568463181e-03,-1.634439072488899983e-02,-6.426427085430357067e-02
-3.250921157046615662e-02,3.177830428152276371e-02,4.857143394332761460e-02
-6.219535804215583358e-02,-1.254698573327332929e-02,2.013743009792700461e-02
-4.795711784122361904e-02,2.173974081927087382e-02,-4.079235342308570877e-02
-4.096337370933116062e-02,4.874836013548445451e-02,-1.968322325115014898e-02
-6.350499538969325841e-02,-4.939759558012154009e-03,1.974480497079672200e-02
-1.983651985974682619e-02,-4.914979017837743658e-02,4.053722873108824010e-02
-2.467442365585192920e-02,5.980522016070789759e-02,-1.650087535666425881e-02
-6.151901452456365327e-02,-1.937022547593447372e-02,-1.741523937442062894e-02
1.999898663114297800e-02,-6.339105768460336077e-02,-7.072072251808103442e-03
-4.448654136568189893e-02,2.780417468806519951e-02,4.149206279493958260e-02
6.576103433986080216e-02,-1.120419154860306278e-02,-5.383707951018705355e-03
1.788535015842084019e-02,-3.718790611694033216e-02,5.274013668381084818e-02
1.929982762805119642e-02,4.094846409143243493e-02,-4.940045663625272643e-02
1.247721357206403071e-02,5.076120042607647383e-03,6.567750858324485075e-02
-4.382223543327356391e-02,4.012022748953967405e-02,3.114931774865484226e-02
-6.016147931848591507e-02,-1.937510835421565880e-02,-2.260135596796347332e-02
-2.533805205830247723e-02,6.034040626244756289e-02,1.509824818696520188e-02
-6.090662163746572710e-02,-7.941156461988388079e-03,-2.726865842732944731e-02
3.925584427435530044e-02,3.356429625029153097e-02,4.305803947204384086e-02
1.420418881408504728e-04,6.514151375876166272e-02,-1.683631800318332802e-02
-2.372527148011643536e-02,-1.021897776284827778e-03,6.299434171734752397e-02
-1.635936460677083230e-03,5.689065590025162850e-02,3.603218371596705882e-02
-4.890616905947078180e-02,-1.930546399630128640e-02,4.217047670555272576e-02
-3.809973054882109800e-02,3.157779769719835233e-02,4.581963448608102757e-02
-5.095726420703611953e-02,-1.752459903556535803e-02,4.061717509543526922e-02
-3.555672626793502517e-02,4.306553944143608897e-02,3.794615770694612783e-02
-1.682771660685642226e-02,-6.490993651969312328e-02,8.227080568381167983e-03
2.513677788725244763e-02,6.181739927170056687e-02,-1.078113236070217008e-02
6.687224980744694300e-04,-5.946292618356160964e-02,3.222606244629543787e-02
-5.661700995718683960e-02,3.660016212035634847e-02,-5.922339485306056181e-03
2.622462895621973863e-02,-1.051760122157784083e-02,-6.153947260376401579e-02
-5.442133016005813034e-02,-3.077191000746739430e-02,2.611882180537366746e-02
-3.265249275148132679e-02,-2.807861242854696460e-02,5.235950232466479726e-02
-1.310236461403075509e-02,-4.221712623773958561e-02,5.145367803134753837e-02
-5.155561717717969256e-02,-4.306873391677171203e-02,9.688617376177323728e-03
-6.589570610737996437e-02,-1.590624825732973521e-02,4.103996198253382841e-03
-2.745243872395852682e-03,-7.540686502913506416e-03,6.747611532192988870e-02
-5.402163409278549176e-03,5.529990308691227346e-02,-3.918534573099217988e-02
-5.878464378029320953e-02,-3.149836348135166830e-02,1.342769141786511952e-02
-4.643880976779685837e-02,-1.393587683697228297e-02,-4.777700961565023441e-02
-5.063680123335349142e-02,3.034341605893494179e-02,3.396964372601105064e-02
2.189604185598170022e-02,-5.735219193118260700e-02,2.958658777462477851e-02
1.290768997675926025e-02,-6.087601637382843156e-02,2.787312444346738347e-02
2.908683288450482352e-02,-3.506236172416785785e-02,5.078709114304712224e-02
-6.682223262263824182e-02,2.329684473736116142e-03,-1.376358578434206531e-02
-5.328677354562741386e-02,3.909888748326842411e-02,1.723962579463273262e-02
-4.814982209348597775e-02,-1.105284316906045630e-02,4.722468937118116938e-02
1.641556001410305471e-02,-6.142843769766252737e-02,-2.516252171904094503e-02
-4.458803541260310255e-02,-3.827855316278291897e-02,3.504384149097125589e-02
-4.810172621908773843e-02,4.765477751210176610e-02,1.009914700525840932e-02
3.830642150075121589e-03,-4.507105745833971805e-02,-5.143936736647185953e-02
-2.981558819857417844e-02,5.612890055312002441e-02,-2.565143813072197007e-02
-3.713050553682462149e-03,1.157220414939849791e-02,-6.749113644630873321e-02
-5.360683339095813349e-02,-3.063971169657161986e-02,2.992672239199217765e-02
-6.730011612438210888e-02,-1.211403007202262010e-02,6.113604073088462279e-03
-4.403922290529006800e-02,3.920935008573562391e-03,5.257321443356545443e-02
-6.406559065183965729e-02,-2.263321242357306182e-02,1.036563467137969693e-02
-2.121763642933636659e-02,4.664650113758816302e-02,-4.586244470734517076e-02
-6.351780768029673119e-02,-1.168326091983492437e-02,2.374399919289187089e-02
-2.616432087528906825e-02,5.449402192107399845e-02,-3.295388305213592384e-02
-5.464646644531238884e-02,3.464225483034405473e-02,-2.364628725237577153e-02
-6.767060403731089448e-04,-4.774045197846862876e-02,4.971118581196348751e-02
-5.698745819935863155e-02,-3.311318451172252236e-02,-2.030021940778488701e-02
-5.518356356826399634e-02,1.613492126400849214e-02,3.815669107151457851e-02
-7.864565696308141798e-03,4.194084588820371634e-02,-5.427662309436555310e-02
-1.053649567214799167e-02,-2.111799891069614937e-03,-6.824004371960386284e-02
-5.049193721637232346e-02,-1.798124837174739851e-02,4.364359943833873851e-02
5.527944379546750886e-02,1.449843949997786305e-02,3.894672579185492339e-02
-6.238148596328996209e-02,2.266048992344455934e-02,-1.957718963811177007e-02
8.012304848505763522e-03,6.362936914413309941e-02,2.608955838281288436e-02
-9.723412349426122439e-03,-4.716983919073849257e-02,4.979323364036008365e-02
1.812396791490784864e-02,5.784152369603552668e-02,3.361741994522842586e-02
-3.245666215466315452e-02,5.681652444276551889e-02,-2.297924175871868258e-02
2.737026760974443571e-02,5.719779972090388576e-02,-2.818199584224368240e-02
-3.408892207599956148e-02,-5.995459668759471616e-02,7.980250093266054098e-03
-6.132630390837549850e-02,2.890018339702824304e-02,-1.514942061493943296e-02
-5.292090134796272743e-02,2.762911259841034292e-02,3.559493988560248623e-02
-3.340665555681646831e-02,-8.842534398602212853e-03,-6.035017629198347749e-02
-4.838629485213258308e-02,3.705232391472260828e-02,-3.357945625271928358e-02
-9.635341192710559707e-03,4.095288056282647693e-02,5.547125638767263361e-02
2.465236435267217571e-02,-4.581297579610367487e-02,4.632301333239184638e-02
7.318258369123671961e-03,-2.047670883466850764e-02,-6.621848384152480282e-02
2.143005042344092725e-02,-8.687936135023359083e-03,6.579030807280261683e-02
-2.017252165414521944e-02,6.151994070162931927e-02,-2.601558157586826917e-02
7.752672720990694613e-04,5.401286201915791313e-02,-4.422449599405117032e-02
-4.697578234232978496e-03,-2.754933554208281038e-02,6.401653245868502151e-02
-5.680810245339839443e-02,2.701560202319633341e-02,-3.045488410306176202e-02
1.831255861624185577e-02,6.402570396221660132e-02,-2.133580951621899882e-02
2.837671554339212671e-02,-2.925577709216213573e-02,-5.686891438540424282e-02
5.406620068047526817e-02,-4.438441619046400166e-02,-2.726985731150903189e-03
-2.786821876502741657e-02,3.328467099901519927e-02,5.496740317866908448e-02
-2.048021139567563279e-02,5.101157456454825934e-02,4.347020168448748056e-02
2.824776936691644411e-02,-5.091885256598810416e-02,3.906364707570463696e-02
9.063933114949643266e-03,-3.469017299628131268e-02,6.030281020320959334e-02
3.921243243440003523e-02,5.784213721144189357e-02,-6.634860244819184259e-03
1.002877704313368326e-02,5.769559553976608829e-02,3.877304675267630868e-02
-5.056813461655253195e-02,-4.877080350427134836e-02,-1.528970008678919501e-03
-5.917450884964774865e-02,2.155531754305161848e-02,3.125971976066377334e-02
-2.013387692506668838e-02,-1.961053369088971640e-02,6.448905097836032940e-02
-7.260817370522840847e-03,5.324537761551328963e-02,-4.545716512038520951e-02
-3.212278701601489761e-02,4.663053677309773881e-02,4.187151060068121378e-02
-3.696638759630496013e-02,2.736947854182989262e-02,-5.337848134865719879e-02
-6.476601812440625772e-02,-2.201535214967705392e-02,-1.705617937862007050e-02
-6.025901078224670665e-02,-1.387307347858954092e-02,3.394078596710416174e-02
-3.812316031429396901e-02,2.662642796739605675e-02,5.309056321538123402e-02
-3.482972494950140746e-02,4.193555141963029725e-02,4.488443503676942115e-02
4.306122768318038779e-02,5.576292120511694428e-02,5.282346661854045791e-03
4.241812892774177862e-02,2.209784018022863117e-02,5.205215885803524123e-02
8.269617934547215596e-03,-6.316889459111979348e-03,6.995794674908761834e-02
2.297096203739153793e-03,2.174601416938764728e-02,6.730232151375217797e-02
-4.241087483715672707e-02,-1.049016987459595179e-02,-5.571721064221042685e-02
9.650272599546219632e-03,7.001309832545966894e-02,4.851541349935400115e-03
-1.172153559926057687e-02,-5.823283569474569515e-02,-3.867050006674523782e-02
-5.228667738159350348e-02,2.228434814551834633e-02,-4.241159360861521121e-02
-5.245316351406329597e-02,3.866299446764198677e-02,2.807912458865787289e-02
-1.813332091568495633e-02,6.719271803036577784e-02,-1.401027098893940261e-02
-3.959171686015799940e-02,5.797984536479137974e-02,1.077811839785718095e-02
-5.263825600651217407e-02,4.741992480839858637e-02,-5.591781438219706711e-03
-6.940269411503902086e-02,-1.440337395636353580e-02,5.646307179058160375e-03
-4.046557184921836109e-02,5.845839668070570289e-02,-2.568045499682647826e-03
