-0.000000000000000000e+00,0.000000000000000000e+00,0.000000000000000000e+00
-5.249120127572403510e-03,-9.949960690870992674e-04,-7.151635728953831261e-03
-7.205903026989038222e-04,-1.200299698937832768e-02,-4.352537748432569464e-03
-1.340885430398673812e-02,-2.470367150411950912e-03,8.020837957912358221e-03
-3.445704030343018417e-03,-7.167809537412574324e-03,1.661539734146575201e-02
-2.028052454543145811e-02,-4.000869980199874172e-03,1.796770115287887794e-03
-1.827061541276900000e-02,9.067623940310264030e-03,1.037589165558510350e-02
-2.161109616690864640e-02,6.032019357599278757e-03,-1.073557738192708333e-02
-2.339039241104556507e-02,1.258069722592287248e-02,3.161476137900435298e-03
1.983620020944651743e-02,-1.138829078619295158e-02,-1.704567779679937861e-02
7.434801651548823137e-03,-1.278556900174624041e-02,2.636091718705483797e-02
-2.388624280905595268e-02,2.072092462336483712e-02,3.896271510722790210e-03
-2.569707030401611678e-02,1.059051799113493869e-02,1.858804210598708276e-02
1.887910100114745249e-02,4.963254755254747040e-03,2.900553285845753476e-02
-3.037973417526751430e-02,-1.250441887646781478e-02,-1.577505002744021209e-02
-3.730094134145956614e-02,-2.644162381430929191e-03,6.076877478235091778e-03
-3.607032857136091564e-02,-1.076636565647861405e-03,1.554150823072976070e-02
1.404714375056299869e-02,-3.801291958267018906e-02,3.357169061624324692e-03
-1.188492534738248840e-02,3.946764447416061666e-02,8.107891647461520912e-03
-3.124681127529504998e-02,-2.210822786354873365e-02,2.029627075344897849e-02
-1.020708602830130594e-03,-3.591656446732485047e-02,2.645163967633011592e-02
-2.460481878169885808e-03,-3.702313151837086785e-02,-2.699753907488987303e-02
-4.255332682692992974e-02,2.800572645927782486e-03,-2.007836021279961816e-02
-3.043051928495836903e-02,-3.656600314891558789e-02,8.719831735468596551e-03
-2.463771306542066053e-02,-4.300414753312612609e-02,1.145925671947877443e-03
-1.787912268595600804e-02,-2.797583316848882215e-02,3.840748180641193749e-02
-3.280762206107699225e-02,2.360972278070462213e-02,-3.262865075853171870e-02
1.584458980631564887e-02,4.956786844556795857e-02,1.060574263553757703e-02
-1.162473649289707091e-03,5.059562628074378184e-03,5.400778025044066649e-02
-5.413940313873313176e-02,-7.157030731767165081e-03,9.270100050229341387e-03
-5.256955101650458845e-02,-1.873640920621195624e-02,8.900250630509322011e-03
2.441690801881923542e-02,-4.970408994130489505e-02,-1.593354457312168987e-02
-4.237055285281459902e-03,4.636524645871568234e-02,-3.578745434127670461e-02
3.089614102954078498e-02,-4.972386569229293729e-02,-1.226360797060502099e-02
3.754300612564377693e-02,4.124481364511317638e-02,-2.443239603178829628e-02
-4.175102982039167326e-02,4.577097623425644551e-02,-8.153381872373756476e-04
4.342845401355993271e-03,7.411590292583445337e-03,6.242881844398746882e-02
-4.646578463145747268e-02,1.221580695482833365e-02,4.238297413157032789e-02
1.286359858125531858e-02,5.613249542151051152e-02,-3.037841499893877140e-02
-1.047339041522439389e-02,6.375566150582931413e-02,1.415505313750972487e-02
-1.236340493774566555e-02,1.255153592328226396e-02,6.481671960625827456e-02
-1.724196031572182430e-02,3.824158165146686935e-03,-6.586003131925903531e-02
-5.740953359667103767e-02,1.470404961126680222e-03,3.860538231286959887e-02
-6.686165995193429912e-02,1.928377197455800537e-02,9.277448415083223640e-03
-4.965387183823704448e-02,-1.273555812818234940e-02,4.941478190868286990e-02
4.121383459245796244e-02,-5.898079058341659797e-02,-5.864502240160445953e-03
-1.411002996138166488e-02,-7.134831072302667831e-02,-8.080379617911543494e-03
-1.835680354562205241e-02,-1.686311532192651119e-02,6.984242508094101742e-02
1.660881420439990278e-02,-2.251582368138671519e-02,6.972727147240519174e-02
-2.751768302821231901e-02,-4.062138119924393886e-02,-5.817097852607450159e-02
4.424286299600115047e-03,-5.066655217609007840e-03,7.676900124916938295e-02
-5.460477836734628498e-02,-3.420603126344072542e-02,-4.399542707339031133e-02
2.974559732736645548e-02,-6.493337360740804309e-02,-3.370251755456928761e-02
-3.232747129645281020e-02,-3.741519173741358895e-02,-6.279151979876168577e-02
-1.516553597236171974e-02,7.372850557071183863e-02,2.955749059041570467e-02
1.184703428284159671e-02,5.364981935831954901e-02,6.061129443088567742e-02
-3.387558265553308051e-02,-6.897224681820469938e-02,-3.068500568164726425e-02
-4.357264372860439328e-02,-7.071488424104846460e-02,1.010413925288096426e-02
3.874830956125276810e-02,5.112779218105310136e-02,5.515256947692066120e-02
-5.371936640819954117e-02,5.844732087722422260e-03,-6.629054304144313403e-02
-8.216615584073962142e-02,2.685437081627616712e-02,-2.576657020927945675e-04
-2.479381505812948763e-02,2.306320213015596379e-02,-8.052976499449593373e-02
-6.293530993588523914e-02,5.801103901295696225e-02,-2.158222982826992278e-02
-4.952942374659694696e-02,3.834879049802514261e-02,-6.347775355835387490e-02
-5.169793140565148715e-02,4.162992310667953944e-02,-6.090841450045101496e-02
6.673996575011215127e-02,-5.136153702150952904e-02,3.444889742459105592e-02
-4.926654539386450538e-02,-4.944910298936537607e-02,5.975781218987918919e-02
-5.684416887143974723e-02,6.404212837957377891e-02,3.572457169101951602e-02
-8.315056431984285679e-02,1.147412653289170414e-02,4.159054725300989630e-02
1.049159138726420484e-02,-6.406188701298370924e-02,6.876804454226052854e-02
-1.493190854401316506e-02,2.412042088658509706e-02,9.114238209529240686e-02
1.527692989122953447e-02,4.423686520764347208e-02,8.420869317109209995e-02
-9.223626012173150035e-02,1.694382974778373130e-02,2.564206576656228448e-02
-2.515060661630360087e-02,-9.147467321427910081e-02,-2.497531644482451837e-02
5.367895313316749240e-02,4.234364085684699103e-02,7.157074456478884628e-02
-7.868811211376691706e-02,-6.025333067095795664e-02,1.218205482239929395e-02
-7.154846288638569418e-02,-7.038061174007957665e-02,-8.545425200833399113e-03
-5.977286793610860766e-02,-5.520802979670638710e-02,6.083517522824369306e-02
-2.075446252584368240e-02,-5.657371504292826175e-02,8.286955173698352939e-02
-3.499082223400125369e-02,2.152427161077962933e-02,-9.481113160682380636e-02
-9.406609431773143085e-03,4.132926865032319347e-02,9.518072678766953398e-02
-8.333651274726917857e-02,1.767919003383901580e-02,-6.147071228213945443e-02
8.294238374879995754e-03,4.082549028987086243e-02,9.737519796465150812e-02
5.391722549491789057e-02,6.858174160733875036e-02,-6.155683492976412458e-02
-9.450560819194499251e-02,5.489508534879242174e-03,5.120252741813607900e-02
-1.716615580648923195e-02,-9.854123819978863330e-02,4.198242078392507015e-02
7.852841288340768958e-03,-8.670309469022122184e-02,-6.613601716671904662e-02
-5.879476301600474603e-02,-7.317721242253767688e-02,-5.768781848546241514e-02
-1.037021355615340562e-01,-2.970669396673921228e-02,2.627922572969568216e-02
-1.833786795820753143e-02,7.408668996966905930e-04,1.103587616601008625e-01
-6.861329912638230999e-02,-4.993564731286138925e-02,-7.419064961031776595e-02
-7.451939143937665044e-02,1.200772506381173922e-02,-8.484730801500771358e-02
-3.216397429304281713e-02,-7.335388890615003599e-02,8.168796282198993730e-02
-1.002244022780015842e-01,-4.279630412493515453e-03,-5.672655002343231223e-02
-1.124523356893536302e-01,-8.535300732024953679e-03,2.750892876256882599e-02
-1.158916960951570235e-01,1.180088864220044630e-03,-1.542335499663520515e-02
-1.136589054671019866e-01,2.357668009151907620e-02,1.980038223753322404e-02
-1.039779698091524290e-01,-9.259462034562919788e-03,-5.626968017723692900e-02
-1.155070231541960729e-01,1.100661847174501731e-02,2.826045051697570129e-02
-7.346934002746698111e-03,9.955369623954471447e-02,6.705268627528927772e-02
7.556674652331978048e-02,7.708670699252631597e-02,-5.485128689218620596e-02
-5.033195622153090187e-02,-1.907136449423769628e-02,1.093882276368036421e-01
-5.555881769592602160e-02,-1.088861092140500225e-01,-1.106180942031551387e-02
-7.962748661102649061e-02,-9.306095579732438783e-02,1.637220527106519885e-02
-1.167203588114485019e-01,4.297272056749062291e-02,1.817382343679111627e-03
-6.624505177888502516e-02,-1.061203941537947337e-01,-5.422560934048788715e-03
-1.018970958796888149e-01,-6.563799183776156121e-02,3.456607236585278881e-02
-7.262717224220488488e-02,-1.038349339957671674e-01,6.138748048240480482e-03
-5.129442024624118746e-02,1.124665822983609287e-01,3.198784690250255913e-02
2.050922975907537669e-03,-3.383822274166057437e-02,1.239512436070102225e-01
-2.683189715571001818e-02,-2.812521604240336703e-02,1.233422810798354280e-01
-1.282964283491711266e-01,2.024828223447262474e-02,-8.159017391933398242e-03
-1.475744634267945124e-02,1.246979785734238372e-01,3.718190656021612417e-02
-1.241407429817090041e-01,-3.981431195037131443e-02,1.918783803680221972e-02
-8.617601248786826984e-02,5.825575816161011888e-02,-8.221764993627020401e-02
-2.859743914552281829e-02,-1.038520317938329135e-01,-7.869763097921769757e-02
-1.249035862767025606e-01,1.626118183944002052e-02,4.635441343414242743e-02
-1.071860138906103321e-01,6.886055527577712720e-02,4.474626845142604115e-02
5.280609150429871335e-02,5.070664098833406463e-02,1.144249895767391056e-01
-8.723431164396708293e-02,5.806806428531428865e-02,8.770391525412049583e-02
-1.315102106049391151e-01,-7.865325187465558102e-03,3.922982656570184884e-02
4.188417010897737408e-02,1.135326232139930586e-01,-6.689554771214810402e-02
2.953244461424959361e-02,-5.805763501728277570e-02,-1.228836060360699173e-01
-1.307424127503217237e-01,6.765390939209616795e-03,-4.928761588704551333e-02
-7.719070600806578197e-02,8.320017950274707919e-02,8.315307769684239514e-02
3.287139509117400354e-02,-9.746748894939206986e-02,-9.717133127531769887e-02
-5.164434762969059151e-02,-6.771559352738908133e-02,1.140126070958093624e-01
-4.911404878907903171e-02,1.253201682095584357e-01,-4.861996367254944884e-02
9.401044164648706888e-03,-1.172642654930505929e-01,-8.290283856074041891e-02
-6.260741974237619967e-02,-1.228202675882541089e-01,4.404212526721671545e-02
-9.352550374683633871e-02,8.823513820808892572e-02,-6.815365745161490463e-02
1.540067179597443860e-02,-1.072557714449354216e-01,9.833963079655159978e-02
4.395592185663359241e-02,9.396162021275104859e-02,-1.043367575659881752e-01
1.526123335690641666e-02,1.237882830093578190e-01,-7.954338774752466035e-02
8.953020444320518301e-02,8.154019563880739174e-02,8.635268262122351712e-02
3.565255267123743771e-02,-1.052689615469076800e-01,1.000368205962530316e-01
6.822810852065024079e-02,1.251178688166502129e-01,4.785785236220110872e-02
1.521054525326021208e-02,8.541316128958288678e-02,-1.237505417593243728e-01
-1.538649559066932251e-02,-1.396283016667406174e-01,-5.788200762274128136e-02
-1.044829995899303060e-01,9.514806429032926505e-02,-5.793604410471585309e-02
-1.819833956901445102e-02,-1.419686516812141142e-01,-5.553915945873198062e-02
-1.090898674307346078e-01,9.817821687386643625e-02,4.771677621940255409e-02
-2.648799949609444843e-02,4.090680549204229327e-02,-1.472691007743548441e-01
-4.565481522254810631e-02,-9.516858748668154122e-02,1.147589034879159392e-01
1.255203562557016261e-01,-9.346651234219380266e-02,8.287539329056905005e-03
4.647938262933682535e-02,5.355436330453961641e-02,1.406477116081433776e-01
-1.512639274437700965e-01,4.349266984996113389e-02,-1.700271888176501170e-02
-1.489250956367529910e-01,-4.397531676063454881e-02,-3.466144586508799336e-02
-3.246511410568630324e-02,1.004354677227253106e-01,1.201093828370782129e-01
3.133233846422795160e-03,-8.670286953969387478e-02,1.352593148586440086e-01
-1.488893700396404923e-02,1.479791343976440965e-01,-6.291816475802709807e-02
-1.109714382267304178e-01,-1.180814843901178135e-01,-8.796265142465344369e-03
1.041598310510247066e-01,1.243453116421301963e-01,1.680708166448959678e-02
-8.662338868430195793e-02,1.139768406153342933e-01,7.974064641566601386e-02
1.056610796735766300e-01,-5.435411187915378806e-02,1.139948703024894483e-01
3.609625992596261768e-02,-7.368711444089301801e-03,1.613008277133380630e-01
-1.595001748193776783e-02,-1.186541629833848255e-01,-1.153467870916487642e-01
1.156662296106818200e-01,1.040365903211811216e-01,6.082661898325730093e-02
-5.664546810890851158e-02,1.411116151966176346e-01,-7.103672340924373219e-02
-7.531073939315058308e-02,-7.132235313537801935e-02,-1.329483026203809870e-01
4.404227954034716647e-02,1.429705777351510665e-01,7.950553858080726399e-02
5.988650924001422127e-02,1.234311106048337769e-01,-1.007402147454570795e-01
2.093266091879524352e-02,-1.374663355300286827e-01,-9.952396856552223059e-02
1.773990606849973296e-03,1.349073645252453491e-01,1.063400208191965651e-01
-1.231078945497058458e-01,1.179033800032612267e-01,-2.696153725997724529e-02
-1.426112947556230047e-02,1.533046497811709763e-01,7.969643464759532114e-02
-1.470349003989099845e-01,9.330684811282939639e-02,2.551929344903212417e-03
1.647640057238637934e-01,-5.014353756566859027e-02,3.076213791712813228e-02
-1.706716626611353982e-01,4.184745059073793905e-02,-2.225701159013987376e-03
2.222503550649597079e-02,-8.750926321897682658e-02,-1.516953290335651128e-01
-4.424534764661591790e-02,1.681470034391603086e-01,-3.481020354523379351e-02
1.219941184295957326e-01,-1.140574591588297965e-01,6.190211466368752274e-02
-1.191366218583699843e-01,-1.330829934707254691e-01,1.004261387518065943e-02
6.607030960523278817e-02,-1.627097878252441732e-01,-3.806379873712657791e-02
-1.335180041883120561e-01,-4.331272869652710682e-03,1.213554681714313910e-01
-1.698053535183655649e-01,-6.151227999408755143e-02,1.552142175662106320e-02
-1.597367500404129059e-01,-6.633980864277730372e-02,5.682005540263766058e-02
-1.392892904601604198e-01,1.132084761443992171e-01,3.486626158145142429e-02
-1.275963304990489211e-01,-8.391821503735176491e-02,1.019777319983044550e-01
-1.348445183412450288e-01,1.139318284984396218e-01,5.338063063330431013e-02
-6.906084157711757376e-02,1.592358277130666022e-01,6.464692790632833863e-02
-1.115339954031454722e-01,1.413214741755733361e-01,4.675456921623163953e-02
-3.412882705963637270e-02,1.753217368354300643e-01,-5.467385034222371765e-02
-9.186851620060611234e-02,1.394800819032647188e-01,8.539656258864629368e-02
6.678041844991233766e-02,-1.173429902818846210e-01,1.313571440440201299e-01
-3.875826651080212931e-02,8.851667738602270186e-02,1.626165559239201586e-01
-1.321442340941183374e-02,4.837291769513857309e-02,1.832104792008389937e-01
2.915108966050945424e-02,-1.860279412844554892e-01,3.041045163562989054e-02
-5.010243526586866114e-02,-1.350124809719589480e-01,1.262692916894898321e-01
-1.022235482282016217e-01,1.563357049170137347e-01,4.576991159418715427e-02
-1.014978787080368650e-01,-7.947283506008852305e-02,1.437766507301115604e-01
2.454198870167739049e-02,1.691753948310592004e-01,9.149968840959266103e-02
-1.132592619491532976e-01,-8.917184905078921753e-02,1.308515815728940879e-01
-5.995244460990120650e-02,-9.328249310511599335e-02,-1.609762543075008989e-01
-4.049617741403610527e-02,1.785397493559845450e-01,7.072490289023268539e-02
1.314055128368660785e-01,-1.032089111227811745e-01,1.044475630056978799e-01
-1.668078305050320620e-01,-7.689747420321162152e-02,-7.350077065452749470e-02
-1.520024109908106325e-01,-1.198539831255856364e-01,-4.453821901654810012e-02
-1.381964893770550873e-01,-1.060462967942753798e-01,9.707459367532177141e-02
3.361764014946298784e-02,3.802699905506690126e-02,1.936668319292179086e-01
-8.448660441585628678e-02,-1.736136504576172579e-01,5.585793998367073049e-02
-9.998350903612721052e-02,1.749487963492994680e-01,-1.067940634774021576e-02
9.387083960055771226e-02,1.612243811567635188e-01,-7.894376599211623546e-02
-2.011056353317176859e-01,-2.897278510477879765e-02,-8.652419802041946481e-03
2.510301821222115509e-02,-1.443480044187855638e-01,-1.421729783477933273e-01
-1.316256850196942663e-01,-1.532444795568243257e-01,-3.454944620820012829e-02
4.612046524762437177e-02,1.903452180540206873e-01,-6.299955638710445782e-02
-1.594220318772039402e-01,-8.604540752089227806e-02,9.916618832146116558e-02
-1.849977876447063407e-01,1.517065370367710192e-02,-9.233573170946660080e-02
-1.328620383259330184e-01,6.911307892869390790e-02,-1.444979923162643953e-01
-1.300865487172481183e-01,3.921205367927111524e-02,-1.586764375677532923e-01
-1.926321050962926384e-01,7.631203013743399766e-02,3.222827259021423391e-02
-4.856632414670441350e-02,6.368468425418444268e-02,1.946463695250480741e-01
-1.231850384134330068e-01,-1.568783748239190312e-01,-6.964117580541437369e-02
-5.746679335111363335e-02,1.635649907201413844e-01,-1.221240678274345126e-01
-8.111120790620722498e-02,1.708085920845378303e-01,9.773381389564191057e-02
2.684891162424908606e-03,-2.057751467736663176e-01,-5.738886379014761924e-02
-1.018697857820459046e-01,1.797982967617821615e-01,5.725509497452013069e-02
-1.415713921613156456e-01,1.292171769072978926e-01,-9.789659976501470517e-02
-1.461167216733788576e-02,2.130971426493069310e-01,3.226418020474710463e-02
-5.135079356067825951e-02,2.104869525354688409e-01,8.132242114519083048e-03
-4.243726890066792934e-02,-1.321834582826385274e-01,1.675669080786399978e-01
-2.402379588714274525e-02,-5.726058788015824658e-02,2.093842003501939220e-01
-1.989952365346369101e-01,6.936232434511216405e-02,6.028576130687965384e-02
-1.031649603276440542e-02,-8.298107799433802889e-02,-2.034714110975348600e-01
-1.301046204689881858e-01,7.064215196919458595e-02,1.637834668507018865e-01
-1.884166903371998769e-01,1.969989893363313996e-02,-1.149113272186650936e-01
-1.658571275619636631e-01,8.154929022550713724e-02,1.236407346457183837e-01
-2.178138351030357300e-01,-2.316971409918556699e-02,4.266047175733717056e-02
-7.222057984554257348e-02,1.524977872857815608e-01,1.472525333087756350e-01
2.088979054665179025e-01,-8.257285555795589038e-02,-7.384120095077938671e-03
-1.749525357789756888e-02,2.337278371310213057e-02,-2.236438613898671934e-01
-1.617807669454494335e-01,-1.580790509241795094e-01,8.131740707022556969e-03
7.500299013633732192e-02,-1.388334155269593459e-02,2.139403875589224735e-01
1.072271456301962800e-01,-1.964048932925959723e-01,-4.333676308534645250e-02
-2.936283304252277140e-02,1.718254842657855053e-01,1.480802439278718075e-01
1.246351920645282461e-02,-2.154438168064586323e-01,-7.814889675319426632e-02
-2.091187822407235553e-01,9.345616537029753645e-02,2.408300333126590573e-02
-1.625461536720204103e-01,-1.559416282945665089e-01,-5.170243382182333064e-02
-2.021663798866476791e-01,-1.057423691080162376e-01,4.157352089343804152e-02
7.960569031769998416e-02,2.015837060655485957e-01,8.472459256608254330e-02
-1.417817487510365515e-01,1.736540525714998229e-01,6.530833965702456667e-02
-1.321578220984280516e-01,1.785679269579074357e-01,-7.445697806419941667e-02
-1.213233650283865872e-01,-1.978253529486789508e-01,-3.763343013415720861e-02
-2.270596418490344881e-01,-3.790262037067608503e-02,5.151399681181208223e-02
-1.893555965239169803e-01,4.752133417857058728e-02,1.338276876006083693e-01
8.710062511004475205e-02,-1.188041870591505927e-01,1.862831689395958168e-01
-2.185562822753566170e-01,6.435126040403851833e-02,6.981805417747720399e-02
-3.189213482359642970e-02,1.087309773170023752e-01,-2.105338509151131188e-01
1.073584605551572597e-02,-1.757252910212601937e-01,1.629489624992581931e-01
-1.094908202758184262e-01,1.030176093997796881e-02,-2.140958420665951267e-01
3.199447400777884892e-02,2.267920714879110289e-01,-7.654364859833415191e-02
-2.380585082538094199e-01,2.512275531268080495e-02,3.743623839493889077e-02
-1.150829560026274956e-01,-1.046826407282415300e-01,1.867903397851657099e-01
-2.314878466254275957e-01,-3.790811782578067113e-02,-6.678068717986458680e-02
-1.685277706145895879e-02,-1.943220733080407436e-01,-1.477491269823030529e-01
1.103813654797385080e-01,2.091425793671492506e-01,-6.590334242325739111e-02
-1.563485267161596470e-01,1.825893899552726296e-01,5.365299289306280084e-02
-2.322794888717905626e-01,5.049147688945281737e-02,6.749199994563602478e-02
2.074422765067487351e-01,-4.547557392755223471e-02,-1.278881590249583422e-01
-9.911792133963671925e-02,5.722133284316938129e-02,-2.208074043128011033e-01
1.933728980561829347e-01,1.119982928650276877e-01,1.109872462497546175e-01
3.911316103862711585e-02,-2.435721028535758614e-01,-4.241970253787287481e-02
-1.602076826765137241e-01,-3.818420521715847754e-02,1.895662182982135457e-01
-1.531612176443547801e-01,3.986680102716449320e-02,1.960022625616642533e-01
7.189447243063980253e-03,2.511410352192445239e-01,2.733669528451350417e-02
-2.185510289430862563e-01,1.098055130846199851e-01,6.675835240541930227e-02
-8.345189519273146783e-02,1.489994371072357882e-01,-1.884743738978396366e-01
-1.406736419128197246e-01,6.830330134971512868e-02,2.016032551715008780e-01
-2.195586573208126169e-01,8.933380096209486698e-02,-9.656030018426568773e-02
-1.966177050968325457e-01,1.178414501147498697e-02,1.647017499947072416e-01
7.765604134126470603e-02,1.728267973934170254e-01,1.744695357623299581e-01
-2.033198533364295180e-01,1.540646088954573667e-01,4.099929829307526891e-02
-1.287430601512357664e-01,-8.959422288291044034e-02,-2.063299310338059800e-01
-1.610176666499280734e-02,-7.270156690515128250e-02,-2.490959537291178583e-01
-1.610992151039045972e-01,-6.898942906515233287e-02,-1.931378499785554870e-01
1.278532828549524825e-01,1.955239475999273890e-01,1.177340854155398964e-01
-8.907949669243507562e-02,2.269378317029113745e-01,9.708572008151079846e-02
-1.416496480652160717e-01,-6.329936287592316697e-03,2.217714662977015305e-01
-1.856774720232882980e-01,-8.979084051734462224e-03,1.875040071528187857e-01
6.275292759015872746e-02,-2.572329213751514132e-01,-6.045669846737862160e-03
9.336154826156069231e-02,-2.391619425161527479e-01,6.825486939120517516e-02
1.081620299390913531e-01,2.434846713269016305e-01,4.642341430028244266e-03
-1.585947604208381434e-01,-2.076297427751989388e-01,5.635879625856062003e-02
-1.474750972483355738e-01,1.891924934066284147e-01,-1.197118158068874033e-01
-1.243804668494369325e-01,1.390552867005781512e-01,-1.936574211396365763e-01
-1.701815159816065515e-02,2.409515336229950400e-01,1.200033627759333615e-01
2.391313871687318279e-02,2.669671856065181648e-01,3.666465002373427845e-02
-2.454457476489507184e-01,-1.137684377665733326e-01,-2.102016627885722883e-02
-6.434667340038552341e-02,2.134590498537329573e-01,1.560965207273187216e-01
4.714353159847286395e-02,-2.212210522898393483e-01,1.528212802845068941e-01
-1.821832653930291479e-01,1.742335874868153056e-01,-1.068331410371603507e-01
-2.464621540546277079e-01,-1.020948023542545685e-01,6.512932615393542124e-02
-2.396986845639743624e-01,8.037277941489059940e-02,1.092816071395537186e-01
-5.928933950376697598e-02,2.427655547431279703e-01,-1.177195362137958695e-01
1.482239787926754038e-01,2.337857796871264660e-01,-1.158404536449334464e-02
2.243051228222984472e-01,1.404614556743942755e-01,8.468650383295800443e-02
-1.915839335873648075e-01,2.020345095407813374e-01,1.212183954110140384e-02
2.436344794896304691e-02,2.645855106996117811e-01,-8.675874665663012297e-02
3.675738707633742497e-02,-2.775080808484177708e-01,1.492549777670382390e-02
-2.084786183716662855e-01,1.834804914839578138e-01,4.377496458928239326e-02
-2.202439292918923208e-01,1.472771116890081167e-01,-9.648005733310824339e-02
4.322898455606952184e-02,3.071878320061352877e-02,2.777718831995965032e-01
-2.329374413236067476e-01,-9.803645857192634649e-02,-1.286992316150725457e-01
-1.291619831721656231e-02,3.908696580228077783e-02,-2.814362586125316867e-01
5.099158497188155392e-02,-2.702577473636144645e-01,-7.569485236948608753e-02
-2.101237810003320217e-01,-1.090380229364284609e-01,-1.606161388921145128e-01
-6.212279783251204585e-02,-8.441961616950444114e-02,2.670660768606465396e-01
-1.351071720168051660e-01,1.589911495004185660e-01,-1.981188068157260229e-01
2.038089002263577254e-01,-1.277529438297652364e-01,-1.593704387572365822e-01
-2.128717381134814235e-01,-4.352328041300754929e-02,-1.911162731497379752e-01
-2.370701157088806188e-01,4.969332510676845865e-02,-1.598133883272138678e-01
-2.088189134192808272e-01,-8.127097834981429625e-02,-1.856912071914419149e-01
4.936428524994741079e-02,-2.018153392144335090e-01,-2.049547934496402102e-01
4.780043918434511568e-02,-2.233974252967566576e-01,-1.829324668692178801e-01
-9.818938267327005642e-02,-2.765540990279523048e-01,-4.094108583176880867e-03
-2.255897735055509556e-01,-1.642686163509292641e-01,-9.354852159165268077e-02
-1.641000906356061273e-01,-1.647277041146698873e-01,1.817966501291880532e-01
4.624541200051919716e-03,1.751586357854371390e-01,-2.385406500280036479e-01
-2.433271622526621825e-01,1.697107301646653410e-01,-9.214271275267549646e-03
-8.306638636785608487e-02,-2.763405891095249145e-01,-7.296191327187701026e-02
2.125311891759011917e-01,-2.094991927009614285e-01,-4.763325881467677173e-03
3.176889400050233320e-02,1.547440886360532675e-01,2.542111670640270216e-01
-1.589362545434785667e-01,2.218065933524987141e-02,-2.536207630053493034e-01
-1.705803479511540655e-01,1.712686913749718320e-01,1.792907395668434378e-01
-1.330681582090746662e-01,-1.768267116322713994e-01,-2.051883196362523365e-01
-2.747488246831095715e-01,-1.244729192611778168e-01,2.448717017174124183e-02
-1.091419089326734204e-01,-2.807384564497440449e-01,-3.686037942603503925e-02
-1.452213293938388605e-01,8.823959011975782141e-02,-2.524195958821229269e-01
-2.523900418942359725e-01,1.553279257086381815e-01,-7.260654308598056550e-02
-2.420304801549094109e-01,-1.315582819180747542e-01,1.331265752930782531e-01
8.221109632799281086e-02,-2.553180123060355688e-01,-1.489113805282161196e-01
4.577630796664070023e-02,-2.299900446060614834e-01,1.991052808001839425e-01
2.322334673736101487e-02,3.032974013063733376e-01,-5.118736457572273246e-02
2.132211611757106051e-01,1.880976238961772906e-01,-1.217436397742774484e-01
-1.651098154168247623e-01,-1.877336157247996851e-01,1.835177836324410061e-01
-2.016996944800769076e-01,-1.699099486664279179e-01,1.647785305281562473e-01
-2.939495471469289467e-01,7.029163267536438220e-02,7.667332079777500198e-02
-3.071075493831179615e-01,1.462708674312809994e-02,5.675143120912521516e-02
-2.754704300768877692e-02,-1.421082869527655612e-01,-2.780675104888774563e-01
1.719177270944876046e-01,2.614342414512689228e-01,-2.997927106797129357e-02
-1.720150432996076229e-01,5.684440954552076597e-02,-2.578968810802327871e-01
1.470296229128865637e-02,2.420929198844024022e-01,2.025754336946735401e-01
7.997020032512509868e-02,-2.726425588104493536e-01,-1.402327892829916822e-01
-1.018551756852028589e-01,2.943873406052457398e-01,6.237218065958240187e-02
5.070290207796316478e-03,1.827017920492017278e-01,2.608812668696823822e-01
-2.737968683313946605e-01,1.479791467646547065e-01,-7.169329186633117967e-02
-6.608074002535535563e-02,1.961857764675030980e-01,-2.443082817460700551e-01
-1.137638254013142863e-01,2.972481148919862703e-01,-4.224661848697278815e-02
-1.602039093598201513e-01,-2.506628079499579331e-01,-1.230018247431316214e-01
1.007213020772281947e-01,1.554159700864071458e-01,-2.643343252924754694e-01
2.445780057578750832e-01,-2.040491672646726484e-01,5.712995332258489350e-02
4.254883228676913662e-04,-6.421675448193829572e-02,3.180296849616322530e-01
-1.801004516157016233e-01,-1.797104892945255994e-01,2.026948198287792380e-01
-1.748436791854290351e-01,2.699201915364767279e-01,5.424188196073011226e-02
-1.681996109628408967e-02,-2.703193049586122831e-01,1.832156229565028993e-01
-1.395954348435128056e-01,-1.322418316368471729e-02,-2.963401030313161377e-01
-2.615407583491094479e-01,-1.528126405301603596e-01,-1.275993530150124622e-01
-9.919682001634866353e-02,7.980652749793347434e-02,-3.039527145457657786e-01
-1.680463084218953573e-01,1.243010894498579044e-01,-2.558658449185014505e-01
-1.354400025748440095e-01,6.165364256812182198e-02,2.959318081181457893e-01
3.036691295609141375e-02,2.984837000991570274e-02,-3.293519672697176603e-01
-1.499937933699505843e-01,1.687759215622871289e-01,2.446817920787804357e-01
3.112015625950084394e-02,-4.087330517736061097e-02,-3.298215082389109321e-01
-3.302520433894358121e-01,-5.392270714082818273e-02,4.218248972794781324e-03
-1.221789890461559835e-01,2.705909995914648758e-01,-1.562596481865699827e-01
-9.032594349364343744e-02,-1.445289138611215995e-01,2.899847520783092603e-01
2.194470982748044918e-01,-2.238086810807129456e-01,-1.243676952344682229e-01
-8.569107585317103926e-02,1.163919003662248070e-01,3.056184823625460178e-01
1.306047194070356354e-01,3.016699646534189427e-01,-8.252405429880127485e-02
-7.889959731092534290e-02,-2.421689335399375143e-01,-2.249075654313304751e-01
-3.288023850348838484e-01,-8.731875455808180142e-02,1.739072974081692230e-02
-8.978741816557413158e-02,1.152942233765076457e-01,-3.086567972051727504e-01
-2.398308772099364272e-01,-5.314678864448140611e-02,-2.384692255055912702e-01
-4.487915414810710046e-02,-1.093637439644121190e-02,-3.400979292653741326e-01
-3.167200624722564702e-03,4.374680201312506483e-02,-3.412737582808250125e-01
-1.610911923964188641e-01,2.639790403500537619e-01,-1.528052339003833360e-01
-2.106189304627048564e-02,1.811710110808555790e-02,-3.446853371382248565e-01
-2.810354315389389929e-02,-3.336432099355442493e-01,-8.982871395869886089e-02
1.647151282687692730e-01,-1.853781214838495228e-01,2.434739946916185116e-01
-8.283792442282035540e-02,-4.664614440596342483e-03,3.383676372941396004e-01
-5.291636779964740273e-02,-1.496417231367187239e-01,-3.111053137341631136e-01
1.141024305872146436e-03,2.999639393812149613e-01,-1.805667090353541837e-01
-9.318428753086729910e-02,3.383096924389066285e-01,-7.340609288175566419e-03
-8.006794973791711567e-02,-3.423139523996640565e-01,-1.447436462561356614e-02
1.139204828355530191e-01,-1.217683308213079740e-01,-3.108124120822330916e-01
-5.826075341981968138e-04,-1.977045683357354922e-01,2.931463951858476191e-01
3.180971983394043079e-02,2.189018229655193271e-01,-2.769599649797956920e-01
-3.386537474907787559e-01,5.980835351649976817e-02,-8.938510126186804960e-02
8.826458777527937394e-02,-2.084437834124582001e-01,-2.750127680977044187e-01
-5.069364222124558839e-02,-2.244011729456076368e-02,-3.527299419531181868e-01
-2.849609581600265253e-03,-5.679612443564201196e-02,3.533839533197535299e-01
1.451252877175452649e-01,-2.971884418299783892e-01,1.391262813030498535e-01
-1.428679421094146418e-01,-6.796376362109873837e-02,-3.230083729058313979e-01
-2.969668786445477937e-01,1.148584190169977259e-01,-1.691485281989672795e-01
2.436737206110208276e-01,1.114917628993550985e-01,-2.425200749770183850e-01
-2.616166175779248704e-01,2.478836935979390199e-01,-3.695911900893534413e-02
4.874955243396245086e-02,3.598093939149876186e-01,-7.107481329982972933e-03
7.715065596165281148e-02,3.139680327255536252e-01,1.673259444241521343e-01
1.535233297030464406e-01,-3.310098630918455465e-01,-5.242010812638112256e-03
-3.475928357707873673e-01,1.038781158856210557e-01,4.683267239612982219e-02
-1.784131732085429134e-01,2.831182857811725406e-01,-1.498661379665323090e-01
-2.672028517035605066e-01,8.378712602605091486e-02,-2.380626105814777072e-01
-2.937103518942608682e-01,1.172177914516190217e-01,1.890292898895938045e-01
-2.956034110659743752e-01,-1.592423892697921450e-01,1.537750879383262548e-01
-2.780427714195352062e-01,3.325128281667830143e-02,-2.421225850211175257e-01
-4.552038062457274686e-02,2.978548800268938090e-01,-2.165633114883717125e-01
-2.992814373275867190e-01,1.562780432812028997e-01,1.560502420081363306e-01
-2.771918588732025235e-01,1.864129844089538468e-01,1.655759428935744682e-01
-1.178340966890774610e-01,3.525024586345614774e-01,-3.894048948483108674e-02
-2.670258854733793541e-01,1.339582387776968586e-01,-2.259919203714993441e-01
2.502336139911064961e-01,1.560465683989279151e-01,2.324121837565831239e-01
-3.258844094646546341e-01,7.465739210319960462e-02,1.728390964282958964e-01
-3.298417383913661571e-01,-1.319583728524845456e-01,1.269099485083128032e-01
-3.529177099837436105e-01,-9.952414673298912162e-02,-9.234624770615382228e-02
1.155035048476893249e-02,3.651606079899546997e-01,1.008924259821815661e-01
-7.445753879846557510e-02,-3.588309338330610276e-01,-1.001232181405219829e-01
1.052714130273311732e-01,-3.656006991352561131e-01,-1.605129536245891025e-02
6.052316912430839857e-02,2.057290040735224312e-01,3.157428963278545719e-01
-2.849429725931007518e-01,-2.155149273147290434e-01,-1.368263467349199181e-01
-9.711299967585228232e-02,-1.390141206748249092e-01,-3.439279914485732781e-01
-3.080160251882216316e-01,-1.782463006128559846e-01,-1.451913143363640357e-01
1.539048199865175603e-01,-3.375285381811420904e-01,1.039223840477583594e-01
-3.165714491006985098e-01,2.855817220634132569e-02,-2.192420696505560651e-01
-3.511798311806805638e-03,-2.208557718830076455e-01,3.178061256710967286e-01
1.779839899684404741e-03,3.203027081091474049e-01,2.188279810493140021e-01
-2.141328576923476334e-01,2.855087337894425259e-01,-1.543017993135470667e-01
1.022361445484533948e-01,1.757918593009845099e-01,-3.324436701822811036e-01
3.729850796067629148e-01,-1.714500849998487966e-02,-1.147203875371224785e-01
2.187238626076595804e-01,2.041750174586932642e-01,2.524796496887909414e-01
3.517036015961675921e-01,1.329950154251316463e-01,-1.122210186522951125e-01
3.977391556825187607e-02,-2.625140519849901155e-01,2.901488338842135861e-01
-8.024105180462681730e-02,-1.161356377869444088e-02,3.857666370668224598e-01
1.303695531717523892e-01,-3.332202064099815120e-01,-1.675324167806428455e-01
-2.097071847869981243e-01,3.111805043594162989e-01,-1.264928905473554910e-01
-1.927031423433020751e-01,-9.229607334537247298e-02,3.344724392966830218e-01
-3.174271200274447202e-01,-2.363987789254582694e-01,3.995908248477562930e-02
1.017071517213186810e-01,-3.423674099305509810e-01,1.771996322724423423e-01
-1.897579654350657063e-01,3.509978243611879267e-01,2.173842365518912148e-02
-1.284760956212499805e-01,2.470812495902691419e-01,-2.878327493469672871e-01
6.601554560937238081e-02,-3.791190550912075241e-01,1.141870327601855056e-01
-1.745489040241280654e-01,4.565741363713583106e-02,-3.595877260700673372e-01
-3.307141687510328221e-01,2.034224207066168688e-01,1.087759224585507917e-01
-2.922464059960572236e-01,-1.908098115599465572e-01,-2.037157793608870282e-01
-2.876880816470751556e-01,-2.723440445751060812e-01,8.434876807059117632e-02
-2.959687676700515913e-01,1.699101069999322533e-01,-2.198173583113481877e-01
2.099179887899181030e-01,-2.700079781380595456e-01,-2.203524585593761020e-01
-3.291013356464679296e-01,-2.138882353299695893e-01,1.104984677063618609e-01
-9.815431855567284536e-02,-1.101355077753704281e-01,3.811097412946143903e-01
6.806218296640394183e-02,-4.037443328702678969e-01,1.058345175550554941e-02
-3.588140472352143728e-01,-1.019305952052452502e-01,1.713595125626360682e-01
-8.063974830372508396e-02,-4.025711281681937925e-01,-2.617119933113971897e-02
-4.034543403132377359e-01,1.660114568291344919e-02,8.338016396375316774e-02
-1.285520257915643838e-01,3.926168779281465349e-01,9.162219149362818213e-03
-1.989906088993483868e-01,-7.521905765705332036e-02,3.553294707131732788e-01
-2.792936473148276422e-01,2.747739400986492497e-01,1.369943558035565667e-01
-2.889769460463519901e-01,-2.943031357006855031e-01,-5.396585080888371966e-02
-1.588476263993962856e-01,-1.014912749914421708e-01,-3.718397440530276099e-01
1.373690640341819202e-01,-2.001884595769070629e-01,3.400264601767917783e-01
-2.710443958732985381e-01,7.829164781720979183e-02,3.094142402079593235e-01
1.334296078637698113e-01,-3.943747079560602775e-01,5.260621750998926982e-02
-5.850369885565029522e-03,-3.791687078940788602e-01,-1.818569289616344953e-01
-3.354121367130427633e-01,3.698479569227844377e-02,2.525490676411964452e-01
-3.264869360969264722e-01,-1.752947198987750976e-01,2.027454458072668053e-01
-3.479511247219484460e-01,-2.305264206147495942e-01,7.067579806548184018e-02
-9.130981203003243896e-02,3.442659301226491109e-01,2.305062481663951168e-01
-2.211803915443986968e-01,-1.761677348510911068e-01,-3.175190038059466091e-01
-2.541674763572098761e-01,-3.985065113437363110e-03,3.419708221791145086e-01
1.451109216465611695e-01,2.026921971605727957e-01,3.467116390421138838e-01
4.051598966969598148e-02,-3.734370469727663067e-01,-2.050490273055482759e-01
2.060889133513194305e-01,-2.340459506919565780e-01,2.944243828370641802e-01
-7.945792320012948218e-02,-4.976286712057210321e-02,-4.194547996555930136e-01
1.125496391162227328e-01,5.940804897312993577e-02,4.115024357979526481e-01
-2.968961085853064064e-01,2.539189990980874612e-01,1.836027881687535002e-01
3.909938326632107775e-02,2.039441570147105531e-01,-3.794913852881810490e-01
-3.564536204998585561e-02,5.535062294761929590e-03,-4.320190015467285649e-01
-5.935469255354652168e-02,-3.797979106961286155e-01,-2.024366046012582576e-01
2.841499308777343039e-02,1.132291341770584742e-01,4.194431343640805943e-01
-3.768402104723862518e-03,1.702176873313710759e-01,-4.017284276924414366e-01
-3.946848220274640218e-01,-1.241844358575231420e-02,1.877745904632540652e-01
-2.203931766255589619e-01,3.161531019106337825e-01,-2.085227742358028713e-01
-3.716676903276350252e-01,-2.116967807303819504e-01,9.937698624578404638e-02
-4.100947547570893414e-01,-1.058375117696121193e-01,-1.194648051841198516e-01
-1.686643861544787903e-01,-1.016430410160172604e-01,-3.945852746778970577e-01
-3.926028411007387864e-01,5.797350086071175607e-02,1.944388174898739330e-01
-1.929997221624345227e-01,-3.488022040576165272e-01,-1.929321458005221757e-01
1.348330080823378074e-01,3.689906324248377611e-01,2.064786549231624746e-01
1.531439485502802955e-01,-2.842518752313709651e-01,3.058602854450706565e-01
-3.324154404654804940e-01,-2.363099461232295515e-02,-2.959425492946228808e-01
-1.360010611976842920e-01,-9.729129533974774369e-02,4.141482471299993140e-01
-3.028720065169960285e-01,-3.076500282021638610e-01,1.180820305403618153e-01
-4.137615516547513694e-01,1.163668939593757029e-01,-1.281744221296005348e-01
1.159832824253718003e-01,4.220154735026382387e-01,-1.023087400084166099e-01
-1.928290841919530485e-02,-7.049227945627761782e-03,-4.499388247356732040e-01
-3.374988938563965313e-01,-1.649606823109439971e-02,2.992349707484350252e-01
2.028593275340307978e-01,-3.609014427531287983e-01,1.821336758775056741e-01
-3.438674188299368217e-01,-1.504150003316391815e-01,-2.540919652415510321e-01
-3.416816699452344674e-01,-2.986385361634216751e-01,-1.900425137876305542e-02
-2.511354114624056444e-01,-6.718186279023034835e-02,3.735946141909784468e-01
-3.406099469017663806e-01,1.232836545284550223e-01,-2.771402476451476082e-01
-2.771999120819227946e-01,2.975881230997433624e-01,2.085429345867784168e-01
-1.670143852428606357e-01,-4.923813897117770150e-02,-4.236046784389112529e-01
-4.298170851038706775e-01,-7.293948867476128528e-02,-1.434199011779108135e-01
3.408708729165303986e-01,1.032881603593910486e-01,2.909405047300035463e-01
-1.699944764353241988e-01,-3.624182561686522391e-02,-4.268188896095700402e-01
1.140168689276794545e-01,-4.464326753798352754e-01,-3.106016057440936368e-02
-4.407627845396198119e-01,-8.876185418120441373e-02,1.095425161233100908e-01
-2.434495461119794701e-01,1.948476010655477153e-01,3.432240208364575884e-01
-4.255018439801089292e-01,1.703593745829976858e-01,-7.648786894884759824e-02
-3.229918819102604033e-01,2.554875852273165160e-01,2.172970345586464069e-01
2.184391405531443953e-01,-3.846840580978418411e-01,-1.483641739503750445e-01
-5.777706844041230472e-02,1.720223823252599871e-01,-4.309012409019397638e-01
-3.826875250625915714e-01,2.603433679402369916e-01,7.263839131045309039e-02
-7.063142563139934715e-02,3.341544171488075587e-01,-3.221154836482522654e-01
1.065199176840235934e-01,-2.789837259379776002e-01,3.634999109302930465e-01
-1.768939980934518263e-01,3.496833395728154992e-01,-2.620067765747225996e-01
2.838269431923468034e-01,2.540200827306396958e-01,2.793618883765369154e-01
-2.688970285326325871e-01,-3.651477221796151085e-01,1.356492063435309481e-01
-1.251029096740842450e-01,1.514065826890762245e-01,4.317167188824734825e-01
-3.711444448141051899e-01,-2.235891028274005488e-01,1.952721867803829392e-01
3.385008847024582046e-01,-3.293024110093616397e-01,-6.139020382677029541e-02
-2.645780400998861137e-01,-2.388532177740712026e-01,-3.172729614138873888e-01
-2.374962337911192545e-01,-3.679242455864926153e-01,-1.920087163630224691e-01
3.640524679208459458e-02,-7.717396143219348859e-02,-4.714733438791529063e-01
-3.786091555965757083e-01,1.444659505422121737e-01,2.574565694024635865e-01
1.132745794026835950e-01,-2.250595164714840613e-01,-4.098168914669509388e-01
-9.667489499687079157e-02,4.235285960133736705e-01,-2.089177331737977206e-01
4.119697742017822684e-01,-2.364857960131875048e-01,-8.754161675193286585e-02
2.146952575704888511e-01,4.249701198401140134e-01,-8.692674391130883471e-02
3.654682346106422619e-01,1.457409434094874556e-01,-2.835259221928990159e-01
-2.194513947746835891e-01,-2.589598731975601975e-01,-3.477391068562648013e-01
-4.687558069611039158e-01,1.145168554618166828e-01,6.515714775185588170e-02
-3.013570685784949243e-01,1.955552226868177701e-01,-3.301307982448352107e-01
-4.302197331272226144e-01,-3.519561834554263413e-02,-2.295037589546418400e-01
-4.885727847911192634e-01,3.540121079581965563e-02,-1.151292668770373222e-03
-3.200479406994490295e-01,-2.570143029708578108e-01,-2.691317142610104574e-01
-2.576027552089047434e-01,-2.998176504198223347e-01,-2.926309269441436101e-01
-2.742830746167270184e-01,6.403595872126693900e-02,-4.043728249182225731e-01
2.720252904093068899e-02,-4.534277994646652155e-01,1.936020511736432637e-01
-4.129788727495389278e-01,-8.908990738410370314e-02,-2.574918302990795715e-01
-4.903710979338671838e-01,-6.890150017179212660e-02,-2.354290342750262055e-02
-1.760383408439420705e-01,4.322659505009008307e-01,-1.699995617413659621e-01
-1.437589596063591074e-02,9.934662581956623870e-03,-4.974116503734696271e-01
4.704723573952160898e-01,-1.505301759252656857e-01,6.858185800425246892e-02
-4.322776280929813142e-01,9.755723045461645038e-02,-2.308935591866861092e-01
-3.316831423525623546e-01,-2.545651594374927496e-01,2.754361151036227029e-01
2.254663948409600105e-01,1.335260209968722744e-01,-4.277963347399171279e-01
-3.732371267340378607e-01,-3.232602717706422601e-01,-9.415680920603358706e-02
-4.499091769344535363e-01,-1.553347170828895396e-01,-1.646785646820610738e-01
-4.938617093227471444e-01,-8.716574370053488396e-02,5.629643819732745719e-02
2.061200167865072097e-01,-4.534643705476983366e-01,8.691592062214950620e-02
1.704540623131533816e-01,-4.252244500351370915e-01,2.163456758735637087e-01
-1.359465863618199155e-01,4.559471347144842257e-01,-1.769621074113532921e-01
-3.004685822143161600e-01,-2.081527099957472260e-01,-3.536775223480773112e-01
-2.254428939378656238e-01,2.414016646268983546e-01,3.880878737564796843e-01
-2.205371304468019267e-01,3.142853965108537984e-01,-3.366261603950981285e-01
-2.057748549743894095e-01,-4.798565354604676647e-02,-4.659439251469383314e-01
-4.452502902978353050e-01,-2.352389883378568913e-01,-9.585360070421911072e-02
3.815369496488081880e-01,2.744818214927910449e-01,-2.070960530835345148e-01
-3.401181714361106168e-01,-3.021476785173850543e-01,2.405310732999339507e-01
2.846202778968927039e-01,1.711966270317665240e-01,3.943907033069097845e-01
2.286856911227539424e-01,-4.398635139004437034e-01,-1.453242056250753089e-01
-1.818191994356019581e-01,-3.441705722745660445e-01,-3.412076901819713903e-01
1.760162597223478009e-01,-4.872454167292927241e-01,2.419779373078788376e-02
-2.748808894505438971e-01,4.374993832005955041e-01,5.526441840435213082e-02
2.458541025632267063e-01,1.309795333565198783e-01,4.398482396096302094e-01
-3.591720051908035144e-02,-5.452985426537860364e-02,5.175449301266771274e-01
2.384829955603892937e-01,-2.062106236995145947e-01,4.168600175397507712e-01
-2.570675746148249341e-01,1.757081413251674051e-01,4.210321392064239610e-01
-3.142125905773848205e-01,-5.075858468772072307e-02,4.171067836466041956e-01
-5.036477880693642772e-01,-1.747358479404858417e-02,-1.495979296865979635e-01
-4.745214158059415377e-01,-1.098679069849992085e-01,-2.004229133399356155e-01
6.235881764494183993e-02,3.376866410155336395e-01,-4.006967786222345729e-01
1.447735495528573169e-01,4.802762803377972345e-01,-1.671079245341323682e-01
-3.954080358127845529e-01,-1.769951346770650136e-01,-3.048752582764003849e-01
-3.224305971730295761e-01,-2.489805537189887508e-02,-4.208554601341215617e-01
1.522774959190299204e-01,-2.034842520849013126e-01,4.671043686325809241e-01
-4.462698590147984867e-01,-1.257359458976484434e-01,2.624834185678316389e-01
-4.411032393306510424e-01,-2.472184619065921907e-01,1.710583914829675312e-01
7.115310704524102636e-02,4.968051924607317371e-01,1.848270972316733429e-01
-4.402761807950933415e-02,4.593345369391010347e-01,2.724056722980326417e-01
-5.108253630246294419e-01,1.323960627660837885e-01,-9.877034570287016035e-02
4.627518571340704517e-02,3.299331437507327380e-01,4.222890223469488724e-01
-3.599419466163197856e-01,3.880797719797031142e-01,-1.013050152237550405e-01
-2.972420210044554034e-01,-2.466582479283252125e-02,4.500780194589310557e-01
-4.080145864067203920e-01,-1.114315523568495253e-01,3.372629282609753698e-01
-2.520556589584611040e-01,2.529198055095042202e-05,4.798103403800665911e-01
-4.169403307519273238e-02,-1.422860792546012769e-02,-5.412237403626167787e-01
-2.776182859201298259e-01,-3.574461318244273045e-01,-3.018963731668433126e-01
-1.451434447743312484e-01,5.885768166854889183e-02,5.220827945762492872e-01
-2.364538605227838042e-01,-4.338951384253154075e-01,2.324849160223358413e-01
-4.451526743379722872e-01,2.635941297161691899e-01,1.780685169941053914e-01
-1.326445659949347933e-01,4.098601757133240597e-01,3.389703329795987763e-01
2.897165744274727769e-02,-3.896140990049223873e-02,5.470432478114781727e-01
-2.030849187413254209e-01,4.856830739736567315e-01,-1.600566324191025347e-01
-2.194571258722648466e-01,5.049572668802223552e-01,2.730502721005738376e-02
5.248786881490927758e-01,-1.408205217918561125e-01,9.850452396767818419e-02
-1.209513479947895015e-01,1.112229745065231729e-01,5.283720006334823305e-01
-3.386249198416779183e-01,2.670674813975455475e-01,3.483297665855464298e-01
4.411871294606701244e-01,3.351744859710349411e-01,-3.859329217538847584e-02
4.349033987318701167e-02,5.454995633988374282e-01,1.008536062088298962e-01
-5.289637496992979360e-01,1.757575086639107109e-01,-9.883222010749375883e-03
-1.125984431738960012e-01,3.559283102316467828e-01,-4.154386616622246509e-01
-3.133741269204018964e-01,-4.635876445488932296e-01,-8.187624779792186018e-04
2.747611429890756823e-02,-2.390389331917505966e-01,5.063507389597283748e-01
1.666417270563660680e-01,2.414983723474004584e-01,-4.789217564821255380e-01
-3.044628407442985241e-01,-3.963806392966142123e-01,2.584886113179105105e-01
-2.857107351948605101e-01,-1.988631208085897828e-01,4.434324198812858442e-01
-2.474718859655580111e-02,-2.475315718408500065e-01,5.070565355362967042e-01
-1.518490484780578575e-01,5.438752809022747714e-01,3.628520297581186438e-02
-3.750904940745235505e-01,4.137289322920936208e-01,9.745916064072002172e-02
-2.523882930761828236e-01,-3.212355349542352356e-01,-3.945398596263168800e-01
-1.678239332780540882e-01,1.205913026210048145e-01,5.301330155179312387e-01
-2.237614740484806242e-01,-5.078519449737184388e-01,-1.302420758029939063e-01
-8.503917445302902611e-02,5.424032898595247676e-02,-5.621148286764252600e-01
-8.279721514786282655e-02,-3.105632869540478902e-01,-4.733350880551657203e-01
2.561047888034074793e-01,4.739498532915748519e-01,1.958073981936341024e-01
-1.571301816711778987e-01,-4.987861238802731023e-01,-2.372596498572470125e-01
-4.539301625209248847e-01,3.937247337634069977e-02,-3.512565510235402533e-01
5.211911334383347028e-02,3.349628549296286839e-01,-4.661385055652499387e-01
-2.639765761280556955e-01,5.134150605856290239e-01,-1.200034673753162806e-02
2.002473307242922940e-01,-3.011048976887928941e-01,4.515350771339233793e-01
-2.448797215264497673e-01,-5.241218593419781913e-01,3.471422390843841715e-02
-1.627680948362902891e-01,5.035376833930758217e-02,-5.550469411653728979e-01
1.140623310092721138e-01,-1.967388174305274851e-01,-5.353730206001268144e-01
-1.593154605811722691e-01,4.390152461733982242e-02,5.588111278876222165e-01
-3.201944216738553117e-01,8.110405509007062586e-02,4.813706478485237916e-01
-5.555498657911686067e-01,1.550900256788960152e-01,-9.683124229497987179e-02
-2.198500528451380331e-01,-6.316114680126046210e-02,5.394346441538236947e-01
3.008978515920808228e-01,4.089326167484732544e-01,-2.946173755712117592e-01
2.799542777150757500e-01,4.439168747383216984e-01,2.652985899030601002e-01
-4.811154396049797249e-02,5.868683882359038151e-01,1.868930801658944679e-02
-4.883053490854349366e-01,-2.932812524193852965e-01,-1.545462852325062697e-01
-3.969251566927304853e-01,-3.835332024853358446e-01,2.120348456522201108e-01
-1.147875192456225407e-01,-5.747807063952439233e-01,8.559222214318461253e-02
1.686839331383241034e-02,5.049367264078920003e-01,3.112906973394151677e-01
2.514111268070687855e-01,-3.047698040050037527e-01,-4.442198969407548104e-01
-5.645450135068645903e-01,5.858034355195736176e-02,-1.804445768616197987e-01
2.741831934990936470e-01,-4.970448830747713487e-01,1.837278103036075194e-01
-4.128703326404537521e-01,-2.659548691202570092e-01,3.407030060129666027e-01
-4.454495517424971740e-01,8.731387932593726031e-02,-3.905296949511466442e-01
-3.517630389393937573e-01,-4.703918695100829939e-01,1.218616596018449599e-01
2.099892437569813863e-01,-5.342166195755277958e-01,-1.779612974862668784e-01
-1.226791523225805869e-01,4.751331095112244496e-01,3.487866046999473224e-01
-2.250320762975100974e-01,2.438285151046046539e-01,5.036528170067712251e-01
-2.138899461730122409e-01,-5.124763323048144859e-01,2.380857075821556368e-01
4.806438652649249743e-01,-2.545633336626741960e-01,-2.656238408910069904e-01
-5.938526015231644362e-01,-1.198741891631735640e-01,-2.571425236613659321e-02
-2.117937568834327988e-01,5.381737568825222251e-01,-1.858033369224514619e-01
-3.874970745580798570e-01,5.557923920892777168e-03,4.691990025887116667e-01
-5.062693735385340732e-01,-3.187108908069398727e-01,-1.173583414120895618e-01
1.118701346490716259e-01,5.866324261979865007e-01,1.278088025881976286e-01
-1.873194615722147960e-01,-5.795584036028640362e-01,5.782775526335304228e-02
-5.715991018650632416e-01,-1.298013988551234010e-01,1.791178913334908473e-01
-9.010929703284065173e-02,5.368852445567845466e-01,-2.839576264261211569e-01
-4.309099125481793968e-01,3.117230605720867076e-01,3.090091229897115044e-01
-4.441013848287547194e-01,4.227949063939117069e-01,-6.088687965391635648e-02
8.220555000342205654e-02,-6.038872089969646861e-01,9.799217545780410099e-02
-5.880113528493812192e-01,1.037578244924004939e-01,-1.608471701994679537e-01
-5.034099064519418354e-01,-3.151262408108309598e-01,-1.761457296831405173e-01
-2.046567059492742369e-01,1.636835429442900502e-01,-5.625290869424490747e-01
-1.949145019678229784e-01,1.648536824624582120e-01,-5.668449409632161373e-01
-2.110174236959357907e-01,-5.818463300427374474e-01,6.912110319327050001e-02
-1.432422269576217599e-01,3.109534653151030947e-01,-5.215498086347865048e-01
-5.092334948900280323e-02,-4.149522114731653000e-01,4.645677142654102143e-01
4.776928078029186175e-01,2.733048934986056500e-01,2.984904126568103666e-01
-3.128099636677769690e-01,4.145945675275683473e-01,3.516082257332188155e-01
-4.448020385677743382e-01,-3.303152924248844435e-01,-2.963078516454752953e-01
-4.030844411902709812e-01,-4.828397205265257397e-01,2.315602261840448567e-02
-1.277184792435648863e-01,-1.813581870843740118e-01,5.902037809491154086e-01
2.531240444517817156e-01,3.915580565322852036e-01,4.260908722762223877e-01
-5.887688403827910921e-01,-1.042872234722838215e-01,-2.069341746244391100e-01
1.485629463241962440e-02,-4.730732902967504372e-01,-4.215856685403845394e-01
4.550925812082356470e-01,-3.113692079205574448e-01,3.148086408942628589e-01
3.282679829977610403e-02,-2.632081118329688274e-01,5.781204226728663409e-01
2.901783188834349825e-01,-4.481633432576349052e-01,3.477702154557508196e-01
-1.456418611206793667e-01,5.261767029782721261e-01,3.306765023051886354e-01
-5.674511809815662167e-01,5.690048655329053157e-02,-2.891508444537806422e-01
2.766758185053131910e-02,-6.106797482798617116e-01,1.912631970745769794e-01
-4.853578141914908217e-01,3.398861085134277094e-01,-2.462033324824902669e-01
-1.208267311379810777e-01,3.899421522726848055e-01,4.964823673585606612e-01
-6.254280003415098044e-01,-1.396890773093147631e-01,-6.258781403673734089e-02
-3.939959091809412395e-01,-4.868872126203693251e-01,-1.540913259049773998e-01
-4.517092499290514818e-01,-2.915094346216006160e-01,-3.584223512454137173e-01
5.245635569809405929e-01,-3.378253898669393851e-01,1.721803182022337564e-01
-3.349497232311811623e-01,5.099406318374232194e-01,2.194664714640379155e-01
-2.245168064722506129e-01,-2.242903016638291835e-01,-5.666953255892605013e-01
-2.953239697992925406e-01,1.683842523203638586e-01,5.547550655331120462e-01
-1.492442130808769307e-01,6.155093844910526357e-01,-1.538380389748076615e-01
-9.871204928331352157e-02,-1.973652029537372940e-02,6.450823376851351210e-01
-2.094960393965907830e-01,6.101413610945946031e-01,1.076138528387862586e-01
1.821912188662896948e-01,-2.533461759880456521e-01,5.760597546414619741e-01
6.275516914618683995e-01,-1.755233025710828121e-01,7.796242839618586218e-02
-4.940514210960144648e-01,4.025410882906552690e-01,1.614635179407915011e-01
9.952132599636444310e-02,3.011917998612228531e-01,-5.771208750836824830e-01
-1.220717177518405167e-01,5.569845281722065611e-01,3.317425582178299970e-01
-1.858107210427885625e-01,5.581477473286807767e-01,-3.010527557599493864e-01
-6.609038355215928195e-01,-3.310562936745427981e-02,1.738836308360312138e-02
3.705999539786160035e-01,2.935233085718461088e-01,-4.649740948333823121e-01
-1.106245110274520077e-01,-6.548568585869355418e-01,-1.178399964044978161e-02
-3.527552790703478158e-01,2.806817651903077415e-01,4.894002855123667506e-01
-6.149478013379688912e-01,7.430854655717938906e-02,2.461091312495781169e-01
-9.662468344515813892e-03,-1.645258553895110054e-01,-6.470048587051919764e-01
-1.282028019865750004e-02,5.196277058302952723e-01,4.208673362448552280e-01
1.804212451344236467e-01,-5.284552971472376015e-01,-3.701663164722789334e-01
-2.954510537440360740e-02,-4.953563913688012188e-01,4.518035550352223484e-01
-3.407440105326566271e-01,-2.038211624907312058e-01,-5.424659139193294122e-01
4.621587310956985495e-01,4.798241985486552674e-01,-9.819605908967538044e-02
-2.337612810668339980e-01,2.162984319037629388e-01,-5.946299655804631046e-01
-4.375044323147281866e-01,1.789965073371660720e-01,-4.828230752722528218e-01
-3.850996431124049102e-01,-7.004798636287387636e-02,5.521933843996789104e-01
-4.868876357606107333e-03,-1.009076296784836846e-01,-6.704342444338455831e-01
-1.672724321756242916e-01,1.927623396359276764e-01,-6.293782987362024350e-01
5.798415031608172843e-01,1.815831564523267827e-01,3.060004628908981061e-01
-2.920817990597019409e-01,6.142682783402813040e-01,-4.197906014557029747e-02
-6.144311546718381756e-01,2.465617643822729521e-01,-1.663130022671750197e-01
-1.743561778164532394e-01,-4.473689598870587703e-01,-4.868493836183458434e-01
2.713333859976083673e-01,5.702682062314903266e-01,-2.651810445943366124e-01
-4.493157139562085622e-01,-4.808983802151903797e-01,-1.938870760793477976e-01
-5.541451935419232644e-01,4.055133252166664981e-01,2.859679863597773541e-02
-2.723999012370973416e-01,-3.796812060232729324e-01,5.055453567175224316e-01
1.150156115937915197e-01,-4.780107676613815637e-01,-4.835461635676603920e-01
-9.213324349321999618e-02,6.842449998317822191e-01,2.164311091675328799e-02
-1.020530515361110641e-01,-4.125365189811035505e-01,5.460399612418717075e-01
-6.814322693314273094e-01,-1.161219519039481396e-01,5.043348213182566320e-02
-4.192662505352335311e-01,-3.095579377567256874e-01,4.586814723237065961e-01
6.375308354815075740e-01,5.213528579422460618e-02,-2.728751646806757969e-01
-5.944021872278675289e-01,-3.592041544578390977e-01,-5.396984172940540864e-02
-3.746189315755327209e-01,-3.947182168073071762e-01,-4.367455122391434852e-01
3.969334282035449912e-01,-4.341344290834452391e-01,3.774891442777309480e-01
1.743090506199642953e-01,-5.557493656442471369e-02,6.757939538641679622e-01
-1.010106237555430803e-01,-2.094768758422636823e-01,-6.616140132581693756e-01
-5.889013570525887253e-01,2.673557513425112719e-01,2.741977046119759565e-01
-5.629864503516374824e-02,3.187357153414555611e-01,6.247896656904580182e-01
6.966081224228969082e-02,-1.734816879084224162e-01,-6.795850233249081107e-01
-4.657843171675167260e-01,-3.986325515732600522e-01,-3.501228073150962627e-01
-5.376579893231339113e-01,-4.564122550924575306e-01,5.224601692764720834e-02
-3.627353091261971696e-01,6.038054458485021536e-01,7.505574051225295806e-02
1.340358404386657043e-01,-3.179230194252390951e-01,-6.200229284897614823e-01
-2.031434800533427065e-01,-2.513600031104677446e-01,-6.330104073941519305e-01
-5.848685739933755234e-02,-5.684236349421621926e-01,-4.246313838848988498e-01
-3.157932790183193283e-01,-5.813703295077095046e-01,2.661055995114192663e-01
-6.762240124052171231e-01,1.234092060708604499e-01,-1.942056724107893706e-01
6.626914957083427371e-01,-2.201031338606767584e-01,-1.559461088501823967e-01
2.345941172738255087e-01,-5.134498503897633181e-01,4.415471938777327798e-01
-5.372044078292376179e-01,-4.186237791116259599e-01,2.269440226244321401e-01
8.150731108107817091e-02,6.545257343758976720e-01,2.863635937921020225e-01
2.006112133215558202e-02,-5.680884862879130859e-01,4.423148988418297844e-01
4.646654376399397823e-01,-5.463201921142144535e-01,7.818056461677287683e-02
3.077196871857513713e-02,2.329383790356141515e-01,6.833825517241595149e-01
5.850324717352239912e-02,3.509404680568866119e-01,-6.303717976762570618e-01
-3.651897027179041855e-01,2.231095765010318033e-01,-5.852735380347304783e-01
-3.682384683761019128e-01,-6.188998237500011879e-01,9.375813275224541277e-02
-6.439174334508007691e-02,1.789597563450495976e-01,-7.021391936084138141e-01
-3.844825968868997301e-01,-5.916717071165669140e-01,1.817136092616251086e-01
-5.015160784444445685e-01,-4.703108220163337294e-01,-2.448791942897053375e-01
6.767287986098903529e-02,1.925968166827232431e-01,7.019702717424725069e-01
-1.477394474228997667e-01,7.137681986142510038e-01,7.004989535326691663e-02
-6.130762034585075515e-01,-2.954767509003350390e-01,-2.734926120406899197e-01
-7.780642283900897349e-02,5.673340207896891974e-01,-4.602371382555884849e-01
-6.236325085518079625e-01,-5.503615660719763519e-02,3.867439916232244257e-01
6.006994325895428366e-01,3.098722106504655516e-01,2.940049200767902993e-01
-7.175821780596168820e-01,-1.704594682731617183e-01,-3.325101350228801961e-02
-1.080525823244615630e-01,-2.057301768786209684e-01,7.020522756301188494e-01
1.990321727185215619e-02,6.572074871203326119e-01,3.411098775339216349e-01
-7.130928671181764322e-01,7.297157729753019073e-02,1.914373897925130408e-01
-6.503167164760214058e-01,1.276320276352167771e-01,3.362711560937246547e-01
1.631403057644316423e-01,6.837040665991983568e-01,-2.449984805006442667e-01
4.357145873462380803e-01,-5.306188551555548472e-01,-2.906916348990252197e-01
-1.700023859066901732e-01,-5.966191046919835234e-02,7.247513460820887987e-01
-1.835809020650465972e-01,4.867892863224939082e-01,5.374788580905555113e-01
-2.575509556420358948e-01,7.023368579650978161e-01,-4.205817672058310974e-02
-4.328831209570484506e-01,-1.443281379156464983e-01,-5.958137106185068532e-01
-2.554282352583648330e-01,5.517527512900828324e-01,-4.420140444487157261e-01
-7.326423257097202102e-01,8.119137933419416642e-02,-1.534202740160208467e-01
1.513113046854173971e-01,7.363072140761927065e-01,6.082333665729566796e-02
-2.788703318766754813e-01,-6.568761779785258215e-01,-2.476712306406234076e-01
-1.989131543673860192e-01,-7.293533306987356468e-01,-3.051593697290645377e-02
-2.659288413799237860e-01,1.966140707071211205e-02,7.093743652207046280e-01
-3.789475753424561555e-01,-4.322759682046752872e-01,-4.957020692282728680e-01
-6.407929251283767114e-01,-3.813731644343069105e-01,1.483095406127221405e-01
5.261230173674341648e-01,4.057049401150800150e-01,3.721991090820025438e-01
-5.319055342975020917e-01,4.369479372648025772e-01,-3.285868453292490887e-01
-4.486599312366779113e-02,-5.497736649516792307e-01,5.286202430747628522e-01
-3.341404471526793762e-01,3.919260563008102327e-01,5.659854438410109045e-01
-3.804763465128878641e-01,-5.335718104547981788e-01,3.975313409253482533e-01
-4.375877057408867343e-01,-5.163533125020608461e-02,6.286850626973480294e-01
1.083933980416047216e-01,-5.528755550239758954e-01,5.233358005513708555e-01
3.167629730510374553e-01,-3.241652770596372135e-01,-6.227283940618355551e-01
-6.134164771129317906e-01,-6.327442394118621381e-03,-4.677706683110406383e-01
-1.093298000539447007e-01,-6.151994137140204266e-01,-4.545629827847517679e-01
-4.968500946569022192e-01,-2.659723387312423748e-01,5.304489747018144019e-01
-3.246524545921189997e-01,-5.794467644023186814e-01,-3.996889179971204187e-01
-6.738932986640527867e-01,-3.633113070348633067e-01,-1.292992627440317510e-01
-2.373672765851828348e-01,-7.793836969426970462e-02,-7.364574398663574772e-01
-4.719200510061637432e-01,-1.471241841332637801e-01,6.019798355322736327e-01
2.447992463162134702e-01,-5.289710721341220889e-01,-5.186023185922311596e-01
-6.966111380728127189e-01,-3.085237468592836874e-01,-1.737473509015916018e-01
-7.642950600978488662e-01,-1.201996254377146051e-01,-1.183595488174924854e-01
-2.903787342701768526e-01,5.356992194588754419e-01,-4.932314122992572658e-01
5.938127486537918553e-01,-4.839394966360829331e-01,-1.724284599301857956e-01
-2.922809144513328627e-01,-1.364339392531068451e-01,7.172706782055240371e-01
6.854384542999364394e-02,-5.516449526008493365e-01,5.581140175149025273e-01
-2.552544935553064387e-01,1.787860921099264644e-01,7.248238049167364805e-01
1.108629419044112122e-02,7.866923327717187941e-01,7.398290069955779091e-02
2.110726095586229201e-01,2.789483614108003717e-01,7.100104472752200024e-01
7.911519694573301842e-02,-2.153027938132870966e-01,7.588588654669662370e-01
-6.638918199735400760e-01,1.950640422430066356e-01,-3.894698117412713767e-01
-7.322174305782149784e-01,-2.824567577378606087e-01,-1.287549179979318170e-01
-8.752210572819117684e-02,5.574696041242500621e-01,5.622167520895009485e-01
-1.457294683744063402e-01,-5.533569331185678869e-02,7.824604544273724427e-01
-7.781162576874804948e-01,-9.763370889522896001e-02,1.535407700371732576e-01
-7.685462638835905969e-01,2.058977664152568110e-01,-8.688226121547022729e-02
-1.011996844752586083e-01,-6.218453998420565565e-01,4.956931426058182044e-01
-7.582069932032320381e-01,2.431727461871039109e-01,-1.033352581923064756e-01
-2.125343087026759087e-02,-7.197723486822930061e-01,3.580705852819563439e-01
-1.319620821115882192e-01,-7.448788293695535190e-01,2.766492066237478675e-01
1.216289671599917049e-01,7.934932582601351703e-01,8.017555561893140170e-02
-4.491272251909270707e-01,-6.067129112793009371e-01,-2.882755325563717275e-01
-7.701071435352713213e-01,-2.450801137147934905e-01,-4.312720052599907511e-02
-6.283119230726282867e-01,-1.288203879598849300e-01,4.956759091932930739e-01
-6.852227361492123359e-02,7.988185320069817186e-01,-1.278283900207982660e-01
9.831054794994674439e-02,-5.603057040695603730e-01,5.810555933906768056e-01
-4.510948337835303246e-01,6.726560195960414879e-01,8.586233103132420719e-02
1.048220033326522083e-01,-7.231592329947925668e-01,3.625953720080984377e-01
-6.992343041723136920e-01,3.408780075463059278e-01,-2.497971290438829595e-01
-9.801999539961402108e-02,6.785336473683933889e-01,4.467855035959523158e-01
-4.081202625232036030e-01,7.099581944499963049e-01,-3.382037399701819103e-02
-4.909572503338751615e-01,-6.501781760679196109e-01,-1.004729706460649602e-01
2.228218684952944784e-01,6.311229872575702116e-01,-4.775186051307240276e-01
1.824307855972338577e-01,-4.974380780566325377e-01,-6.303919028827920101e-01
-5.212255726723983434e-02,-7.907075548296031986e-01,-2.287347678216097857e-01
-6.151018793766220849e-01,9.582311758110835867e-03,5.513196165162709272e-01
-5.958734892697331587e-01,-5.091043321660148058e-01,2.651210440035401961e-01
-2.339109130227403632e-01,-4.263134477752313356e-01,-6.709960931673021323e-01
-8.224661100764724120e-02,8.171366490918741121e-01,-1.198897413152464897e-01
-3.584406204532463724e-01,5.126927411657595801e-01,5.474298724867833199e-01
-3.138644979956848324e-01,1.641718847747538901e-01,7.534705159120563822e-01
-5.112876276857796221e-01,3.512586755065511546e-01,-5.572765529861776201e-01
-2.722504317866406010e-01,2.795045221437980620e-01,-7.384382291107727259e-01
-2.272804067129546024e-01,-7.952628201399768448e-01,1.249782513506817322e-01
-4.550845499368205704e-01,-1.937663095410337988e-01,-6.762114625598718565e-01
-7.962218585435867357e-01,2.194678374841384227e-01,1.482223233576393795e-01
4.915150511240938269e-01,4.368729552834125784e-01,-5.233180473237074581e-01
-3.228480929183912829e-01,-7.593465010396569514e-01,1.663609760965434614e-01
-4.225473489508447256e-01,-1.002674566172575554e-01,-7.225835244134646285e-01
-3.754139377693561097e-01,-4.246224481633000258e-01,-6.258636908904571250e-01
-2.278070819188261487e-01,7.648106557993474830e-01,2.798890584920905034e-01
9.249118610000672813e-02,5.325748233022842282e-01,6.520801119659099809e-01
-2.143235256732479443e-01,-7.093601661767211519e-01,-4.129261882563080022e-01
3.810513237198877023e-01,7.423637005406616973e-01,1.599111966861290202e-01
-6.388389913712075874e-01,5.328078860038790721e-01,1.792285538583420212e-01
6.636244528373798184e-03,-6.623401211807946609e-01,5.363174660059585319e-01
-4.711686347005063502e-01,6.690271511759426915e-01,2.429731130830551644e-01
7.943904148943270460e-02,-5.701512932337035044e-01,6.320712588437955581e-01
-8.547127385252915044e-01,1.163176439989419865e-02,4.997708338894318869e-02
-6.059364389503816284e-01,-3.562026167616985650e-01,-4.913279055621574964e-01
-2.031469511121520855e-01,-7.218378119625245004e-01,4.188139824322440474e-01
-8.512033121215043519e-01,7.758153259395721146e-02,-9.718417200488897734e-02
7.770545865079346859e-01,3.642023190623430162e-01,-7.646211372468469936e-02
1.176592050686534330e-01,1.603438263427396093e-01,-8.396716528510168587e-01
-6.604279115636593200e-01,-2.800207820506655509e-01,4.820064088311871719e-01
-4.104647195021383643e-01,2.153635490656871099e-01,7.309955333743910488e-01
-7.227706396898733177e-01,-2.857664851284683061e-01,-3.840228614548515940e-01
-1.006493552172991190e-01,3.498576804756634018e-01,7.882416184266720638e-01
3.841571318719338435e-01,7.800120016641468590e-01,1.371479757502402572e-02
-6.376280608549128592e-01,-2.697023047359395354e-01,-5.284018540936680219e-01
-6.560998792376607769e-01,5.148985280941359433e-01,2.554792350347652730e-01
1.872638030969852596e-01,7.881105028371029331e-01,3.271345298403184332e-01
-4.089539103032377998e-01,-6.417661436249948448e-01,4.317956310900696870e-01
-6.553948398183184754e-01,-2.254167377260854754e-01,5.362434591453786314e-01
-4.032373598130797321e-01,6.609463964914878975e-01,4.133100570778698857e-01
5.418409879458203626e-01,-4.201138210020035624e-01,-5.500526950094113410e-01
-1.102400771362435500e-01,-6.663530364812012552e-01,5.646605442737598901e-01
-7.061396778248159034e-01,-5.074912409676255454e-01,-1.456767009991433159e-01
-2.913701122871352189e-01,4.637843128803719739e-01,-6.926741136410186073e-01
-8.428311020318437485e-01,-1.577804751710462916e-01,2.166206189718171415e-01
-3.118611456281922822e-01,1.386382817838425208e-01,-8.173769756804617481e-01
5.174274255196253947e-01,4.258053216808949659e-01,5.813324694610664256e-01
-7.149833585491636168e-01,-8.552415842529235979e-02,5.204660667092579907e-01
-7.843408772116486349e-02,8.798167696004848271e-01,-1.076517175433877593e-01
-7.996547032386330800e-01,3.931404850740363166e-01,-1.533647893369613664e-02
-6.658439188908655826e-01,-1.249123076973291252e-01,5.811377952900945720e-01
-7.933113201349264454e-01,4.118563898922925071e-01,-1.183165324598538237e-02
-2.645845381920945427e-01,-8.240343521917607994e-01,2.291577101089359303e-01
-5.890615228246608437e-01,-1.352928482713501752e-02,-6.758866760726409684e-01
-6.789839350767763460e-01,-2.438732756309550109e-02,-5.872308212742268774e-01
1.530622918745830896e-01,-8.862752454780392641e-01,1.708301444719783745e-03
-1.095401501851489823e-01,-4.284942319609878481e-01,7.847136183196697923e-01
-6.937317767782623656e-01,5.572741648359754718e-01,1.484478937306726032e-01
-6.229495472691900515e-01,5.766851876600379567e-01,3.093583055129102144e-01
3.998998645944504826e-01,-7.833491734994104672e-01,-2.127542472729500866e-01
4.231658315215435784e-01,-1.730991263549584991e-01,7.824829161491688723e-01
-3.806508003345441815e-01,4.204426945186902631e-01,7.086206770945473465e-01
-7.554907409253613926e-01,-4.693058735537985471e-01,-1.878845006330096545e-01
-7.211547602379396738e-01,4.546344876459276763e-01,3.194822800358543269e-01
-7.819221379160494756e-01,-4.451194183207100585e-01,1.476793902023524341e-01
-1.045976723393503005e-01,3.000849912002949704e-01,-8.560808792989673677e-01
2.828937030661554108e-01,8.674792486204504494e-01,-6.202268266790329082e-02
-8.657599580284591756e-01,-2.157456892567526929e-01,2.069915587861680673e-01
-5.006848934663882256e-02,5.579796013302629198e-01,7.263789603731415356e-01
-7.626701747286296351e-01,2.688776138639681346e-01,4.359614334319620310e-01
-8.515035625676820041e-01,-3.126173231836539279e-01,1.542422541839224837e-01
1.112644284872534722e-01,7.119852477579071692e-01,-5.743147785699540542e-01
3.819679440395951642e-01,3.549560133160533648e-01,7.614558599402365680e-01
1.279236252133835183e-01,-5.249963621787495649e-01,7.498647812890041342e-01
-2.870374648403034579e-01,-1.888181171923259127e-01,-8.595469755969648018e-01
-5.571109639556227622e-01,5.539181297202120380e-01,4.921923474632959872e-01
-8.070386299691624243e-01,-2.484172100638497582e-01,3.860345543991717809e-01
-7.929625177809035419e-01,3.755964996092985286e-01,3.078689080102995357e-01
-8.925192879501799847e-01,-2.203804311277865469e-01,-1.486413567892994059e-01
-8.508800110386586235e-01,3.638795665166612570e-01,-1.160205879827809483e-01
7.648938297658157692e-01,-4.918741894745839449e-01,-2.132676891323692370e-01
4.922841838304223838e-01,-7.666092837324712805e-01,-2.123179708434714819e-01
4.807994203717679826e-01,6.030832593671482389e-01,5.318533976762386262e-01
-8.174331751604564378e-01,4.347605949992265351e-01,-1.522217450832337726e-01
-3.788563238817984624e-01,3.004690197089202597e-01,8.057405105851939142e-01
2.723549866357904969e-01,-7.709695572971166921e-01,-4.659539866820813780e-01
-1.201429723970742630e-01,-7.190876772317608134e-01,5.973462350438403234e-01
-7.929473042872401400e-01,-3.976422277453269816e-01,3.226846030968812395e-01
-8.083118270551027384e-01,-3.993358280096884205e-01,2.843340158063814571e-01
4.390356774446982357e-01,-8.370778214735605793e-01,5.395229408444371377e-02
4.176855522910488672e-01,-5.529679920998963327e-01,-6.471582684928399720e-01
-1.407263298791210648e-01,5.234423056860718626e-01,-7.797087847944630390e-01
-7.327557000771515172e-01,5.301856785846056352e-01,2.939615265626511209e-01
-5.976897640532475853e-01,-6.146343178507985838e-01,-4.148964884683150056e-01
-1.496377998384320618e-01,3.320351619511561769e-01,-8.816018186125431644e-01
-2.983390147403515713e-01,3.168273203651076897e-01,-8.504085589704710735e-01
-5.342450858861063079e-01,6.283877925600654946e-01,4.847865946143438132e-01
-3.289963634844051410e-01,8.868304936355623225e-01,-1.527532878643197978e-01
-1.414866213571953218e-02,-7.688811608148129473e-01,-5.739358085262142861e-01
8.979605057629375109e-02,-2.331579620888657722e-01,-9.279557226086793120e-01
8.297461767534217714e-01,4.727323666593508111e-01,-1.196958069560081356e-01
1.343762063420454456e-01,8.733974530881075671e-01,-3.849186563092845126e-01
-3.580309695889130062e-01,7.688006194225230905e-01,-4.610526025822594964e-01
-9.645842170786104175e-01,-5.524959482279356154e-02,-3.330693814282332382e-02
-5.514597970352872469e-01,6.144304802744531280e-01,-5.057007652753081617e-01
-9.300136011808480818e-01,1.795683263941315611e-01,-2.073263917532063572e-01
-8.152126388331532025e-01,5.182366254149697316e-01,9.903899926397775888e-02
3.072548876582320218e-02,4.222959857809673867e-01,-8.754849089750459390e-01
-2.864893063629986858e-01,2.976245522179972736e-01,-8.819889156238325256e-01
-6.798543967333473548e-01,-1.296963625231676576e-01,-6.872801101167439475e-01
-7.884442914422987725e-01,-5.300390786291459683e-02,-5.742355093379447606e-01
-6.641880599141117281e-02,6.068865946518200438e-01,7.644001516488934111e-01
-4.288166204481014265e-01,-6.181852396752500756e-01,-6.275594602026784985e-01
-7.514859496572207087e-01,3.324658264685018128e-01,-5.361409548490692067e-01
7.921081049168828825e-01,5.239973472650297781e-01,-2.521003489739891967e-01
-2.283961644153680304e-01,-2.274402854528583540e-01,-9.297997163917161023e-01
1.258567942985734933e-01,-9.752190014715447219e-01,6.629339546615364842e-02
5.209574394746288029e-01,3.927122483598188829e-01,7.406347462881825994e-01
-6.925221724845361804e-01,3.278885545925596112e-01,6.244527069226364357e-01
-5.641885812271992817e-01,8.133593839855879359e-01,-7.975654076616449720e-03
1.756358594847421128e-01,5.494029519663885530e-01,8.063053017970246428e-01
6.962859643874661497e-01,-6.324695356077637554e-01,3.176303865092843792e-01
-1.035162363624984733e-01,-4.957272641039893180e-01,8.556682183895253369e-01
-6.760873112912793026e-01,7.067099131195651029e-01,-1.871143579893300157e-01
-3.158103625625140465e-01,6.978062385366600173e-01,6.385904210443642537e-01
-3.624741472689587130e-01,-4.797679062155598140e-01,7.973911613684169231e-01
-5.979668995753402161e-01,-7.979621873169544521e-01,-7.763085386563803314e-02
-3.002222315822478116e-01,9.521778758023540234e-01,-8.064112313118872166e-02
-7.886205200910129109e-02,3.899029411258354560e-01,9.208622676363865667e-01
7.015634870067593010e-01,4.941712102794406508e-02,-7.173259441660236879e-01
-1.294874721942833873e-01,2.092203416405736538e-01,9.755081225557271640e-01
-8.672148522792839653e-01,-4.647787698639642140e-01,2.169079247910385977e-01
-7.281877962528825465e-01,-5.005978410996607675e-01,-4.870886291573274796e-01
-7.850252584194716832e-01,1.050163760145882003e-01,6.275398844295868583e-01
-1.913876912149523879e-01,5.204229331271117420e-01,-8.465376012240334314e-01
6.014946284107156038e-02,7.415993323580426511e-01,6.881212398939001718e-01
1.882522893732952451e-01,4.476979840253150766e-01,-8.911995042617666396e-01
-4.807611887874015388e-01,-8.349339454836554042e-01,3.238533158496141318e-01
-3.806036870402081385e-01,-7.612502097682609659e-01,5.583828493721626485e-01
6.818909308192298846e-02,3.915283224774845916e-01,-9.387444869046036589e-01
-1.257952571666910713e-01,5.764575461449796823e-01,-8.331254753510503042e-01
-2.575370890569649018e-02,2.771024989055692611e-01,9.837808019857311459e-01
-2.548162184957424858e-01,-5.785658442609493690e-01,-8.053939384569317461e-01
-9.237462873044653966e-01,4.347459944888131256e-01,-9.529325959771342558e-02
-1.424989487631202478e-01,-6.330222807119951778e-01,7.958890825642219724e-01
6.771799428362168527e-01,-4.642947087780865401e-01,6.191917347186368659e-01
3.783670580201994871e-02,5.525844290683981086e-01,-8.682425536655161702e-01
5.798154513873731153e-01,-2.571896834223386663e-01,8.132570643035622604e-01
-2.968651197566983813e-01,-5.769658046695459452e-01,-8.036180394100465030e-01
5.183408433574356877e-01,-8.448151879699070665e-01,-2.958698282678596247e-01
-1.958336414685875049e-01,1.013894124192463941e+00,-8.193236576555402995e-02
9.518359357269876031e-02,-1.023578646461146713e+00,1.392683039456667216e-01
-6.714009344420861225e-02,2.044014392526378454e-01,-1.016372254256915353e+00
-1.083605157845248662e-01,1.034657977601521672e+00,-1.342962207284497354e-02
-7.495073511653144172e-01,5.101865093767692372e-01,-5.133564494369436959e-01
-3.724143381243883999e-01,8.260307368245890514e-01,5.174183991275448369e-01
-8.779192449525702324e-01,3.196466362688485940e-01,-4.679607183334759668e-01
-7.446638276746209151e-01,7.351882925779661404e-01,-6.893411762610900974e-03
-5.120415430012431601e-01,8.021108483871379757e-01,4.389568865713692758e-01
-6.545337520546594678e-01,-6.660590563673954856e-01,4.789448277130805010e-01
-4.052322195183192810e-01,6.536012668329843622e-01,-7.163958741019686993e-01
-9.546680177421681401e-01,-1.768407709825637608e-01,-4.064093163626716354e-01
8.826875313056489203e-01,-5.720650418034801676e-01,6.816000077872969021e-02
-3.000052714331699066e-01,9.286599736674694405e-01,-4.023010107115932987e-01
-8.999621273781222008e-01,5.468853025679631941e-01,-9.202323238065672484e-02
1.416239028224325902e-01,1.021617132493559010e+00,-2.386580746477757475e-01
-5.949948945175050907e-01,-5.300609943504704935e-01,6.992666508882632304e-01
6.018168723687747912e-01,-8.483111245687929847e-01,-2.130514506639040739e-01
