-0.000000000000000000e+00,0.000000000000000000e+00,-0.000000000000000000e+00
-1.070692193949211116e-03,-1.105299903638810389e-03,-2.757397845553921124e-03
-2.406991852399143709e-03,-3.048380489593330127e-03,2.218770711079070743e-03
-5.256769792781525868e-03,1.211870750992620829e-03,-9.941771149177595045e-04
-5.293707488594475569e-03,1.536430919566887134e-03,-3.134262802911756685e-03
-4.076182371579408978e-03,-5.406500227609862229e-03,2.123601789235515618e-03
1.446099075998001681e-03,3.356119347151349623e-03,6.868445460117902912e-03
-2.552329918372151646e-03,5.449501129284649650e-03,-5.875302409670864721e-03
2.131630634392374813e-03,-8.303507130730186994e-03,-2.731698489834546040e-03
-3.819392428420599356e-03,-8.238567527813808744e-03,2.956026017519097337e-03
-6.811218009717371832e-03,-5.592433295621774408e-03,-4.878338062724308678e-03
-3.150123119024026645e-03,7.364285116752350771e-04,-1.006412109800173572e-02
-9.724865021534287446e-03,7.056179315379478977e-05,5.242028225989691509e-03
6.853099286693483923e-04,-1.036553546068796038e-02,-4.946275749653066163e-03
3.784333342252153669e-03,2.956160290683166984e-03,1.093890940889825046e-02
-7.229601315025686523e-03,4.866180954964480221e-03,-8.782359359862958875e-03
1.110484505587748440e-03,9.660637379179123560e-03,-8.299929241210739911e-03
7.760046630378128647e-03,1.061133353767682898e-02,-1.009975287397116284e-03
-7.801355380380719379e-03,8.733430458202324316e-04,-1.107334841401574378e-02
-6.185417041311555217e-03,8.749577123540079127e-04,-1.247545639427446659e-02
-9.847664842654490353e-03,1.039568418374204814e-02,-2.210563390740886774e-04
-8.394583841042170536e-03,1.197331513616276683e-02,-1.309178291836929874e-03
-1.498470980030477571e-03,-6.491817009666980744e-04,1.494450071992549367e-02
-9.402671770724780470e-03,-1.216839210084666098e-02,1.072178023560428937e-05
-1.480267686434904445e-02,5.248485379734576899e-03,5.501407912385342883e-04
1.174524597250250872e-02,-7.562958014378772312e-03,7.894350991867105441e-03
-1.157222897107907343e-02,-1.026943593810646788e-02,-5.348481686692719596e-03
4.988474735681668049e-03,1.551275010407841132e-02,-3.602851080821760973e-03
1.029642364754730643e-02,9.447452843963853944e-03,-9.683960765859749020e-03
-4.954243051982850851e-03,7.237834636311133406e-03,-1.492214047933941405e-02
-1.055045597787760553e-02,2.814999509977929564e-03,-1.381765864811769842e-02
-1.278045475956492670e-02,9.171119036874099406e-03,8.560922169360590112e-03
1.312626249120018261e-02,-9.078768430436437442e-03,-8.752286939785544270e-03
-8.612819647483721877e-03,-1.634286849309779868e-02,8.081193245373215423e-04
-1.856610846894514097e-02,-2.773490273429855997e-03,3.733658901565744420e-04
-6.319077649921279322e-03,-1.698794706954719763e-02,-5.884810736362917558e-03
-3.015623334605750921e-03,2.850215708202883183e-03,-1.888293841705151327e-02
-9.666941503838627145e-03,-1.480644992138271769e-02,8.470188016260496444e-03
-1.438245829572761848e-02,1.343026360544238851e-02,2.801823160109297942e-03
-1.829182416008939480e-02,-7.146989338709423649e-03,-4.479956092175801062e-03
-3.504640841326806672e-03,1.627767385534974881e-02,-1.179697025124092080e-02
1.960823891827192730e-02,-6.430090588492513685e-03,-1.126154920449494055e-03
-5.689694490176509757e-04,-6.347737147527256034e-03,1.992921299116760456e-02
1.619411879535972987e-02,-1.339225687269911605e-02,-2.625457376924173174e-03
-1.931264028958357484e-02,-4.562609340770188023e-04,9.274835997608478835e-03
-3.067687048848050102e-03,-2.006819290333693856e-02,-7.601940997857768376e-03
-1.618036933342283795e-02,5.496724203517136878e-03,1.373490630012784430e-02
-1.945615950090333682e-02,6.511303825420569971e-03,-8.394624282532799076e-03
4.590402483509849717e-03,1.856239140756437908e-02,-1.168449310841791419e-02
-2.156356373945904695e-02,-1.338834303546082051e-03,-6.792934194642673111e-03
-1.055687356894996834e-02,9.166802373846320157e-03,-1.811677282379877893e-02
4.735081944452517420e-03,2.016933150569911667e-02,-1.025928902306249245e-02
-1.874470099219024966e-02,-5.472970833399602329e-04,-1.391411836383944604e-02
-2.023289675775962956e-02,4.397647772596622283e-03,-1.128519761506454298e-02
-1.978834724577743787e-02,-6.102508041948466813e-03,1.174964348592171838e-02
-1.231328021301716057e-02,5.752363779933548221e-03,1.982382364819743059e-02
-6.933960803565235483e-03,-1.695445176315376126e-02,1.590545058038529344e-02
-1.342584309785858389e-02,1.509611303053334710e-03,-2.041615088535791295e-02
3.091588945932844789e-03,-2.074689462655927158e-02,-1.304620711124450383e-02
4.044458008226835787e-03,1.294996743361929298e-02,2.090426107276261228e-02
-8.667236313658939137e-03,2.145628579743916187e-02,9.819134048376108870e-03
2.247719337287308605e-02,-1.170996950454223848e-02,-6.561069604898910144e-04
-2.373451997494031504e-02,-6.660468975370298535e-03,-6.779894562773858616e-03
-2.324414473490166513e-02,-1.113852269536763813e-02,4.311230971656701484e-04
4.488296499937810893e-03,2.546296867761011981e-02,-2.632488822480199501e-03
-1.043538369025879403e-02,1.041709891668288722e-02,2.165473820778619427e-02
-1.081680948986368275e-02,8.361445729600649329e-03,2.259060162927899185e-02
1.720863866828259772e-03,2.650723341091344373e-02,-1.605377633140344252e-03
-2.634210094078097419e-02,-3.028342170654957019e-03,4.002860200014424739e-03
-1.535146572125575988e-02,1.836772918885066705e-02,-1.252975996532546508e-02
-2.902637762791252483e-03,-6.419305782331095889e-03,-2.629348211940760877e-02
-1.756200728087693036e-02,1.016693731049144594e-02,-1.844291964134643982e-02
-1.231868024715532077e-02,-1.805069448042495237e-02,1.689125581377265428e-02
-1.479030748344084198e-02,1.671903811275505386e-02,-1.660061492981905820e-02
2.819414268821140816e-03,-1.517033595387286618e-02,-2.338263004251413951e-02
-1.467004317907950536e-02,1.297713415129146675e-02,2.030278336205420392e-02
-1.043705268099371676e-02,1.097953728207478295e-02,-2.402765482052979587e-02
1.465751239856727742e-03,2.820273907941656805e-02,-4.501857140630069823e-03
-2.353881740292528002e-02,6.846352283062065100e-03,1.509528990835275371e-02
-1.289752347429660821e-02,1.454736508552669817e-02,2.149089536697051592e-02
9.396320123943749034e-03,-2.007761755941312246e-02,-1.895919107033709403e-02
-2.462672664255142335e-02,1.030126652852963315e-02,1.221844490009081109e-02
-2.467138149790890425e-02,1.373986141952093440e-02,-8.686669451924686203e-03
7.258763206690325986e-03,1.814739904713818380e-02,2.240414940472054695e-02
-1.762599805663541547e-02,1.361523638451954052e-02,1.997410807129187948e-02
-2.833916264168159088e-02,9.842936820186458727e-03,2.466408244085030194e-03
-3.810328157022191669e-03,-2.480817591693229920e-02,-1.694630223016725321e-02
-1.403827162463538135e-02,2.148034669839443689e-02,-1.642367182474260487e-02
-2.915601539818349938e-04,2.028078011137441489e-02,-2.297610570494083154e-02
1.726465180624145099e-02,-2.305086900026168117e-02,1.099883040124153416e-02
1.057753276258801937e-02,-2.144441299480096333e-02,-1.974166896435386107e-02
-1.029186868231425113e-02,-1.944217362449682934e-02,2.210571658131562159e-02
-1.448126716792259849e-02,7.496188558720142184e-03,-2.679166789793000977e-02
2.744286125395494630e-02,4.375071601385809549e-03,1.491839876989776471e-02
-2.977369116258270221e-02,-4.918283154127768564e-03,-9.760757175654019221e-03
-4.981596239019008172e-03,2.329121823567934652e-02,2.120775039136302970e-02
-8.295625064129241027e-03,3.061717682779018044e-03,-3.082227140583730304e-02
1.891208368474484340e-03,-2.429395248343364788e-02,2.110867923347975461e-02
5.706131850709951839e-03,2.122654720553830351e-02,2.381963914015134895e-02
-2.838573125182136322e-02,1.000061282262651105e-02,-1.248592544816737489e-02
-1.233171267755846408e-02,2.993285327024749337e-02,4.977904434123512321e-03
1.485328861334759241e-02,-2.343533348131153146e-02,-1.772467306225223443e-02
-5.204282581078363557e-03,-2.103941504584008401e-02,-2.500873769601391974e-02
-1.526525272163180118e-02,-9.530275296452226860e-03,2.797339764154205266e-02
-8.145997768331153565e-04,2.926685195615842672e-02,1.613523450045741686e-02
-9.598905894344346434e-03,-1.956540496873164503e-02,-2.556978578248772505e-02
1.686438126515746316e-02,-2.493847117730193033e-02,1.528495978282357753e-02
1.986689513670080592e-02,1.187148965110111989e-02,-2.481032304640668623e-02
2.466979551194929676e-02,1.984575668575557644e-02,-1.264693654555125099e-02
2.163626580058724755e-02,-1.737751820604707675e-02,2.008776572841386790e-02
-2.732130738982017568e-02,-1.351718300724409107e-02,-1.599029568836903004e-02
5.449675232676818313e-04,2.397301049567148682e-03,3.449714849234909730e-02
-1.908497230511608037e-02,1.731169958037272888e-02,-2.331121228057702818e-02
9.048796114019475728e-03,-1.169065273458117990e-02,-3.162348045392841117e-02
2.584647385349525192e-02,-2.347817934446868454e-02,3.254342080429049183e-03
1.620290400983734683e-02,3.114054556314473782e-02,2.975595742645372865e-03
-2.721482276101713435e-02,-6.556427114136307265e-03,2.165088042352007747e-02
2.474365187087736867e-03,-2.620559273691836638e-02,-2.389178119405744802e-02
-5.029391797825704400e-04,-3.565517463906432705e-02,1.847528476253224982e-03
-2.606272691336450342e-02,2.057794963891542220e-02,1.354738252031639084e-02
-3.303573705245157338e-02,-6.898553816780341255e-03,-1.259354880319937982e-02
-3.297654711641058445e-02,9.955874791418245582e-04,-1.484613514788210402e-02
-7.160026969505636253e-03,-3.546828343272925149e-02,3.301066524490485401e-03
1.984095707465397679e-02,-1.882969327636008217e-02,-2.415073512423314417e-02
-2.825794912982053375e-02,2.250645957613500031e-02,6.144071311858933723e-03
-9.175244567042020044e-03,-2.221336163817707807e-02,2.786598285772617922e-02
-5.609616604495160953e-03,-1.597647841348470363e-02,-3.284434997062887773e-02
-3.282018907222838261e-02,-1.584170411752781546e-02,-6.977421012518196693e-03
2.952553190968264241e-02,1.495555897950433429e-02,1.710938482602132257e-02
-1.987313739218425981e-02,6.092351939100835480e-03,-3.110390458387081100e-02
-1.909046548808316160e-02,1.157206897531677312e-02,3.020782752282876252e-02
-1.733198355122847825e-02,-2.193896987957761821e-02,-2.530853174298110589e-02
-4.748558762254475631e-03,-1.522053951144732541e-02,-3.434234688566051991e-02
-2.986461451510136200e-02,1.503388044850477272e-02,1.808525299542661571e-02
9.024890019709021563e-03,2.803789472510779396e-02,-2.426523584107128859e-02
1.619052127172077374e-02,-2.953095858767745135e-02,-1.826346878205445390e-02
-1.432773095642941516e-02,-3.791308623687091733e-03,3.548948575382815385e-02
-8.049381944433666239e-03,1.960268641136660162e-02,-3.227238283155405008e-02
2.257026706871348778e-02,-1.851608744871438908e-02,-2.548942424406437993e-02
-6.263922055830188455e-03,3.371643762735952038e-02,1.836718475531663383e-02
-1.500255260034222271e-02,2.137478452981265292e-02,2.903189516801827491e-02
-1.484642763021817163e-02,-2.233991171463354380e-02,-2.857880013786427351e-02
-3.825776455384212460e-02,9.143065052487058669e-03,-6.451890910083064737e-04
1.061316957550168145e-03,-2.659783922358722671e-02,-2.916394161701912555e-02
1.047099848220076415e-02,-8.186237276439566404e-03,3.733490774805317547e-02
-9.931976772538233383e-03,2.317680078383699271e-02,-3.076026460089690065e-02
-3.429627145889767997e-02,-7.906996108769886664e-03,1.883356703533744375e-02
-2.637281619430708809e-02,3.014927693424149235e-02,6.448063732487930308e-04
-4.913415700965428901e-03,3.799372724882765090e-02,-1.219521484352710863e-02
2.172016677080889149e-02,3.171572634679476616e-02,-1.225598287115894219e-02
1.911065851221940143e-03,-8.055168997462959155e-03,3.963336553903591686e-02
-3.828356486802298592e-02,1.777039097587786165e-03,-1.349213079998252268e-02
1.139071120579360739e-02,3.325021731022581584e-02,2.066379573551580320e-02
6.702190506034857477e-03,3.991668890507837214e-02,-5.962655693361891204e-03
5.482388224246549646e-03,2.047932106598804314e-02,3.515476944300489209e-02
-2.223742512324402773e-02,2.070305762658472895e-02,2.781556615991515741e-02
3.427250823885939074e-02,2.309230245256997313e-02,6.927698280257978646e-04
-7.978153072812597946e-03,-5.478665772235984111e-03,-4.032607616913709558e-02
-3.132431077023942884e-02,-1.998414567850103837e-02,-1.872980569458463848e-02
-1.397030279403537259e-02,-1.525728585581725798e-02,3.626239458370334595e-02
-3.765578467955622843e-02,-1.675780278734590248e-02,-7.461214953253065760e-03
-1.301288667001836846e-02,3.002574033505918394e-02,-2.636501214125056697e-02
-2.944123080120287020e-02,-2.676755989124537244e-02,1.393748411900174421e-02
-1.527480458341880926e-02,-1.190834018577078927e-02,3.760275628409763538e-02
-2.579966216070001678e-02,2.546177055470535966e-02,-2.206195576229766711e-02
-1.199955326397178328e-02,-3.901191775463948297e-02,1.209545973839340829e-02
1.182081823765218469e-02,3.957708595723168771e-02,-1.084950530971311514e-02
2.551891657314039885e-02,3.430459448323344707e-02,-2.710100059660829671e-03
3.139366448269352572e-02,-2.190002386563730599e-02,1.953900608669019781e-02
1.158779711538209661e-02,4.140242889057420272e-02,3.177204801335458371e-03
-1.092924197249441499e-03,-4.318998855634379602e-02,-1.885607598146528049e-03
3.044234219044720385e-02,-2.403259421037944391e-02,1.942733259467463447e-02
5.134871050625475219e-03,-3.504899714626105028e-02,2.526909529913251226e-02
-2.764587475778134545e-02,2.258797789685449905e-02,-2.510824196726029606e-02
-2.041514736696129970e-02,-2.287258802246022737e-02,3.125084398409239128e-02
1.118316688193650953e-02,-4.246289728342584474e-02,8.817887780491935081e-05
-3.129020726310766803e-02,-1.913798502699439255e-02,2.438142668277988589e-02
-3.806950699113477443e-02,2.232901982894294757e-02,-1.884514926954721425e-03
1.844162745692576322e-02,2.277196361467848096e-02,3.323257368524288463e-02
-4.389113955381225562e-02,6.780936705254981579e-03,1.512506367447149364e-03
-1.438180684910042757e-02,1.773000987994928848e-02,3.827737991632857578e-02
-1.411936252433525392e-02,2.833984589740158253e-02,3.155148728643163841e-02
-7.637819545887740078e-03,-1.708579585595888795e-02,-4.073568581204703443e-02
-5.967461994202806312e-03,2.646985306654466713e-02,-3.584767538582868396e-02
1.719960392712137007e-02,3.089577661916901793e-02,-2.797520733370329957e-02
3.462980112383599873e-02,-2.854603259968595264e-02,-5.528257828912985089e-03
-3.582920623082402195e-02,1.919883099787749944e-02,2.010005863802137929e-02
1.174880163801345599e-02,-2.744632970530048663e-02,3.430288427321439432e-02
-4.065466208504824042e-02,7.834364903651828624e-03,-1.911893543004443072e-02
2.575090088196845678e-02,2.756283406599610575e-02,2.585706874973895536e-02
-8.000791935469153682e-03,-2.413565146363090205e-02,-3.816495883226771885e-02
-3.473249714329400967e-02,2.990948617249874694e-03,2.999198669255664224e-02
5.740154745028466787e-03,1.940479674520318928e-02,-4.143701612404958323e-02
1.091903304852138989e-02,3.121871678429033459e-02,3.231723216791303199e-02
-3.714600082088306832e-02,1.675608218304551478e-02,-2.212161924324324708e-02
1.598715231892118213e-02,2.593260507441534288e-02,3.512256401703508363e-02
-4.114644708999642964e-02,-2.828178885581362351e-03,-2.173444447585955869e-02
-3.670454879277536275e-02,-1.958365089875583470e-02,2.131683576941091618e-02
8.173613734053808769e-03,-4.263546138979194128e-02,1.767205725093278640e-02
-1.963887844169541139e-02,1.431984388712992731e-02,4.022306788178429959e-02
-8.612495486837266206e-03,4.632042201491618633e-02,-7.962356248438528291e-04
3.397738657845918164e-02,3.282161481997224878e-02,-6.530182237096608232e-04
-2.678958378236665633e-02,-1.649474966573897389e-02,-3.541398974442865055e-02
-1.057931257492757474e-02,-8.867059975141002720e-03,4.544369954636102993e-02
-1.425026135687643657e-02,3.972182888689339969e-02,2.205799110292518475e-02
-2.005718756376567366e-02,4.900368371085092774e-03,4.304557583890723099e-02
7.103571321402346074e-03,-4.143717131427267220e-02,-2.288030730533542959e-02
-2.543255591469260196e-02,-3.869462382252876476e-02,1.259790230129056651e-02
-2.854193879314421284e-03,-4.655694860392584761e-02,-1.178527497967783548e-02
2.975069777072961857e-02,-3.347973414953366728e-02,1.789942612133671451e-02
4.627427309855396131e-02,-1.351869017491180019e-02,-3.758420702311187234e-03
-4.225365007461986955e-02,1.143801155247192378e-02,2.082780496529530734e-02
-8.545451019348525301e-03,1.004335375673973997e-02,-4.677516266274739376e-02
2.611839822783248652e-02,-4.077897323781955879e-02,-5.341505570554959913e-03
-2.841598174795848322e-02,-3.627617471684763117e-02,-1.618707397728764985e-02
-3.432800743087723733e-02,-9.181667961038600390e-03,-3.368327281957511632e-02
4.919260016298930907e-03,1.478693744172967887e-02,-4.654307619624615394e-02
8.533618106940570741e-03,4.381610232055979659e-02,2.069481195634562468e-02
-4.102089441912652734e-02,2.139880122115169619e-02,1.709294691936635510e-02
-3.039676397268971028e-03,4.960471811685006685e-03,-4.909982870913005143e-02
5.955082006385836735e-03,2.537567222408831577e-02,4.215571306022489195e-02
-4.643092470100332325e-02,-1.299778366452923953e-02,1.198233562574346073e-02
-1.038356825026939476e-02,3.642144645366225675e-02,3.233994434979925447e-02
1.721299936454561905e-02,1.563599862396730308e-02,-4.417360843972185230e-02
2.069689602425784508e-02,2.707200363941541718e-02,3.664283673606618524e-02
-3.004756633094758309e-02,-2.831936568036838575e-02,2.847782824468481078e-02
-4.132304718485575734e-02,2.831840913830323964e-02,-4.264418596916219432e-03
-6.654010015416178883e-03,-4.918948817469285389e-02,-8.701568155895025858e-03
-3.428390317378793295e-02,-3.066697202955846052e-02,-2.087203374507323739e-02
5.702599528289717563e-03,-4.840363476571631768e-02,-1.370972012394220535e-02
-1.321492963471039214e-02,4.142197730129057454e-02,-2.617012485942978028e-02
-1.993001960910393763e-02,-4.586525578011387688e-02,9.293505252252743515e-03
-7.479218421905931349e-03,-2.856962932012824599e-02,4.155654052504123563e-02
-4.538111161747739736e-02,-6.561831251614174548e-03,-2.255042480870345090e-02
3.746067413189631268e-02,-1.113860579757594040e-02,3.309947802660737071e-02
2.178336875057495028e-02,4.642692467764190228e-02,-2.213023136048878920e-03
-1.236250379912239537e-02,3.179779687365672652e-02,-3.850807137418293946e-02
-4.813090430917581208e-02,1.778798292628887279e-02,5.073718195601319494e-03
-1.955911475207924074e-03,-4.754334402801205922e-02,2.016145005709872595e-02
-2.462646520068211345e-02,-3.549627538303320312e-02,2.856879963645227172e-02
1.560540178918177166e-02,4.794395111618247191e-02,1.234601502366836426e-02
3.068199256618650214e-02,2.898536175583409785e-02,3.041371483198515580e-02
-1.447932706821566072e-02,3.967150060493460778e-02,3.057794221482012728e-02
-8.919392145156312263e-03,4.321247730650024099e-02,2.799250250140544738e-02
-8.310285600654042718e-03,-3.413657411823062260e-02,-3.883370711737988562e-02
-3.924632643438794727e-02,-3.517644169727055219e-03,3.466625916067146013e-02
-2.361524561818141923e-02,1.732697275594030639e-02,4.368606646967331669e-02
-3.245124581530288432e-02,-4.130945259014380533e-02,4.336547049957757173e-03
-5.048935592620343998e-02,-1.459237296063338463e-02,-5.313702164623131975e-03
-2.027965113007556067e-02,-3.260440941087049127e-02,-3.644213454175030537e-02
8.449960439440780055e-03,-5.148826829460303317e-02,-9.586184663947767623e-03
-3.889335559694716282e-02,3.571301231449981739e-02,-6.182931347962849523e-03
-5.223353989248046003e-02,8.343317545101860619e-03,-6.355669777174726906e-03
-3.233643774039517832e-02,-9.858127897069227444e-03,4.132229481225892231e-02
-3.086233216358781964e-02,-1.144374189943471454e-02,4.217740934308984030e-02
-1.702211334070737395e-02,4.678306584566038935e-03,-5.062369759530626484e-02
-2.069691992465260560e-02,4.890127651413603282e-02,8.168598653934893219e-03
1.603596914476563412e-02,4.699967808686116716e-02,-2.079259499175636211e-02
-3.307440044893587144e-03,5.079200139216724641e-02,-1.788078897219184948e-02
-2.536478183943166945e-02,-3.703861046616942210e-03,-4.759662098681068793e-02
-4.330327560212685750e-02,1.258324438006705286e-02,-3.001769302811922724e-02
2.146226112079136286e-02,-2.378994806353091143e-02,-4.381817416765530770e-02
-8.873486583656600354e-03,-4.699258147633960520e-02,-2.591592416661480172e-02
-1.798234618443061983e-02,3.364071140107123548e-02,-3.893163973814870588e-02
-7.083048625142121003e-03,3.714001446183151645e-02,-3.941126595848083031e-02
6.252864819490738628e-03,-2.190742837030125456e-02,4.975773060515106122e-02
-4.883344263577531208e-02,-2.460979749080068231e-03,-2.482289637247165129e-02
2.328621743699810925e-02,-3.944359953969107241e-02,-3.034747525134609200e-02
-2.499370644073958120e-02,3.821693162570507368e-02,-3.075510768059047662e-02
4.200420423655915059e-02,3.403410072214826249e-02,1.097765251577611893e-02
-2.740034059532256774e-02,-4.582433253044351090e-02,-1.430470208355869542e-02
-2.187048625519965803e-02,-3.446401834237734080e-02,-3.743369141494071878e-02
-5.427593399793546880e-02,1.155706810460190373e-02,-1.571345304441243516e-04
7.416938483719394057e-03,3.131129567228133764e-02,4.534494356603244181e-02
-4.086126647048210492e-02,3.454042922324910420e-02,1.552405607327111449e-02
-3.068245891865092195e-02,-8.510130072539799986e-03,-4.584712028225311486e-02
-2.589030028864220540e-02,4.953805513324852777e-02,-1.893560227634731022e-03
-3.075259213194940500e-02,1.727541139431846770e-02,4.354162444479479227e-02
-3.553529719907549261e-02,2.527098647671716103e-02,-3.536639519084897043e-02
-5.295697888364691436e-02,1.280431979890446319e-02,-1.399645940097904093e-02
-3.826361217967953754e-02,-1.241566318744743644e-02,-3.947374750903783619e-02
9.485561481192715874e-03,-3.882284486878308932e-02,3.989211476941927764e-02
-3.486534226983335760e-02,3.237102604503879627e-02,-3.061437009469321346e-02
1.163962580928757339e-02,-3.331060922921027373e-02,4.435974584808888288e-02
3.801748743193134050e-02,-4.169517312444973728e-02,-6.418856694033517850e-03
-3.173081146220700643e-02,4.703189595586344807e-02,-4.281770566044392629e-03
2.351426562213398963e-02,-1.502527778334084713e-02,-4.970574253629012063e-02
-3.666333065662887025e-02,-2.448420151578878379e-02,-3.630195465803840588e-02
-8.697832063525093999e-03,-7.008031914842645718e-03,-5.611519721025755303e-02
-3.907732191284083584e-02,1.909761003842447985e-02,3.733765512477428550e-02
-5.199347700271490097e-02,8.122124869959921473e-03,2.299449084039404886e-02
-4.281163645345101298e-02,2.443630401367879665e-02,-2.966906702457074510e-02
-5.047023625098554607e-04,5.762067455660478676e-02,1.419835976767145616e-03
-9.300115242572041738e-03,-1.921005769002448460e-02,-5.365713710620260979e-02
-5.690717781966971034e-02,-9.973234104261773786e-03,2.985536852631272883e-03
4.403445425668407742e-02,-2.835847900438238228e-02,2.481476118953183235e-02
-5.533590846688509618e-02,1.741130114962883071e-02,-2.449489749713822714e-03
-4.924238891018110909e-02,-1.791759784138155856e-02,-2.525024513726954398e-02
-3.872229321449955665e-03,9.228754633710634786e-03,-5.740627448657350390e-02
-3.150359459584439227e-03,-5.111701685895173042e-02,2.801769077116982726e-02
-5.178945404859377349e-02,2.505610574417774933e-02,1.049451043471732146e-02
-2.361760885991118220e-02,5.299944914989133948e-02,-8.098574932546861657e-03
-4.472437944189158049e-02,3.798372802226319955e-02,-1.233145220634954912e-03
-5.434683522369811864e-02,1.524079708835738255e-02,-1.646002302368760120e-02
4.290956361278225502e-03,4.102493785340474708e-02,-4.204256452012963136e-02
-5.217686785814480005e-02,-2.673074566625337906e-02,6.657622847577190049e-03
8.399942200884261134e-03,-5.279422786754206509e-02,-2.521397794093523451e-02
-5.501276428424709680e-02,7.382656297540478828e-03,2.061266517197934620e-02
2.926621358192667971e-02,3.262551072117726714e-02,3.996391888706257028e-02
-4.030685244393094474e-02,2.531973959151279097e-02,3.556097822994894880e-02
2.346101982098355854e-02,-1.548567244120196279e-02,-5.246291884360360785e-02
7.262177182950248569e-03,-5.311385008699081450e-02,-2.609667695231417811e-02
-9.325366905859895639e-03,2.253693863236594537e-04,-5.899255298203607417e-02
1.622123682564497599e-02,-5.198400057756270148e-02,2.477804710208549727e-02
-3.798324751947241423e-02,2.510518506281149420e-02,-3.897056600818077365e-02
1.482981894153093984e-03,-2.723254150263948806e-02,5.348067773381686568e-02
-3.785283604055954265e-02,4.574221562130911106e-02,-9.544677999179591171e-03
-1.640291671843021118e-02,2.232927445559615767e-02,5.348770818480425016e-02
-1.217469220021958828e-02,-1.480698424239360565e-02,5.721381586914535411e-02
-1.192060557350657288e-02,3.358364041296742902e-02,4.881840999388755570e-02
5.684669878368719259e-02,-2.083151072298930484e-02,-1.082187148087170861e-04
-5.364753271650073152e-02,1.655708199304649006e-02,2.292667338403300836e-02
-2.637971663249709733e-02,-3.262287373846040062e-02,4.393184020636910908e-02
-1.305245988221355631e-02,-1.486429791890018191e-02,5.754267194148767611e-02
2.845393173936763484e-02,5.036227849583697208e-02,-1.920460434131195451e-02
-3.971681546306005811e-02,4.634260947470704439e-02,1.439805014095911235e-03
2.302109462736634873e-02,-4.469811799005895397e-02,3.480776843746002935e-02
-2.939309122784834402e-02,3.690232795322118120e-02,-3.906507643795433665e-02
-4.479346637121112140e-02,3.878532906511494155e-02,-1.591871238572661884e-02
-2.715919647538302464e-02,1.009342410829916492e-02,-5.419422095314093551e-02
-1.906787201082142322e-02,-3.299789961651234532e-02,4.833655364693964507e-02
3.024565505523572548e-02,-4.565042295985747428e-02,2.832782841629623641e-02
-1.670043244933446663e-02,1.551911534309905263e-02,5.739200772399765532e-02
-6.103650361734942742e-02,8.531623541644446640e-03,-5.264409671613033692e-03
-4.803557810256598587e-02,2.558003713960510517e-02,-2.960698956108799920e-02
-3.002748546150423373e-02,-2.321500840186232692e-02,-4.909295718561675764e-02
9.679917403933264997e-03,6.139498354280363557e-02,-2.016192232514499283e-04
-3.929017497758943017e-02,-4.475857521420297663e-02,1.812241425292525007e-02
-3.352247363168078809e-02,-4.605783293118684979e-02,2.535307182960649941e-02
-6.175000699464305159e-02,-8.523159793128133252e-03,3.813626400082519279e-03
-4.926690629296419377e-02,2.476913691524449193e-02,2.952812603922608248e-02
-1.435059023964674677e-02,-2.066805708871642319e-02,5.737544384659004626e-02
-1.960469318970627442e-02,4.606874691451791175e-03,5.942968502168538558e-02
-4.971449420287556153e-02,1.883699102925943947e-02,-3.351867028936401233e-02
-7.331560229680212336e-03,4.726473123484353084e-02,4.092153382051059995e-02
2.894824337858204356e-03,-4.066865998686616281e-03,6.284725147322819949e-02
-3.287769841421865624e-02,5.313406352161754304e-02,9.107516238961079619e-03
-9.761795171716096398e-03,1.813571066779510327e-02,5.979421683597953285e-02
-2.336148248276607997e-02,-5.331956649872126447e-02,2.496478569403129052e-02
-4.826204751412539046e-02,1.610973270955051717e-02,-3.789012355052902986e-02
-1.698040261010224858e-02,3.292143528609366848e-02,-5.162067251614653463e-02
-1.291788003042977206e-03,-3.092179095539815230e-03,-6.354574446568519996e-02
-3.253815715142108211e-02,5.413387747287772694e-02,8.516487137394808740e-03
-3.282156741356746787e-02,1.305263293671613326e-02,5.316543753060801181e-02
-1.946453839050689069e-02,6.087904761756763455e-02,1.232562085622665188e-03
-5.490639922268078510e-02,2.020880949493213119e-02,2.599993354198872758e-02
-1.358128436921358755e-02,2.226912739554615800e-02,-5.857647425052322360e-02
-4.304136885522424720e-05,3.806244280073083075e-02,5.172316082254497377e-02
-4.129967656702018819e-02,-3.729446575834994421e-02,-3.224853292697824059e-02
-8.354710419182589248e-03,-5.606480797656680781e-02,-3.059281861033628924e-02
-4.175432101770078924e-02,4.333153710879902171e-02,2.324692568942131332e-02
1.221570029264273591e-02,5.867701081018614206e-02,-2.411917150822309036e-02
3.122158975331563308e-02,-5.628728200444423069e-02,-6.587239171246620992e-03
2.494314066253681614e-02,-5.865277930247843330e-02,1.168850367624143204e-02
2.446575518364585942e-03,5.811292032304700428e-02,-2.878070998787816276e-02
-1.492201816094597920e-02,-2.894704410733555527e-02,-5.624348193044399757e-02
-5.706767702604610693e-02,3.089373321290208793e-02,5.028871523594449777e-03
3.689240161301009235e-02,-5.370214690703416921e-02,-1.992738097544606048e-03
3.013485216740835471e-02,4.816790140592985131e-02,-3.214339140289192154e-02
-6.471014521675391706e-02,-8.107578774297860905e-03,4.564554048148363949e-03
-1.708721965942294752e-02,-5.898501208654067379e-02,-2.269993839225945345e-02
-4.041455062203351545e-02,-5.124307423890634566e-02,-6.311002778317211480e-03
-6.494071429197149914e-02,6.190078662681883226e-03,7.478833340974844548e-03
-3.079891027927050828e-02,3.116365461096410119e-02,4.903400294304571111e-02
-2.622236087285255771e-02,-3.944234019154229526e-02,4.575266903597315776e-02
-4.229105642328821052e-02,3.306882002940165176e-03,-5.049445265595334242e-02
2.598242384932863275e-02,-2.661387050449248379e-02,-5.457397915346327150e-02
-3.013642138575537907e-02,3.651525435366315131e-02,4.618100796211876968e-02
5.870421832473748242e-02,2.634513704250240548e-02,-1.570207449092770810e-02
-5.617688940125865893e-02,2.384529056709899612e-03,3.518288848181725520e-02
-2.285067990703271851e-02,3.539117730643327048e-02,-5.135403777174689377e-02
-6.319860124326000250e-02,6.038914797254715632e-03,-1.984842342530717535e-02
-5.012095212641958647e-02,5.415289378776472857e-04,4.387092628561090057e-02
-5.208281138013477057e-02,-3.481808873802195309e-02,-2.290669317537827321e-02
-5.646094728881977109e-02,-3.081266017632938031e-02,-1.802649588700657932e-02
-2.100430279456109300e-02,-2.906172422067355640e-02,-5.647149816822284729e-02
-4.476553233247229646e-02,1.713490633894738935e-02,-4.679553706933876900e-02
-1.526245524420907253e-02,5.661364682220609151e-02,3.258715610888786307e-02
-6.306103202176989962e-03,6.313493156304611498e-02,2.206302759178377371e-02
-2.821501850402202347e-02,4.803399612631843729e-02,-3.770688962186843907e-02
4.169508858886569053e-02,4.847255146047322466e-02,-2.120600363949602316e-02
3.510677876779489531e-02,-3.842438902067063511e-02,4.291211567759058154e-02
-5.488257988554288980e-02,-1.912708054256695434e-02,3.442435433790162064e-02
1.982225568562684392e-02,-6.407249752804811127e-02,-8.796938341446014498e-03
2.435845789635667641e-02,7.917031199133029232e-03,6.270722870056208431e-02
2.259629013971750644e-02,5.656709443468284360e-02,2.983962977039383846e-02
-3.420329641274029702e-03,1.599829580895137729e-02,6.592278488344814613e-02
-1.515938323067985219e-02,1.614710376735685460e-02,6.430825394219594204e-02
-2.491509288625667461e-03,-3.641710522699393576e-02,5.750050315940747475e-02
-1.409119475098142595e-02,-6.672146104645564069e-02,-1.021495346003116868e-03
-4.454052702057468421e-02,2.472130851524283537e-02,4.548624344076305365e-02
-4.563572530638954072e-02,-2.130111714832146064e-02,-4.626325503070178452e-02
4.027156256660320566e-02,5.279465290199849420e-02,1.673980863054944090e-02
4.600391701682839118e-02,1.828016542843529171e-02,4.744916979039361105e-02
5.674956223562566994e-03,6.700706512659959646e-02,-1.387278278981457155e-02
6.137493222753680200e-02,2.902007707280888568e-02,-1.087292428236248318e-02
-1.349755529989483775e-02,6.674365793427171345e-02,1.015051571332908735e-02
-2.272365242042859862e-02,-6.062915182207437997e-02,2.367157956125015908e-02
2.946652440104681470e-02,-5.752082964769728024e-02,2.425598672346426787e-02
-1.096496879801530690e-02,-3.709815457496164898e-02,5.728392848905655699e-02
3.187329555562352923e-02,-3.979484420077608609e-02,-4.680914525523709180e-02
3.574445056770983453e-02,5.680211737734780497e-02,-1.729657422637986136e-02
-4.558809188788954386e-02,5.197850873510263120e-02,-5.997265359343667557e-03
-1.012227415003507519e-02,-5.211609050578241281e-02,4.483471932404285709e-02
-6.085346927971454351e-02,2.865773699135002253e-02,1.780409525819930464e-02
-4.031933344047107515e-02,-3.941204535123216113e-02,4.092845649508271982e-02
-5.043859980348529976e-02,-1.774398728519768417e-02,-4.480959769131474812e-02
-3.016035510449079429e-02,-5.809669671822250553e-02,-2.438516367702905918e-02
2.849194936582541762e-02,-2.448084635579615351e-02,-5.900100900193339798e-02
-4.918628651187820916e-02,-4.390122794633611464e-02,-2.362900004640063750e-02
-4.899674132554567713e-02,1.916595785338316704e-02,4.636424508598752103e-02
-8.304541561506114528e-03,5.574187121928936284e-02,-4.188389202975553033e-02
-4.923099403864355378e-02,5.004355574587369959e-02,3.880971590163551695e-03
-3.692597938469085322e-02,3.302097686753453776e-02,-5.001928382372951981e-02
-1.946694307334791152e-02,-6.682925949789857156e-02,-1.111151373473383101e-02
-3.569404003971676093e-02,-5.936439735501732734e-02,1.353220090417577189e-02
1.188067629791736933e-02,-4.361591236489605755e-02,-5.431907424369762649e-02
6.604185450400849693e-04,5.891203592792167154e-02,3.918855912665224900e-02
-3.384295275725705821e-02,-3.453714043673479506e-02,5.178222915120053033e-02
1.544029012620621796e-02,6.921976678541991168e-02,1.592033343854859810e-03
-5.840444562423142277e-02,3.495715262751024344e-02,2.029755525433200869e-02
-2.992613041744597580e-02,-6.010450755387557881e-02,-2.344590036939922170e-02
1.480655086339424317e-02,3.997961939714327756e-02,-5.703505701657072408e-02
-6.009783307187435697e-02,-2.333365825616254621e-02,3.044934887021340936e-02
-3.165376058298698808e-02,-1.579328970112425790e-02,-6.200611098286655520e-02
-6.768501217184702545e-02,-2.171038158300270249e-02,7.504875017004035594e-03
-1.323225023870200703e-02,6.434112562059332574e-02,-2.840481328603746206e-02
-3.153847346019929970e-02,3.391930704967475053e-03,6.425194114830691527e-02
-4.398116250416069656e-02,4.256404663335579958e-02,3.743315443910693457e-02
3.381221777579747345e-04,7.597966569136948775e-03,7.142991042120071243e-02
-5.324841112136708549e-02,-3.181455929727604326e-02,3.640484737126285092e-02
-2.101068748540293671e-02,5.827947437005610160e-02,3.671140767548865258e-02
-2.807172232036855581e-03,4.690664338598581756e-02,5.468422999839252924e-02
1.675747377015306475e-02,-6.371054335326228890e-02,2.952018381857820367e-02
-3.327389701413904777e-02,5.107282039746477431e-02,-3.883960564440828295e-02
-4.040692356425237830e-02,6.000971469203467829e-02,1.740982694974673372e-03
-6.353069786012191522e-02,3.476621617775085826e-02,-2.212981659321181134e-03
-4.260256910942512854e-02,1.951758322898655348e-02,5.537730642716364587e-02
3.042166579076174132e-02,-6.152984273370582652e-02,-2.374846268490846471e-02
1.998838588127913301e-03,-3.576829523341393952e-02,-6.328391758633622466e-02
-3.453660145775704071e-02,6.395908624473760351e-02,-4.184975486466960964e-03
-5.246769760598444382e-02,1.980198955342574868e-02,-4.657163396411286710e-02
-4.903209977249869955e-02,5.405932252565163326e-02,4.252358885633354224e-04
2.705416261131818323e-02,-6.654095187757906593e-02,-1.341486585413510443e-02
-5.253963542890769528e-02,-4.620850536110352597e-02,2.137279617476421645e-02
-4.599224625543992667e-02,-4.780625587161300288e-02,3.105744680253838541e-02
-6.173316271688613494e-02,-2.719840647278265466e-02,2.876476335106167154e-02
-5.487464733271864986e-02,-3.498840423842367736e-02,3.399403534538327637e-02
-4.284800291727999116e-02,-9.196282843847557870e-03,-5.901993362081791455e-02
9.650263848967940289e-04,6.018284127241715215e-02,-4.235374652916225335e-02
-1.637368307769762610e-02,7.172647599147058406e-02,4.102943319827275295e-03
-6.224811406299585572e-04,1.000834778822043414e-02,7.308858646541996351e-02
1.733576246446243835e-02,2.331020535094263657e-02,6.790789401448672769e-02
1.384131651254337709e-04,-3.021369767290405656e-02,-6.749351714391316204e-02
-4.718345725716041605e-02,2.610023594553848372e-02,5.073113866544923245e-02
-7.508143749748414503e-03,3.673305784568618032e-02,6.394022289610101772e-02
-6.304227712273251238e-02,1.744475056924814707e-02,-3.504696275909505165e-02
2.279589673186125168e-02,3.247424574029140337e-02,-6.281407279631173735e-02
3.450162152411456046e-02,5.994082286155638650e-02,-2.737657158185302295e-02
-6.278816355211373768e-02,-3.988537497841653651e-02,3.528671819414912376e-03
-4.707936042600015941e-02,-4.157606422110641381e-02,4.016868566894536696e-02
-1.761556030053185520e-02,-5.564444574018907741e-02,-4.652806849388328031e-02
-6.734444419821430938e-02,-2.775657530333379766e-02,-1.669402262639164275e-02
-4.686207349477013173e-02,5.787470107738416913e-02,-7.195737242059470351e-03
-3.259705033482953457e-02,1.897962753407590047e-02,-6.471047435081105081e-02
2.008612763701511303e-02,-4.197834013928664759e-02,-5.880081615542104984e-02
6.029237609921106467e-02,4.152687440079993325e-02,-1.662680410526215513e-02
-1.770863138055468744e-02,-3.477645117030401384e-02,6.423427826536512453e-02
-1.057163064202659014e-02,5.103652393290471906e-02,-5.427240701619935603e-02
-4.986783237714308148e-02,-4.740006262368721968e-02,3.068156445076027083e-02
-4.246681085212563461e-02,6.170747924784095867e-02,8.753864342983615557e-03
-2.607693026426948293e-02,6.853148289533732285e-02,1.800705957626459394e-02
-7.192541007954215970e-02,-1.809819123629495194e-02,1.459354740464851100e-02
-6.070960006743210402e-02,-1.946029513577206271e-02,-4.077231354784357359e-02
-2.668675562834198559e-02,-5.642378440300151177e-02,-4.294038262310695409e-02
-6.054984212912829962e-03,-7.106905725346450431e-02,2.579138670348274376e-02
6.725118133599927717e-02,-3.386077902936033418e-02,-9.816651951229785067e-03
2.609027248069176533e-02,-4.299390244326434934e-02,-5.700382977575334242e-02
-1.491931404196462918e-02,1.131049285251226923e-02,7.376366759019352404e-02
-4.407642127741064064e-02,-1.319293728665224541e-02,-6.072716852118480169e-02
-7.341164951393037985e-02,2.047858881753308880e-02,-2.985963814300287688e-03
3.698325239179796331e-02,-5.961763103931619345e-02,-3.014174835839365449e-02
5.856986302608295503e-02,-2.371687343507971474e-02,-4.301885146153649336e-02
-5.984349476135978479e-02,-4.260141956868453844e-02,2.145721163137133750e-02
-6.663200478273732796e-02,9.763522978408689310e-03,3.652924959291500157e-02
-6.423659537586290380e-02,3.342077407285243013e-03,4.177356601390002505e-02
-1.301321069775827205e-02,6.477565786886994859e-02,-3.911928454627101176e-02
-7.124876158205015186e-02,3.343366491058250446e-03,2.865300486183976897e-02
-1.510593754521595382e-02,5.487166515470568579e-02,5.179270993852740784e-02
6.460046177821318625e-02,-2.560594126439035695e-02,3.325219157263868686e-02
-6.025488357797898799e-03,7.234591871214085534e-02,-2.602643561224524810e-02
5.161253135400314940e-02,-5.734217552489871000e-02,2.942956578411148449e-03
-7.579673889599863879e-02,3.185931535678920845e-03,-1.477745949696955378e-02
-2.354252687212906800e-02,7.365655280332673860e-02,-2.676490213910213880e-03
-2.074999078055714610e-02,4.534435234531315057e-02,-5.927112503841543145e-02
-2.955206867268148421e-02,4.284438356842210777e-02,5.747880123882630199e-02
-5.866423065893083127e-02,-5.077812139929337165e-02,-2.431743575313519579e-03
-2.662776393723437912e-02,-2.348942580575156050e-02,6.912365364205459717e-02
-5.596335166976183079e-02,-1.417454926640301059e-02,5.214505806119632686e-02
6.494216676144380640e-02,-3.885064891561764572e-02,1.838800294573122648e-02
-3.380625158184059897e-02,6.479549415007791746e-02,-2.714252213690351856e-02
-3.441604666943793439e-02,-2.732445013904276701e-02,6.449812118840983488e-02
-4.331825791671256587e-02,2.152498717877312367e-02,6.135443598571417578e-02
-2.202686806855673474e-02,5.354080638011634447e-02,-5.258737441157868703e-02
-7.762938581809074312e-02,7.913414271958135390e-03,-6.431340812903447481e-03
-3.522991515032074337e-03,-7.695846055884357495e-02,-1.443489535606726562e-02
-6.918920890250178368e-02,1.454365710776121335e-03,3.697568395686560289e-02
5.697294239847134657e-03,7.090478872750674566e-02,3.331064274708349371e-02
1.344877245130761748e-02,-5.461722642130975580e-02,5.494291393245288174e-02
-5.608485800102330082e-02,3.717714405745796338e-03,5.510347469840739393e-02
-5.842035726929329514e-02,-4.516861529452667612e-02,-2.748960974987094130e-02
-6.687495894328555901e-02,2.075285769591488690e-03,-4.177740944199600376e-02
-6.434387941420977031e-02,4.575790216237995284e-02,-1.049155957146636871e-03
2.622064339058682511e-03,-3.227669053651970044e-02,-7.210732768268868220e-02
-1.041488905639823340e-02,-7.482697286161944794e-02,-2.353062556179181045e-02
-1.424193096775285862e-02,-6.400033347846834086e-02,-4.444630658345489344e-02
1.867525791464959978e-02,7.214985801006773558e-02,-2.707579486406965288e-02
-3.682933202043830317e-02,-6.785671363498420317e-02,1.842967618779903574e-02
-5.167416785673281665e-02,6.035667230729685473e-02,-7.497535301450624278e-04
-6.313279489571393954e-02,2.612029236142413349e-02,-4.072858140653272396e-02
-7.243303297207341618e-02,2.669895696773409016e-02,-1.950869376671574007e-02
2.604589999379623017e-02,7.430455280073319790e-02,-1.239140113473416113e-02
-3.143303479467539352e-02,-7.037938897781717551e-02,-2.061423029474301546e-02
-1.572992559107506613e-02,6.523353928822975267e-02,4.331901726312913092e-02
2.422923713914815202e-02,-5.356653748889143168e-02,5.418576746140350842e-02
-5.944531023333615716e-02,3.821997887229945656e-02,3.756547167855452812e-02
3.484880190989466525e-03,3.966347322725923691e-02,6.952333058076942685e-02
2.896113743266082001e-03,-7.966449927110484663e-02,-8.784374110722376755e-03
-3.233110310662222486e-02,-3.611556014081304666e-02,6.399617859847143986e-02
-4.688364175326780597e-02,-4.768801050263966890e-02,4.456552112910672214e-02
-3.942398430972048062e-02,2.725419781957741806e-03,-7.006993614998383024e-02
-6.079899627325632827e-02,-4.989995505202638598e-02,1.726619738609323773e-02
-2.388280834822975943e-02,-7.391281461285997834e-02,-2.154823267173101853e-02
-6.336088705673410815e-02,-3.538978562214461360e-02,3.526978062587578927e-02
-3.902698920394387350e-04,-6.208313027301981535e-02,-5.166923976243163741e-02
-4.170267270522746983e-02,-4.960112024585715956e-02,-4.835264522250664471e-02
1.793119319785444615e-02,5.049104925113463010e-02,6.066033686930099450e-02
-3.649708214183833288e-02,-2.166036189536804744e-03,-7.229808643537333213e-02
-1.286515194556032624e-02,-7.590263974194991041e-03,-7.971080711216137205e-02
-7.362218582006851975e-02,2.631531539614026180e-02,2.184980117967001007e-02
-6.308806101388536591e-02,-3.583661572928598105e-02,-3.659196808386067784e-02
7.973674857051063838e-03,-7.224279007553162379e-02,3.652320089041133366e-02
-8.229783379938635304e-03,4.414640523397166810e-02,6.791994984496022014e-02
-6.933375192476080862e-02,-1.762552308264001000e-02,-3.905302087615133283e-02
-5.540664986066469455e-02,5.773533811637240887e-02,1.590338465722950650e-02
-4.693723299504166946e-02,-3.180461937628523833e-02,-5.877725908794455278e-02
-2.224281503698454648e-02,5.395846071223853874e-02,-5.723957804904059726e-02
-7.666931653552293280e-02,-2.579635505041381806e-03,-2.847833668783920566e-02
3.617359699016080982e-02,6.170283016747434707e-02,3.991637425971657216e-02
-2.232183455698590752e-02,-7.813037478191967034e-02,-1.094075687496151930e-02
-5.743786841916542069e-02,5.717533716372540792e-02,1.293945394980066700e-02
-1.198003787780825037e-02,-7.981494584369103196e-02,-1.532488852859239387e-02
-7.434226551775630076e-02,1.691654990854274745e-02,3.080749081619080926e-02
-4.478005373955720042e-02,4.283409730369874130e-02,-5.417821699482588266e-02
-5.003067848918136412e-02,-5.872075430693680931e-02,2.893696518483291139e-02
-3.488278703727477198e-02,-5.615204591601233308e-02,4.931468568032931765e-02
-5.359279853358270285e-02,-1.356961781609133076e-02,-6.130852889992410848e-02
2.154842854826946597e-02,-4.141054814082898577e-02,-6.818469314860384212e-02
4.835423549878008209e-02,6.310327722088064639e-02,-2.283487226357535510e-02
-7.795300797850464314e-02,2.246327608056820219e-02,1.654043108962332045e-02
-1.044436838729396327e-02,5.930982394908475286e-02,5.693319829240442442e-02
4.560309508059776085e-02,-6.877035934979433551e-02,8.508909212424746460e-03
3.327506887145308123e-02,7.577959408699880273e-02,-6.701386111852452795e-03
1.831296062849076950e-02,5.317071313446007641e-02,6.120032570682847756e-02
-4.761056856749056043e-02,-2.544728627854429479e-02,-6.330028350684958893e-02
2.219411977212546253e-02,7.254947536865209712e-02,3.432989535021113009e-02
3.578860639764103874e-02,-3.587018326263721052e-02,6.618419030133231018e-02
-3.860820819940732895e-02,6.633831092538092222e-02,-3.270739518185597494e-02
1.648400646173315979e-03,-8.306825951422906057e-03,8.308260299165051710e-02
-7.944412651267741821e-02,8.128850501977870693e-03,-2.470419290673319182e-02
5.478996020678810613e-02,4.778134773544712860e-02,-4.142529459051647045e-02
4.735899625900315268e-02,4.859247316388486809e-02,4.909440734267499912e-02
-3.093049581218222654e-02,-5.748577219227882229e-02,5.259628351882599667e-02
-7.161619397649451879e-02,-4.298494809444212972e-02,8.025715160382595331e-03
6.388924301607098490e-03,8.265864955343255049e-02,-1.345542840181842073e-02
-5.117330533172040341e-02,1.944331143484775287e-02,6.380356959648349202e-02
3.144647633850049945e-02,2.977920535552691650e-02,7.214770767156471198e-02
-1.552519432721621330e-02,-5.416713980580638473e-03,-8.260710280839492214e-02
9.970289296389880321e-04,8.422945782274314508e-02,3.470737855193509972e-03
-1.261605352973626561e-02,8.256675310485064867e-02,1.202278777924590744e-02
-8.090443130898132551e-02,-1.095917890840266860e-03,-2.424038903789724198e-02
-6.761240829698555999e-02,-1.139113535150039665e-02,-4.946185461023815816e-02
-2.068009511235665079e-02,7.948669000411123786e-02,2.037695493494107168e-02
-6.822089172821695037e-04,8.113772086551825080e-02,-2.430182128019296034e-02
-2.509182861575448564e-02,8.027870510342580146e-02,-1.065175475379358076e-02
-4.481706323178379775e-02,-6.841084867543122117e-02,-2.263795046814038453e-02
-4.278605966327884286e-02,-4.545124779344400512e-02,5.760200857832296906e-02
-8.186073114300954079e-02,2.248220865651992528e-02,-4.603458319180270264e-03
-4.271850122482843959e-02,1.433256044171622029e-02,-7.218655607194691959e-02
-8.123341256747450279e-02,9.291878992646241189e-03,-2.386124753325229511e-02
3.941468029871978557e-02,-1.762772080557018298e-02,-7.350979435145524321e-02
1.755284973700539999e-02,8.341945106058298864e-02,3.796908531929953090e-03
1.922684077309497544e-02,-7.709062872846965397e-02,-3.133802506280858324e-02
4.900765963282806975e-02,6.972534932800146523e-02,6.687360546312103894e-03
-5.767030545309455997e-02,4.967106158384404502e-02,3.909486961824770040e-02
-3.475725296102535888e-02,3.521084045664468754e-02,6.990716715158688810e-02
-7.629187159989452016e-02,3.321727950490935277e-02,2.060201671200824133e-02
5.042288155170381037e-02,-6.913354832156885788e-02,-6.306147858690896828e-03
-1.958011853768105992e-02,6.590303311513119600e-02,-5.146353849972192668e-02
-8.318560206966084392e-02,-1.466929390031579059e-02,1.592050416023404330e-02
-5.202301966407185674e-02,-2.789490626012903693e-02,6.258903136445088944e-02
-8.528846366877868446e-04,-1.571487238535281342e-02,8.466190267730899777e-02
-5.605762446801219184e-02,-1.873970684506549855e-02,-6.273043453142825021e-02
5.012567493366035416e-03,-8.309622718935689989e-02,2.262863418932902632e-02
-5.143906144902458261e-03,-7.570991239827686015e-02,4.119634448695580486e-02
5.524285478768691665e-02,-6.472083048467351662e-02,1.511488240076453923e-02
-7.624451208080333664e-02,-1.882406240995653651e-02,3.626126940205762900e-02
2.230043672148624215e-03,-2.929244314336117150e-02,8.144240865730471846e-02
-7.677410991826526254e-02,-2.432240441185076069e-02,-3.199191982934347644e-02
-8.146302423782486590e-02,-2.239561586024381434e-02,-1.962093542805687374e-02
-3.972418835574266505e-02,2.843813826163840361e-02,-7.175984772736254680e-02
1.246683886349852707e-02,8.354404912482402135e-02,2.036256923446463224e-02
-1.214608085504074488e-02,7.388831025531676644e-02,-4.422790225715091811e-02
-3.400479241183491236e-02,-2.424769788493611605e-02,7.636947730583318328e-02
-1.530029952248711939e-02,-8.035505218457537902e-02,-2.998332428534539185e-02
8.043678511055525615e-02,2.626332560331205365e-02,-2.106319847463381661e-02
-7.507576732701859434e-02,-4.062526174612208357e-02,-1.817087191722552286e-02
-6.826817078579583420e-02,3.740513710374934546e-04,5.449541938733916402e-02
-3.807770698414984778e-02,5.787399510796054081e-02,-5.333475196880786001e-02
-3.018419370111852240e-03,5.727861213152892622e-02,-6.608656255838347982e-02
-1.560368325347782047e-02,-6.564037446056139591e-02,-5.584559093445085748e-02
1.026787792521000400e-02,-8.331317030943223567e-02,-2.525537219334873101e-02
-9.455679880838823576e-03,8.397598656943766615e-02,2.358936892796550597e-02
-8.658790464099780371e-02,-9.721859460950655479e-03,-1.092451524039921539e-02
7.533925368668781264e-02,-4.039502169677137988e-02,2.042200237153155712e-02
2.545064014567953448e-02,-3.173667268051123813e-02,7.799592514505868102e-02
1.825399584802266453e-02,3.890068822219960865e-02,-7.684623984831533139e-02
-9.277350938026363361e-03,-2.138736206703405196e-02,-8.498136620643119421e-02
-3.184727619696512552e-02,-8.143853269267037343e-02,-1.150410600682758716e-02
-2.316664276745423329e-02,-2.036761383767935960e-02,8.270916450790996577e-02
-7.610464656958274010e-02,3.764910425003827055e-02,2.442295223773252241e-02
-3.910293917106997391e-02,-5.021101404994660067e-02,-6.139368777846659908e-02
-2.399411782595497339e-02,-3.922253156098066441e-03,-8.509870608315625584e-02
7.821584244764595573e-02,2.877394999962770358e-02,-3.001261748805494900e-02
-2.252498405367552373e-02,-7.153118588073655026e-02,-4.728485621210536810e-02
5.571175804205776710e-02,6.870109448148561948e-02,7.059331445085004729e-03
-4.297218721843255873e-02,7.161711273331439198e-02,3.018922354784830259e-02
-5.225032596612053798e-02,6.791515015228871688e-02,-2.362166113714467622e-02
1.769741571580844830e-02,-8.950340244592744701e-03,8.672243650007024907e-02
7.714494298038825082e-03,7.102862501464296541e-02,-5.313241058957934165e-02
1.847906954785941830e-02,-8.655814321862237426e-02,-1.036302460008676866e-02
1.262208274405075478e-02,-7.227298102590491713e-02,-5.071519437896689075e-02
-6.950287353859742334e-02,1.286391298497727501e-02,5.451749158879623525e-02
-3.396320420409646573e-02,7.935867314159379682e-02,-2.303358462661592512e-02
-6.956571907489646212e-02,-5.396813894517220322e-02,-1.560308433694001899e-02
-6.559398016059093950e-02,-6.070519171173704986e-02,-4.613006558795760756e-03
-8.010957707231859681e-02,-3.925857229851505842e-02,7.984916965653822418e-03
4.830603517852895268e-02,7.549979947504717459e-02,1.554695978469431165e-03
3.838628666829425884e-02,1.556594405360775188e-02,7.958566965956920258e-02
-3.035635069909369335e-02,8.433248263524555088e-02,-5.457733687381607565e-03
-7.356855223429058233e-02,-4.109692995829677151e-04,5.161727692322579109e-02
-4.041329117624300332e-02,7.325529561181823301e-02,3.302811816896122910e-02
-6.176297299027887211e-02,-2.757818593719944117e-02,-5.940367205895100144e-02
7.701874842945904964e-02,-3.576168089449877074e-02,3.011350183973464725e-02
8.260935337128526984e-03,-6.686393896690566441e-02,-5.993474961973733334e-02
-2.384888345943480745e-02,-5.761284626165174595e-03,-8.684952786815880454e-02
-3.449659381262688840e-02,-4.191458794671262117e-02,7.219110428684104297e-02
-5.787082881876225854e-02,6.598713500424308043e-02,-2.164887026654046739e-02
-6.214953472163051162e-02,2.000505619580354028e-02,-6.263265881349266984e-02
-6.103173001832114253e-02,-6.660292058518214875e-02,6.197318475429223171e-03
-8.750024133448817965e-02,1.825779041199044467e-02,-1.494000469241913223e-02
-7.875984751571396547e-02,4.017695283686184560e-02,-2.022770457141700312e-02
-6.398199980947939791e-02,-5.775973991001404767e-02,-2.846399101742476054e-02
-3.284502321521780982e-02,6.358930681070536217e-02,-5.595813292469040134e-02
4.517412886352385748e-02,7.546057700385813694e-02,2.307239466948327739e-02
-7.681735641913299550e-02,-4.196395492282270490e-02,-2.488148042883384439e-02
-8.256793109477827963e-02,3.802317828896736862e-02,-5.601559457330032230e-03
-3.835082817126163335e-02,6.728000040136941640e-02,-4.807136796720402200e-02
8.403924686932334742e-02,-3.405377115015440631e-02,-9.981369796266027425e-03
-7.986165320045524041e-02,-3.610623956027567139e-02,2.557309102261326808e-02
-1.699532065502658978e-02,-1.428438202288009710e-02,-8.863571979799893252e-02
-2.104257073103026066e-02,-7.610665742700788161e-02,4.612822800468658474e-02
-2.594620475678161009e-02,3.500470924123632449e-02,8.048569015446623010e-02
-5.182129107100708065e-02,4.122390853904787933e-02,-6.328730294027137826e-02
-6.688404535339355361e-02,5.330008636712115638e-02,-3.300646379435928646e-02
-2.877513440168989745e-02,8.701379263101439998e-02,4.249435710297326356e-03
1.458470703963421662e-02,-7.171683302969134033e-02,5.545372924952983451e-02
-4.474815989211674422e-02,-4.180710026710535848e-02,6.851696094587374219e-02
-2.426001320349936013e-02,-8.765027532983550584e-02,-1.368797871955355384e-02
-5.152861733218537001e-03,8.630877980448072029e-02,-3.156581062502164525e-02
-6.356051974141806171e-02,-3.920076564097799143e-02,5.393699967816868723e-02
-3.715812901116714168e-02,1.490842458785646227e-03,-8.435979547945131329e-02
-8.222553597893134114e-02,-4.158850863388605795e-02,4.750673045195606334e-03
-1.088835494683405500e-02,-7.013543001083365203e-02,5.907087253368990126e-02
2.078051075003278098e-02,-9.003752796340290521e-02,-1.418248444479958256e-03
-8.144290292666503395e-02,-4.381673828540571386e-02,1.201166442655221978e-03
-9.096078033993300338e-02,9.170115067690281715e-03,-1.449283517007513705e-02
3.792843163708137233e-02,2.733904129316976767e-02,7.997319251911692850e-02
8.124101654573685077e-03,-1.461016551028702058e-02,9.119183522155697996e-02
2.241470255140455559e-02,7.212738204199571623e-02,-5.389194272890011211e-02
-3.619981026125737578e-02,3.487912597932156522e-02,-7.807595199784131412e-02
-6.381102801916131717e-02,-1.086339378505345697e-02,-6.668351511221029537e-02
-6.439872379993488716e-02,6.589758740506758417e-02,1.267219930728740417e-02
-7.619423187737292547e-02,2.261981222805238903e-02,4.844356861306493844e-02
-8.811060518241835282e-02,-2.803261802365727279e-02,1.133212944896706473e-02
-8.061958141976174885e-02,-2.653691589037516802e-03,4.674286430609803089e-02
6.780585872743673248e-02,3.893839547898748921e-02,-5.090535729340990578e-02
-1.717563159940235090e-02,-9.144642137195216347e-02,7.840648447040124078e-03
-4.825762114390676205e-02,7.941383074082139504e-02,9.864666215469565166e-03
7.611943898080024418e-02,-5.433295176394648679e-02,4.144464556459715918e-04
-9.077221767919214229e-03,9.229355765017248359e-02,-1.263568014794282275e-02
-3.752761923414003886e-02,8.318201131862103248e-02,2.112673248578109467e-02
-8.220763786112081362e-02,1.154425133460492553e-02,-4.354648000320757162e-02
2.652594838610522129e-02,-1.198358362023856788e-02,-8.918624679473724504e-02
-4.533744415874239875e-02,-3.830337844680628545e-02,7.274988700285589527e-02
-5.927226556661401718e-02,-5.819857411784161438e-02,-4.391658359521873056e-02
6.337490075419276170e-02,6.476907424359205911e-02,2.512564321141625909e-02
-3.722765612006991714e-02,-3.011826570762443644e-02,8.101524664827322586e-02
8.180881761461724494e-03,9.051853260998056483e-02,-2.469251860612484833e-02
-3.487649446099873318e-02,-4.740093515774700811e-02,7.362615190059125514e-02
8.926278716961855500e-03,9.388673867822465435e-02,1.846747982311673555e-03
-2.341684078611944511e-02,8.841847090553663080e-02,-2.335416875817751883e-02
2.713057025372850664e-02,9.044469638652108401e-02,3.011111905035466184e-03
8.200547990665922604e-02,2.885543257914645332e-02,3.717032510520957428e-02
-8.092126344410606464e-02,4.303254965638024683e-03,-4.884865610764289878e-02
-6.684291644481810124e-02,-6.257247292969052299e-02,-2.415504982652308744e-02
-9.222487553214400724e-02,1.583535247357219580e-02,1.497896746302074776e-02
-8.678236710522906072e-02,2.709576148912696061e-02,2.699998338733893000e-02
6.697493630213194327e-02,-3.075844329347708281e-02,-5.980334430472537821e-02
-7.113935636519051753e-02,5.391680166081148917e-02,3.246757630798496885e-02
-1.044276221759916044e-02,-8.578446464660349768e-02,3.959495323286301577e-02
-3.774574092012303317e-02,7.227258303614220170e-02,-4.900544685683256435e-02
-8.617488672098017055e-02,-3.542552961698299668e-02,-1.955353255788243663e-02
-9.006321703627449132e-03,-8.952331309809632987e-02,-3.133217335942246190e-02
-7.234656381063296615e-02,1.386727350851758682e-02,-6.053710818736249277e-02
-6.310767879496902155e-02,-3.935651615272974663e-02,5.977777158417036524e-02
-6.268869267436334713e-02,5.796668343785393168e-02,4.276352633701948486e-02
-7.229727809356611967e-02,-2.453289324245885861e-02,-5.747872215185786948e-02
-5.703433836394918022e-02,1.068676768954666782e-02,7.602156742975506309e-02
-3.028244858830354477e-02,-4.381236600191581315e-02,-7.952165044774940628e-02
2.633554452774924254e-02,8.008504652868313201e-02,4.546331048473131742e-02
-8.013413123075718847e-02,5.192690322560487848e-02,-8.369820536540917635e-03
9.215594549596299589e-02,2.658367265508041616e-02,1.541744259133857008e-03
8.429674796191936881e-03,-6.758414874222708202e-02,6.765326825078839257e-02
-5.881260456877263759e-02,-2.337927808141204017e-02,7.227714815350534672e-02
6.026345403914815102e-02,6.727461167048687241e-02,-3.295151991562590699e-02
8.030367017023908038e-02,2.731433380361261015e-02,4.541444605483659080e-02
-3.508990738749980052e-03,8.622572014413908137e-02,-4.270719089089309445e-02
-5.329606979910162662e-02,7.607356626903670482e-03,-7.991632830714438807e-02
-4.026920477164346729e-02,8.704924650902357008e-02,9.982799372098243376e-03
-3.527247157208322076e-02,-1.656762107137665224e-02,8.828408561073328165e-02
-9.592717701503464256e-02,3.884867716127398014e-03,1.046316036428830698e-02
-3.933100552132895097e-03,8.519356946335064629e-03,9.618954246416537568e-02
-9.275171575535710866e-02,2.737893062208852923e-02,1.370119860873344336e-03
-3.234115406183447894e-02,1.616914792267136816e-02,8.978230269883209769e-02
-1.768563828444161615e-02,6.731481871122815819e-02,6.736527854485468980e-02
-8.736565241338054011e-02,-4.136768360640800946e-02,7.211136870341193147e-03
-5.794068329820827729e-02,3.769843919208874100e-02,-6.805620990709021489e-02
-5.500545901583660247e-02,4.574304899340513736e-02,-6.561873947761076575e-02
6.129526403425444858e-02,1.025811930991996426e-02,7.466869045504485880e-02
4.084798335152622917e-02,-8.354958356841711564e-02,2.832966890988928427e-02
-3.521718015472411617e-02,-8.000046627369317154e-02,4.272293067548901119e-02
5.389350848284948231e-02,6.566123660504490089e-02,-4.757710206349451132e-02
4.550807047941413802e-02,-8.474303189008466908e-02,-1.552552600864219416e-02
-9.052543466788970025e-03,-2.623859169210466732e-02,-9.347148194581664238e-02
-6.196054557718101707e-02,3.935918681662813057e-02,-6.428841988265682206e-02
-5.166226351922351828e-02,4.233476992052586513e-02,-7.123174465859917481e-02
-7.488621443200642325e-02,-2.386540685101418841e-02,-5.806559177742423583e-02
-8.632932355119772583e-02,2.822274609565509490e-02,-3.624602871571072638e-02
-4.814286172663808511e-02,4.637591196532950266e-02,7.147396885506913933e-02
-8.938125267085551828e-02,-3.137553651277304873e-02,-2.484948171407263054e-02
5.645274797235422942e-02,7.774647875707263456e-02,1.932476357692140129e-02
5.639108781165198120e-02,-7.009493714105273499e-02,-3.905850998648321970e-02
-6.594945807538959981e-02,-7.153890936321583016e-02,1.286957267449828114e-02
-3.991129748311880721e-02,1.312882584988210588e-02,8.877752539851123392e-02
-8.929259553227594098e-03,-9.757806820585825103e-02,7.711878677761222281e-03
-2.765751803980986620e-02,-3.962945772706451611e-03,-9.430801341440707419e-02
-3.373306992837658835e-02,9.084607537081486328e-02,-1.725337068651349240e-02
-6.357334124504669670e-02,3.053509170978524825e-02,-6.876491347095524398e-02
1.553788167356143397e-02,1.823276414416504648e-02,9.561738920372056527e-02
-5.493892324301429680e-02,-7.784912799662839500e-02,2.552931998637387317e-02
6.815810413938580559e-02,7.134421319923638094e-02,-2.995150776526026883e-03
-8.033664809596754997e-02,-1.782261774146721295e-02,-5.465208960257990356e-02
-3.067662286857968448e-02,-3.877434646807262353e-02,8.560345291083625019e-02
-7.059055991947427167e-02,-5.547114544548977649e-02,4.154958092039622713e-02
3.968818406183322045e-03,-8.493357329271071510e-02,-5.070471392726640103e-02
-1.611176105890088639e-02,6.294456071535317609e-02,-7.478514073083811220e-02
-4.539340198642502489e-02,-8.776559846835750578e-02,8.065853777419366294e-03
-3.079577502704337541e-02,-1.635400708638083678e-02,-9.287941152466436256e-02
3.119878221126915147e-04,-1.782754462927625596e-03,9.926300441902162486e-02
-1.737324571635087342e-02,6.203983496907725798e-02,7.562839271633724214e-02
-4.090169293021986285e-02,2.410365961663240783e-02,-8.735272418788135596e-02
-8.346751559423847000e-03,5.314592373452572960e-02,8.369161585465997866e-02
-8.837622200386859028e-02,-4.134902737521285038e-02,1.980807433351493979e-02
4.069665690505427924e-02,8.091007455085869049e-03,-9.058032003641905416e-02
-8.539914809876429647e-02,5.144518995406065220e-02,9.357306156100226625e-04
2.431496543940558919e-02,-9.513433766971189642e-02,1.768507024007040171e-02
7.816474649643453954e-03,-9.917497589631936450e-02,8.472060890995926352e-03
-3.912951824806960854e-02,-8.709605326785838098e-02,-2.942341751015337473e-02
-7.431485333304868601e-02,2.949818681697682216e-02,6.003142308361235358e-02
-8.490454391599078221e-02,1.739701908963583663e-02,4.999210949479062499e-02
1.537824536064907009e-02,-9.161022501479983149e-02,3.735994354200095069e-02
1.512976249309574625e-02,4.109631512082240201e-02,9.011612123236961702e-02
-3.451927257476703620e-02,-7.107989101709072388e-02,-6.171585493960227153e-02
7.863710002649826336e-02,6.213415635248814572e-02,4.730775139491507318e-03
-5.207073466350168461e-02,1.130105219960141592e-02,8.509879424022882832e-02
3.836412030146446606e-02,8.453777196182520048e-02,3.842518534723006474e-02
-5.671116198601490466e-02,-2.456107234823045812e-02,7.930694469076077224e-02
2.029770944900457716e-02,1.752896448038471916e-02,9.697316443989122126e-02
-3.425429104808196124e-02,5.255258184141878980e-02,-7.875272131406654830e-02
-5.930963359558367315e-02,7.662540455582672605e-02,-2.760623071665043241e-02
1.472866977331553553e-03,4.748191435656672760e-02,8.893007927688112435e-02
-7.349590469756023259e-02,-6.671919506222102891e-02,-1.806201255839546063e-02
-8.748943657515823036e-02,-4.599434288550784122e-02,2.057988179798434999e-02
-3.736530654204382740e-02,-3.840511717077706687e-03,9.379007269936287527e-02
-4.703051220052752689e-03,-8.832729825498009113e-02,4.896679794393126589e-02
-8.926654719773045865e-02,3.957521138722452925e-02,2.647547041146258023e-02
3.668015895766125328e-02,-3.915456249179556647e-02,-8.585592960751463332e-02
-1.113756036312939061e-02,-7.206528665690040136e-02,-7.033062782393777190e-02
-5.618622972252688974e-02,5.299604420225440676e-03,-8.421975238714714262e-02
-5.783154899480947436e-02,-8.216795547536992483e-02,1.399940415856009562e-02
-3.744046475721778816e-02,2.693353428804667882e-02,-9.043751068160740814e-02
-5.029311493638917441e-02,-7.814240085954390902e-02,4.104413297942095112e-02
-7.057183922529994963e-03,-1.687082242310472893e-02,9.999966985907250694e-02
-5.002319750211036559e-02,2.486228336408242458e-03,-8.854362003241861290e-02
-7.756702033264252505e-02,-2.333542417404135469e-02,6.165553997084385202e-02
-5.260698023443827892e-02,-6.125801233549732668e-03,8.701545180175869476e-02
5.525956254025963729e-03,8.444308331394168032e-02,-5.683009601036373426e-02
3.333604315944790897e-02,-4.840826346405088104e-02,-8.336847483559128857e-02
-1.851800015503902649e-02,-6.590171067316216713e-02,-7.571743994736888916e-02
-5.718603028974077185e-02,4.680410805066881341e-02,-7.051487308164548773e-02
2.301557529563781970e-02,-5.324596473770773497e-02,-8.415757938751076972e-02
-9.789698919646677711e-02,-2.488234012750854818e-02,1.607899644429701749e-02
7.618969732498556691e-02,-6.834292435794055154e-02,-1.745354069419990345e-05
3.836781849407558398e-02,9.489896825722859974e-02,3.444593577562652786e-03
7.798268930125872023e-02,-5.358735694294360086e-02,-3.938287338226882650e-02
-1.000740786288358136e-01,-2.008042093489816743e-02,1.000102404710721121e-02
1.338592535362066044e-02,8.120400924791951192e-02,6.131022474183654702e-02
-4.605542047273553097e-02,7.641809119826148411e-02,5.084828582968658334e-02
-9.873150452694386993e-04,-9.541884694256930199e-02,-3.814187289777933032e-02
2.321740809102178574e-02,6.503119726179928950e-02,-7.620099134468616420e-02
-8.116920949980359345e-02,6.215886051526954559e-02,1.169172549044846139e-02
-8.678392278061759779e-02,-1.712491744605652844e-02,5.270974486144000548e-02
-5.931456406331390985e-02,-6.830844482818496100e-02,4.932483627201481036e-02
-1.026464648206814462e-01,1.640925543065166513e-03,9.611793515679473501e-03
-2.663810836178743743e-02,7.984677660793555731e-02,5.966956391971357798e-02
-1.004535967207317304e-01,-2.067060030129786591e-02,-1.189689046519734617e-02
7.028112128169317074e-02,5.705687610676717092e-02,-4.978950889652220685e-02
7.557839844430357112e-02,7.052366926775123501e-02,-1.556759454018183299e-03
-4.922637917315397099e-02,7.583037809919403183e-02,5.028730955607108033e-02
-4.415979605768964589e-02,-8.371990228724029981e-02,-4.192111539168909273e-02
-6.925988259393069113e-02,-3.219170311199686524e-02,6.998177485844085666e-02
-4.658897632370665592e-02,-8.113957548882018422e-02,-4.461750532400313163e-02
-8.827505169248063555e-02,3.738527779795529100e-03,-5.433808088633710481e-02
2.100272569843216613e-02,-4.246338245124866434e-02,9.235280296059261707e-02
-1.992784467335770304e-02,7.997872420791618531e-02,6.319641795824741670e-02
-9.779643835961780718e-02,2.492496864880664950e-02,-2.482573378093984318e-02
-4.275410473228188901e-02,5.931702621932541386e-02,-7.395611001199331458e-02
7.270234874487174759e-02,6.950042326102791324e-02,-2.672466158981206749e-02
-3.361169200334639812e-02,-7.661433811269349053e-03,9.826457116392754709e-02
-3.987936240339030880e-02,7.144350535315058259e-02,-6.452949459721565861e-02
-7.765431693355311082e-02,-3.528074641953448526e-02,-5.998247103737773533e-02
2.369412719944552839e-02,9.487413008531359049e-02,3.639422386893995109e-02
3.466213857341993859e-02,9.542970209853957053e-02,2.435145976832727224e-02
-4.981356195727403707e-02,-7.636987305757697575e-02,5.100758330754288222e-02
-1.018442464885228362e-02,-3.249634783335585836e-02,-9.884344766349099920e-02
1.219254222417979171e-02,2.923744600494574894e-02,-9.970215128675426197e-02
8.195757408755570406e-02,-6.423027360042794787e-02,-1.075542221001664182e-02
4.717441085267633921e-02,-6.818453490534022443e-02,-6.401518425954834390e-02
2.570772182850039958e-02,4.556071467283270143e-02,9.082998511017564836e-02
-7.566988479107401855e-02,-1.720233330385217063e-03,7.260934578139166540e-02
4.501233938525590027e-03,1.008948789321212763e-01,-2.855220939511556033e-02
-5.194976315203593542e-02,-4.389218585193322558e-02,-8.002640688444639938e-02
-7.476432155398918256e-02,-6.845642159748294153e-02,-2.770931670765836366e-02
6.224634765444308354e-02,7.211557515201785784e-02,4.452858973839631668e-02
-2.643822453343994388e-03,-4.390578052015845639e-02,9.559091554429113846e-02
3.673186038762725480e-02,-9.220316551882802580e-02,3.515609573451631414e-02
-8.183679414968020316e-02,2.367338043972949321e-02,6.199347598062990988e-02
4.324759444513279205e-02,-9.466044131481898827e-02,1.685845161121644897e-02
-1.122016557645152046e-03,9.684771711669507011e-02,4.181751352871669603e-02
5.137707329258121153e-02,-8.761364452858638741e-02,2.877456429830236098e-02
-2.482110192702903853e-02,-5.700753031555814282e-02,-8.539364196194837442e-02
-1.905177312186249680e-02,-9.950638576705048144e-02,3.013007137318906431e-02
-4.557194302022029436e-02,9.520361693657596047e-02,-6.787955461366867484e-03
-7.273925199081224258e-02,6.830730132212693706e-02,-3.527065710129009130e-02
-1.201629604644286267e-02,-9.989862825790847556e-02,-3.303148701705534152e-02
5.658850954191008836e-02,8.093338724670902373e-02,-3.843226839477401069e-02
-8.330274840360446520e-02,-2.625226550972962342e-02,6.012727741256714692e-02
-8.452507765376940374e-03,-2.081292962928679713e-02,-1.036991190009381864e-01
2.268754627160383258e-02,-7.501898346114040106e-02,-7.162311439378993283e-02
-8.310582874602692738e-02,8.348202939933838107e-03,-6.565431595495180295e-02
-5.590944073222141320e-02,8.836612298261740939e-02,-1.914792435799937340e-02
-1.945939916897767782e-02,-1.045049725411658220e-01,-3.930135184438114486e-03
-4.629677646098229182e-02,-8.113388544336205821e-02,5.102578018133818033e-02
-7.029614765229297291e-02,-7.985905996394271344e-02,-5.004031482888983938e-03
7.395811549945240093e-02,5.702256930177783401e-02,5.135186778825466536e-02
-7.139426697295409019e-02,6.930014372642963327e-02,3.838064803328519042e-02
-9.029305829197073474e-02,1.166185345999759364e-02,-5.566174051338813183e-02
-6.362840603618966084e-02,-3.814874614708936573e-02,-7.679520985542456768e-02
-9.084895289749719827e-02,-4.242430105594055534e-02,3.691065491372157170e-02
1.381694662627966754e-03,3.119631991738199689e-02,-1.022495857622044424e-01
-6.160104083430633509e-02,3.437169382574783820e-03,8.739533983692231167e-02
-7.181143337339203347e-02,1.878433456861424919e-02,7.713020449789928512e-02
-8.894985753413743590e-02,-1.723925447982482123e-02,-5.713045390979478583e-02
7.392063047785024654e-02,-5.362308541265558420e-02,-5.610546606781993684e-02
-4.621787779557726822e-02,-8.018358541494477465e-02,-5.418838755378226762e-02
4.043548732345855767e-02,-6.706836527297772854e-02,-7.336928315602884998e-02
-5.402272889319351817e-02,-6.262052650114750818e-02,6.848963139659126897e-02
-8.038034279841757557e-02,9.015977400344798651e-03,-7.072976265909095006e-02
-1.808286462072191542e-02,2.946414728222400414e-03,1.059419227856265439e-01
-4.831605907233451486e-02,9.430867608819880343e-02,-1.857881416766321916e-02
-2.811883617701487620e-02,4.520894153473658389e-02,-9.356069726232149608e-02
-7.321011995761936286e-02,4.028020355621964727e-02,-6.797270270920201252e-02
-9.924465421408290577e-02,-3.615715877022168678e-02,-2.144879371503207247e-02
3.081142867027066717e-02,6.957221734073887331e-02,-7.643065728734689535e-02
-5.544730158675524601e-02,-4.002359176773609417e-02,-8.348284043194807713e-02
-3.892474206077056742e-02,-9.746305983099681769e-03,1.002494178545813297e-01
-6.575747276671639607e-02,7.594845049273002413e-02,3.977761417826539830e-02
5.285261112468708083e-02,-9.103067186351400386e-02,-2.467572672578344575e-02
-8.034662326326075243e-02,6.706987284109559855e-02,-2.737392625798776291e-02
4.137634163172230345e-02,-9.255278638456983231e-02,-3.794294608212127329e-02
1.463405448064127728e-02,1.073146645580541347e-01,-1.227136904348602063e-03
-3.863885425715299360e-02,-7.820388552700681829e-04,-1.012568054791885691e-01
-1.954855833572452517e-02,-1.215382854603969283e-02,-1.059767396289467561e-01
-4.162468248275767724e-02,6.093675379038136775e-02,-7.955783842061679711e-02
-9.578286354334018815e-02,-1.514999544805801547e-02,-4.884563779812052531e-02
-6.548350225492087506e-02,-4.235392785469740962e-02,-7.564560316414593866e-02
4.584816469176791059e-02,-8.344036186848810543e-02,5.248126576514884623e-02
1.530289078399586604e-02,-1.051178175975247819e-01,-2.343352994386480037e-02
-7.349160372165167154e-02,6.805653523289745266e-02,4.260038130830564457e-02
-4.178888118661350931e-02,9.599416200340210592e-02,-3.001248880816599976e-02
-9.429710864792084646e-02,-3.368005994005447701e-02,-4.301267236168100638e-02
-8.171884198458118087e-02,2.996403929136279287e-02,6.568876019780536812e-02
-2.743761559595216462e-03,-2.727354043565190581e-02,1.056120239983654313e-01
-3.484231395627493725e-04,1.187333928448381336e-02,-1.085293834130056367e-01
-1.072347950226765559e-02,-8.087902643054475926e-02,7.264825161563454037e-02
-9.437970445595779412e-02,-5.462681319304243249e-02,-7.551008875946615267e-03
3.088825804041678627e-02,-1.030950395173538536e-01,1.950446050742889181e-02
-3.918549226011636827e-02,9.874288873808050038e-02,-2.630394015970195440e-02
-1.037225723727313725e-01,-1.382637569025348817e-02,3.228751844945473154e-02
2.347057925220663935e-02,-9.646423675229344463e-02,4.637106610569693976e-02
-5.830264393732120104e-02,-8.329922709476322851e-02,-4.102444961106617438e-02
3.489827064104496918e-02,9.830964496204830372e-02,-3.395238476033839159e-02
-9.835706404607570674e-02,-4.064853149169346536e-02,-2.689802443693339526e-02
-4.256678384977284624e-02,1.054096473975936650e-02,-1.007043027405909452e-01
-8.666047041455602479e-03,-1.077671907570807719e-01,1.974883267612171159e-02
-3.081230009926880578e-02,-2.090892242807387141e-02,-1.034736183622507050e-01
-6.855045007382792877e-02,1.747287983937088549e-02,-8.428164115523564814e-02
-5.313248903746399521e-02,-7.419234780293486320e-02,6.160185787035010047e-02
-2.682571491703926100e-02,4.519710732757046580e-03,1.067558138813792384e-01
-4.428703663916023353e-02,9.375784033483949842e-02,3.740956960210257976e-02
6.465496088518631057e-02,-8.725770567313134718e-02,1.927901297507136555e-02
-5.901388744354176680e-02,2.057279345180408614e-02,-9.096416252720816720e-02
-6.188123761357324643e-02,9.141952500897063127e-02,-2.836963164671749832e-03
-4.498195986400351648e-02,-8.232879274689131055e-02,5.837782332849560801e-02
-1.037385065359778813e-01,-3.102003191615044370e-02,-2.236001621731564457e-02
-5.920728321504323960e-02,-8.193007129197547866e-02,4.494852083630807016e-02
-1.133623266879604623e-02,1.968668896980455343e-02,1.083367545334389809e-01
-1.821025554933481533e-02,-2.444264300876795512e-02,1.064819024301199152e-01
-1.899120560594478105e-02,7.259077769082479537e-02,-8.155912593228380192e-02
6.896186375916459055e-02,-8.639280493640182079e-02,-8.777947439749175795e-03
2.351166830020130771e-02,-1.069399142669499037e-01,-1.794701871663857695e-02
1.575356117860812408e-02,-1.064142403120088842e-01,-2.744831921838424352e-02
7.513278834093682114e-03,7.485943680672757505e-02,-8.172960699543850571e-02
-1.471293157358167028e-02,-9.549325475220982185e-02,5.494745407957525585e-02
-5.450414534555219487e-02,-8.084539638167724529e-02,5.350251301964994294e-02
-1.471601065248340223e-02,-2.659010355487120836e-02,1.070520995567444400e-01
-8.242170310171444136e-02,5.576530711500131410e-02,-4.995187997593041052e-02
-5.668083669325391961e-03,-7.182038479823212029e-02,-8.498561660923807659e-02
-7.477150515199676439e-02,2.500756072688227818e-02,7.881148601078831473e-02
-7.902600673405274501e-02,5.055961089399344660e-02,6.033723165055350501e-02
1.924339178618270779e-02,1.088797840505523334e-01,1.521225478771442464e-02
1.883744395208852493e-02,9.288865686513231301e-02,5.905879761885590717e-02
4.546327312448037242e-03,8.904865889554677838e-02,-6.734484764798029377e-02
-6.462748289449682382e-02,-8.307645433309553129e-02,-3.770707863605644861e-02
-4.778310633546258013e-02,2.569756293485634421e-04,1.011509524372047053e-01
-7.024356298338754745e-02,3.016619893927068030e-02,-8.176323235261526157e-02
-7.805952160820600616e-02,2.599054903475935333e-02,7.599452098336642591e-02
-1.085841808901654298e-01,-1.032234855986404777e-02,2.571909744438172912e-02
-1.843883450121907089e-02,-7.927352824283055710e-02,7.712879619701784595e-02
-3.570222471129256420e-02,1.061582851852388709e-01,6.594932394757602005e-03
-8.932107140686623703e-02,4.833062036752355795e-02,-4.783526634559551877e-02
-1.102008894542459150e-01,1.424155743212991189e-02,1.642719425815196074e-02
-5.898679575976990830e-02,8.799920777289946261e-02,3.752606904185776249e-02
8.932088294135627493e-02,-6.197295881419774555e-02,2.876181474362242765e-02
-9.588692119572940487e-02,-3.752238637416571709e-02,-4.537051116322476929e-02
-6.654013776120273893e-02,6.963573987613741467e-02,5.829747270689438626e-02
-9.497631726470155689e-02,-2.009062106632609687e-02,-5.714715350993956194e-02
8.483614826324618885e-02,4.244552236207978224e-02,6.087486807798603294e-02
-9.741973886645691194e-02,-5.666163468213382404e-02,-4.244284742098185931e-03
-1.482823133635196786e-02,8.246074142565286771e-03,-1.115612157482320926e-01
-1.074801905176275656e-02,9.746387279590801311e-02,-5.597923485155792411e-02
-1.053933093169609619e-01,2.319507593548790492e-02,3.342552065938726724e-02
-8.678118987936572770e-02,-2.171538447053895926e-02,6.910225487115195797e-02
-1.015916018817679817e-01,4.966237638591675108e-02,2.253987957605355953e-03
7.733938671937196085e-02,7.943276445098029770e-02,-2.271506972786505388e-02
8.715945251384725478e-02,5.766266378073214849e-02,-4.358673095413418547e-02
-2.558298796040616233e-02,-1.101844851835975803e-01,6.409853724677694667e-03
2.511126844976536987e-02,-1.090058546201299050e-01,1.838441300891481903e-02
-1.380315778551900741e-02,-3.712747849657083155e-02,1.062850308600853944e-01
