-0.000000000000000000e+00,-0.000000000000000000e+00,-0.000000000000000000e+00
7.054252426090968503e-04,1.776462628543143451e-03,-2.583223145185023668e-03
-2.565697455512248176e-03,-3.624232197942076593e-03,1.003239493407249907e-03
-4.882425176771415347e-03,-4.717343635586438225e-05,-2.707153272438833115e-03
-3.940374955530501905e-03,-3.887185145830859140e-03,3.318867620117855154e-03
4.175099955865814276e-03,3.841592455395456164e-03,-4.469665951692711019e-03
-5.467685791372435371e-03,-4.987492331270599981e-03,2.818096471077024146e-03
-4.679580617343526150e-03,-3.341651079449006138e-03,-6.341879143957911483e-03
7.293801236437422305e-04,-7.560051538241145154e-03,-5.118142133976593712e-03
-8.447042408697742408e-03,-4.116977658539608224e-03,-2.490073166590262618e-03
-4.680089994427712174e-03,9.065260734565106990e-03,1.031130235069854535e-03
-1.626190324212152148e-03,1.024473401536567761e-02,2.865386951612954383e-03
2.759550540297953450e-03,-7.822387251251764276e-03,7.595325780822097944e-03
-4.472705078438618444e-04,-1.159824050600933958e-02,-1.574227290009091052e-03
-8.525870409972522573e-03,-3.626539340572661023e-03,-7.878924573244660765e-03
-6.734816532740009465e-03,1.062297626042267053e-02,-6.742934332580878976e-04
-1.266371233415146749e-02,1.520303182791503263e-03,2.595536770606380206e-03
-3.875276739633703223e-03,4.846019287799271415e-03,1.190339063982718930e-02
-2.165961909158563205e-03,-1.623362525062549584e-03,-1.355199761421571093e-02
7.665808388953779424e-03,-1.187598508519087902e-02,1.409546422778057157e-03
-8.646199294375803493e-03,-8.989984690455405866e-03,-7.552251996784094777e-03
-5.736494395779116913e-03,-5.914930455400091436e-03,1.247225123530593636e-02
6.930961285758240227e-03,5.963680311455220838e-03,1.227599012026309860e-02
-3.905184112568414138e-03,-6.058122031914746873e-03,1.390034608736819693e-02
3.159626736284591470e-03,4.939074206154670486e-03,-1.488874463877036189e-02
-9.427291930920283754e-04,-6.036214020886769560e-03,1.515332717861413332e-02
-5.362502603787184206e-03,1.043750591641866288e-02,-1.183888235432802027e-02
1.119888165194976755e-02,-1.277477094172994009e-02,4.124893834509433480e-04
3.115365409643336327e-03,-7.185175931063705543e-03,1.543967768283583536e-02
-6.439481231659247712e-03,5.674454279670314467e-03,-1.539475346839142347e-02
3.220978993259769347e-03,1.297118848793869968e-02,-1.195826583827237430e-02
-1.508257937227324916e-02,-4.288974516817601820e-03,-9.312437463316705979e-03
1.070307737890874127e-02,1.812049296535728736e-03,1.502492639636412823e-02
-1.220088995612012527e-02,-3.853578538114408800e-03,1.381575504499380457e-02
-1.412493485851920409e-02,7.770537052220556976e-03,1.028118904474048002e-02
-1.465010302729422530e-02,-9.048210829890507984e-03,8.951280800585416364e-03
-4.300402981193103373e-03,-1.912037072850972241e-02,1.890443665518964055e-03
-8.792251912472142175e-03,-4.907893838733532257e-03,-1.724270988225352561e-02
-1.479529930062111961e-02,-1.254708361546452190e-02,5.781853255928947298e-03
-7.336963560234801424e-03,-1.460084634212036568e-02,1.240215437911863609e-02
-7.351351813566808432e-03,-7.053881132550385291e-04,-1.942600077647742632e-02
-9.387720641044608461e-03,-1.781091663174605433e-02,6.135382256908663602e-03
-1.803676198769556087e-03,-8.230014188742416567e-03,1.957337136684433182e-02
-8.502875401760322943e-04,7.308167593632615248e-03,2.027521114204679231e-02
-1.899396679447335964e-02,-5.951637792493502319e-03,8.952509998383538156e-03
1.247426274466914391e-02,-1.805335548991238853e-02,2.438001887265989816e-03
-5.669380787321115327e-03,-2.005354942966163651e-02,8.020782856321259299e-03
-1.221761062604577799e-02,-1.195053204262980749e-02,1.475430981251631135e-02
-1.868844365227231505e-02,6.142723042184220633e-03,-1.157365973119809342e-02
1.161490571520166701e-02,-2.532498749609193942e-03,-1.976858087881440407e-02
-1.030875753966269300e-02,1.682806903673271168e-02,1.240354427889676578e-02
-2.637916622867960033e-03,9.695865739982162043e-03,2.129623679679213885e-02
7.979097021446992719e-03,-1.084897556598198726e-02,-1.960453284662196094e-02
7.042100887725748735e-03,1.510159326526835759e-02,-1.729942800892667401e-02
-1.218105462701383167e-02,-2.057779356833314838e-02,4.039936749403857594e-03
-2.039267450758064024e-02,-1.055646901175420760e-02,-8.489975244936028356e-03
-1.986496216053787803e-02,-9.782744657369307761e-03,-1.096839566538844457e-02
-1.538741319294826930e-02,-1.933839365871710403e-02,3.336565222256793802e-03
-6.331583784438480321e-03,2.019528860079560992e-02,-1.360894682943704879e-02
-1.059960137563256168e-02,-1.595865302866821336e-02,1.665487632404834967e-02
-1.378890567593469077e-02,7.997612949269020458e-03,-2.003999752168509133e-02
-1.068107733034333838e-02,-2.277639826140755164e-02,-5.842842432045359559e-03
-4.841720152334820851e-03,3.530043039512106330e-04,-2.558754367005900907e-02
-1.030249734930902689e-02,6.474437769504470981e-03,-2.327099145795486629e-02
-1.161463621422663493e-03,-1.383047070244119124e-02,-2.254521220425572889e-02
-5.935710151552055051e-03,-1.430124192292177646e-02,-2.173676468725362423e-02
2.349598849621882535e-02,-4.562410941205391653e-03,-1.227617611768917066e-02
5.630840934772701756e-03,2.608415011826249741e-02,4.778871219637318389e-03
-3.364516976913813420e-03,2.708913706917792305e-02,-1.067592244918279904e-03
-1.972856231003616498e-02,7.506972567750925911e-03,-1.766559588194560951e-02
-1.620624665420975288e-02,-1.681639296577183001e-02,-1.495266224773123855e-02
-2.481270539064569722e-02,6.178396851512378031e-03,1.124956576093262030e-02
-1.215882828957612523e-02,1.989477092841147529e-02,-1.575262874088144416e-02
1.172965091154822524e-02,7.335034462740708423e-03,-2.473447581133761744e-02
1.789647575631574637e-03,-2.953272509609510248e-03,-2.833130191656761665e-02
-1.323207360009831003e-02,2.524231565007959213e-02,-3.706625297436353175e-03
-2.387992912491877437e-02,1.387134034726780762e-02,-8.646313233368826956e-03
-2.048732922560815572e-02,-1.744160452879588499e-02,-1.117651110121915294e-02
2.332303004356755735e-02,1.768857209358399435e-02,1.855883032355900740e-03
-2.309409220536193588e-02,1.552870925317190003e-02,-9.862204270519528068e-03
-2.921859698523264492e-02,1.062158838588447059e-03,-5.323680391593802429e-03
-2.846718283583021120e-02,-8.799740870814051416e-03,2.616059631274628497e-03
8.566621667579762262e-03,1.422408859463979158e-02,-2.510815983525120990e-02
1.648766865419295374e-02,1.500395074876109507e-02,2.050973656529354178e-02
-2.913334721678019490e-02,7.430528445996023579e-03,-5.013395022963632215e-03
1.457371092616777976e-02,-2.626734843752041165e-02,6.182849815876825111e-03
1.061670307985201032e-02,-1.956165262651156714e-02,2.137113249015454644e-02
-1.184515727198410563e-02,-1.066769231524219812e-02,2.663647509127684346e-02
4.128460069745834571e-03,1.083716245916668125e-02,-2.899379879686029421e-02
-2.017711425394775812e-02,-8.199383507768559162e-03,-2.263426304515609583e-02
-6.742014554381905132e-03,2.316395427293034895e-03,3.077937582369155364e-02
3.765639521678743051e-03,4.640471969943799069e-03,3.120927583721118739e-02
-5.017045325497520789e-03,9.621896755056075180e-04,3.154658051734757218e-02
-1.636903212329380436e-02,-1.665735711515227077e-02,2.207777997620589960e-02
2.868465908022231614e-02,-1.064492902461527425e-02,1.040588313088661870e-02
-2.301099127945498146e-02,-1.241495097104520530e-02,-1.929618739443514017e-02
5.575419264014231345e-03,3.207594873134855806e-02,-2.758357658342313300e-03
-2.996056570047176890e-02,9.066247070803131955e-03,9.965749697565652251e-03
-1.894672730323381654e-02,2.700789791007674606e-02,-1.529398088475740144e-03
-3.257101637793612808e-02,-6.394222997678156856e-03,-7.680375230856019116e-04
-9.739245890043485634e-03,-3.190967438094782088e-02,-9.366308636451548854e-04
1.074706425053246518e-02,-2.691728198926094176e-02,-1.689780936129784902e-02
2.196006466023872183e-03,4.319957785337173901e-03,3.337238544743108271e-02
-2.793469728583545739e-02,-1.650815554904438293e-02,-9.796253909527064332e-03
-2.510984736173114962e-02,-7.456230822607505006e-03,-2.178010453811074498e-02
-9.487691851153872563e-03,6.725448309645912399e-03,3.220049783061149085e-02
-3.315861731173928156e-02,-2.865882867965562856e-03,-8.721650987393733678e-03
-5.039586947543417406e-03,-2.422809584961784900e-03,-3.411991051193416502e-02
2.279746902457439883e-02,-2.618430955828546930e-02,-1.327367029402749419e-03
-1.307733758089078433e-03,-3.299582980929036125e-02,1.132896738635481154e-02
3.276872768912247880e-02,1.021425908347335827e-02,-7.234826355550003259e-03
-1.603279816972460678e-02,3.138235479029027886e-02,-5.005737548555265351e-04
3.132598466730111917e-03,3.525069249163875762e-02,1.194065401262455134e-03
-2.649790325979302016e-02,-2.274167907393668045e-02,6.799394445786983120e-03
-9.277065541420501452e-03,-1.368263300076843873e-02,3.168575865227113431e-02
-1.112883527976390313e-02,1.603288040325034219e-02,3.013435925229345988e-02
-3.433765561810458533e-05,3.581746553194966459e-02,-4.221021777292372108e-03
-3.133680386209179713e-02,-1.426112331791499523e-02,1.127235930815466934e-02
-8.327231423284696399e-03,-8.029627604054954612e-03,3.450162828411705573e-02
-2.948474264374252238e-02,-2.106391380686267745e-02,-4.784079694873981381e-03
-2.316207124372339499e-02,2.240721209213970833e-02,-1.758162825351243172e-02
6.766582025002834157e-03,-3.440586755674527458e-02,-1.139682726935211700e-02
-1.326265952906016676e-02,2.836587075872466432e-02,-1.976571841976068611e-02
-2.694632876561404641e-02,-2.119973759723874779e-02,-1.440291670099445170e-02
-1.546543257098255929e-02,5.543156689303892215e-03,3.353880336116893401e-02
1.781104747538838837e-02,2.909613931292340944e-02,1.557963771874454513e-02
-3.444635052505679723e-02,4.304908158458698939e-03,1.460321820916033429e-02
-1.413679214634173432e-02,-3.193427586283701519e-02,1.450828819678371198e-02
1.593207557242685632e-02,3.434772289543596563e-02,2.889105375026078653e-03
1.029974115766477301e-02,-2.601755063362221412e-02,2.589903550294673021e-02
-1.485157961285594151e-02,-2.233329815393076886e-02,2.731724762571790047e-02
-2.615350106966987664e-02,-9.150999306853433227e-03,2.663940270561426446e-02
-1.172721066911594848e-02,-3.059619869899674743e-02,-2.038584356190744143e-02
2.505100240594666794e-02,-1.312273590221017805e-02,-2.648241714808445904e-02
-2.647435557686195554e-02,1.997497036848336349e-02,2.032320659014291014e-02
2.469442676496648101e-02,-2.143725113921509523e-02,-2.134024096447630081e-02
7.420258670696954460e-03,-3.770398024772438073e-02,-7.745033050411021837e-03
-3.168264120766664527e-02,9.319008272467002238e-03,2.139784802295252586e-02
2.606684858488422102e-02,-2.683093413601332980e-02,-1.268835318851269794e-02
-2.685316764330962502e-02,-1.757480902193575209e-02,2.328704279971685956e-02
-1.033077203283411065e-02,3.828614293102801380e-02,3.403588354226577250e-03
-2.755754969217650424e-02,-1.261152088721069313e-02,-2.602999326846884912e-02
-1.703778724945262738e-02,-3.586280527147656105e-02,5.612527395206750105e-03
2.171739734256666540e-02,1.948816787513088511e-02,2.771999243970563881e-02
-3.363351864081108589e-02,-2.076273493233329187e-02,-8.332950672070665171e-03
-2.399202380376190893e-02,1.795587491038304340e-02,-2.730621038812491852e-02
1.560950788926647459e-02,3.694810300340909542e-02,6.838434796114571841e-03
-3.497994174673050259e-03,9.250370210172975324e-03,3.961953882634552948e-02
2.856722697806718739e-02,2.313456544643509652e-02,1.811503756305432589e-02
-8.484917636160663884e-03,-3.951730784080879216e-02,-7.601298985204256974e-03
1.429022802308177638e-02,-3.834675231978924154e-02,5.353124682266942498e-03
-3.792913037973027340e-02,1.547633336691250222e-02,-6.095783003855942059e-03
-2.236921305098570414e-02,2.693182735028137181e-02,2.239532399185018702e-02
-4.090688829475655486e-02,-5.810773042267307689e-03,5.664284402518331499e-03
2.714212529746396277e-02,1.850755687042072647e-02,-2.592240817717455376e-02
-3.889379056126170131e-02,-1.564648628931051416e-02,-2.374014344107474531e-03
1.209791536866728528e-04,3.749671550456529223e-02,1.921309626789204084e-02
-2.853149368836030778e-02,1.024593777940469193e-02,2.946400589911749371e-02
3.550640375915033176e-02,2.271728654931586336e-02,4.729791073245127528e-03
-3.216757305827892127e-02,-2.450366563239760043e-02,-1.326546543883320994e-02
-3.273964372875343143e-02,-2.383851194541806648e-02,1.352797241860192665e-02
-1.351770385449662520e-02,2.037463646657899571e-02,-3.517565976141984879e-02
-3.426637534522245648e-02,-1.964801892384701598e-02,-1.694032191058212483e-02
9.833237480482722934e-03,4.143780602422099391e-02,-6.741462827536909806e-03
-2.954412754290012405e-02,3.075715533493568812e-02,-7.239334375242577509e-03
-5.493517370569359765e-03,4.016311725382384901e-02,1.549360409833911226e-02
-2.832102089335419848e-02,9.950277454552092574e-03,-3.153195898534807973e-02
-1.360961933798222369e-02,4.142095722273223674e-02,2.547086395795537892e-03
-1.354958306247655217e-02,-3.385065570327389778e-02,-2.429002459732466229e-02
-2.302690869026839324e-02,-3.576091495914446305e-02,1.106551961051468677e-02
-3.153672864287178357e-02,3.079172246782536579e-02,-9.498562946506147872e-04
-3.699654308209750914e-02,-1.589730863773318806e-02,-1.828127947652585794e-02
3.713825743667251156e-02,2.057735700991972227e-02,1.284825472278581723e-02
-1.326857689708555929e-02,5.427540357656320154e-03,-4.212279813111907689e-02
-3.813059450854668075e-02,-2.259059525564597465e-02,5.259270883623864100e-03
3.368457380995723560e-02,-1.955958019333415079e-02,2.206375744215406318e-02
-1.203297611380894569e-02,-4.132700124704406092e-02,-1.278393480681748809e-02
-2.214958717075223710e-02,1.800906250476500339e-02,-3.483278765070869226e-02
1.509053276843959693e-02,-3.669235782082032327e-02,2.159438861894462727e-02
-1.716471424728793424e-02,3.368724114961908073e-02,-2.496069066868068440e-02
6.879812505252489926e-03,-2.694194595309781087e-02,-3.593636416555769791e-02
-4.110825275464670414e-02,1.013242122749923209e-02,-1.685831388332238029e-02
5.947143645090831668e-04,2.972042787763038568e-02,3.471656903083610024e-02
-2.447792926924278328e-02,-3.066651886920132228e-02,2.369470555295189254e-02
-4.159230098540265402e-02,-1.576577448516563312e-02,1.160673656237410679e-02
-2.338203155324815666e-02,7.917072635761262037e-03,-3.893524892464411691e-02
-2.539788689780581032e-02,-3.647386436355135736e-02,-1.273267023906480763e-02
-2.882513610832828158e-02,2.498189942300091740e-03,-3.622921571254977130e-02
-1.804776064531065163e-02,5.973747355379021955e-03,4.243174486507405446e-02
-2.331541958727160677e-02,3.196986498093310619e-02,2.466494323429227475e-02
-3.688909409870044787e-02,2.494097037091677627e-02,1.426076366373870558e-02
1.876858634602824455e-02,-2.974223819852953726e-02,3.100899844910379177e-02
-1.550059300292057698e-02,3.568073626081885025e-02,-2.640516306370668809e-02
-4.086288924349711082e-02,-2.314098216862969792e-02,-4.187873339239106367e-03
-4.244532656061960479e-02,-5.984079167591582760e-03,-1.994022713449112444e-02
3.603937530679069551e-02,3.028095935501317129e-02,5.609737630227497850e-03
2.103915903637723628e-02,2.854372348845196292e-02,-3.165551269610613477e-02
1.206240281238864231e-02,-3.092683493724453919e-02,3.420112316736432373e-02
1.896774024890519189e-02,-4.341373970271301258e-02,6.276192884182349614e-03
-3.831343626161887173e-02,1.254406539584546759e-02,2.590139461329226539e-02
-2.138777411574155005e-02,-4.299812976736613890e-02,-1.456583959911953970e-03
8.959983526765435231e-04,-5.360644297267657885e-03,-4.786549897914324503e-02
3.916681902632890983e-02,-2.729959183494275882e-02,7.320609562689971497e-03
-4.598227943360604086e-02,7.162386506632927204e-03,-1.339731261405890418e-02
3.151549725218118908e-02,1.692479010887907795e-02,3.282905915617925774e-02
-2.412557192314213061e-02,3.760841686822419261e-02,1.931982341017386348e-02
-3.388261530958044249e-02,-2.802273897848311934e-02,-2.118163682660920838e-02
-3.453852585237652921e-03,4.442959242117325985e-02,2.020719072953017573e-02
-1.036549728859940088e-02,-4.579547014881732436e-02,1.420794834936836559e-02
-2.198397297444865464e-02,-1.636458818404726984e-02,4.083787198142126845e-02
-4.046429165883371100e-03,4.080588701881215224e-02,-2.737936852670576349e-02
-1.311719652322996740e-02,4.764921166579944023e-02,-9.581797292740248245e-04
-3.400511454687248775e-02,-1.030947372880993036e-02,-3.454130459172558010e-02
4.807920221351660167e-02,-7.063635090318089345e-03,-1.032199167002885096e-02
1.954823596290881232e-02,-4.188792468840160654e-02,-1.853741480365836414e-02
1.735291611670621709e-02,-4.427327327840402393e-02,1.521333003226357089e-02
-1.850557370849079163e-03,-3.999340519913973518e-02,-3.003538481011541056e-02
-4.465760091231602696e-02,-2.286870027571700353e-02,2.793321357790365346e-04
-4.679188814295593551e-02,5.603804983521805221e-03,-1.757310694523329594e-02
-1.713978639388816227e-02,-2.880225494570470141e-02,-3.766564960048675997e-02
2.430905669871266661e-03,-4.467461008449855747e-02,2.350881570125141345e-02
-4.955252389927830570e-02,5.212778682673929048e-03,9.172002443228657181e-03
-3.418459016726826255e-02,-2.897831936699899608e-02,-2.389109428923816628e-02
4.582750669243418340e-02,1.996500044648958500e-02,-9.629074328794860749e-03
-4.368373010657414929e-02,2.555550833075065711e-02,-6.519283881386622390e-03
-3.270825572522120198e-03,-2.998954060800463478e-02,-4.130569628794458076e-02
4.767893358490479100e-03,-4.539365453148464652e-02,2.335161614864616000e-02
2.097594571999361005e-03,3.617047659007746607e-02,3.644585219337734272e-02
-8.887378780525249933e-03,-1.688843646952669156e-02,4.784550425913944999e-02
2.785610304996781819e-02,-3.296548096842635833e-02,-2.833921173638630914e-02
-1.313583166755359806e-02,-3.609458171624813083e-02,3.468186416504277780e-02
-1.440846684883237763e-02,-3.015980046038358939e-02,3.966601430254327459e-02
-5.079084455408129639e-02,-1.110201662051299963e-02,2.463120095934849649e-04
2.372145998311034690e-02,-4.616849954636059739e-02,4.605155151666854088e-03
-4.172725591977138188e-02,3.119583475226311159e-02,3.677891428623266627e-03
3.206563631806275821e-02,3.489060662317731987e-02,2.224279525687446191e-02
-1.708294919768234277e-02,-1.207521247648310828e-02,4.811547545321805119e-02
-4.019011086114163134e-02,2.187411023397752702e-02,2.591247568161696158e-02
-4.104024290923154183e-02,3.205517823484280854e-02,8.111007822931923933e-03
-2.598072646736232505e-02,-4.047986786542120269e-02,2.182791514435771657e-02
-3.142055017958256258e-02,4.247365362306026321e-02,-3.357092830970459865e-03
4.519394951064621517e-03,-8.880730510274090217e-03,-5.211239474977548414e-02
-7.378263068311686525e-03,-5.253800273719840680e-02,3.575001437669755432e-03
-4.733649403865507893e-02,-2.447492716268753407e-02,4.091131124887545964e-04
-1.440323135405945955e-02,-3.816919095866033035e-02,3.446839144813981098e-02
-2.917613244271706919e-03,1.757783948896403034e-02,5.047177343046355819e-02
5.081447833282163110e-03,-5.182230071131941479e-02,-1.288442159365395939e-02
-5.259174342753621806e-02,3.673807154615672983e-03,1.051116555384026124e-02
-4.813022776224899768e-02,-7.448447171062872602e-03,-2.302981657663278822e-02
-5.752571549433167092e-03,-3.410832991393359520e-02,4.145362474181465973e-02
2.228498718351972635e-02,1.700118635875133566e-02,-4.627872210786751483e-02
3.775889731603353228e-02,3.853283844559897420e-02,-5.420342397072835418e-03
-2.744796451143872995e-03,-4.619772236241156960e-02,-2.847189904117075274e-02
-3.190034341040868388e-02,3.886705779402550853e-02,2.089630715361364549e-02
1.707023361044267273e-02,-3.450803461630149588e-02,3.866867414221980548e-02
-5.232559368032112940e-02,-1.202109604457674702e-02,1.036931324789188563e-02
-3.875985873684194977e-02,-3.133782041779967914e-02,2.276290637096172950e-02
-2.034838335166114232e-02,-4.011912558264983664e-02,-3.148774758907323112e-02
-7.004403421198581413e-03,5.431642714430372221e-02,-5.318980736271363384e-03
8.285193675967965354e-03,-2.535691632054495534e-02,4.825518761309799398e-02
1.985509760708348281e-02,5.077536217359057691e-02,-8.965328559847909190e-03
-3.105860516912148719e-02,-4.509874143523119605e-02,8.171253128787317466e-03
1.237195500440767953e-02,-5.095058155895611229e-02,1.813406391767498002e-02
-4.785896954817107224e-02,-1.809133675034187150e-02,-2.174092543781511871e-02
-2.808518468702096704e-02,3.609322739554692017e-02,3.180447970702011268e-02
9.874534796124753711e-03,1.471694412868557698e-02,-5.292931372158690001e-02
-3.989573313246790043e-02,2.837230718192672654e-02,-2.704696716177094201e-02
2.223259324481506247e-02,4.370469772522434654e-02,2.713669242479858218e-02
-1.472658435024437953e-02,-3.372844468168224169e-02,-4.241352464240564363e-02
2.510987564514614856e-02,1.109828504840173168e-02,4.911530555161344042e-02
-2.187290063367672288e-02,5.056835555770614749e-02,1.195896950884653767e-02
2.970526005497687617e-03,5.176532827673376719e-02,-2.242185005447723187e-02
3.380652713668643589e-02,-4.539580285666745124e-02,-4.129744330285435041e-04
-1.129577460830216012e-02,3.253380581844934893e-02,-4.506008316201421532e-02
-5.025312437632017959e-02,-1.681309459749508184e-02,2.051890614139537106e-02
-2.521557617898416079e-02,4.395901445789955966e-03,5.085829317831291885e-02
2.794199551399243614e-02,-2.279848971812347205e-02,4.420211443909007054e-02
-1.503263401236139100e-02,-1.897991964881397611e-02,-5.177623462037215379e-02
4.341939638587196532e-02,2.948129302046640157e-02,-2.291840323226290027e-02
-3.458866400745437553e-02,-2.538643107006446215e-02,3.809789689575578814e-02
-4.922711554239499188e-02,2.750466744096749516e-02,1.118651461830292952e-02
-1.463907281125875932e-02,-5.377174624503002626e-02,-1.455722772995126334e-02
4.667172467532115093e-02,1.852624456126057695e-02,-2.843961904276778863e-02
-4.453676501819166939e-02,2.995152804628006815e-02,2.150205183196950143e-02
-5.781929935997062037e-02,-3.228981152443548362e-03,1.461050673857231495e-03
-5.153069827311026335e-02,-7.712690217720150412e-03,-2.556200320633549017e-02
-4.608604366830806702e-03,-1.221448342516194725e-02,-5.666187443268527746e-02
-5.578784233330221637e-02,1.668755900489460320e-02,1.713034207747203986e-03
-1.049931014524696331e-02,5.193852709437167536e-02,2.446512947236546137e-02
1.312355458731350767e-02,5.518849170125152831e-02,1.418071168065925675e-02
-3.804005140805451213e-02,-4.415151680610929913e-02,-5.949290402239519777e-03
-4.348168059532714347e-02,-2.621871858940385755e-02,-2.943516893714033522e-02
-1.514710555496566642e-02,3.995967845787372352e-02,4.038578744421263134e-02
-2.100857689217804428e-02,4.114276720157012540e-02,3.654935221168513493e-02
-1.456403735478821460e-02,-1.934292430414884993e-05,5.718877865425261303e-02
3.211174312936139908e-03,-5.760959091614968608e-02,1.289269123067443221e-02
-3.515563486614425859e-02,2.917997748530971880e-02,-3.769274846289071695e-02
4.753660512510965441e-02,-2.758364463158292229e-02,-2.236708320452437254e-02
4.845086414906404210e-02,1.826225215740524474e-02,2.919967230592921542e-02
-3.184614063828535013e-02,-3.088706720237661268e-02,-3.972629687767164491e-02
-5.036761282445283844e-02,-1.937272240567050607e-02,-2.543464525795835485e-02
-1.992485431043591534e-02,3.456201226100649726e-02,-4.450107891251690179e-02
4.649936524609670635e-02,-3.687647029071801363e-02,-7.910550779484857437e-03
7.529164506820931226e-03,5.916064644313114018e-02,6.382783737996867122e-03
1.203999150044825217e-02,5.866899803245304718e-02,-4.813535251383811199e-03
-1.500923008682090477e-02,-5.516037867588980586e-04,-5.828704056449526827e-02
-1.682463303956235889e-02,-5.943735703757424202e-03,5.759641035008850052e-02
-1.250006248011433559e-03,-4.108555761800519734e-02,-4.425996390899454569e-02
-3.462884635999267241e-02,4.615389710178962462e-02,-1.822039158150411120e-02
-4.173246997712655448e-02,-7.826609273998610256e-03,4.325809781674998244e-02
-1.474410597997723171e-02,-9.353386719732236692e-04,5.889529672143377359e-02
3.302391412804891405e-03,-5.400586588475595612e-02,2.778822875517159355e-02
1.964225328814457258e-02,-3.748604550666369967e-02,-4.383507954320344652e-02
1.068065019579319576e-02,-5.405572171956526950e-02,2.625364274984911053e-02
-6.111360499118381751e-02,-1.588381675018484072e-03,-8.805138653464180884e-04
-3.437081061171037843e-02,-5.057672596614911503e-02,-3.411398099338978831e-03
9.437795790807019386e-03,-3.888416766541528263e-02,4.650563407441028058e-02
-1.070619563033960164e-02,3.467634970954967116e-02,4.959421970521899620e-02
-7.887397301312914707e-03,-3.740017917289790300e-02,-4.825466749750153411e-02
2.650943309519067370e-02,4.201019874344460309e-02,3.653400722582434562e-02
-1.857147307541989756e-02,5.717350392159014499e-02,-1.419433811614698691e-02
2.451993138797647909e-02,-4.818840045841147474e-02,-3.007809717232063154e-02
4.528690447266208591e-03,3.522095124325217569e-02,5.079245528872755600e-02
-4.966890664713214526e-02,3.619610197800979257e-02,-8.752253439426645881e-03
2.946654022512147295e-02,5.276907032791314928e-02,-1.462103611594264135e-02
-3.139853938933131333e-02,-1.678379030289820807e-03,-5.376627178344794283e-02
3.771806417771886299e-02,-4.580371354143240870e-02,1.928057909441220977e-02
1.188176279272332159e-02,-5.821329658624782577e-02,1.937238409807317749e-02
-1.236189764848684425e-02,4.255046458684645996e-03,-6.121451051550955147e-02
-5.816178782440166450e-02,2.341124542278429088e-02,-3.841226877758898220e-04
2.814201483656575756e-02,4.494436017120172211e-02,3.364451365688841955e-02
4.460192450504089738e-03,-2.397012037580241450e-02,-5.798586429499853062e-02
-7.333335136754765352e-03,-8.116649487439264385e-03,6.204890094233447145e-02
2.041394743719192675e-02,5.133178350882718760e-02,3.051147847538125332e-02
5.149262082277104857e-02,3.458186382871307474e-02,1.217163041740886367e-02
-1.432748742803936770e-02,5.036865682388923238e-02,-3.558345572795428013e-02
-5.206573963262151744e-02,5.947511172816262980e-03,-3.570950385725614462e-02
-6.119901958132192843e-02,-1.408786234942250790e-02,-9.514241756708688436e-03
1.763009988828975749e-02,-5.583197331866934787e-02,2.488392599862086427e-02
-4.761693960873040338e-02,2.609282380293847028e-02,-3.334615578810171121e-02
2.263344235727112602e-02,4.655090818172927247e-02,3.733436159273345600e-02
2.449322959179503489e-02,-5.904277576042351455e-02,3.019423748321962368e-04
-1.835479960350557341e-02,-3.624772188931556227e-02,-4.947940362605882103e-02
-2.458172223729324091e-02,-1.647300324294389759e-02,-5.688884034535252043e-02
-4.147688022267057711e-02,-4.384495888758358634e-02,2.195921620839011434e-02
-5.469443274667909125e-03,5.488414392239442108e-02,-3.310131525933635022e-02
-4.972518937495085806e-02,4.095825728894956358e-02,-8.217294080348424515e-04
4.717884081955868447e-02,1.928268373640002614e-02,-3.957467236885667955e-02
5.634598733597299958e-02,-3.080580607455067621e-02,7.275163834478012154e-03
-4.341547834665816785e-02,-1.098334994164095434e-02,4.673583978391603749e-02
3.608891433152246891e-02,-5.366552931461984061e-02,-4.512509848446361396e-03
-4.131935178191713243e-02,-3.915743171043986615e-02,-3.122750768385837081e-02
-2.257653899994285437e-02,-2.142898152542140056e-02,-5.709503651064763707e-02
9.738388687974341290e-03,-5.614457095207153747e-02,3.153876823582033723e-02
-2.285013337498873615e-02,2.956483770063898092e-02,-5.346529744229819997e-02
-4.329110744028107083e-02,4.764580333280593605e-02,-1.111356021111680956e-02
-4.647915149292085324e-02,-1.354090311048878822e-02,-4.401247421467899962e-02
-3.525713949364167599e-02,5.521662057401557910e-02,1.356744327458810724e-03
-2.257894352648590324e-03,-4.040988809055062053e-02,5.165990370662237180e-02
-3.203031357831800235e-02,-5.688863607625535557e-02,7.587477045639966222e-03
-3.750607291523696402e-02,3.314521612479365362e-04,-5.409290444403314080e-02
-4.638556329814950974e-02,3.613234001780576965e-02,-2.981150054253975737e-02
-2.313277901306852111e-02,2.124556811420979380e-02,-5.807263142956763796e-02
-1.411610111883025622e-03,-2.245762844496359406e-02,-6.217423883174179322e-02
-1.878591087287205183e-02,-5.586836210980886119e-02,3.018006808033331725e-02
2.704949428900450467e-02,5.450682815049013447e-02,2.637049956725334710e-02
-8.338601076356892336e-03,4.119783652327334289e-02,5.142309998281752170e-02
-4.284332864001066249e-02,-4.770657016296590142e-02,-1.768396621002078437e-02
-3.304371819440150675e-03,5.351359326644013897e-02,-3.953013770722941383e-02
-5.134792590900826709e-02,1.069098921641093575e-02,-4.122399843305608186e-02
1.067061942493107221e-02,-6.571064159162838536e-02,5.625665070570697902e-03
-5.890836475904216718e-02,-2.804442916656619059e-02,-1.482538245343997113e-02
1.060727253473536282e-02,6.324229358046959404e-02,1.942829134787488199e-02
-2.030627191531821779e-03,1.802534112760345586e-02,6.460349275239683775e-02
9.638008847028426557e-03,-6.555630891822344930e-02,1.119009072357849376e-02
1.505989926806147045e-02,-5.901679419140714450e-02,2.861909185291245175e-02
-5.185619980442554870e-04,-6.645468603483425940e-02,-1.120006125204470009e-02
-6.040816077961676939e-02,2.963288395434596212e-02,-5.271280922180640593e-03
-1.857683300931823461e-02,-1.848067087197987138e-02,-6.230181202058245743e-02
3.582508480788162281e-02,3.127194928064383483e-02,4.816525299277953087e-02
-4.739319536669341082e-02,-4.763025221476348964e-02,-8.923282460307277800e-03
-2.386669710842924397e-02,5.605656235240468604e-02,-2.992566603204256312e-02
-4.382533384765772977e-02,-7.158519764955864183e-04,5.195630312581578369e-02
2.589981465409543424e-02,6.245646397241665787e-02,-7.883558907964860127e-03
1.128357208719668429e-02,-5.710937048672195399e-02,3.546965918962406705e-02
-1.147890174758915346e-02,-3.790659141913538949e-02,5.560000749807201409e-02
1.651802347735087731e-02,2.876819357541644112e-02,5.977228446280986179e-02
-6.421063958246008008e-02,2.213023579982685909e-02,8.577572921443827811e-03
-8.631680332838389744e-03,6.565716426530088246e-02,1.772320370699785250e-02
-5.945974244728764041e-02,-1.444711720127403280e-02,-3.112005880362883267e-02
-5.004456790514697634e-02,4.175355453596975991e-02,2.186279113218688938e-02
1.320987997538706528e-02,-2.342359043964181708e-02,6.337033527024316104e-02
1.057217866341881272e-02,-3.572754712591129367e-02,5.799919265262039325e-02
-4.968599723954395669e-02,2.949319157747706463e-02,-3.777251742010585139e-02
-4.308548163241199269e-02,5.217758348124189316e-02,-1.412901659754274043e-02
-6.109555450942204952e-02,2.873452715540526434e-02,-1.527518271288848609e-02
-6.615307775473540375e-02,1.811203256619502849e-02,-1.002911844378635842e-02
9.057176703784908939e-03,6.593244312826311571e-02,-1.972132529315446386e-02
4.394671395039905469e-03,-9.138774045826251330e-03,6.876347341466126917e-02
-4.907205780851650601e-02,4.540381350974096591e-02,-1.936163612690212227e-02
-3.455660546113197701e-02,5.528466482223202277e-02,2.463934266411399801e-02
1.629497353333834650e-02,2.244793502496042134e-02,-6.404235798644797306e-02
-2.902655512184399919e-02,5.932214154646067716e-02,2.285640081293767098e-02
-6.352961055046069117e-02,9.422551617816417313e-03,-2.779376975114528428e-02
6.679416933122904985e-03,5.937816845849617359e-02,3.660778491894864373e-02
-6.324716883447999149e-02,2.974788097558377434e-02,6.212568132959735145e-03
2.820656926733727810e-02,-5.285762620811799289e-02,3.670733266623489588e-02
-3.413723907972407434e-02,4.592094606574024379e-02,-4.094040972521495458e-02
-3.097155836416670346e-02,1.590714679291820033e-02,-6.124675838952762380e-02
-2.505998558232738760e-02,1.155248157534086438e-04,-6.594442424545890469e-02
-6.581005850891621933e-02,2.211152897827653799e-02,1.304019904763590448e-02
-2.863265838692296075e-02,-3.056511872170698807e-02,-5.700110617082260189e-02
-1.244507814451479254e-02,-6.574409757323924908e-02,2.322221236100341021e-02
-6.589837542864961095e-02,-1.447608022909788357e-02,2.185279794915049451e-02
-1.058154337364974190e-02,4.991965535170091867e-02,-4.938643756308727650e-02
-3.807284197506945883e-02,5.723208461783316908e-02,-1.819826912528467455e-02
-5.918292348256950358e-02,-3.492936578777845053e-02,1.862319709805750761e-02
-6.668395955856569468e-02,2.161637567317640715e-02,1.299080938509112985e-02
-1.935782782295422319e-02,3.479237911103211581e-03,-6.862382628076960089e-02
4.225113609822893357e-02,-5.375009726155002832e-02,-2.085938976189113947e-02
-1.581008772380459136e-03,3.784898884443478606e-02,-6.072552568179769017e-02
-5.743720996153480612e-02,1.887375343911359624e-02,3.847956995401340813e-02
-6.217926936839863333e-02,3.145202289009001867e-02,1.713871253680731080e-02
-3.573371529583132394e-02,-4.213961183422589019e-02,4.593347009858819024e-02
-2.511383635043239193e-02,3.328818825109286506e-02,5.862616579512230225e-02
-1.010964938838900765e-03,-7.200087517713602003e-02,-1.999445744009276365e-03
-1.091153323497132469e-02,1.701530040989027159e-02,-6.923783954351528380e-02
-4.200898907595649462e-02,5.186093047688578733e-02,2.759472050822517342e-02
-3.865635574253499518e-02,-5.874906533286708421e-02,-1.683259754373884684e-02
-5.032247722662021999e-02,4.772916665006666365e-02,2.078472780257136984e-02
-6.546120899848900665e-02,-1.709270498342895742e-03,-3.110739988521940211e-02
-4.388177661358196036e-02,-2.530393636854317424e-02,-5.199228343943105429e-02
-2.398537911016786900e-02,-6.791146430790864774e-02,9.755622362765536612e-03
-4.035806429809651180e-02,-5.187191411606437152e-02,-3.124600038507275787e-02
-4.181617841365087990e-02,-3.825540272512412479e-03,-5.954747831547354403e-02
-6.840233214998279847e-03,-1.446942753357540303e-03,7.261955286756138772e-02
-2.006566273799770261e-02,-7.017051261024964681e-02,3.050714108143880512e-03
-1.918231896429736794e-02,1.610318178688089838e-02,6.871626491933550962e-02
5.570543032842690395e-02,4.237898303186263260e-02,2.152884315485237635e-02
-7.426881645630890958e-04,6.324767267313061159e-02,-3.708252412750307619e-02
-6.932747449511360294e-02,2.317830601887260755e-02,-6.765646090066574150e-03
-1.086723676739831217e-02,6.583509047053287544e-02,-3.082738097564179103e-02
-1.300672545662944412e-03,4.870736465659802200e-02,5.515401995861366619e-02
-6.122670121851048544e-03,1.315900702422098320e-02,7.224129185359096095e-02
2.727231155708710955e-02,-6.284670839818504162e-02,2.737431106681634599e-02
1.452758338232473280e-02,6.660111801613956273e-02,2.845127241943046573e-02
-5.370267547739863978e-02,4.150627741711360869e-02,-2.937488595061459734e-02
-3.514426939607819683e-02,5.654186316684744334e-02,3.241809391566707194e-02
-3.149967788342757091e-02,3.588685810227039419e-02,-5.671282751327223759e-02
-6.512296675197887241e-02,-5.949226587599769356e-03,-3.512060882618088520e-02
-1.215465095603910847e-03,-4.474627657082883014e-03,-7.417389185913615679e-02
-4.435072966988196953e-03,-4.952949416866789245e-02,-5.535199718042875527e-02
-7.353517745538594441e-02,8.799400047488218843e-03,-8.078071340304545864e-03
1.966913352742399521e-02,4.805862045355367707e-02,5.354463799663469054e-02
-5.935197530434834640e-02,1.112884019056388854e-02,-4.393696286286485203e-02
-4.329334673542233058e-02,-5.730422126204008648e-02,-2.079211496346778515e-02
-5.767869559443376121e-02,4.187825621847506008e-02,2.287398543723182659e-02
-4.036535568776403876e-02,-6.314949417983865831e-02,2.494005298655717112e-04
-3.592648548820276400e-02,6.510035895462061573e-02,-1.009757621659869778e-02
-3.430024847085735851e-02,6.621630652310948884e-02,9.114565138579514003e-03
4.409623715425736550e-03,2.544728428041939661e-02,7.064437704607610946e-02
3.536497233129778602e-04,-5.671885408145020679e-02,4.953728943769853538e-02
-7.366657786450592216e-02,-1.596208754202233307e-02,1.734064587847902522e-03
-1.404632209986534687e-02,4.395747503941715290e-02,5.973666456266642916e-02
-4.122218954273278863e-02,-1.460581716546737602e-02,6.163522429011502463e-02
1.041151555521927126e-02,2.762968552605531841e-02,-6.966474569416634954e-02
2.856110365341005958e-02,6.946434148927349561e-02,-9.870392688160209774e-03
6.638948553477211356e-02,3.247562345527983674e-02,-1.702086694560871541e-02
-4.209206398540958627e-02,4.090408363860039559e-02,-4.817200490990278250e-02
3.218704133394523909e-02,-6.839981212150197942e-02,-8.023746116642558462e-03
-4.082638030541316937e-02,1.344047258108093008e-02,6.280905080883736336e-02
-3.661627459926815320e-02,4.063644542206380772e-02,5.304568347378958021e-02
-1.188099823202768898e-02,-1.826183154108171336e-02,-7.310792490978412772e-02
-6.136129848174154411e-02,-4.520556607490898438e-02,4.917091886549420851e-03
-2.235046341744971118e-02,-6.405995326019252312e-02,3.525934218467881298e-02
-3.094167642450949829e-02,6.295396609870271276e-02,3.064913855589205399e-02
3.757592960013718397e-02,-9.327478675389846638e-03,-6.614020514515296656e-02
-3.414407930466205332e-02,-4.550702106657011220e-02,-5.148103375666138876e-02
-1.320232107388510413e-02,3.365297606369543719e-03,7.559699911165250474e-02
-3.428284242413109917e-02,6.384289890484932950e-02,2.574561136842231854e-02
-5.960693869256288024e-02,-3.797086782378236713e-02,-3.054223645787055089e-02
-4.240657733519451189e-02,6.270730637878105251e-02,-1.451270251707577515e-02
-5.241753227306491375e-02,5.048949859438754684e-02,2.564956900378459470e-02
-5.515593580344449465e-02,4.323705387815977158e-02,3.250563278336885548e-02
-5.262683282033028126e-02,5.263780425730977403e-02,-2.101112509124237679e-02
5.233531106107755515e-02,-1.360126846815888461e-02,-5.541991376659810564e-02
-6.178067657163487797e-02,1.130037506635454478e-03,-4.680575027251174247e-02
3.658290634220652537e-02,6.569155016440689221e-02,-1.920372763734324098e-02
-2.353230123691472594e-02,-4.297076729128201933e-02,6.029746991297538911e-02
5.705600144802898399e-02,-2.575915543949245864e-02,4.615941964452836832e-02
5.379411618591218441e-02,-4.732684480495227830e-02,-3.048858140588907306e-02
-6.728433232241740058e-02,-3.885805698876838160e-02,-6.296158410826646623e-03
-6.531057724597455483e-02,-4.819518921190979357e-05,-4.271864542994249780e-02
5.046652923979486234e-03,1.581198794751949646e-02,7.634433249248948061e-02
-2.817365623955358361e-02,6.616021800300764255e-02,3.076700218561327291e-02
-5.476931974829921113e-02,-4.805573699892366074e-02,2.867233031694218365e-02
-7.234224181028628409e-02,4.892416585060650226e-03,2.978926028473888321e-02
4.892341435580203207e-02,6.089581404455222946e-02,7.519304733517247902e-03
-1.480404104871055511e-02,-7.622338025607828561e-03,7.677688233685392438e-02
-4.488362922889662342e-04,-4.798282114331442819e-03,-7.850055384050712293e-02
2.999247338405669830e-02,4.839357855290975924e-02,-5.438466795012118077e-02
2.065309374842372661e-02,3.333153396343373903e-02,6.837586153323158000e-02
2.744904895346817354e-03,-6.962398690883403463e-02,3.703228890401535217e-02
-5.176908251210347173e-02,-1.890290318040987322e-02,5.659235921164904731e-02
-3.979261295606664056e-02,-4.093335184326595683e-03,-6.821640561048512852e-02
-6.070378941006206175e-02,6.061317901964914309e-03,-5.045426441211865731e-02
-6.916755632976361035e-02,-2.907267709006239320e-02,-2.552629226064297152e-02
-3.107580886254483060e-02,-2.847704507001167992e-02,-6.721576553788068120e-02
-3.342173774953251936e-02,-6.326924879760946474e-02,-3.447094123886863121e-02
5.570791085334490106e-02,2.255590098618911240e-03,-5.668729138214020219e-02
4.758672261596863344e-03,4.282747885824719769e-02,6.692329048518418089e-02
2.451053313136226236e-02,-6.209488872746422861e-02,4.350498110654844180e-02
7.126099412423826662e-02,-3.582038850378256589e-02,1.288488350669289356e-03
2.981245642624006514e-02,3.591015990285069404e-02,-6.479379456416560490e-02
2.022926309896566285e-02,5.048533340036115424e-02,5.858530127239265639e-02
-4.872447447145468458e-02,6.347861438682242397e-02,5.448255267666015592e-04
-5.651371696268902428e-02,-2.724716796984627890e-02,4.981342734139311557e-02
-7.194875855669186082e-02,2.804749842902593340e-02,-2.163293729551558561e-02
-1.403609807172399686e-02,-7.566822560611824455e-02,-2.285313011064899272e-02
-5.573412094808016803e-02,-1.893861719451126651e-03,-5.786856516769108005e-02
-3.132909802912616642e-02,-3.687961224769874258e-02,6.427073381448929201e-02
-1.728779033220721045e-02,6.153875584489120615e-02,4.899141395793631809e-02
-2.215085838585362926e-02,-6.776152813946392794e-02,3.764921567889854825e-02
5.604771801728017366e-02,3.242784685258562338e-02,4.817202802880547752e-02
-6.281172575879025166e-02,-4.041191513652399314e-02,-3.080148852090092843e-02
-7.159107953298442240e-02,2.507902587095823393e-02,2.804715435618738636e-02
1.111719557313508785e-02,7.924275444784995015e-02,1.231243745030395978e-02
-2.487595396681433271e-02,-7.330846237780271057e-02,-2.398712258757072432e-02
4.467916733595502649e-02,6.767711106615183214e-02,-2.373496349698812988e-03
-4.299898115592470232e-02,6.393743143794687611e-02,-2.566857767362805409e-02
-6.185359344752865834e-02,-2.554141369922017721e-02,4.616586746112085610e-02
-7.704354520949681373e-02,2.147586296381401652e-02,1.504448494781022820e-02
-6.523076973536706680e-02,3.179486324739243253e-02,3.702746929280798655e-02
-5.287454909202650433e-02,6.298513528938388256e-03,6.176857899574087624e-02
-7.034228728363191296e-02,1.069185535892269896e-02,4.002679000593627190e-02
-5.845901272169144042e-02,-4.002279145128223581e-02,-4.073047517481952901e-02
-1.349192046996960243e-02,4.399094633650210413e-04,8.068323243713665383e-02
-8.186955667122175484e-02,-1.766300048751735016e-03,1.668345841373718370e-04
-7.027453873460239031e-02,3.423534708538673171e-02,2.467727528246670826e-02
-5.664617030774293099e-02,4.684339208593463894e-02,-3.647211755844478875e-02
-8.212770740242342216e-02,8.571600954729150955e-04,1.177525797773428494e-03
2.910062565561900502e-02,-7.506102855168056420e-02,-1.672885455239832286e-02
-1.615765278572334901e-02,-9.768936317678009965e-04,8.070078600079265418e-02
-4.381723433751597008e-02,-1.923714426422573273e-02,-6.707017345962093535e-02
2.270671130734525783e-02,-7.926666565630982597e-02,-1.848340822451085066e-03
1.510983246828207470e-02,-4.655729092032104277e-02,6.648398461983089092e-02
2.612355775212840334e-02,7.751848754451139134e-02,-1.175794620357444031e-02
-5.774080928082205716e-02,1.974141430679376627e-02,-5.585589978984549508e-02
-5.007909744181730793e-02,-6.549941540671659623e-02,-7.702047885121715565e-03
3.119056915943865457e-02,-7.656125898878510250e-02,-6.061477127939635459e-03
-7.792998389090201317e-02,-2.190494041024841805e-03,2.841040182457681487e-02
-4.393987274161625239e-02,-7.045352590386994018e-02,-2.106236468187450660e-03
-4.379779201275688788e-02,3.104527627575191448e-02,-6.348710752116085154e-02
-1.443444171834271789e-02,3.990995466833021504e-02,-7.159144057001723405e-02
-7.272111287373451971e-02,-7.675484519997410361e-03,-3.991299195847426012e-02
7.603202259388613937e-02,-2.207338289989075122e-02,-2.619254226948169659e-02
-5.659868070755628977e-02,5.176074265611600028e-02,-3.294543868240162876e-02
5.016147490650105234e-02,4.735065753790121401e-02,4.715472341240990739e-02
3.471465705287540143e-02,7.559293912818790262e-02,-8.733252085868423858e-03
-7.551342614403240561e-02,-3.356564636877563956e-02,1.343825620282627226e-02
1.373375632975001870e-02,3.819603699604300073e-02,7.331994381375261938e-02
-6.277826882035565659e-02,5.232911891481598077e-02,1.891492321462058188e-02
-9.257030108299287366e-03,-4.151561322931033443e-02,7.240056510302722570e-02
-6.689354348192270983e-02,1.711732416839865586e-02,4.792905266584602392e-02
-3.634684070624763508e-02,4.736141822897448755e-02,5.928416845013165931e-02
-1.222208093308826959e-02,-5.790877416168412062e-02,-5.991555922292193109e-02
-5.430835715770971489e-02,-1.652456549268262187e-02,6.232250014901483809e-02
-6.198236127546545571e-02,-5.714967864965535271e-02,3.540049635516681788e-03
-5.013397004526119749e-02,-6.255460461019614338e-02,-2.660486776026344674e-02
-3.665019825911847162e-02,7.453791185100396011e-02,1.578162974199404447e-02
-7.185352227153905813e-02,4.227006584085852420e-02,-1.457392176948406511e-02
-5.452211646714977961e-02,-3.237597340996347522e-02,-5.617040446497887501e-02
-5.175912156222236930e-03,6.757560820062784301e-02,5.095706828301834607e-02
7.123487983101557675e-02,-1.754732290645094617e-02,4.267856571283558387e-02
-1.536482655585411083e-02,-7.518047702247175612e-02,-3.646228704273526272e-02
2.415996134760483097e-02,-8.004895154657282186e-02,1.549355161654963030e-02
-6.488807300005439149e-02,4.287740969166477234e-02,3.459142486339995826e-02
3.705572257501710265e-02,-6.819476167649306253e-02,-3.515343609328745733e-02
9.304015478803592809e-03,2.080428105677690695e-02,8.218243621085154216e-02
-8.464269100204310781e-02,9.284210563529449872e-03,-6.056206300195894794e-03
1.277684631302034024e-02,6.313810041208725576e-02,5.613839121919433212e-02
-1.499023149568755493e-02,1.416290616704674564e-02,8.300495236139047994e-02
5.708683348515602302e-02,4.042244761720452384e-02,4.935758265604843487e-02
-8.496264036323135371e-03,-5.391878750234011669e-02,-6.605730646957404251e-02
-7.682130718490365329e-02,-1.975334443609877769e-02,3.263777295308899207e-02
-1.195397972303957612e-02,8.467140025530037195e-02,7.663856017989282080e-03
-8.285956228088321718e-02,2.278346078528224739e-02,-1.863940240101160978e-04
1.805669652726440283e-02,8.138579829811741495e-02,-2.119172015351453858e-02
8.269432961271511173e-02,-6.815333538314263633e-03,2.297690356182949603e-02
-1.172444491418338577e-02,6.957966564991285852e-02,-4.947633072490398992e-02
-8.407260860457543838e-02,-4.028005236791665569e-03,-1.887421900608229550e-02
-6.795030913055927213e-02,4.422429394516798340e-02,-2.969175676699857894e-02
-2.924313956998939729e-02,4.551317356962555211e-02,-6.739432790050668698e-02
-1.188575968890292697e-02,2.449252713595507017e-02,8.210619230644679301e-02
-9.318184515290144293e-04,5.326991934362580727e-02,6.824960681166515608e-02
1.894230869003639753e-02,5.068203383116366700e-02,6.769834435677835049e-02
6.387363226727890697e-02,-5.053314066678609578e-02,-2.985118538109571978e-02
-8.038066642742429380e-02,-2.275795416691160991e-02,-2.365476743380801050e-02
7.544154373164793301e-03,4.442202478017440170e-02,-7.431209867100510569e-02
-4.554213981282410895e-02,3.266252169639182606e-02,6.652511360916019134e-02
-6.455951047296372425e-02,-4.629098628699825080e-02,3.563332248648661688e-02
5.101261014471795280e-02,3.067487961055899090e-02,6.364975399778535770e-02
6.982806951424713748e-02,4.467836833334502128e-02,-2.713705769346292512e-02
-5.543381232851698343e-02,-6.291849275474868664e-02,2.430853938550280036e-02
1.972011207535388777e-02,-4.669995403116796590e-02,-7.118144964340536451e-02
-6.730480108770205139e-02,5.440034408534644150e-02,-1.269859542330996870e-02
-5.718163653595574603e-02,-4.364136540895847960e-02,4.990295279405523171e-02
9.591334849356883407e-03,-8.151062173157866408e-02,-3.070287269106523886e-02
-7.364097665593107023e-02,4.729806163298795607e-02,-5.707317546172733722e-03
-2.071702758728955276e-02,5.066520228481415783e-03,8.515776490617969763e-02
-2.714136473629870372e-02,-3.695488402570731856e-02,-7.495620261932882389e-02
4.751269057074954810e-02,-4.418831547668183868e-02,-5.936943910499038746e-02
-3.278174561028405348e-02,3.473248872424400391e-02,-7.394492474609971888e-02
-2.874976664142140162e-02,5.621661353642901440e-03,8.309476346929670076e-02
-3.248161813710461615e-02,5.656964789988422337e-02,-5.934446885579421072e-02
-1.024800068854332495e-02,8.350806428133110415e-02,-2.669056461804621486e-02
8.489805264282695996e-02,2.110683114400945318e-02,-1.232432355226730988e-02
-2.308725158002841466e-03,7.519218851338584086e-02,4.647512545138415135e-02
-1.330355917522103686e-02,2.173474991236020587e-02,-8.475740674050862011e-02
3.184533525292814696e-03,7.535655050524932286e-02,-4.645992249877677754e-02
-5.081753305699042433e-02,-5.264433922176467440e-02,-5.007498901945921926e-02
-8.321123588930817716e-02,3.024835297224035685e-02,6.029962814965221865e-03
-2.041323022656908737e-02,-4.391591787418943488e-02,-7.445944963990006049e-02
-2.173525680364506510e-02,-8.404172035784894523e-02,1.918784939140489795e-02
5.452922642168488848e-02,-4.387106969521752109e-02,-5.495080125468573135e-02
-4.729856946759270625e-02,-4.075352354773390667e-02,6.351211450567126326e-02
-7.285573586814483860e-02,-5.128693544708003149e-02,-2.754062633040594600e-03
-7.842956925201753637e-02,-3.279397474879258700e-02,-2.708050165165572579e-02
7.036946990547192360e-02,-5.493023059781361461e-02,2.215797650581610104e-03
-4.322111727417761451e-02,4.668683682301178611e-02,-6.277329797090219765e-02
3.165674604995714382e-03,-7.039285581590984386e-02,5.511035382343207334e-02
-6.954317077537333636e-02,5.276716225345191857e-02,-1.989516877468294059e-02
-6.424362219117636663e-02,3.837928489446998381e-02,4.929860794213584280e-02
-1.531711077622567238e-02,-6.277790232006418003e-02,-6.220137860299407295e-02
1.927254546053332749e-03,-7.414584391107963829e-03,-8.944343926570422210e-02
-4.696223474174143764e-02,-7.167789059105648952e-02,-2.701444285935581877e-02
-1.428203945325150909e-02,8.818845835978525449e-02,1.029110225745335713e-02
1.553949890500974998e-02,2.052500501940281163e-02,-8.624660079374056598e-02
5.745124376428447505e-02,2.168966564674786740e-02,-6.591118365767939524e-02
-7.446242687038165387e-02,3.845824291117515281e-02,-3.325400925924282269e-02
7.332730095672095050e-02,-3.719447987043074388e-02,-3.719337520029572519e-02
-7.903591000874612971e-02,2.392061446694798352e-02,3.659170853077023389e-02
-1.469679731967865870e-03,8.572343332757194345e-02,2.865859246724417747e-02
-3.187214129292073594e-02,7.531482164366871956e-02,-3.870385372071984131e-02
-7.094667856216350932e-02,5.585252151314593766e-02,-6.882894626656870136e-03
-2.766292450327268587e-02,1.551263544549112174e-02,-8.490347043101170721e-02
6.049799514862374758e-03,-8.700747412149498206e-02,2.493493599511515529e-02
-7.320955185713325097e-02,1.110810186083341367e-02,-5.253379593177068263e-02
-4.798572625792949659e-02,-3.804705712828053421e-02,-6.713270017445910343e-02
-1.532776999907803014e-02,8.556732588469791179e-02,2.672983385144827792e-02
-4.316060456203365397e-02,-5.695347930366879280e-02,5.638123094707457594e-02
5.760759202169965509e-02,4.083623159335322134e-02,5.756159967702702274e-02
-3.698880717126531992e-02,7.056538026269709718e-02,-4.434096035009150311e-02
-1.654485054867437660e-02,2.407173927984607165e-02,8.645682910980277691e-02
-2.761361660106187096e-02,8.697755222841786760e-02,3.815663436738008125e-03
-4.827952056880210202e-02,7.148785689648576303e-02,-3.024808079851058068e-02
2.086270316399524427e-02,6.581601119122783283e-02,6.002983662955901911e-02
6.220885096471606701e-02,-5.526543486250043435e-02,-3.821760243213481040e-02
1.430678232615934485e-02,-7.681903194731136419e-02,-4.788698721584599277e-02
3.542438733721686717e-02,-8.200146888118065025e-02,-2.083513542788262979e-02
3.194042312257274960e-03,3.254023280526757017e-02,-8.578103967313416289e-02
-8.055969208146399052e-02,9.755000016496770746e-03,-4.308896481457265976e-02
-1.710522689476005713e-03,8.951712983046143657e-02,-2.096835213438339243e-02
5.902049102960872651e-02,-3.507175752152412451e-02,-6.129194724026806179e-02
-7.047669244279812506e-02,-5.118870426062300388e-02,-2.995229216802431510e-02
-3.370766053000958089e-03,-4.475146253847101657e-02,-8.052685667801180724e-02
-7.490816906830048694e-02,-5.343172228395808021e-02,6.833226344985045275e-03
-2.799172642931381169e-02,3.858105738377495559e-03,-8.791304415832067176e-02
-3.823433099394482615e-02,7.547176977457625835e-02,-3.719577945403571700e-02
-8.131368274275604935e-02,-3.834617026854746091e-02,-2.175525377780248779e-02
-1.568911349548475151e-02,-8.140652104660019150e-02,-4.119132543443475986e-02
-2.791173658023059917e-02,7.726919289436363913e-02,-4.283183486813976065e-02
-5.839397233790642738e-02,6.040794761918511641e-02,3.923582538391364588e-02
-8.275768909313277466e-02,4.159812485883998545e-02,5.784316125408604792e-03
3.660573487153320760e-02,-5.421592322384075763e-02,-6.593653092727777554e-02
-8.195703804949891480e-02,-3.279266503766634783e-02,2.913650155809246328e-02
4.100705099986379221e-02,-4.526473925108447788e-02,7.017875606639070729e-02
2.023726716044977128e-02,-7.758201822653758295e-02,4.734238700829256075e-02
-2.160716801773438292e-02,-5.145109680921220591e-02,7.463258595805412343e-02
2.281093476503146672e-02,8.521568479045044109e-02,3.027125290646334038e-02
-7.764793833450329974e-02,2.621365827444999130e-02,-4.468040942747408817e-02
2.823032704516855590e-02,-8.427588401081186065e-02,2.876839548272704800e-02
5.266937863260299363e-02,7.688182206652620365e-02,-7.511525559200087944e-03
-2.106019310277051915e-02,8.621708263972566177e-02,2.964272224126171182e-02
1.858366336287027923e-02,-8.259643111014554340e-02,4.002993239500939049e-02
2.130912479994277048e-02,8.948241997966630001e-02,-1.797361346648860755e-02
-4.828935232423703372e-02,2.650298497781290730e-02,-7.592286381477977852e-02
2.339442926133845913e-02,-8.940415507946854190e-02,1.650669088516487984e-02
9.372396467804609138e-03,-5.354193687529938683e-02,-7.663300654331989259e-02
1.152047574921223443e-02,-9.311136509085234103e-02,6.251361864178555522e-03
-1.056364075293501556e-02,5.935335754737968567e-02,-7.225958471616476808e-02
4.501852801031245438e-02,7.439571663914071320e-02,3.617740519582104269e-02
-8.944048388337877409e-02,2.781532347763809171e-02,1.054717360941499239e-02
-8.096126598217225079e-02,-4.761612222579893888e-02,8.766803887718695523e-03
3.068853931262578022e-02,8.887573704140004638e-02,-8.517154823313610734e-03
-9.316804854619029075e-02,1.233093276428343446e-02,9.759011530773914131e-03
5.263785393317964127e-03,-8.465468178573585037e-03,9.403487389039844047e-02
-8.316570197034246770e-02,3.484295220584099351e-02,2.873536800804224467e-02
1.193738803441187109e-02,-8.060942331204945521e-02,4.827284790860569136e-02
4.034642057239164886e-02,8.176566252166264648e-02,2.591438979457577965e-02
-1.949132431404644594e-02,6.171847755189068668e-02,-6.935632016522111365e-02
-5.730270056438747234e-02,-5.080364992507183097e-02,5.611722172283267057e-02
-3.989445181523206679e-02,7.536932876865722053e-03,8.590550453587125768e-02
4.581200564041917889e-03,8.032186797233817344e-02,-5.069435642000058584e-02
-8.270369945580229032e-02,-4.319767410177636352e-02,-1.873363225744164098e-02
8.413625228235938058e-02,4.463192714824444629e-02,-5.984631689165115622e-04
-7.908218574241440701e-02,-3.686186116179353267e-02,-3.837807984294114988e-02
-1.228344600343742911e-02,-8.144794297980897935e-02,4.811868959313884281e-02
-3.105871357550562747e-02,8.931027970847874031e-02,-1.317142488112228726e-02
9.324018887589710647e-02,2.082587379511924644e-02,1.186031889247747637e-03
-5.923772259643547700e-02,7.187918293195473540e-02,-2.162257725573690781e-02
-5.567621136437326396e-02,-1.590994712363332647e-02,-7.618858538195490138e-02
4.753925849787504765e-02,-8.257566456826333223e-02,9.662165299473552196e-03
-1.544716924423212949e-02,1.502537184351985210e-02,-9.339227131145584615e-02
1.770659292526532286e-02,-9.302417282694014355e-02,-1.529352077592382314e-02
-4.049274990296077015e-02,-8.671862078690589781e-02,7.453287794974990631e-03
-5.193604935099011694e-02,1.434243667265240087e-02,7.954055525741374200e-02
-7.383148584372042477e-04,5.061208799645196960e-02,8.174386115067230896e-02
3.631392491462284711e-02,-6.787854589314382125e-02,5.772713046684358612e-02
-6.858335492864250926e-02,-2.717856250733998585e-02,6.189268765308309633e-02
-4.799277720937249886e-02,-3.366911217623670596e-03,8.350360648172602818e-02
-7.115013157557886769e-02,-9.352866764809206895e-03,6.443695774985537528e-02
-8.977351148360476762e-02,-8.621752545834865259e-04,3.544514941062130997e-02
2.866588018899886292e-02,-6.490679676642048535e-02,-6.554548286807042323e-02
-5.071031661474743185e-02,2.317445906701783714e-02,-7.897276071217994298e-02
-5.320192786757402953e-02,8.039084445487228170e-02,8.161705080876647395e-03
7.992597178969639005e-02,3.243322452594502026e-02,4.397876440636604156e-02
-7.941112634375174784e-02,1.923010439490133519e-02,5.208404189862422817e-02
4.377093248229951133e-02,5.626854699885062983e-02,-6.573503932380449222e-02
-8.606031069555689084e-02,-3.870787197658623335e-02,-2.264803259304614888e-02
7.783731861930003049e-02,-1.495763601749183769e-02,5.612224475695638815e-02
-1.538941268742796339e-02,-2.576712823438546181e-03,-9.593273687910974790e-02
-7.508682067113667258e-02,-5.805877707786462338e-02,-2.126484211005348970e-02
-9.165320276288148327e-02,-2.678039590895449351e-02,-1.892173726993642835e-02
-6.766794383440946636e-02,4.080822483818555106e-03,-6.996010620773578104e-02
3.298275259030934714e-02,-2.952585812129616960e-02,-8.686123460776946914e-02
8.340264886692866711e-03,-1.773832195553929486e-02,-9.557615043770570362e-02
4.243155068625088788e-02,-4.558550182354630109e-02,-7.519995785152540357e-02
2.763477315182164733e-04,-1.054573191115164808e-02,9.714279200966779992e-02
-9.345854634130541794e-02,2.082854354236410993e-02,1.985420789553535292e-02
-4.894022048671844982e-02,-4.513794058664536563e-02,7.172481315163944937e-02
-3.141892481693268208e-02,3.224360610711562991e-02,8.697552963448988705e-02
4.343878135095161075e-02,4.686415742908588838e-02,7.431609481344868262e-02
-6.246617524375486230e-02,-3.902164766456281408e-02,-6.477551408471955707e-02
-7.187771475694855472e-02,4.471886300838135569e-02,4.968823805349129041e-02
4.471143495891219052e-03,5.342462933584717424e-03,9.798519267966872281e-02
-1.946729343432394843e-02,3.765213464380039871e-02,-8.869894954880395976e-02
-9.570854982984453030e-02,1.653383486349660871e-03,-2.271203818771198868e-02
4.469101740631969966e-02,-5.676371820419288255e-02,-6.688668409251970204e-02
-1.945091035231287513e-02,-8.425062701299348977e-02,-4.723633642046708159e-02
-4.574733620956418501e-02,2.981021371953772314e-02,8.210271155251321062e-02
-2.345111326727949627e-02,-4.686324850316893331e-02,-8.361071938544140103e-02
2.473448222043566637e-04,-9.572523795175945371e-02,2.424955634814385946e-02
-8.909186911650114615e-02,-1.499141118929902400e-02,-4.004841831364633342e-02
6.311587212123481727e-02,-2.851927661479958243e-02,7.059444650817231492e-02
-3.960560339707156624e-02,3.046693844106890953e-02,-8.542987154351920631e-02
-9.405317146779113013e-02,-3.025112159816925952e-02,-6.966940913065794438e-03
-2.132353976378656077e-02,-8.876853687647184854e-02,3.859651119016714593e-02
-2.143790291978184270e-02,-7.680547254529956902e-02,5.899276318978276257e-02
-4.132052081114501868e-02,2.109587383816947936e-02,-8.775514832720379688e-02
-6.498459598246725255e-02,2.202716028309004148e-02,-7.183156495220903437e-02
4.411289946681833107e-02,-8.708724917075673366e-02,-1.877269064090297812e-02
4.313220526977523672e-02,5.242972791482083256e-02,-7.271777315795777130e-02
-6.373526547945931875e-02,-7.629382170043387534e-02,5.366346478486931637e-03
-5.176197356522470316e-02,7.656762403008714191e-02,3.720779128801467162e-02
3.826737142033998645e-02,8.439680451419678819e-02,3.679277943267592055e-02
-7.855250181014886146e-02,-2.098329899627159999e-03,-6.148677438568749681e-02
-8.913287696972632679e-02,-2.185511562723535528e-02,-3.934222597755145101e-02
2.041929613476875516e-02,-6.570630361381375739e-02,-7.246011884934067115e-02
-8.272886891054058445e-02,1.028117847238854340e-02,5.522297858453057567e-02
-4.460438909194646383e-03,5.819895480323772352e-02,-8.128313037791676243e-02
-9.479875885398360291e-02,-2.012214968971540174e-02,-2.523637261266493612e-02
-2.374752368954391110e-02,-7.630808835458165185e-02,6.046761501021271495e-02
5.423757088572609547e-02,6.776446358067070297e-02,-5.024032448020804287e-02
-8.737897886231144051e-02,4.407031669763922244e-02,-2.225258621643595724e-02
-6.215858932075904453e-02,-6.787435113304404743e-02,4.020535685685933808e-02
-1.696468752018902640e-02,8.189402574994807116e-03,-9.872617263694512257e-02
-6.950725087860701312e-02,-1.641106853977454191e-02,-7.082219267050229861e-02
-3.696307908743692167e-02,-8.138212072039789635e-02,4.627837298014485234e-02
-7.068464853840671080e-02,-2.318261534238348978e-02,6.791096640201006729e-02
-8.303130131737418429e-02,5.223086183094894502e-02,-2.319575161945076208e-02
-6.368168701081153293e-02,6.356296933879740374e-02,4.559986033557294344e-02
8.352471930395602429e-02,5.351901047610526513e-02,-1.868018829013631463e-02
1.648596206715307461e-02,-8.876822940455508792e-02,4.530659536657215963e-02
2.040374080034153097e-03,-3.707865369557368507e-02,9.402098851571596971e-02
4.838943676133106164e-02,-7.854239744109799137e-02,4.151092996778315419e-02
-9.440317098732813050e-02,2.510328750665529948e-02,2.657329122691458670e-02
-4.830975493586497915e-02,3.163802228001365291e-02,-8.323551721784110125e-02
3.863736009887571571e-02,7.071577288071537182e-02,6.151470659443224881e-02
-6.022851893761876213e-02,-7.886262481130756896e-02,2.110730693161481583e-02
-4.296513788529162520e-02,-7.093396498295132663e-03,-9.170971400710165033e-02
8.424142662578576468e-02,-5.432189002371030223e-02,-1.655877541951013276e-02
-4.732445533415429589e-02,9.869515379624538981e-03,8.943913189907111427e-02
-2.699811948068295275e-02,-7.918724665022149056e-02,5.789253349547487243e-02
3.989368044326991464e-02,-8.938505245356603846e-02,-2.801015688326643355e-02
-6.656001201650198207e-02,7.663797275652249608e-02,-8.766393734793428288e-03
-4.675692683545026179e-02,6.399073976675340170e-02,-6.414159586411923020e-02
-7.322274306664526555e-02,1.925321238436025414e-02,-6.839314109697972044e-02
-9.271293974882455213e-02,3.400216425112877194e-02,2.593749308073579549e-02
-1.166240277015197224e-02,1.014283682609978532e-01,-3.947074827618430454e-03
-3.502511198351714039e-02,-9.266734951495074479e-02,-2.529877112136522457e-02
3.567349380432834061e-02,-8.613724794088596648e-02,4.214881305274068707e-02
6.856717170748591328e-02,2.710983929735352391e-02,7.104273977679771701e-02
4.421598914694418515e-05,-4.129516306385482005e-02,9.377050731276632967e-02
-1.020475184190733769e-01,7.386918790184163891e-03,-6.683641318318135453e-03
-6.580206906481464446e-02,6.183939193169336185e-02,-4.872008050324061479e-02
6.849893858488892429e-02,6.946631649707132872e-02,3.201148779398388378e-02
2.383827479835567628e-02,7.604550231954877726e-02,-6.485344655203562070e-02
-4.952849290266168880e-02,7.430421982032001105e-02,-5.096772258925093280e-02
8.134822016028604719e-02,-5.681724857105419080e-02,-2.721975044770806942e-02
-6.705342618789322806e-02,7.248275259450923103e-02,-2.918028592800014226e-02
-9.453142530419499090e-02,7.010526315344188693e-03,4.038340615154150520e-02
4.055486635780500976e-02,-8.869820659748912928e-02,3.344918695057330638e-02
-2.659369989095412140e-02,-8.984700163610000179e-02,4.319690050242683960e-02
9.933419229018768115e-03,-9.269784407307180701e-03,1.023515784966385206e-01
-1.016799100435251957e-01,-1.320302010779693912e-02,-1.273160856785446847e-02
-8.848528924750562186e-02,-1.083722988738054956e-02,5.237270183313065541e-02
7.342183194822586578e-02,7.110841289024592837e-02,-1.604983163791480136e-02
2.816878689709658226e-02,8.739721532452114638e-02,-4.783089961279091140e-02
-1.908973898544014114e-02,8.592359712880537348e-02,-5.465391687474560611e-02
-2.737874138594665815e-02,8.350002364610283057e-02,5.502064384509919998e-02
4.390367899941871599e-02,9.394191475271364278e-02,3.360725727896843231e-03
-3.926224446832235482e-02,-7.310627057095650527e-02,6.239114543890992431e-02
-7.565041230017584273e-02,-5.918691438372541969e-02,3.959075071321509209e-02
-8.688663196799692456e-02,5.147750063920519120e-02,-2.467962165426236185e-02
-3.591919948925969414e-02,1.774580587811680141e-02,9.601044757848124778e-02
-1.063331593537427712e-02,2.828909631097687241e-02,9.962216555996571132e-02
-2.794453189137578730e-02,1.902872732134746128e-02,9.853800411363861089e-02
-9.204989306393777937e-02,4.109770419704714822e-02,2.655820856197518148e-02
5.812949816081484228e-02,-7.651853500132881070e-02,-4.059846607301630106e-02
6.078747996357206605e-03,-8.942154470841801039e-02,-5.351651735156089801e-02
8.251903946484849539e-02,3.863976445155596628e-02,-5.108407821545522115e-02
-3.829544415128776497e-02,9.555018536688673902e-02,-1.817844282572263215e-02
-3.114174392112570300e-02,-7.480177528363153583e-02,-6.615552090873906554e-02
-1.005440108098620139e-01,-1.939733331682829895e-02,-2.170591431114933870e-02
-9.283357018400066607e-02,4.848967396085387266e-02,-1.421343796518521971e-03
-7.471334355147794815e-02,6.743166250972583431e-02,-2.927574626836344091e-02
-4.066550673507610125e-02,-4.077197812072462513e-02,8.766407295426999202e-02
-9.871835293996307492e-02,3.222039407348260831e-02,1.524496680448284708e-02
-7.511043300726658045e-02,-5.342484399936666545e-02,-5.034815870867390825e-02
1.621460445948399651e-02,-1.023051348553888906e-01,1.778563702746318795e-02
-9.303682219744527360e-02,-4.686781801178004775e-02,-1.442218266960867794e-02
-5.072691579339434070e-02,3.548627372174086719e-02,-8.510469400571335497e-02
-1.075536271096967818e-02,-6.828817903736578154e-02,7.944316440778811939e-02
4.417216658541247426e-02,-5.752535494563486285e-02,7.645058684706647345e-02
2.524084438580975753e-02,-7.780026243663618057e-02,6.655772482553110048e-02
-5.532747833179151031e-02,8.691526807932219156e-02,-2.279020334239295620e-02
-4.518403014032275171e-03,1.050146036598735011e-01,-1.005900979598265202e-02
-1.492159577911235206e-02,9.811261903985003807e-02,3.627407602153760041e-02
9.941430679461900344e-02,-3.437634834301379894e-02,-1.070033632346889356e-02
6.251258189491343265e-02,8.535217908914387308e-02,-1.227672252645299394e-03
-5.948070415548017270e-02,3.555261604936577058e-02,8.004544891697250308e-02
-8.557001847067141620e-02,3.990246691718282723e-02,-4.805910850840154624e-02
-1.164339857084691413e-02,1.043184232380496707e-01,-1.486977644748202140e-02
-2.444628819040755782e-02,-6.894059888361966926e-02,-7.683415963107931290e-02
-3.328943984265926581e-02,-7.540775073755101587e-02,-6.689025132919464156e-02
-6.914075644936788778e-02,6.382012720157462238e-02,4.929784938598299332e-02
-9.633152981060684461e-02,-4.305929780094679138e-02,1.283657333610135898e-02
-7.926362761444923077e-02,5.010880431991185380e-02,5.019905697748514722e-02
-9.396984108246703160e-02,2.929549767034492908e-02,4.049596376531199721e-02
-3.903085641403238742e-02,-3.273096523310795036e-02,-9.353437717863195833e-02
-6.379301572312069679e-03,-3.044130240622279493e-02,-1.019360663425449426e-01
-7.507998375118414558e-02,1.015812251144934154e-02,7.505376888131891355e-02
8.572502030898851433e-02,5.484349891721904124e-02,3.211859213554239811e-02
4.903131004451657254e-02,-4.919454006997598522e-02,-8.111077126282649485e-02
5.901067827312546019e-03,3.429606702420394393e-02,-1.010298302198057718e-01
-8.376036557236753166e-02,5.067100787461122080e-03,6.626868225274276658e-02
-5.100829383349863438e-02,6.871720829012560594e-02,6.421883020689286847e-02
3.128197642841104575e-02,-1.005887524963720303e-01,1.913766174758059838e-02
-4.558026071338862339e-02,-1.564332658665370038e-02,9.568484155723488982e-02
7.086035924810646369e-02,-4.923214491175637898e-03,-8.029564575667479109e-02
-1.026868722265227157e-01,2.875307216976228861e-02,-1.168101053726429070e-02
-3.610710359874425707e-02,4.180552674047464945e-02,9.203976053785759004e-02
-4.981280777920665120e-02,3.130881032542275760e-02,8.986741211177565192e-02
-8.377825853992172667e-02,-6.330923058515984525e-02,2.293086464415164394e-02
7.487048234479978803e-02,-2.912038439774416662e-02,-7.151270930434622253e-02
7.271262905512448568e-03,-9.927004737393901879e-02,4.092941013574659392e-02
-6.024519257979119718e-02,8.068195117713101994e-02,-3.819097193019916486e-02
-9.278120433233086328e-02,1.470699923220902296e-02,5.280101057147101873e-02
-8.020010757660314682e-02,-3.871175389393147898e-02,6.080233428449597494e-02
-1.074526636969510146e-01,-9.253508431241142321e-03,3.296837523941931452e-03
-1.988962397824391853e-02,1.036063371457485588e-01,-2.297160614759559058e-02
1.299107877997604001e-02,1.210899581021840886e-02,1.065700067900541836e-01
-8.706660660214972369e-02,7.910774788813392617e-04,6.408075149415153049e-02
-1.060271378109568785e-01,1.812811292913471886e-02,-1.149709627252502690e-02
2.831507241210149545e-02,6.634804485726876477e-02,-8.070790716446182844e-02
-1.018589226824495042e-01,3.119286541128760137e-02,1.960480884009448491e-02
-5.290490574806189922e-02,2.360806921031144423e-02,-9.160418794771765794e-02
-4.451346552875171808e-02,-1.042930702528734564e-02,9.834833376167467778e-02
-7.069451034389008515e-02,6.751376199887750007e-02,4.713610449229040100e-02
-9.846319184025846549e-02,4.493545968162899334e-02,8.857917260465413001e-03
1.271460898940993817e-02,-4.831642224598600016e-02,9.649635975761301776e-02
-1.057077697943100414e-01,1.089722959112818593e-02,2.301812236992414537e-02
-1.923349470823893306e-02,-4.930976506741904797e-02,9.505982058624981579e-02
2.415440094602119836e-02,-9.323085511015527516e-02,5.076770267424502575e-02
-1.038806362627826413e-01,3.214532078154458405e-02,-6.581711217765149301e-03
-1.510439541027220993e-02,4.252571830549378012e-02,-9.922848132779661656e-02
-6.085612332830840632e-02,4.195646166973358848e-02,8.021287386210215753e-02
-1.065565966945667964e-01,-2.098729503900091664e-02,1.087170398290669693e-02
-2.145157070741770394e-02,2.547072758065553263e-02,1.040148736880473490e-01
-3.116494135601611745e-02,1.029194015835684928e-01,1.947877446611787425e-02
-4.892960424653824969e-02,-5.000248180409642973e-02,8.404632911081087732e-02
7.148784654289543072e-02,8.170596499999399631e-02,1.366846305865044436e-02
-7.440971681111405167e-02,5.340527217976053648e-02,5.999451168059997952e-02
-3.039829795197455248e-02,-6.586211761098793860e-02,-8.210642938855604311e-02
-1.664130884943721897e-02,-2.307879701950099269e-02,1.058718598631343544e-01
6.703522063778832862e-02,8.475046665018025338e-02,-1.889785490383811065e-02
1.537945126630008499e-02,2.688787918852441478e-02,1.053047335648189531e-01
-1.077921195719761388e-01,1.927614269771386543e-02,8.540758576837288729e-03
-6.736315862503369778e-02,-2.005975983538915361e-03,-8.681545684438886357e-02
-5.365724795873821201e-02,6.848763050616663017e-02,-6.726200825437848863e-02
7.052092236845668161e-02,-4.621513145766085323e-02,-7.070988740091596614e-02
-1.100311877450953213e-01,-2.177613337365964276e-03,-3.524175138242910225e-03
-1.625665408192639855e-02,9.176643467569484125e-02,-5.876875318105213158e-02
-9.383849338496823289e-02,-5.664020078069480213e-02,1.185126996759365905e-02
-4.775498557102459546e-02,-9.939776411230391573e-02,-2.979976429622384609e-03
-6.917833951222139566e-02,-6.031009302061262484e-02,-6.133102453767817069e-02
-4.411441133669309622e-02,-2.707952271988965653e-02,-9.757139094532391033e-02
-6.771411694055269603e-02,7.044378736991747936e-02,-5.164442327995449888e-02
7.921804311978826452e-02,5.829776232268047559e-02,-5.055361892208618674e-02
7.315659533673852903e-03,8.184604727604709307e-02,7.411224287220444240e-02
-1.029069130249676660e-02,6.678161492821362011e-02,8.771751783847159256e-02
-7.978240393683770637e-02,-4.131396234007671947e-02,6.483132571170244218e-02
3.879796560581433296e-02,9.794402060305848479e-02,-3.452529923750483759e-02
-4.932854048966185678e-02,-6.909689165699002544e-02,-7.139860643576541321e-02
-3.139908905711238235e-02,3.281833023252197362e-02,-1.012800074843625692e-01
-7.787685832463132896e-02,7.853853407637316486e-02,-1.013028383656935233e-02
-4.663114954954068053e-02,-4.914748019137669954e-02,-8.809618066696049687e-02
-3.500775578989499121e-02,8.051456321795605331e-02,-6.824872449465010926e-02
-4.386452703200591219e-02,-9.284200400050013346e-02,4.286542272992011765e-02
-7.416552872992807077e-02,-7.891699060379726849e-02,-2.584412571063120917e-02
-1.404433832470440048e-02,9.573679811085286651e-02,5.521519059599154511e-02
-3.406033575424156218e-02,-1.034123748138231769e-01,-2.392557487739559174e-02
-8.469031523603603312e-03,-7.787356522762639566e-02,7.940911900592678707e-02
4.960797553048412051e-02,9.086914119861862205e-02,4.169943692023291015e-02
1.555068818549723607e-03,6.053404281808146686e-02,-9.383698140303094182e-02
7.916639335528555255e-02,-7.251956310444779286e-02,3.099902611031337893e-02
-7.743159214880392105e-02,8.063628016508907204e-02,-2.159272177013533880e-03
-8.668719509620229774e-03,-1.030898161872425001e-01,-4.260340430259836053e-02
-7.522021237828406537e-02,3.576581884490603186e-02,-7.480386636505870213e-02
-9.140690621754624101e-02,3.640758199219629870e-02,-5.354762258542135334e-02
-9.531789749981083026e-02,1.946394645249681712e-02,-5.566802215498139333e-02
-9.371781524537049768e-02,-7.719749258821332130e-03,6.112157845564007014e-02
8.254431473425456744e-02,-4.567501070995536733e-02,-6.077746101733212669e-02
-8.354573099068211828e-02,-2.461620480743588815e-02,-7.087331122546136619e-02
-9.997234894671537531e-02,2.179331775787284042e-02,-4.641831065487149466e-02
4.936398651846594932e-02,-1.006594470359391119e-01,8.376240917800623770e-03
-1.041916417574891979e-01,4.144575722713730176e-02,-8.991776869636522451e-03
-5.593765524093938235e-02,3.937667648263265714e-03,9.759707939653482212e-02
-1.026124021741209869e-01,3.393100885789051419e-02,3.169096806138484157e-02
-1.526758616222729376e-02,1.115191997542876595e-01,5.525162388512246808e-03
-9.792514280573007268e-02,-4.813835919250815387e-02,2.843851336270042732e-02
-1.281237012624802420e-02,-6.491417378717556641e-02,9.139259447254981239e-02
7.087032998393803795e-02,-8.182071090126097346e-02,3.207199173823383626e-02
9.583341401242885527e-02,3.398658777801476238e-02,-4.921329802686514460e-02
-7.771271882482752580e-02,1.897559352256554185e-02,7.985599157505116064e-02
5.630602057251459652e-02,-7.669903712327717782e-02,-6.114287480734351132e-02
-1.449930660681922855e-02,1.121819840324513734e-01,3.432082642506874889e-03
9.881892792502597334e-02,-1.541548343888613122e-02,-5.309649009745431164e-02
-6.953103197637994226e-02,-5.548086920411993887e-05,-8.945803341851260582e-02
-5.061150688181365043e-02,-3.511541743571561236e-02,9.517323891440038208e-02
-2.073788642144353336e-03,-1.130443851790604165e-01,9.191698272706438910e-03
-2.699183154602434465e-02,7.401347794212402575e-02,8.171002639733396244e-02
9.602173828758338303e-02,4.531330698676039326e-02,-4.030977118041646073e-02
-9.751912832212987492e-02,8.924113644137120606e-04,5.833386004628279137e-02
5.669324635529514322e-02,2.391920510270370906e-02,9.561712597606823738e-02
5.071288230093800968e-03,1.121525525833013681e-01,1.844582883530026043e-02
2.171131744353015092e-02,-6.354889770373194080e-02,-9.192168490438473727e-02
-1.094493553257589319e-01,2.764662673701134832e-02,1.520604135151955132e-02
-1.045638502495122441e-01,-4.085624139628023926e-02,-1.967676121680050211e-02
-4.195320822961286222e-02,-3.762944157531760564e-02,-9.914255722562957673e-02
9.599752107337862495e-02,5.094822337272663509e-02,-3.477554669410472948e-02
-7.985707189751925505e-02,-3.111766252976283509e-02,-7.543486052725276170e-02
-9.698651704952222438e-03,-9.791880374114587948e-02,-5.804326684660238156e-02
-8.697706969751216322e-02,6.448276043997969165e-02,-3.665297246307920587e-02
-5.627837994376344577e-02,-6.815457096438821971e-02,7.259118658428295734e-02
-8.962941485759655380e-02,-1.270224524129262914e-02,-7.001650022596794809e-02
-7.932857439482246531e-02,-5.813351288022497454e-02,5.865041809218479035e-02
-3.334996091579670724e-02,8.464263239581515386e-02,-6.964997166461346645e-02
-6.465421869320207848e-02,-5.484977199416450622e-02,-7.716453263955737329e-02
8.848317353514022210e-02,-7.299429365358688082e-02,9.552103397115821719e-04
-1.230950200704658158e-03,-8.359877557545741800e-02,7.863462580154284565e-02
-9.153171486224469244e-02,4.712143008930338300e-02,-5.089713418722438543e-02
-8.456276410231186591e-02,5.768799128628539219e-02,5.220696333772408687e-02
-2.371364526725469601e-02,1.122845583284294430e-01,-7.036075816860261865e-03
-8.142713294626870157e-02,7.349341296170083804e-02,3.468922563195318831e-02
7.202093159302811951e-03,-1.086923306190520772e-01,-3.720819441196791116e-02
-8.560699723418666029e-02,-5.875917486238532716e-02,-4.984462097706109790e-02
-7.250394161603762599e-02,-7.979534678881884668e-02,4.070519553716154398e-02
-3.734021284328941509e-02,1.090539712781413567e-01,-3.053106582068569001e-03
7.568646882473667459e-02,-8.052252373349794157e-02,3.315743770955580788e-02
1.951815476597313845e-02,4.963156378722097944e-02,-1.023857400693135022e-01
4.321596238872426471e-02,1.069608069306443310e-01,-5.849491348929414074e-03
1.194763828709837807e-02,-9.898458076243855930e-02,-5.845613300425096109e-02
4.652591426424585591e-02,-3.323850538869894261e-02,-1.005172629050255506e-01
-4.892184166749973667e-02,-9.772192684376546090e-02,3.802139496097247523e-02
-1.139233213840534220e-01,-3.893488600738329811e-03,-2.025434031405798363e-02
-6.978129543583343197e-02,8.215020164097457112e-02,-4.244067850719782792e-02
-4.088848410112003173e-02,-1.042944486237975671e-01,2.975692925820370288e-02
-1.146137512484189797e-01,1.761367908297380158e-02,1.871607823082485807e-03
