-0.000000000000000000e+00,-0.000000000000000000e+00,0.000000000000000000e+00
-3.639936272875173278e-03,-2.981432388603706077e-03,-2.004146921144159699e-03
2.281211856209608695e-04,-6.379684174524233656e-03,-3.465880298642772580e-03
-1.644239248281231108e-03,-3.902898105314433087e-03,7.857507905919332292e-03
-6.326042391609202134e-03,6.258969716356207504e-03,5.257554558538811776e-03
-8.214296837965148063e-03,5.896000737620852618e-03,-5.654387259384821215e-03
-6.084596990618979916e-04,-1.270438590374973163e-02,7.880384951041111033e-05
-1.088021857810764909e-02,-7.951591022211474888e-03,-2.813792213066891677e-03
9.945436050527447017e-03,9.077055734025870140e-03,-6.011051357945840397e-03
8.366837961744647695e-03,1.174437682165530711e-02,6.129632396552604431e-03
-6.589689648228673133e-03,7.870982860507424322e-03,1.297491443664493260e-02
7.978713574810277626e-03,1.520985925899059031e-02,-2.661708080043626717e-03
-6.528769972319532419e-03,1.510675827067876897e-02,7.729229347298466682e-03
-1.541363613878650105e-02,7.162690518312980412e-03,8.385812251223846714e-03
1.482640945375059138e-02,-9.955283064268058424e-03,8.308350094432641331e-03
1.338472399229702521e-02,-1.271509002731540869e-02,8.718335692678940915e-03
-3.713642111144437041e-03,-2.060924540359532209e-02,-2.700995058967874292e-03
1.175532258518657662e-02,-1.785159680101420024e-02,4.250824126964509488e-03
-7.301729599449933994e-03,-1.120671624958633275e-02,1.803476307677210136e-02
1.075545479353276837e-02,1.985918824807027597e-02,-4.839732217361601176e-03
-1.186282690959836877e-02,-1.458273362345904184e-02,1.447571967695723480e-02
-1.992279505078557549e-03,-2.403806596043749771e-02,-3.267351607372835556e-03
-1.826429436485526442e-02,-1.472539062857503890e-02,8.467535371250346429e-03
-4.236198022660351073e-03,1.831022210581919121e-02,1.728176513019857169e-02
6.651942894913853190e-03,-1.671860307555500383e-04,-2.524758028718119413e-02
-4.225427401827197733e-03,-2.587273702918468921e-02,4.940535653233909044e-03
-2.208086170142619861e-02,-6.477275361671965166e-03,-1.456650375565911489e-02
8.611134059157490861e-03,-2.624402454919416358e-02,2.989549459352734001e-03
-2.757838509826700951e-02,3.590333816490111438e-03,5.348663541043801803e-03
1.802785809228808767e-02,4.853078892594044069e-03,2.199613638989995554e-02
-1.618194007782582447e-02,-2.055813967768401265e-02,-1.335304351516946111e-02
-2.394332574450454970e-02,5.060200516762253589e-03,-1.715829375661651751e-02
-1.487143878556497489e-02,-2.219589843733114215e-02,1.449362423014174776e-02
-1.877054823041996931e-02,2.453832301060955220e-02,3.069531598644767998e-04
-2.667651185432071831e-02,5.300591746325707294e-03,1.567112556336313842e-02
-3.364941359379763127e-03,-2.051838093459111903e-02,-2.416267393901971872e-02
7.396265862530770722e-03,-2.523472959711535804e-02,1.885719353977510782e-02
3.861876280182052236e-03,-2.482625299390767148e-02,-2.113870064608699278e-02
-2.352112084103888390e-02,1.370720225926457328e-02,1.918501407544152479e-02
2.618714687445631521e-03,-1.676420567097969619e-02,-2.919715584807634767e-02
-3.629721403249167814e-03,2.325999585641787964e-02,-2.484800489664435244e-02
-2.074591514898110889e-02,1.248553218333931999e-02,-2.483302130970153204e-02
-1.345582561365786869e-02,2.717353402270889298e-02,1.774581800548339500e-02
2.292956553856971644e-03,1.326624747624490820e-02,3.293350140987404834e-02
-3.292127135991933240e-02,-1.238303422586533448e-02,-7.764414935648425789e-03
-2.273544385489649836e-02,-1.556619945100543197e-02,-2.387206344029903227e-02
-3.040333015478716150e-02,2.004164573082823850e-02,5.897023022067535668e-03
2.732883970534702098e-02,2.537979488845983414e-02,1.266285566062546252e-03
-3.327302912494002618e-02,-7.750153641620359350e-03,1.604109916096351299e-02
-1.820409446916319493e-02,-3.209999745504082264e-02,9.727527180307997401e-03
-9.312528663413258828e-03,1.118209657491899857e-02,3.573069135694058318e-02
4.716053692516768321e-03,2.687477842782762597e-02,2.785757594000421583e-02
-5.374600130423191555e-03,-3.065284739039121284e-02,2.417070881100866556e-02
-2.821683078408415007e-02,-1.983800790740581146e-02,1.987989249056594868e-02
-2.061050658245483502e-02,-3.448297824324828703e-02,1.840848637528940193e-03
3.321267835538706248e-02,-1.271871170926473608e-02,-1.961611888324700861e-02
-2.149420664879935980e-02,5.404458906017229128e-03,3.450918720893184771e-02
-3.644420138684974220e-02,1.204081726339270055e-03,1.962108279560949992e-02
-2.656800940715919879e-02,2.411360156243450709e-02,2.144493244377579377e-02
3.323338960545568072e-02,2.547915139316167879e-02,5.121280143174801631e-03
1.124614443565394653e-02,-3.321068808730726768e-02,-2.414910485611867705e-02
-1.600803530833042054e-02,3.132053323525516714e-02,-2.466115077355392898e-02
-1.541151324835915958e-02,-3.962554056265257807e-02,-8.400942222813822732e-03
2.786546357398370435e-02,-2.670262814637030038e-02,2.053524616909779138e-02
2.031271320667933991e-02,-2.987437460438402415e-02,-2.528101739103270212e-02
-1.548974085062175370e-02,-1.315442354378429162e-03,4.166080776767226018e-02
-2.427410884257687890e-02,2.612618520891470120e-02,-2.717744339848707572e-02
-1.846654843692501283e-02,3.250571340789117775e-02,-2.541638635467177026e-02
3.098866411346493099e-02,1.129280105747096016e-02,3.144953012104247797e-02
-9.612794242865794342e-03,-4.422375517086218205e-02,7.879518169226546256e-03
4.045953190371160378e-03,-1.145302175575592905e-02,4.467765412500648847e-02
-1.209240098979417512e-02,-3.728425976653389207e-02,2.531320041879509680e-02
-4.172219799353294595e-02,-2.063688801136906795e-02,6.633887161386278243e-03
-1.028526142519500461e-02,-4.337798894757455281e-02,-1.602466688716412332e-02
-2.905671445803738318e-02,-3.082371097082811998e-02,-2.198845187391949493e-02
-1.069310780804904291e-02,-3.372367542145494890e-02,-3.255733814023496764e-02
-3.599869087964607112e-02,-2.560304597630834456e-02,-1.984877678555190331e-02
1.570176824485637048e-03,-2.616891046764759435e-02,4.113354419168654963e-02
-1.650457740288384378e-02,1.717704309907586158e-02,4.296168998673959710e-02
1.076654235547451315e-02,-3.218369387386353642e-02,3.599201973575216068e-02
-2.690265742816036476e-02,3.132393409031439951e-02,-2.786091120963525222e-02
1.386932238034428375e-02,3.290257670915947008e-02,-3.521838267590754468e-02
-2.446005969331724664e-02,4.812326550768538866e-03,4.390878476668499952e-02
2.632069110532558529e-02,-4.120284321118925647e-02,1.389982564728281522e-02
5.790128430002588512e-03,-5.045189344263094344e-02,6.246944640507170673e-03
-1.445207334979612887e-02,3.104109166000975153e-02,3.846917925049834347e-02
4.637935668945978619e-03,-3.844446935867373155e-02,3.445590354609937012e-02
4.152998607540116238e-02,-3.144477365774756700e-02,2.766106700933573716e-03
-1.810054683679807735e-02,-2.164188898705645975e-03,-4.922783752136455221e-02
-1.409909296027882925e-02,2.557445711163599394e-02,-4.401641601739332554e-02
-3.235042085338250828e-02,3.243927716415093143e-02,2.694577511082154458e-02
2.887881878773874283e-02,4.453313855418045142e-02,-6.515607282529201939e-03
7.836013827090534262e-03,3.795950373453137183e-02,3.731060423514633712e-02
-4.590913621735591421e-02,1.001834234952398117e-04,-2.866316500190064023e-02
-3.791877236337502788e-02,2.838077405843565833e-03,3.896453319075674632e-02
1.071211724955048114e-02,2.913117797133808404e-02,4.511866529657809072e-02
4.454953546133755965e-02,1.548842495910774351e-02,-2.845208530198855418e-02
-3.526999062615433778e-02,4.236356313111862976e-02,5.522084351135466210e-03
-3.781306418909427536e-02,4.047751230729337846e-02,6.000150401825464497e-03
4.061983834978130647e-02,3.108079208849734085e-02,2.287907773880204845e-02
-2.053756627968121931e-02,4.218375518573123928e-02,-3.119962095159336743e-02
-3.877144427431788998e-02,-1.983470926088163125e-02,3.623992883571138662e-02
-5.635045081975623149e-02,-7.695966528553857197e-03,3.275006480192200250e-03
-2.612276705190449966e-02,4.688971846448739683e-02,1.999233240082975635e-02
1.095818348566785297e-02,-3.728144388435062490e-02,-4.249963447472176331e-02
-1.687872634361799878e-02,-3.662034349136427530e-02,-4.154264776058505526e-02
4.372281073216170016e-02,-3.787999259709316086e-02,-6.382573022036929465e-03
-2.813623603428523981e-02,3.458617446598454687e-02,-3.788276886001202409e-02
-2.385216084767018130e-02,-1.556976579101410768e-02,5.145200023771028669e-02
-3.388681984321098573e-02,2.498078585958991155e-02,-4.149757147585469985e-02
-4.992592764998954324e-02,2.316910046611068627e-02,2.237875056576999616e-02
-5.373094226786236105e-02,-4.771305456889678859e-03,-2.561835336558063864e-02
3.145961515113114559e-02,4.052640696969656009e-02,3.114328327322440221e-02
5.425439202169970651e-03,-3.931635286636925991e-02,-4.541770592359144210e-02
-3.369750657878649476e-03,-4.132429165201764731e-02,-4.421493040860099977e-02
2.477622996200064959e-02,5.528315313586854712e-02,6.325539725255314820e-03
-3.296480825975461187e-02,5.150522317775371728e-02,-2.603615403134017584e-03
1.703812989251402357e-02,5.882272485124905026e-02,-5.659905489517283277e-03
-4.067980244023365610e-02,2.940898549514739044e-02,3.604117172212707026e-02
3.229084235806757575e-02,4.737279696458884803e-02,-2.383548280775633216e-02
-3.595266566528619329e-03,-6.187892818958547897e-02,7.031942384299419771e-03
-1.226168485257740290e-02,1.844170389462559956e-02,-5.862891953524431571e-02
-2.575591798021339279e-02,2.282351090748459613e-02,-5.272561285257278824e-02
-3.620181567720317378e-02,3.944301370245300448e-02,-3.368199226216166131e-02
-7.121541670221067342e-03,-4.498578270640067600e-02,-4.430514262612201409e-02
1.238889623691026565e-02,1.065949175745389138e-02,6.170017212639303944e-02
-5.784765201398871237e-02,-1.714105348317416372e-02,2.169207605279155696e-02
-6.026293857078856425e-02,-1.399342247682002632e-02,1.788913482672498459e-02
-6.146123280161566033e-02,-9.036109718030297180e-03,1.803120075385735918e-02
-4.694288594511487889e-02,-3.449355718666532317e-02,2.876929746290277090e-02
-3.278061173707654680e-02,-3.349877849974979699e-02,4.540136027122924217e-02
-5.666487919337385992e-02,-8.435260392901114401e-03,-3.182638327200029704e-02
-4.964480597567702547e-02,-3.692387201893249787e-02,2.245030719391583399e-02
-5.176176001813826560e-02,-2.855802556849804802e-02,2.956725295992635241e-02
5.177526215347891259e-02,-1.058630712704195127e-02,-4.016760705908593160e-02
3.583570048076605962e-03,-5.361107446975141994e-02,3.945084450110756397e-02
-6.204029631195294436e-02,2.452494782226085496e-02,-5.487656100306924703e-03
-2.439151268950130388e-02,5.715156313390767906e-02,-2.562457313071167878e-02
-2.895266950656236963e-03,2.011816431408976202e-02,-6.435895625674059595e-02
-4.430274636131256022e-02,2.306183324637968782e-02,-4.580395735736393636e-02
-4.930866627345591169e-02,9.106377034105623408e-03,4.599729810366288973e-02
1.696398723557663007e-03,5.378825526498940551e-02,4.208869802035754282e-02
-4.816682031029049377e-02,-3.031334616477947622e-02,-3.828987055081133073e-02
1.634198752143601469e-02,-5.171946707550482275e-02,-4.243450063347629919e-02
-4.639337615368092221e-02,-4.038742800410444200e-02,-3.157227441400899809e-02
-4.509453963514735431e-02,5.126344544661615849e-02,-1.251157189823864056e-02
2.300564924399561839e-02,-6.268262511216961264e-02,1.993434478461216658e-02
-6.667616587373531578e-02,3.207665726885799116e-03,2.091775879501611007e-02
-1.063699656883817374e-02,6.135005805924163835e-02,-3.247202897683466871e-02
-4.102225012652496727e-02,2.476608983554083945e-02,5.170232925603655133e-02
-6.383529470849962084e-02,-1.964169561598313324e-02,2.337803606962534850e-02
6.213607481300496838e-02,2.624342451947232063e-02,-2.226374011740742814e-02
-3.353457142422328063e-03,-4.831299046259316526e-02,5.232546265587670331e-02
-6.751830609509171244e-02,2.235313883163678184e-02,7.941870473356439294e-03
4.564714284989707799e-02,-2.168615788222615776e-02,5.104577176796834537e-02
-6.412188187480175050e-02,1.805967781290408400e-02,-2.756935038243514199e-02
-3.990888840451639608e-02,-3.175703157529419229e-02,-5.133103235201728898e-02
-6.203189417803852551e-02,3.757553328227054151e-02,3.813650203025238140e-03
-5.433675836827309147e-02,-4.576921918648724913e-02,-1.629367981355617223e-02
-7.120204075951788031e-03,-2.986079988706156346e-02,-6.639911865487783948e-02
-4.551005306495824188e-02,3.499298410222594774e-02,-4.576028519479114626e-02
-5.227634279413073681e-02,9.538870833908190405e-03,5.103324584328321201e-02
-4.295109909920807878e-02,3.524427643873900146e-02,-4.878332532937740273e-02
-1.144701280343570979e-02,4.236957744534813886e-02,-5.982621179386703875e-02
6.316372747996619290e-03,2.074147848621749057e-02,7.123171584891888064e-02
-3.208868935167125819e-02,5.095515978258240847e-02,-4.423428884231753871e-02
3.477307127470651710e-02,-3.691230055145153927e-02,5.522565341410640843e-02
-3.754815364822458590e-02,-4.636996077653752352e-02,4.582950319709170467e-02
-4.945732728751342511e-02,2.145926164254314053e-02,5.284624588157769975e-02
2.415678898868958095e-03,-7.571044321056447091e-02,-5.190641647049615455e-04
-6.699991664155431625e-02,8.681061779596719111e-03,3.482526688153534528e-02
-2.587001409178430258e-02,5.930892039331499754e-04,7.173954395326433142e-02
-3.292486390856921158e-02,-6.141829499270055198e-02,-3.160680930083115819e-02
-1.322546644150779382e-02,-7.462833382537450988e-02,-1.225012863047549375e-02
1.033628595858479896e-02,-6.533930228604693802e-02,3.946486097744972971e-02
1.767532851526959145e-02,4.560920882692993950e-02,-5.983429683846559766e-02
1.060605528446253824e-03,1.321336302610942419e-02,7.639576874343416424e-02
-6.464209701475678860e-02,-3.558104288285149960e-03,4.312877826814993237e-02
-3.652932101737192683e-02,6.845777308760789270e-02,8.358497722490285803e-03
-5.584637424195463412e-02,2.827406416623002780e-02,-4.703085664051797482e-02
-4.043927574207822895e-02,-3.453498520206300937e-02,-5.780666402470097109e-02
-3.196621306298800397e-02,-1.766957532814713129e-03,7.200116399382715249e-02
3.947507113158300884e-02,3.258705697403845719e-02,-6.023701385835994460e-02
-3.898778766389820322e-02,4.138100206799732311e-02,5.527998617920740904e-02
-5.352442846262650544e-02,5.483681569981117832e-02,-2.135498996375452541e-02
-5.241994162619441344e-02,-4.764870686529301680e-02,3.673473870301665473e-02
-5.250272342709971785e-02,5.896111795216140566e-02,1.321000478480802674e-02
-4.356484785430876638e-02,3.402014074664804627e-02,5.824087577451472764e-02
5.813739818479474880e-02,1.629854926769271420e-02,-5.330597166128681758e-02
-6.290840750512260993e-02,-7.550903027791394488e-03,-5.012535855068447899e-02
-2.607375352945703190e-02,-7.530975015604421396e-02,1.468313215419799270e-02
-3.737720957642754523e-03,-9.659601765030412582e-03,-8.062084914214273645e-02
3.987621570023640490e-03,-3.509322178972898443e-02,7.348210061874592414e-02
-4.831374293058433855e-02,-6.563624991947744625e-02,6.695013735106405961e-03
5.952934779101141244e-02,5.600929635054553019e-02,-6.820947528490305285e-03
4.491251445674157572e-02,3.571215502820880572e-02,5.894928980668687896e-02
-3.738251182552924240e-02,-3.901776075331706700e-02,-6.235319552904004803e-02
5.171591368667638466e-02,4.844551289379347980e-02,4.273818263410737728e-02
1.825289115298230763e-02,5.260636142941044202e-02,6.154513315485079378e-02
-2.898151622761491533e-02,-4.355142924766571000e-02,-6.474672743094207761e-02
-6.231880381385118683e-02,-1.173989400512155147e-02,5.429342947253062990e-02
2.914966248272108512e-02,7.406571885301752034e-02,-2.596711016134777700e-02
3.955025187959090166e-02,-6.474433435432709605e-02,-3.597512612419469236e-02
-7.640072851617021876e-02,-2.963198976244644720e-02,1.938350442075666147e-02
-6.513712484668932046e-02,-4.901589547069015729e-02,-2.204713672825272044e-02
-8.138866740710769265e-02,2.326327606255477673e-02,-2.620042817878022630e-03
-4.478719834559349161e-02,3.165228564374377579e-02,-6.484695711612070701e-02
-5.520330247808855062e-02,-2.316574378455707114e-02,6.057729128610727515e-02
-6.266272512255308125e-02,-1.464187549083248441e-02,5.615591360731655990e-02
-5.338417714366670147e-02,6.640151905816651934e-02,8.736563670045308441e-03
-1.391450910670368347e-03,7.923244816197955176e-02,-3.311437548826752508e-02
7.164263624383725160e-02,-4.657389647911280156e-02,-1.074477262227398547e-02
2.224850247322572236e-02,-6.808028941396511435e-02,-4.825285037111626957e-02
-7.217573049049161305e-02,-4.774067650930213097e-02,3.288137026018858513e-03
-5.572471991941817943e-02,-3.163031590832152823e-02,-5.860637867668089945e-02
4.235188029393455178e-02,-4.902574061650892545e-02,5.817542536952911153e-02
3.017620061205613172e-02,5.675024788990079561e-02,-5.908971557286932935e-02
2.801452031548190558e-02,-7.108679991291488864e-02,-4.273045679262098967e-02
-5.071829352444989780e-02,-6.012501973907614233e-02,3.896117905275243293e-02
1.422340651397630169e-02,-6.030415247091606978e-02,6.251227975984145757e-02
-6.132806461907688508e-03,-7.724856232558786895e-02,4.222701867535826048e-02
-2.206592862244159681e-02,-8.468400641390393113e-02,1.308532200844572668e-02
-6.980427564504139426e-02,-4.245972463498341037e-02,-3.457647462741358924e-02
4.048300073590516829e-02,-5.042526971030906330e-02,-6.108150010366808491e-02
2.297715826701655917e-02,6.420001511026725283e-02,5.748493823883784465e-02
-7.447224577659027067e-02,5.139862418355072623e-04,4.949098036228957026e-02
-4.712868222291771020e-02,-6.427734156960117351e-02,4.104535001452426501e-02
-3.251003519801279849e-03,-2.745642882551210459e-03,-8.978319847054240521e-02
1.867130824288714547e-02,7.600666205762378336e-02,4.466840570507494418e-02
2.437212581138395104e-02,-6.198762158513194953e-02,6.104297862386776075e-02
-4.717691538956492875e-02,4.591189542186391997e-02,-6.221741728499139562e-02
-4.663275944286521084e-03,-6.367472157055764637e-02,-6.457755861696025390e-02
-2.138647720931946897e-02,2.653049851947452201e-02,-8.442264168489121978e-02
5.154061603582739404e-02,-7.070345436157284003e-02,2.598109081304044582e-02
-8.552714245196012255e-02,-2.978534288066293084e-02,1.305443066816761727e-02
-7.264145291032915452e-02,4.426018966255730602e-02,-3.433402519031213823e-02
-5.386199306588795171e-02,-1.769642032644372365e-02,7.240463606284845699e-02
-3.575407180413669311e-02,-3.972955953481485669e-02,-7.511393366539095839e-02
-1.933606529078591568e-02,2.117021973173321969e-02,8.785821137353772015e-02
-5.973302744086130683e-02,-5.253375879458212910e-02,-4.749288705738989591e-02
-7.698670495820490733e-02,2.858024951367706470e-02,-4.338139814077548312e-02
-6.679078698385958190e-02,3.233092743859058288e-02,-5.622989976203222884e-02
2.565080759427609738e-03,8.413920060151489078e-02,-4.030548639021121204e-02
-6.399047403420153601e-02,3.502109220940499007e-02,-5.858090026304366843e-02
-5.291303528707116954e-03,6.630827617422996312e-02,-6.611129523811280773e-02
-8.230846565770910672e-02,2.787224099792838874e-02,3.586778444556870671e-02
-2.650180280393827498e-02,2.119934579777647821e-02,8.791408680807703824e-02
-5.526233617583548030e-02,-6.462277103839468573e-02,-4.114928341546503915e-02
-9.228791439269645736e-02,6.474357973593396903e-03,-2.017445429424854358e-02
-5.311873567219105308e-02,1.773142368315500789e-02,-7.663367536607719466e-02
-7.425844986602452014e-02,5.041073413734598746e-02,-3.155866714893819369e-02
-7.275636907983479675e-04,7.465257662211653711e-02,5.933635628297091735e-02
-6.893438139922845875e-02,6.179152464038367709e-02,-2.381331739354119667e-02
-9.550113238289455186e-02,-8.518659176564161769e-04,7.677614751998964107e-03
1.500839977857579624e-02,2.248894594776719436e-02,-9.215259709869540183e-02
-6.888369371635112703e-02,-6.526497568716244091e-02,-1.617527047176466060e-02
-8.400366943099886463e-02,4.620942064080291178e-02,-1.082831997154368349e-02
-6.773561200992203601e-02,-5.514018459514006404e-02,4.151784150386604588e-02
-2.590992149537781411e-02,6.637869329511922323e-02,6.571133992322093775e-02
-7.306382741551012416e-02,5.262148303961621670e-02,-3.648681471667022946e-02
-1.571953290236916597e-03,-9.665808438468026509e-02,-1.168832122306192114e-02
-2.788881816002339482e-03,8.690172093966598565e-02,-4.433366049418225457e-02
-9.073377923291886527e-02,-3.542781545426372525e-02,8.985791658433621779e-03
-7.497633962511644767e-02,-3.495665831957314729e-02,-5.261607978575012085e-02
-7.880682961001667097e-02,2.195292016176552882e-02,5.443204156620299466e-02
-6.574373570342630091e-02,-6.733561615810168544e-02,-2.902480738803009733e-02
6.666522106684502624e-02,-6.909547777452934580e-02,2.288757087812631416e-02
7.664344385189755804e-02,-5.534586896439303710e-02,2.912824623285055134e-02
8.217720477290130568e-03,6.151120502799917178e-02,7.731935811464675512e-02
-8.966807043914175324e-02,-2.614732649280109705e-02,3.389760477820069617e-02
-4.723079794278019911e-03,2.252327073401739002e-02,9.688747700653224659e-02
3.528891024035327867e-02,-8.233615225343630939e-02,4.399976793428440891e-02
-4.297054998431657641e-02,9.006330108414244140e-02,6.815299135465715391e-03
-6.471635007957816932e-02,5.174422948017145391e-02,5.641342604382819370e-02
-7.788807747057496789e-02,-6.344655517841429893e-02,6.389603188405728349e-05
-9.833329950348954074e-02,-2.048754237242142104e-02,-6.838542289914094872e-03
9.279624727174821952e-02,-2.479986966444298543e-02,3.088256246485590259e-02
-5.401947888065603692e-02,-8.542138597717507942e-02,-3.000541881926748009e-03
-9.898022048458655908e-02,1.480359544187638543e-02,1.586651514884093381e-02
-9.739040251339813048e-02,1.972806987444175944e-02,2.092823244273982891e-02
3.442644254350427785e-02,8.962209880552918229e-02,-3.374794477390030689e-02
-9.051842262890470725e-02,4.445159846524998626e-02,1.519494711063771979e-02
-6.676767964003602063e-02,1.161478940696731438e-02,-7.649722337963547891e-02
-9.774245377901739917e-02,2.782694640925253288e-02,1.268880615428552225e-02
1.228501813055354192e-02,9.451302070197847849e-02,-3.807394222012314144e-02
-7.171369335290260494e-02,4.050962589439067313e-02,6.159338505618832532e-02
-1.740789630615080519e-02,8.916196056244558854e-02,4.867395837037322842e-02
3.620327825643898656e-02,8.968634477806931848e-02,-3.622411534524738047e-02
3.335652139049483794e-02,1.302201863788273774e-02,-9.710189500985810795e-02
-7.236232436948476787e-02,1.707650973443865239e-02,-7.230245623378324382e-02
-8.205743329053237500e-02,-3.212795882547010012e-02,-5.508651884389235281e-02
-2.298608510530737378e-02,-2.923737637697428060e-02,9.727079126539071863e-02
1.474511007147922236e-02,6.196448308338953909e-02,-8.265869503652772954e-02
-8.574736867336106572e-02,-5.971685136406158778e-02,-3.935668005195791519e-03
-1.484778516067049303e-02,-8.006510186309771793e-02,-6.594011438569175043e-02
-2.939408743594842943e-02,1.006980519488108738e-01,-4.436520653684701207e-03
-8.967823687000203714e-02,4.019863719846503841e-02,3.755713605294294655e-02
-1.016128129805831809e-01,-9.901938706399679956e-04,-2.806094229357686265e-02
-7.909223538847932888e-02,-4.810431274215095504e-02,5.088128062738605378e-02
-8.670371653982912596e-02,1.379248097197602330e-02,-5.912477972769267925e-02
-5.904835211756982727e-02,8.507071385881377623e-02,-2.290879518669266743e-02
-1.533389305275666310e-02,-9.694856201480228641e-02,4.073670236163096092e-02
7.067258076652527254e-02,-6.604400066350706033e-02,4.452342840515742528e-02
4.611944201366690449e-02,9.603344503198263382e-02,5.874255297658396296e-03
-1.339157822154805368e-02,1.053283254528543655e-01,-1.248034806517669092e-02
-9.615286090026601423e-03,7.753826164700196311e-02,-7.327874886079113748e-02
-9.493070498252079159e-02,-1.186026969132379996e-02,4.865400144661233967e-02
-9.352068731329168938e-02,-2.602749644087912206e-02,-4.627653047249942475e-02
-8.370426950023304724e-02,5.080524072775481625e-02,-4.497648150163301162e-02
-4.489245848274315415e-02,8.381898044323290997e-02,-5.113653242629991741e-02
6.857626034736952203e-02,8.117621404865672796e-02,2.022626280082057831e-02
-3.026684426860992011e-02,9.561885828202497384e-02,-4.108359746194466949e-02
-5.906315515018243506e-02,-1.110524086597553840e-02,-9.044721246381917656e-02
-1.078760296729676799e-01,-1.506819962633865586e-03,-1.409210457255895624e-02
-1.772355120002211404e-02,1.706161659670095074e-02,-1.062004373789183914e-01
4.619802231680343596e-02,-4.571673862946462608e-02,8.777916589988972451e-02
-3.610844831428842994e-02,9.209609739880392221e-02,4.679418448490197530e-02
8.305091214778115294e-02,5.549153088492483205e-02,4.521320704460441570e-02
-8.873183710234777699e-02,-1.595267838878706990e-02,-6.276150804397077898e-02
-2.904789261921356114e-02,-1.013011665272198734e-02,-1.056707825749920171e-01
-1.051838751663451837e-01,3.287923691418714878e-02,3.734385001322608911e-03
-3.653454488699442448e-02,3.683329513849819409e-02,-9.753532894391121755e-02
4.118817807845042561e-02,-2.873442964843392344e-02,-9.863307527015829912e-02
-3.083892758998399777e-02,-7.390135713091400271e-02,-7.670869039324092198e-02
-9.207746337449773666e-02,-3.702241570994480035e-02,4.993850133520767731e-02
-2.782322571016862100e-03,-3.377063236929562368e-02,-1.060222546079828271e-01
1.072961287059590735e-01,2.849617016018843318e-02,1.051721944814947712e-02
-1.039334470103072672e-01,-1.614457703251267334e-02,3.766332157562916894e-02
-9.523435352471500137e-02,5.801861780118175438e-02,-9.584738509043932639e-03
-6.694005838792894784e-03,7.793306255957808959e-02,-8.034648031343602503e-02
-1.006297838860835681e-01,1.436703214792085792e-02,-4.782808736701829599e-02
-1.012989619046853335e-01,-2.955624544691100395e-03,4.895387621444598214e-02
-1.014583998335703494e-02,-4.799015477053866080e-02,-1.015241592646134866e-01
1.332322381920507913e-02,7.278599880596883787e-02,8.534830077857394337e-02
5.773435141054993058e-02,2.892107558427954930e-02,9.293274712345224453e-02
-2.708812024950116998e-02,-1.100743474689732243e-01,1.622562995799445209e-03
-4.222934989824801699e-02,-9.698615184558803670e-02,-4.134918400967858843e-02
-9.464790703383267612e-02,-2.578412926426662186e-02,5.764553529027406642e-02
-1.850385077633885308e-02,-7.271607142592048656e-02,8.580645843062174871e-02
-1.638858938126165621e-02,9.745160906626421093e-02,-5.721994326663146224e-02
-6.918404863388991077e-02,-2.756091402511884336e-02,-8.683482997722707930e-02
-1.311724623624553436e-02,1.003536881382575546e-01,5.376097934098519188e-02
-1.727630457297693947e-02,-1.050292993083258297e-01,4.301663386144354700e-02
-7.229662100659514645e-02,5.844631616548329883e-02,-6.770680939802854736e-02
-7.872034139725264668e-02,2.493448143979213119e-02,-8.034512707369559359e-02
-4.119754748233289687e-02,1.229872651312491350e-02,-1.071096646693992793e-01
-8.214783779478438200e-03,-2.120555479397434953e-02,-1.133617248252283827e-01
-5.145333549458860553e-03,6.813387295313071482e-03,1.155086449963021178e-01
3.350414138767728034e-02,-9.772123425751903791e-02,-5.282351941581765048e-02
-1.909332194739681021e-02,-1.047745563364842064e-01,-4.655341850115631702e-02
2.877594752854995691e-02,6.835360886493677471e-03,-1.126141260511406145e-01
-2.075754266769500728e-02,6.546877221680579007e-02,-9.427068146772125956e-02
7.191875708192049799e-02,5.766003760613434143e-02,-7.179367547425101470e-02
-8.718534118363717444e-02,-6.472354975080404915e-02,4.368367868960368328e-02
-3.146315570904158893e-02,1.427712756017743105e-02,-1.120371693385765199e-01
-1.026797065469253617e-01,-2.475407039536130574e-02,-5.135815917671440745e-02
7.281335514756949456e-02,6.143720976242111886e-02,-6.902699528309576282e-02
5.178047687438910168e-02,-1.053379683971123193e-01,-1.054874343946910278e-02
2.401257427442252471e-02,-6.151250499772766694e-02,9.785587321913258307e-02
-1.048809029464770476e-01,-4.515098005849390445e-02,-3.074368523931601468e-02
3.286145092018721153e-02,-1.107394187277880720e-01,-2.623670425740081205e-02
3.509815699369184944e-02,1.083771647561423135e-01,3.319155921116041102e-02
-1.974241228296088474e-02,8.903743539579866972e-02,-7.622006268577556642e-02
-3.557712205740450745e-02,9.941205985599774198e-02,-5.501123447739243721e-02
-1.063674337739540371e-01,4.427016634028500125e-02,-3.080078987184738798e-02
-1.016662696481046221e-02,-1.181645656815617923e-01,1.429083295655468946e-02
-7.975692237889384084e-02,-8.919887421888451906e-02,8.807859981019671011e-04
-4.318989142873033010e-02,1.116157010076231915e-01,-6.551495439978328138e-03
-9.438664558084999823e-02,6.198311981364950513e-02,-4.078752673845360138e-02
-4.401360381310107095e-02,7.600384726610003028e-02,-8.215012939691324068e-02
-8.619231089570289495e-02,-2.845523273261161071e-02,-7.919414979018632450e-02
-3.030284743227359273e-02,-1.657057071269932291e-02,-1.156106667820721717e-01
-8.779441434248341780e-02,-5.861017455539296178e-02,-5.885446140577635377e-02
-3.184157578929535520e-02,1.011114146816763648e-01,5.846097938372783742e-02
-5.522435280738625940e-02,-2.796658915534464690e-02,-1.042665133288166041e-01
-9.706296360999216999e-02,-6.881583470693300453e-02,-2.438941330401730306e-02
-7.193282142412565916e-02,2.191262664536560139e-03,-9.808623297756063897e-02
2.005364739231932716e-02,1.200309081251921539e-01,-6.235167340625106906e-03
-1.000674867743495677e-01,-5.520581951493643696e-02,-4.284515472187767904e-02
4.691187530707357362e-02,8.779694195627368858e-02,7.096726948012110903e-02
3.369594598223621743e-03,-1.021670680991283303e-01,-6.741252932193347869e-02
-1.253039636769262728e-02,-1.143326387802029026e-01,4.258550651582448943e-02
4.711494699234065192e-02,-9.210083198114626946e-02,6.624745252171035381e-02
6.738364043823255600e-02,-8.111781715127074077e-02,-6.339647164904506360e-02
-7.467182252206977511e-02,9.755477154344624480e-02,-9.780494636621173132e-03
-2.521584765903402831e-02,-3.362277211331632376e-02,1.160641662573932004e-01
-9.307633006352306060e-02,1.552186948714668994e-02,7.988666061291220533e-02
7.682310941462644482e-02,8.654547387793709579e-02,4.407873211598007518e-02
-1.026100734339080583e-01,1.071642656940769746e-02,-6.884802896301470132e-02
-9.573889866646709268e-02,-4.790467591022214318e-03,-7.901742509695711125e-02
-5.976440886997792107e-02,-1.058826658538186694e-01,-2.643250598934443474e-02
-1.130117009702569092e-01,5.229595138315953906e-02,4.908677757332413107e-03
-1.212929994728745436e-01,8.251061638912458168e-03,2.827687683568116256e-02
-1.105887470001711281e-01,-2.810242597655563182e-02,-5.107961930023554448e-02
-4.453732069838051838e-02,-1.093643349957031385e-01,4.163830175236703235e-02
-9.690563166869896328e-02,7.493553444152147025e-02,2.685179018627904465e-02
1.074705266940968740e-02,-2.995695842897687020e-02,1.215045517181028295e-01
6.612368139928688493e-02,7.069212726041625150e-02,8.034811094898337835e-02
-1.138680201403035053e-01,4.003179174222800535e-02,-3.614375763945743697e-02
-6.278994363586437588e-02,-1.093189740277029504e-01,-5.565436119582333613e-03
-3.409052947777420350e-02,-1.159533760528690949e-01,-3.696254964307790769e-02
-2.914632900608238320e-02,9.429097380295836661e-02,7.926359720666369124e-02
-3.582476047946210607e-02,-4.778273466373632317e-02,1.118297220531459246e-01
1.800576790979090472e-02,-6.776279490214624779e-02,-1.058584209916070273e-01
-2.534254168229221893e-02,-1.163970802274492261e-01,4.450894674806053775e-02
7.549423142707858969e-02,-1.006444216543216086e-01,1.981151893913401379e-02
-1.009961266322110529e-01,6.869552642088325167e-02,-3.676316078110977714e-02
-4.987849360686784361e-02,1.122557956896769737e-01,3.508967130023384062e-02
-2.534657803317856561e-02,7.874292600653386154e-02,9.760813541263220483e-02
-1.045268218425957074e-01,4.614517453522790080e-02,-5.800678614734295496e-02
-3.449402803312392584e-03,-1.044144460530958413e-01,-7.453565441557034876e-02
5.566423458292248105e-02,-9.208625767062834921e-02,-7.029448187053342900e-02
-7.094860485756571133e-02,5.007828708211482099e-02,9.501612612927209933e-02
-8.558376850038010297e-02,-9.638415072460208843e-02,2.250167970532758726e-03
-1.268612754745576110e-01,1.789584639047619302e-02,-1.598415848881141674e-02
-5.298817345788291167e-02,1.172557750511720870e-01,-1.276346792745075738e-02
1.708731619983673913e-02,-3.605914498321819567e-02,-1.231966129511508912e-01
-3.278625580052594440e-02,1.242883053636585217e-01,1.724062895488212566e-02
-6.101277990568729215e-02,4.692454243572757866e-03,1.145658836456723978e-01
4.343170512164738067e-02,9.124213025679464573e-02,-8.190655471628398299e-02
-1.197105226659541943e-01,1.179305570811362523e-02,-5.000681551711069067e-02
2.501051492226027614e-02,-1.255876839080865559e-01,-2.495720223551632297e-02
-4.690068549455198715e-02,8.047315302810738313e-02,9.162631557856049103e-02
2.270805209114833828e-02,-9.664513594072671188e-02,8.523743059273868050e-02
-6.511913152736271970e-02,-9.227365691812121004e-03,-1.133407548020356065e-01
-2.240418900617700826e-02,6.175534107828838798e-02,1.136070413229714055e-01
-1.493205829083950331e-02,-7.574156623940619948e-02,1.063624857132944301e-01
1.780092824984606456e-02,9.957426915374430199e-02,-8.421024233725495078e-02
9.880326967578512143e-02,4.582169506352992000e-02,7.424381263088444816e-02
-8.819289412799398431e-02,-3.244999161469674237e-02,9.270111540323851262e-02
-9.363681880601400220e-02,1.428629648093130040e-02,-9.221281977845149913e-02
-1.680708309220245444e-02,8.198649434608371034e-02,-1.025748783425935728e-01
-1.105365004209160756e-01,5.675250719261242666e-02,4.623266764518012967e-02
8.795278768431218086e-03,8.248885521504524532e-03,1.322195925564672303e-01
-6.819257661431236961e-02,1.141204892191226422e-01,-2.132849522422089125e-03
-1.163192973588661749e-01,-1.363828973485683993e-02,6.334795121875984314e-02
-9.471142029520014660e-02,5.270651328574526423e-02,-7.766492670740171578e-02
6.264625711161619925e-02,-1.162818248972697227e-01,-1.962197987150848810e-02
9.572830889058608905e-02,9.278005003083000801e-02,1.048816445801901802e-02
3.940773190671546800e-02,-3.137136226833632524e-02,1.240804972374563164e-01
-4.106770334844666442e-02,-8.640026171187205339e-02,9.398209894297275546e-02
-1.017678815006436976e-01,8.053055895792897434e-02,-3.454651275974637836e-02
-3.732172955195911523e-02,-3.815717987164041203e-02,1.234408020827139213e-01
-1.151225744166472220e-01,2.611139598851897059e-02,6.482842333693349113e-02
9.400984454542515856e-02,8.833550765448623665e-02,-3.934448168483891534e-02
-5.461909917019155958e-02,-1.223109788554361671e-01,-1.723622481124819500e-02
-7.683591883706815395e-02,4.475558086140280639e-02,1.019060230975025044e-01
-3.976799793985904413e-02,-1.294623471294049921e-01,-1.028252616972585550e-03
3.122550799001860833e-02,8.288998358676366585e-02,1.027068782592772955e-01
-7.266886173511898084e-02,8.520727470620544086e-02,-7.684346935811885160e-02
2.839490527562965258e-02,-1.225979037677385752e-01,5.158453576299746463e-02
-9.624670044791994172e-02,9.263445739670578272e-02,-2.654190696149761469e-02
4.675448595233115678e-02,-1.203212407461881905e-01,4.401662532509395542e-02
-1.272019302307582644e-01,-3.294817545837885192e-02,3.723410870391812705e-02
-9.125007782208580109e-02,-1.323445763962965115e-02,-1.010062087041340290e-01
-1.985782484312534346e-02,-1.229357884510260263e-01,5.699272926296659880e-02
3.196431660678510783e-02,-1.289766551955092155e-01,-3.392329984368442491e-02
-1.308768973598302410e-01,-1.970845758911607404e-02,-3.663490208086477018e-02
1.010880646448981957e-01,8.069386354054769450e-02,-4.669970184362883664e-02
-1.207900385526130549e-01,-4.497590763807817610e-02,4.847673826111786183e-02
-1.106302913512693387e-01,-2.465978279760899783e-02,-7.853556736341969768e-02
-1.032090749657166573e-01,-2.244758195995074160e-02,8.894369184858740007e-02
-1.045461612455001466e-01,6.000448585713370059e-02,6.773902374390174119e-02
7.079519174407496174e-02,-1.176219928433911016e-01,-1.800530549539094624e-02
-1.152857398330165428e-01,-7.481793437337870556e-02,-1.829400672522868074e-02
-3.848462096081738809e-02,-9.462750736634475968e-02,-9.402083878367026304e-02
-7.489140463304053141e-02,5.590207902054709216e-02,-1.029260908773643041e-01
-3.280748232370903766e-02,-7.197918583732779325e-03,-1.350986429927957255e-01
-1.161143426267243067e-01,-6.431809783561100169e-02,4.257589900328045962e-02
-1.104757571903570434e-01,8.122083307515165496e-02,2.612799051889576687e-02
-5.964467955128066601e-02,-3.739014447394470309e-02,-1.207528166352363902e-01
-7.152234632171014517e-02,6.661797843577192679e-02,1.001786412574370844e-01
2.716258292860904491e-02,-4.522842771306707921e-02,-1.298391082569909094e-01
2.918604304001623864e-02,-1.341932983022648684e-01,-2.888661073771474352e-02
3.042621235283642783e-02,-1.094147533203709832e-01,8.276046595877414869e-02
-8.665899091655232533e-02,2.159193667519947180e-02,1.087346349321638705e-01
-3.024473852679922942e-02,-5.843524236461351135e-02,1.245889683423815897e-01
-1.120927346274328169e-02,1.393364396954369921e-01,1.908407931309278813e-02
-3.989306693122210423e-02,-9.911617417611191805e-02,9.242145034369116108e-02
2.990394541593121213e-04,-4.258891316922575748e-02,-1.348926870798454747e-01
-2.640162324861901333e-02,-1.138419066694400933e-01,-8.003564494865281209e-02
-1.055544180260445941e-01,8.743210509212949455e-02,3.646164361213378308e-02
3.988153166635557273e-03,3.342269201519437738e-02,1.379690159507690750e-01
-1.615245298457462786e-02,1.305127280546520066e-02,1.406773184577623514e-01
9.583328961216924791e-02,9.931961955944967890e-02,-3.501278307481828223e-02
-2.047743868033690198e-02,-9.792921661788113463e-02,1.015767823830757421e-01
1.296793007338095313e-02,9.824489720862308872e-02,1.027624137154622419e-01
-5.518313144082791222e-02,-9.908950879439591686e-02,8.700295495248545896e-02
-7.114849895078133313e-02,-1.240406171820476466e-01,6.193958935256360480e-03
-9.620463303250659237e-02,6.111844018142223445e-02,-8.688452327363424543e-02
-1.033147958157798058e-01,3.585375552461440851e-02,-9.291655200602969011e-02
-2.531942889786553338e-02,1.271218819366218555e-01,6.200911498292554364e-02
-1.163927015735076037e-01,6.072752678779742841e-02,5.885895073845017617e-02
-3.186719685721021295e-02,1.164945390360774963e-01,-7.852585368340632421e-02
-6.462861617954659965e-02,-7.549327868282640353e-02,1.045470712677469827e-01
8.366884544959138359e-03,-1.438306618150904381e-01,1.011625221568766310e-02
-5.690906284044908864e-02,-3.808830801850431741e-02,-1.273723049988255140e-01
-1.242770867283950337e-01,-7.312076316502351403e-02,1.323364119965502253e-02
6.823627366053200416e-02,1.182939060604497883e-01,-4.868755940783152381e-02
-5.500050278548253985e-02,-1.174176610514921990e-02,-1.338311621508543603e-01
-1.419596830042317293e-01,-3.114110160174773934e-02,-2.239261036816274624e-03
-6.630700106390764736e-02,7.339958031717527809e-02,1.067562207437792315e-01
9.868880420012986210e-02,1.071365311704571138e-01,4.123751329897717803e-03
-8.555331892008599670e-02,8.447432760846097788e-02,8.266315364351675687e-02
-3.802348431812625773e-02,-3.185855598099453234e-02,1.374100607640413585e-01
9.537796717458744966e-02,-1.035101404148729004e-01,3.980971663797110149e-02
5.804733332060484086e-02,-8.744322472859770989e-02,1.021478877285384723e-01
-1.023541827411313387e-01,-7.468365972368562478e-02,-7.382342973586157597e-02
-1.261369541603432898e-01,7.559716618937522073e-03,7.476773395974888048e-02
-2.580825173982488271e-02,1.416435212447035574e-01,-2.971449385171696239e-02
-9.961857830570214345e-03,-3.515145514146123668e-02,1.425871371452540615e-01
-2.355950144362301685e-02,1.074483092401408574e-01,-9.808088210126149342e-02
-1.033841222257393527e-01,-7.249040512095981936e-02,-7.636129897226690000e-02
-1.184431607292771027e-01,-3.016264776893956209e-02,8.300477810997036743e-02
1.106271403243398038e-02,1.219929220537780967e-01,8.293324907874752294e-02
-7.501263791168437389e-02,1.359075655826124177e-02,-1.269851875953557641e-01
-4.561681844954708354e-02,-9.608037884378363425e-02,-1.033383429593793534e-01
-4.119149797713538355e-03,-1.445201717539682795e-01,3.380007628407677434e-02
-1.168006915807875447e-02,-1.412823640316327456e-01,-4.475209851898388075e-02
-8.794100537646122595e-02,-1.045677990413324543e-01,5.904459667462239048e-02
-5.699280032403066659e-02,-1.349345061518512912e-01,-2.744598908491070743e-02
-9.822969347402393803e-02,4.573419277037739329e-04,-1.123121286123606594e-01
1.090633810250767888e-01,-9.356544171281500066e-02,-4.084774464268029620e-02
3.431679897930067086e-02,-1.307821782521547196e-02,1.449957472167325845e-01
-1.229125099617662670e-01,-5.263549554434147210e-02,6.744708612852128027e-02
1.756965621996913959e-02,-1.261874585364132773e-01,-7.905570499238304127e-02
-1.784354782180007024e-02,-6.662649616804101893e-02,1.333379708662559560e-01
8.697677675621637294e-02,7.622332483399278658e-02,9.600160177257187344e-02
1.219582428872749702e-01,8.005512497833681962e-02,-3.692471622389386504e-02
-9.899641147178529776e-02,8.105445546866786588e-02,-7.956636022444386891e-02
-1.499264931663555900e-01,-1.594245449484289062e-02,4.868005284273892522e-03
-1.121891617092673696e-02,1.085119235688349615e-01,1.044511590003527612e-01
-1.479036705175679478e-01,3.146067023588396822e-02,-6.735669513604793362e-04
-8.684184501663153033e-03,8.317719617240548757e-02,1.262017423778638570e-01
-1.046335844452242481e-01,-6.623397543658031406e-02,-8.741095535412285455e-02
-1.381111094848406357e-02,1.484551945989611710e-01,-2.830567570225725124e-02
-1.149729456098817632e-01,3.735426424364408915e-02,9.204307628887126169e-02
-8.288954925133637519e-02,1.254047196252726648e-01,2.332835222391829028e-02
5.875971693314661209e-02,-1.134153307607332767e-01,-8.295010741591103687e-02
-1.252934730623546655e-01,-7.228286078354601019e-03,8.660848486820006686e-02
1.362225220090331618e-02,1.229350376498199449e-01,-8.948996895490454739e-02
-7.340079475240640638e-02,-3.138475496643866602e-02,-1.303446144461734568e-01
3.380988540732102134e-04,9.178181672458023133e-02,1.224490803436321940e-01
1.438719821998678539e-01,4.126356030237674638e-02,-3.273230915250217171e-02
-1.109709826411162947e-01,1.016822280813908658e-01,-2.957832250742759017e-02
-1.386448111085798462e-01,4.645348679503787798e-02,-4.694597066159285348e-02
8.011053847808868866e-03,1.243644072290988750e-01,9.005062416983294904e-02
-3.878334689647274652e-02,1.641732229644217098e-02,1.480598802967507399e-01
-1.747251132007069871e-02,-4.181755082711108296e-02,1.472992058254799508e-01
-1.158988047410597910e-01,-1.000305446203684501e-01,-1.918590738711415528e-02
6.944243723113954249e-03,-1.087160040266703098e-01,1.095220646301833800e-01
-1.466896430804019713e-01,3.405787893924727000e-02,3.522012886686910066e-02
2.027998361886797912e-02,7.735848958585817003e-02,1.325837498493160349e-01
-9.020529330120782840e-02,-5.482268684150949645e-02,1.135226809754904947e-01
1.814174500231823320e-02,-4.981728971642980508e-02,1.458592998680537933e-01
8.094611674616439267e-02,-1.320126705760120422e-01,1.273358058069665177e-02
-9.620342811120956295e-02,-2.461536792723414621e-02,1.197360890777414699e-01
-4.256527901792598462e-02,1.383588205502875312e-01,-5.743523247576787227e-02
-1.301871942002197358e-01,3.902479408824208879e-02,7.640811380454204382e-02
2.242347271659363150e-02,-5.742981404276380902e-02,-1.434048578205049107e-01
-1.479361191685830412e-01,-1.202465141228125159e-02,-4.891229664154268797e-02
3.934643791338436614e-02,9.477014231447174197e-02,-1.181049200650556991e-01
-9.861539592778013896e-02,-3.873683617384642702e-02,-1.153646026945681496e-01
-3.325346444290155912e-02,6.587808273514325630e-02,-1.383657929589145463e-01
8.134845925988370974e-03,-1.564850695220641186e-01,-9.663011919221760337e-03
1.348654092086043477e-01,6.327087379808464529e-02,5.011592231313880680e-02
-5.225197943177248283e-02,-7.143982148939656551e-02,1.300998598757123481e-01
4.551623217396049380e-03,1.165641119577665863e-01,1.058698573513326691e-01
-2.582074461906192983e-02,2.087040027373513254e-02,-1.541769721354008804e-01
5.373272211038691848e-02,1.232178647075209132e-01,-8.282212504575922618e-02
4.202029183365817155e-02,1.394879541227440622e-01,-6.134597170059399168e-02
-1.114197238296945891e-01,6.294096451771682976e-02,-9.309466247840719744e-02
5.514105638181505953e-02,-1.446474870588457806e-01,3.370103165373845855e-02
-8.963735484769976003e-02,-5.735824024172457569e-02,-1.176055466575132435e-01
-1.543206922723721064e-01,-3.362073077838346330e-02,-1.635224988586484948e-02
-1.188355743789907271e-01,-9.591431893980678636e-02,-4.413565522734159280e-02
-1.155845368751583224e-01,-1.083731281090880849e-01,1.488991876044784037e-02
-8.271085635808300696e-02,1.299922233740884725e-01,-4.054664455360916520e-02
-5.595166841378568928e-02,-1.933387316371920281e-02,1.481067590388332189e-01
-1.430856691793571112e-01,6.306848103064098543e-02,3.233894557376469636e-02
-8.528746780406901151e-02,-1.918743461724033888e-03,1.351898891961814120e-01
-1.186892765490966672e-01,9.607692420777839970e-02,4.788581715483212348e-02
-7.482275089628900866e-02,1.018307920556721785e-01,9.848904477024128523e-02
1.372946469797361735e-01,-7.228380828967886917e-02,4.062502787366776419e-02
-1.576228226175467595e-01,2.788983466695982641e-02,-1.263022697132338244e-02
3.890074115879466055e-02,8.232906348344502800e-02,-1.324695330164262774e-01
-1.112022371602785914e-01,-5.691089158743931758e-02,1.014493745042807232e-01
-8.147554304583740081e-02,-9.642861898040177345e-04,1.389778845049065847e-01
-5.705311650492734393e-02,-1.508373088087013036e-01,2.102364638460606661e-03
-9.840086514335699697e-02,-2.810286206035279150e-02,1.248849039644934628e-01
-1.098605878422848590e-02,2.645935862972672095e-02,1.590765791033695309e-01
-4.972967606842511323e-02,7.166550897770682105e-02,-1.362887197852258314e-01
3.048119383579789635e-02,8.301390291793089848e-02,-1.357228171524620108e-01
-6.480736389016114596e-02,-7.767318066887586581e-02,-1.267498054447319389e-01
6.295839790022755844e-02,1.233252241064527049e-01,-8.475456329172388614e-02
-2.737936996311345766e-02,-4.412410798475235180e-02,1.540040919222722404e-01
7.658562863748104299e-02,1.286432601989663249e-01,-6.369491215050442079e-02
-8.148129423701384877e-02,-1.401140428838008323e-01,-1.606378524932325705e-02
1.003064386325317470e-01,-8.649023620030898973e-02,9.510517470785025129e-02
-1.109465510040707897e-01,4.616462111888778447e-02,1.104735886024462571e-01
-1.213328784792565840e-01,-8.015495102418900009e-02,-7.453903940546285911e-02
2.557957162092407838e-02,1.479727541187379758e-01,-6.488584311596290455e-02
-1.462490338705583204e-01,5.928157166325474792e-02,4.376359021793002624e-02
-1.480939029153992004e-01,-4.749422943539712699e-02,-5.185349280326193022e-02
-1.000638259517452472e-01,1.300178902586905660e-01,4.106985218264179796e-03
-1.391886054336730905e-01,-4.249715224430172800e-02,7.624205481731119449e-02
-5.680869386286201833e-02,-1.121356055336288626e-01,-1.060602914160265337e-01
-1.037817046658988246e-01,2.323795719317575670e-02,-1.256896360037189075e-01
6.981829245332192568e-02,-6.457554925872495410e-02,-1.346183426167320007e-01
-5.278936492935736025e-02,1.242352913239219703e-01,9.488823176750404986e-02
-1.521411786252110931e-01,4.274994920316901176e-02,4.804843992009397852e-02
-1.618136826324433064e-01,3.401346637945557028e-02,9.252675323006717646e-04
-1.477190796263823103e-01,5.457562212537010737e-02,-5.099358753636324543e-02
-1.330588768143362577e-01,6.805702518304004855e-02,7.156620513350071822e-02
-1.000054583749864640e-01,1.021275563434833333e-01,-8.417501228574812699e-02
1.298074759848594772e-01,5.339893683825835957e-02,-8.873326268776283998e-02
9.614272494340748987e-02,1.181832651874393375e-01,6.650422024202481963e-02
-1.178467823239508078e-01,7.017215774551140151e-02,9.423410126947609489e-02
-1.080894009411240420e-01,1.205502439786936830e-01,3.917863718079021840e-02
-1.322759832488157317e-01,1.840597905439933513e-02,-9.986768621438298077e-02
-1.184732670425085455e-01,-8.340734630975057962e-02,8.291706237350782160e-02
-6.695212320829652120e-02,1.494759707753593458e-01,-3.318125475277003411e-02
4.148642069161783547e-02,8.903213336985739412e-02,-1.354162362226311034e-01
-7.838568304839443890e-02,-1.479488775144874035e-01,3.317944376693294801e-03
-1.373347716153872078e-01,1.626649179989281963e-02,-9.475014792030796162e-02
-1.564790522829925812e-01,4.666985108228510065e-02,3.870578901362816543e-02
-1.013563570288492505e-01,1.331931766375142080e-02,-1.333053278112611983e-01
-1.426860650148774334e-01,-3.014655687315274252e-02,-8.373564782610956603e-02
1.282465898261209714e-01,1.073446104310349231e-01,1.920255594981968433e-02
-1.636103462492620730e-01,1.451542106996455035e-02,3.766687698744408674e-02
-8.139714283512145335e-03,-1.684545151043474742e-01,3.707419296956003182e-03
-1.371249840289150146e-01,9.558717181038105248e-02,-2.399758133458223044e-02
-5.918773339807706368e-02,1.144262779259303808e-01,1.094470765132938700e-01
-1.639640478194775708e-01,-3.593902734237463398e-02,-2.141526088592597341e-02
1.054052732489644956e-01,6.377331288570153855e-02,-1.162599882567733195e-01
-2.959986601222810293e-02,1.954695432806780389e-02,1.658154168913763271e-01
-8.958005227718857100e-02,1.158837229841666316e-01,-8.578288932526777211e-02
-1.114399630921835693e-01,2.120034936797138975e-02,-1.265044964821316065e-01
-6.397232553890055962e-02,2.161453798703180662e-02,-1.561136919901837949e-01
-7.340052649949295460e-02,-8.687239852750847091e-02,-1.267128415455102131e-01
-2.033186086514414057e-02,1.635137413287041652e-01,4.358870230541861401e-02
-7.631746899290210717e-02,4.057583866618514820e-03,-1.525412432246004701e-01
-1.542246927201791351e-01,-5.066449865508520362e-02,5.307630590741971993e-02
-1.875531861704319084e-02,1.243820603268386560e-01,1.157852144814316975e-01
8.927982373741183073e-03,1.356363539677865049e-01,1.039789393588177319e-01
-7.605609605657571992e-02,-1.396842729942421035e-01,6.365563887312543356e-02
4.051618515828517807e-03,-1.677431738665974836e-01,-3.540955051012249083e-02
-1.064135429032136981e-01,-1.339133568370511895e-01,-1.453256743300851243e-02
6.179511726182679993e-02,-1.239845228943671634e-01,1.016703952446574716e-01
-3.504164933118439351e-02,-1.603992413007759299e-01,5.130026981522023410e-02
-5.511633563993652285e-02,-5.348311258600906698e-02,-1.541078316703074214e-01
-1.379311118017538529e-01,7.183553407567555560e-02,7.431091361973013454e-02
4.739470877522014222e-03,-1.710049209310912921e-01,2.241229318995994341e-02
-7.057087628115983786e-03,-5.161460596927185118e-02,1.646621969468913815e-01
5.445709668394837361e-02,-1.285145544665314554e-01,-1.020099888408547567e-01
1.645254722242438794e-01,-3.340714151635093554e-02,4.198895811572959935e-02
1.275737755910128779e-01,-9.797335519030450635e-02,-6.429674499821594336e-02
-1.637190370543258333e-01,-5.155059889325346034e-02,-2.463232278737504527e-02
-5.289091648670298657e-02,-3.812266641904075992e-02,1.608652059745891427e-01
-1.281385319389817534e-01,-4.113371932018326099e-02,-1.098964939451125694e-01
-9.643101614311733183e-02,-6.882604796129035592e-03,1.445778012859124662e-01
-1.042032059291777280e-01,3.066035459404741967e-02,1.360554082393420627e-01
-8.614424321590462286e-02,-7.577511212370413585e-02,-1.311761119602468939e-01
8.210959952421119368e-02,1.382984713937008003e-01,-6.754176262003831754e-02
-7.033245123848065605e-02,9.459740562031382360e-02,-1.288236567032286506e-01
1.170568428331121014e-01,-5.845133663232973675e-02,-1.158988774667978616e-01
2.096874240725709812e-02,-1.562552675552447146e-01,-7.587235874103030742e-02
1.029271994838883847e-01,7.945602269709560461e-02,-1.173259718296520704e-01
3.738162449480681576e-02,-4.190321387470162529e-02,-1.660724820015051506e-01
-4.054145605274094011e-02,1.338732163912012274e-01,-1.059641961191141180e-01
-1.568739284258742483e-01,-4.170652170841804285e-02,6.712646352972923003e-02
-1.705697830306243945e-01,-1.057084240884783970e-02,-4.135021085498911259e-02
-9.241831470714680086e-02,-1.228305598652937314e-01,-8.572043465043792387e-02
-9.295965104540815371e-02,2.755153280336845173e-02,-1.470945013626622222e-01
1.884520906896087339e-02,-1.740236545956215519e-01,2.142279340652780348e-02
5.546104529839135378e-02,1.675760428036066341e-01,-1.276523229957959469e-03
-6.688756032038517541e-02,-7.024997118017779762e-02,1.476865000598139854e-01
-3.303477596769641839e-02,-2.450263633254397624e-02,1.720165428133658692e-01
-6.605175496372152344e-02,1.214321738999735445e-01,-1.106067896242636933e-01
-1.500920540170092854e-01,8.938624994472033070e-02,-2.976722258169786639e-02
-3.197848311585787390e-02,-1.693599057564894317e-01,-4.194520101195685358e-02
2.646440306292054123e-03,-1.531776008967198344e-01,8.975325933717190341e-02
-9.518036379394662072e-02,-8.737475009440925922e-02,1.220395486025128290e-01
-1.687054255302462002e-01,3.825346325775488138e-02,-4.151823577191202791e-02
-2.618832610515717599e-02,-5.146768564113747384e-03,1.760614945489639704e-01
2.333073750454598208e-02,5.034707077253226110e-02,-1.693877582398162773e-01
-1.183665271930608026e-01,-1.282597152254075779e-01,-3.703530326803119305e-02
-9.355758633919489253e-02,1.495296945758032570e-01,-2.796663877999633341e-02
-4.607722420312582862e-02,1.531185698197857770e-01,-7.992121527343511167e-02
-1.062232751257687624e-01,7.804236672895870086e-02,-1.210098241447958856e-01
2.606977064966652102e-02,-5.394684905576178913e-02,1.687870968552908635e-01
-2.125672321185151023e-02,-1.562015832831680773e-01,-8.538058990926958303e-02
1.010414778107471961e-01,-5.435194727809738308e-02,1.379811775987353217e-01
-1.137585885834911659e-01,1.388260578227951958e-01,-7.096641727872951035e-03
1.539369922489053528e-02,1.394656098139820111e-01,-1.124197746530449377e-01
5.519979991249102103e-02,1.335824053854110793e-01,-1.072211223961226645e-01
-1.602795610457653439e-02,3.022177472669147075e-02,-1.768594199701489789e-01
-1.674507889684498929e-01,-4.266050375708047016e-02,5.149487958483356387e-02
5.438146825905764564e-02,1.467303025259853455e-01,8.992344505106140973e-02
-6.300030768492291544e-02,-1.291697657622387085e-01,1.094598999512421400e-01
-6.576615780189977445e-02,-1.433113071708101149e-01,8.851014942842880262e-02
-1.641626342528745841e-01,-1.175402204427775966e-02,7.531207138739060003e-02
-1.669713958376354002e-01,3.429056773633622213e-02,-6.136984194940282161e-02
-1.637973513647724699e-01,-4.458770237246312274e-02,6.376571740925533749e-02
-1.191135710029054690e-01,6.966746110586538587e-02,-1.179164960102319221e-01
4.570923948763058048e-02,-1.122769074132326794e-01,-1.353244169027802701e-01
-1.237611140301065060e-01,1.299251508542518529e-01,-2.954757333927116730e-02
-3.029058313539226277e-02,1.794816006761646432e-01,-1.254873889839608347e-03
1.310519737739149378e-02,-1.722855340710908456e-01,-5.780183396427290843e-02
-1.497544637523794964e-01,-1.028889199373180380e-01,-1.565192001520260973e-02
1.370639604208948592e-01,6.918623259148735938e-02,-9.872535333054106854e-02
-2.368583710932768704e-02,-6.051638616360398293e-03,1.810657607968251537e-01
7.633384402602229335e-02,-1.579597079524452941e-01,5.164164687031926743e-02
-1.193066249584117527e-01,-1.316728488068684144e-01,-4.399715173916122352e-02
9.469958184257168399e-02,1.465472948630474059e-01,5.591115361194992639e-02
-9.049253952206241791e-02,7.263625540613985118e-03,1.593460900112512180e-01
-7.589663621127322457e-02,-1.623149524994346171e-01,-3.986346395520849045e-02
1.601307164396463881e-02,-1.460927224745418307e-01,-1.102668579243438335e-01
6.357577293486679770e-02,9.950250019478061592e-02,1.409909295654723227e-01
-1.022998277543259033e-01,-1.442574564214332833e-01,-5.107277994186496667e-02
-1.256589560952813545e-01,-3.307620658340020003e-02,-1.306237316370033041e-01
6.513038814072349969e-02,-2.619747415174620772e-02,1.705327105017323541e-01
-1.054156993112753959e-01,1.515223435910618421e-01,1.069835826636115995e-03
-9.479355499403765983e-02,-6.829853692972012724e-02,-1.431262476274664242e-01
-1.046227011217324560e-01,1.519984102232653789e-01,1.221655566343062167e-02
-1.559967770774859652e-01,-8.703354951503078363e-02,4.849658344163221280e-02
-1.440389223895650883e-01,2.626919807079914487e-02,1.135235341985763452e-01
-9.161847490248987980e-02,-1.540209945045911688e-01,4.766161211067557191e-02
4.863802296980077045e-02,1.468997309135494644e-01,1.024990757751272491e-01
3.879792920810416768e-02,1.671644142002190192e-01,-7.117076226417930196e-02
-1.123109046334878486e-01,-1.481206337810209439e-01,4.932454727453357279e-03
-1.819578241336793911e-01,-3.778456527997113568e-02,-1.023725288421680792e-02
1.970578073157004673e-02,-1.478474121272534691e-01,1.116123935633496350e-01
-1.432131324569554075e-02,2.363461818858264910e-02,-1.844023443866548428e-01
-1.198401214868922982e-01,-5.062906253099348081e-02,1.338148886677827387e-01
1.229272705850438518e-01,1.192189851791791710e-01,-7.463647517969136669e-02
-9.756916365762978091e-03,1.606563449073224181e-01,9.514604883312995087e-02
-1.816747055359715646e-01,-3.803503084446846483e-02,2.386741804075054665e-02
-5.654210077127269640e-02,1.643433198401574036e-01,-6.985636006303901080e-02
-1.342100974179246398e-01,-1.308995781313976592e-01,-1.505901462171255071e-03
-5.334922237013451154e-03,-8.160151007957959501e-02,1.688957212394873453e-01
-1.448227303387823739e-01,1.424932661566312431e-02,1.187439342867583209e-01
-8.074613465370800505e-04,3.232208056170033771e-03,1.879614000352490266e-01
-1.847241428521268491e-01,2.625959061648794335e-02,-2.432803353899214843e-02
-1.436190244875719946e-01,-1.082783472065816238e-01,5.583625486704960061e-02
1.720762725543432958e-01,-7.675536360325277419e-02,-5.532378182343432142e-03
-1.082856420806154324e-01,1.337730719618175357e-01,-7.729934434485805084e-02
1.167685799461468110e-01,-1.427619917628100699e-01,4.055030611333481499e-02
-5.223317272104886777e-02,3.852456266221570419e-02,-1.775156909026291419e-01
1.125379906960051885e-01,-1.404101122125666623e-01,5.838289187115661832e-02
-5.669692006794900541e-02,-1.714773771632628063e-01,-5.686357320501120305e-02
-1.569268936380730228e-01,-5.354538424322075052e-02,9.177972699357990483e-02
-8.496903300926057778e-02,-6.217426393300863607e-02,1.577831480102888928e-01
1.356698282534461175e-01,1.187926024430746158e-01,-5.939003292665021722e-02
-8.991361917331650022e-02,-1.361018878565772305e-01,9.747452643230276881e-02
-1.740373296112317780e-01,2.970689823046257852e-02,7.072709303916097090e-02
1.124849695634890651e-01,1.535730191258386779e-01,8.150229778193915278e-04
1.509797072812440466e-01,6.885201799718970728e-02,9.363313537377945805e-02
-5.314933403240081761e-02,3.888714334692738861e-02,-1.789694110043225928e-01
8.647691503872138586e-06,-1.896092546475684204e-01,2.190797557205136775e-02
7.927066497046861282e-02,-1.197931198108377476e-01,-1.259442660856912588e-01
6.463222751830070834e-02,1.441056536516738956e-02,1.793761452854608363e-01
1.515432288130190153e-01,-1.107580177460945753e-01,-3.731949687926461312e-02
-1.023852638347761274e-01,-5.185930465356308056e-02,-1.533557632244293978e-01
-7.835164870191123343e-02,1.624086263174817912e-01,6.510995960732010590e-02
2.740042903955575496e-02,1.405926349395312247e-01,-1.276814271723517302e-01
1.276727604519966031e-01,1.415381275109960646e-01,-2.347464359606346238e-02
-1.100859732116625939e-01,7.645516642792724027e-02,1.377859752782404357e-01
-1.361244975020634296e-01,-1.892440823835459668e-02,1.346334838262879807e-01
3.189573866143960434e-02,1.894108703771489599e-01,-1.361288594713688620e-02
-4.350065692763740305e-02,1.813373083286914933e-01,4.866808928075942731e-02
-1.387595364849408541e-01,-8.044885331970548503e-02,-1.071583338507121480e-01
-1.636917203253530351e-01,2.647080040313495516e-02,-9.888640128407676089e-02
-1.009092104388710220e-01,1.429296115016964186e-01,8.202297966082532088e-02
9.773668124667589385e-02,1.668891741928628103e-01,9.159013716095286558e-05
-1.626275487372992046e-01,-5.783527391362753428e-02,8.761860622851366798e-02
-6.719789001528903190e-03,1.823306854427027002e-01,-6.515566359282984332e-02
4.007444711856572583e-03,1.917292352582117554e-01,-2.870565893435759672e-02
-4.243563714929287495e-02,1.274586403451788141e-01,-1.400678690929868797e-01
-1.643257110028285561e-01,1.033884424844694477e-01,-6.224966733567901915e-03
1.695740242516936835e-01,5.537637339281757665e-02,-7.729408120671980853e-02
9.351406512107962588e-02,-7.153281186210277975e-02,-1.549189824014819139e-01
-1.929223603584465652e-01,1.544458141023134258e-02,2.167104469101602954e-02
-6.586701645469217326e-02,7.261512703777035782e-02,-1.684675595569878059e-01
-3.179813511283962474e-02,3.149552318125814487e-02,1.898821396823197616e-01
-5.535860839971160768e-02,1.834651367134559063e-01,-3.741527181834890942e-02
-5.225971304655566835e-02,1.603930987334392100e-01,-9.865379624669678993e-02
-1.811465186917249615e-01,3.250520013968098698e-02,-6.621668471506907128e-02
-2.001085610408069593e-02,-1.942245497490042161e-01,-1.405113665999232174e-02
-6.877756745080906842e-02,-3.665320033623371138e-02,-1.797582275136425656e-01
-1.877997034965775414e-01,-4.069558318334187685e-02,-3.908712131242055021e-02
-6.049778986207358933e-02,-9.694693608780163840e-02,1.595614131743731956e-01
5.141859725865348396e-02,-3.999114872799002657e-02,1.853140233760464384e-01
4.966986548096152115e-02,7.523609061497114892e-02,1.747078789305403501e-01
-3.320943179911075432e-02,1.765554960233348680e-01,-8.026019456359533011e-02
-1.182013813865854662e-01,1.568866455072889521e-01,1.405222823549520141e-02
-1.564885702077931096e-01,3.627146383533506185e-02,1.142114033291163622e-01
-1.877426551744810213e-01,5.317606866481542488e-02,-2.897697120464548179e-02
-8.127455030288895099e-02,1.180310872419041701e-01,1.358084863029037082e-01
-3.413727206267798062e-03,5.827457196286033730e-02,1.887841823435319477e-01
-9.142201937611059426e-02,9.734215851686057672e-03,-1.751015757145386043e-01
1.065749369241888837e-02,-4.983433579722537643e-02,1.912656710838268881e-01
-1.968598078185877440e-02,2.741088354980324854e-02,1.952102598419775958e-01
1.869339991976007656e-02,1.647186018209326197e-01,1.087688409354705399e-01
-1.878827615807676932e-01,-1.727193014113140995e-02,6.148573534528525147e-02
-1.961914161678636748e-01,-2.044119292355377551e-02,-2.315816726198392447e-02
-9.369096330595093336e-02,5.212985597805232935e-02,-1.673804224748161318e-01
9.048602368705101380e-04,1.988745195679648137e-01,-5.136548234086360000e-03
-1.383116667684658740e-01,1.425769766032468633e-01,1.365873286022076076e-02
-5.998788432685451394e-02,-1.287217235138926885e-01,1.397987153964720397e-01
-4.357685953919973598e-02,1.793434460399002395e-01,-7.559877790076036108e-02
-4.439898649184315094e-02,1.800172612136796968e-01,-7.394206570840124171e-02
-7.194402629595936238e-02,1.859956939687472666e-01,1.188848773320730530e-02
-1.702441987783424593e-01,-1.022929727370744946e-01,2.305529865443482068e-02
6.967274227850261958e-02,-1.381063950003807994e-01,-1.269553844047955904e-01
-1.821478554588933374e-01,-3.483011487836513292e-02,-7.563895260665388920e-02
-1.851762433348019821e-01,5.591774693716628636e-02,5.255596502983742729e-02
-1.088244036541019394e-01,-1.842995075637806138e-02,1.675223217545253607e-01
-7.303878862156373830e-02,-1.560350011428980888e-01,-1.031095363902215095e-01
-1.004151614359169720e-01,-1.725965965719988837e-01,2.252635582474201911e-02
4.529656423057318304e-02,1.956386869163858622e-01,1.100259876281317779e-02
-1.763050685595553557e-01,-6.389832574405790444e-02,7.313006852525050228e-02
-1.068242599654065511e-01,-1.703081087900337465e-01,-1.286068862242498514e-02
-1.874029927683906471e-01,-1.879314117782199603e-02,-7.194331681005793067e-02
1.101970498177786695e-01,3.458663889722923823e-02,1.654586212613142482e-01
-1.962007835251464161e-01,4.372029020268271282e-02,1.942391847805920516e-02
-1.339161925347073963e-02,-1.872325561820145090e-01,-7.493660411466403215e-02
-5.403284570595204978e-02,7.877465781601895867e-02,1.783066746558348015e-01
-1.432378679906115282e-01,-1.261700633759619827e-01,6.745176036043427914e-02
-1.108789459854254283e-01,1.393923141727206605e-01,-9.658593615764757279e-02
1.222751643554393919e-01,1.040084543870088279e-01,1.239022072776509581e-01
-1.793447181605367091e-01,4.868541391244615019e-02,-8.156904428301590959e-02
-1.059725053635583170e-01,1.589096103061474197e-01,-6.909043515308790906e-02
3.721101486239612732e-02,-1.228398024458528526e-01,1.576366284126861084e-01
-8.622290013988218038e-02,1.261420711097201164e-01,-1.343319560690270364e-01
-1.222255610507871904e-01,2.980576879539904508e-02,1.600985936639683915e-01
-7.645343550056910020e-02,1.612242219662773646e-01,-9.842987847081811903e-02
-1.781426352366996535e-02,2.030668978078454534e-01,6.413692360054268002e-03
-1.099372231151423962e-01,-1.578677119424684583e-01,-6.822107657745041243e-02
1.176290728585618478e-01,-1.135004334828871864e-01,1.225213891355829560e-01
-1.488871184110892101e-02,-1.842680293685081128e-01,-8.730415441472798299e-02
-1.615758331665297920e-01,-1.224531571294248528e-01,2.765632629959777558e-02
-5.715761168831732381e-02,-9.209716523985768399e-02,1.737399217625819892e-01
-4.172982377733285703e-02,5.097456622330875931e-02,1.940689142028121372e-01
-1.291771085152874643e-01,-5.495231140759351818e-02,-1.495465675282729445e-01
-1.206658972046742440e-02,-3.207100374322027075e-02,-2.023973271323410983e-01
-6.149271404519775913e-02,1.957009336202283623e-01,-1.126211172661276821e-02
-2.837148784293537507e-02,-2.073055323813573214e-02,2.025848075456270492e-01
2.224623498971579905e-02,-1.929421247638621606e-01,-6.798560310906245907e-02
1.714168329157640669e-01,-3.904135763613870297e-02,-1.072566359277545150e-01
-1.913960366877771879e-01,1.653987540205689721e-02,-7.466136600906290999e-02
4.862262770416066193e-02,-1.929074458173168638e-01,-5.450977296800655486e-02
-1.155771980074976890e-01,1.194271914259902867e-01,-1.224593289811514718e-01
-8.657794544393050684e-02,-9.299673211534162376e-02,-1.629159644405060170e-01
1.390181991309974441e-01,-1.530169451210490472e-01,-3.749075469974941059e-03
-1.387608720052113942e-01,-7.520026597822208891e-02,1.338403517289845357e-01
2.727091613095686609e-02,4.851487335507835563e-02,-1.994847014322888579e-01
-6.727016668291832535e-02,1.554636773049929699e-01,1.194403460377449627e-01
4.290694527850097417e-02,1.189700469440495567e-01,-1.644204277481407239e-01
-2.047628331526102630e-01,-4.203213447143206924e-03,-3.394467264647306470e-02
-2.944520992859123512e-02,-2.047042945022654048e-01,-1.989144603886518550e-02
-2.011543820765308854e-01,-1.261031203915844931e-02,5.112034007241585826e-02
-3.486221639218511220e-02,1.760875450205887371e-01,-1.052715309410098138e-01
-1.828827981008405434e-01,-7.434972723461022448e-02,6.632673025162019731e-02
-1.962400663409816226e-01,6.736217330678286042e-02,1.985937265272864558e-02
4.003867097553851645e-03,-2.084145167311838021e-01,-7.655495458955168149e-03
-9.970186982550319210e-02,9.236754743267758250e-02,1.584553285125305799e-01
-3.216884219988143390e-02,-6.095339839944327598e-02,-1.972290032175773034e-01
-1.671886167073405594e-01,7.396500447248338661e-02,-1.014678873545756255e-01
1.715043464765164671e-01,-3.526934303175724428e-02,-1.145867297414023683e-01
-5.241400417541187268e-02,-1.311487808786218796e-02,-2.023309175448106678e-01
-1.867657709244173458e-01,5.599428747761923258e-02,7.687326136930028309e-02
-6.883207478996768158e-02,1.838852594465413826e-01,7.378343820349481108e-02
-1.658906122352801771e-01,1.256773690185942205e-01,2.739549714891493029e-02
-8.263380076366971805e-02,-1.863381386127895001e-01,-5.083479868645497668e-02
-1.032646163850018672e-01,6.263586079656185968e-02,-1.720960409298880334e-01
1.034464136691103237e-01,-1.748848227017489598e-01,5.465818066151609950e-02
-1.160458038705993317e-01,-1.650415172464855806e-01,6.031243529765081823e-02
4.029929060407099611e-02,1.517721336173609992e-01,1.405478260419169012e-01
-1.794037370399871600e-01,1.006195353950203875e-01,-4.660622519227635568e-02
-3.245715134243958716e-02,1.377745798591913928e-01,1.565774599850652815e-01
-2.052704259511019813e-01,-2.102090973866403700e-02,-4.520718813693241217e-02
-6.501687614083040412e-02,8.806395583875893662e-02,1.808557955418542695e-01
-1.455216619510604770e-01,-1.516608274002671231e-01,-2.415601027633440187e-02
-1.198317849967751453e-01,1.690749480545616357e-01,4.341566835426466375e-02
-7.521390282563597540e-02,-1.115097937781312082e-01,1.637352570356979120e-01
-1.357640300321147631e-01,-9.462353095252491741e-02,1.326093695866061573e-01
1.990003074380410908e-01,7.367934907379883325e-02,-3.306269757452862720e-03
1.170784016393030535e-01,-1.598666850744535628e-01,7.645917279263955701e-02
-1.269142226490771741e-01,-1.573058933341809629e-01,-6.579063201914302217e-02
-5.853728048546184143e-02,1.946666944486783180e-01,6.268282184997381323e-02
-1.493850450994387014e-01,-1.456862898019898600e-01,-4.219748319302397965e-02
-7.347264286976958048e-02,-1.830127567890353080e-01,8.061824810884525572e-02
3.183085413786476692e-02,-1.154509014918824877e-01,1.764066760072570961e-01
-1.850902618886455242e-01,7.516818728014401652e-02,7.498693023071477393e-02
-6.573514960578970279e-02,1.804265156536714876e-01,9.341937878087744340e-02
-1.495634191002174485e-01,-1.397003663189471390e-01,6.153833526821121669e-02
1.062050938218003643e-01,-1.831484760518153898e-01,3.032968194290587907e-02
-1.882423998434545609e-01,-3.230144894897255675e-02,9.661592156200035642e-02
-3.587096451512115924e-02,-7.817080738941591112e-02,-1.961792696114310064e-01
-1.779176352739385569e-01,-1.158840797740572220e-01,2.950309932311393629e-02
4.941276277869107586e-02,-1.161702904155842847e-01,1.734579306276539667e-01
2.815248926269561455e-02,-4.015531515949775226e-02,-2.090225235736565268e-01
1.313881980931822825e-02,-3.740708071319975240e-03,2.144282318296366341e-01
-6.445840633958316301e-02,-1.158338798326221525e-01,-1.693056871817806286e-01
-4.687815645974639095e-02,-2.032113425650636240e-01,-5.305774501237059404e-02
1.071992917003500023e-01,1.863043165847516613e-01,1.331682099654437658e-02
-5.673879686546938472e-02,4.002908871154484127e-02,-2.040282736335868874e-01
-1.409655005976526432e-01,-1.549894367473305945e-01,5.125459272723997817e-02
-4.334441811058858951e-02,-1.744527758609756563e-01,-1.194924255482462394e-01
-1.731230260376504237e-01,1.060159679060815041e-01,7.383049824486426216e-02
-7.564741190566387496e-02,-7.329867873133671941e-02,1.887794640004069879e-01
1.533621185319109237e-01,-9.364845460132599497e-02,1.204740153569646283e-01
-6.732065336530138576e-03,-1.960139823429792871e-01,-9.169650397923775897e-02
6.680000769339992928e-02,1.139530253249467079e-01,1.717517165286778225e-01
-2.066109569406118229e-01,1.971361832177724246e-02,6.277457734881496110e-02
-1.001787494835556791e-01,-1.656627056652940355e-01,-9.802380827850994127e-02
-1.941262496164284923e-01,1.193456930847851954e-02,-9.660439666378424495e-02
-2.243387805086183642e-02,6.902538880449328451e-02,2.048496242164019043e-01
-9.061244806800879126e-02,-4.113619606483590735e-02,1.933900132824071250e-01
8.328515258352012229e-02,-1.913097225502340404e-01,6.195213495304860429e-02
-1.562708494525476624e-02,1.008458795852316403e-01,1.924350038046468703e-01
-8.266414646567313285e-03,-1.600657160641780208e-01,-1.477411290020136936e-01
-4.826794781689876940e-02,1.707640335243930940e-01,-1.268785992430797316e-01
-7.934772083016623789e-02,-3.267351671041963945e-02,2.007393235522212660e-01
-1.823695919312995073e-01,8.280910061625602891e-02,-8.726675848612484854e-02
3.292089654392717744e-03,3.425430274487819421e-02,-2.159142423377232445e-01
-5.037261718475490035e-02,-1.975667041129329227e-01,7.940306613842296191e-02
9.419502651663905213e-02,-1.912296310620539841e-01,5.005109568671681913e-02
-2.065273611233011675e-01,-5.765600302674970395e-02,4.517304823878646319e-02
-1.792276627756825558e-01,3.108350689851847523e-02,-1.224804279726414008e-01
7.358854578970340510e-02,2.065356139717495487e-01,9.477747092993713332e-03
-8.810124403162292173e-02,-1.999874995636635178e-01,-2.184360737874541103e-02
9.663416946111504091e-02,8.108296076693219390e-02,-1.799814373210028018e-01
2.065134384533889034e-01,2.663723883669459613e-02,7.085607081695073639e-02
3.598729133603625896e-02,-9.011590588251584821e-02,-1.975702515395609260e-01
-7.721620043951536727e-02,-1.881323343625488087e-01,8.465183574545977196e-02
-1.492538191637250711e-01,-8.462056284526876804e-02,1.384082221371170096e-01
-1.170614564223572823e-01,1.856581209832312840e-01,2.222668443649190514e-02
-1.172879092291420622e-01,-1.709387777543124598e-01,7.590811646675540980e-02
-2.024298619785508124e-01,-8.690518304270021532e-02,-1.674690932391332404e-02
-7.620734429838631196e-02,-7.423560310747512325e-02,1.938159842168438174e-01
3.592170093050352231e-02,7.834174883849089055e-02,-2.037833808354777287e-01
-1.580591501932032683e-01,-2.695939692461886764e-02,-1.527034604947924978e-01
1.760434690455381646e-01,1.046004434428609853e-01,8.466243031758968751e-02
1.761151857826752931e-01,1.146946846262632824e-01,-7.072006187745609462e-02
-8.950473090709160084e-02,-1.910249946297758461e-01,6.887400299447950236e-02
-1.784885448473020331e-01,1.063646094999231018e-01,-7.839798282590777767e-02
-3.323951713536345970e-02,-3.286752413210251855e-02,-2.172678052639742674e-01
-2.832138214711179061e-02,-1.755260022894493746e-02,2.198929063786225491e-01
-3.724703099992029282e-02,1.858641140126907898e-01,-1.166317534433534420e-01
1.455125820595986608e-01,1.419063322850311060e-01,9.108892512669558572e-02
1.896667714317316900e-01,-8.554819708332238315e-02,-7.993315386740548756e-02
-5.972693882463157508e-03,-2.012375178543238663e-01,9.603071064172478966e-02
-1.166100305690939698e-01,-1.144161694899001741e-01,-1.521118507971341849e-01
-2.068193176274998324e-01,-4.622398637104756930e-02,7.063280928707268980e-02
9.619450934749097445e-03,-1.221487428859723140e-01,-1.869758902235112985e-01
-3.415629526307283059e-02,-9.739296624570099870e-02,-1.984786781108257292e-01
-8.979472498874489089e-03,5.753772863776650259e-02,2.161657779105004284e-01
-6.536936246990977806e-02,-2.048496665744172496e-01,6.289202788779051090e-02
-2.179288487717047917e-01,3.983528963787639349e-02,-3.442729167259499928e-02
-1.220984063369029288e-01,-1.679198746963462552e-01,8.504784053460361093e-02
-8.399034055708447938e-03,6.139684722552724710e-02,2.158039282263089775e-01
-5.221953933140764670e-02,1.399485494062072954e-01,1.678458526341225221e-01
-2.216959860198413623e-01,2.979790665841281980e-02,-2.282502376610713590e-02
-1.316020214093995278e-01,-1.268727568341365408e-01,-1.312080791694167081e-01
-1.613136689244357505e-02,-1.394296669713827042e-01,-1.760791923240609957e-01
-9.719302754448339021e-02,-1.223327493828592349e-01,-1.623772719835855638e-01
1.522868829674234037e-01,1.568657745242512114e-01,5.525822509022414175e-02
-1.652257804008185338e-01,1.047090762597484015e-01,-1.125237933309130717e-01
-1.527078673246999307e-01,-5.848630036194216175e-02,1.557509938043575015e-01
-1.222013711840182759e-01,3.328461534169065150e-02,1.871664376519591999e-01
-2.110856595855995291e-02,1.107744279194405185e-01,-1.960342258213072508e-01
-2.043615811465462895e-01,-9.278606177378670439e-02,2.909886671592888316e-02
-1.066798243234757804e-01,-1.377618099766600435e-01,-1.446875494609575485e-01
-1.281717584796030485e-01,1.865245478872605001e-01,-1.215555505090966729e-02
-1.002308492303711834e-03,4.865163094206054195e-02,-2.215242634115148490e-01
-1.535610032983353024e-01,-4.066372350417479103e-02,-1.621120934305819994e-01
5.273537506819696297e-02,-1.630350010959745743e-01,1.490883174127452526e-01
2.766448609343978571e-02,2.246919592320537062e-01,-2.027094268566697471e-02
-2.991962441535841663e-02,8.542150355600690304e-02,2.086736418464866516e-01
-3.613920904089973352e-02,1.947568367818449664e-01,1.121359777364565602e-01
-1.087848917475719435e-01,-8.687841630263730408e-02,1.802853730870190851e-01
-2.147186519977002661e-01,6.652659266890675882e-02,-3.780301119390376552e-02
-1.910079590375786673e-01,1.064969414817941301e-01,-6.486513384742512156e-02
-1.042672745778291422e-02,2.213421509861694947e-01,-5.482948759778851627e-02
-1.040032534759819695e-02,2.122529798280438085e-01,-8.379797327327521972e-02
-7.314024904244896541e-02,-1.795746738575531784e-02,-2.158331021281094109e-01
-1.823842337413622006e-01,-1.077582920945032996e-01,8.633875862045267691e-02
-1.860128347205275423e-01,-1.047757839899007837e-01,-8.261892880259165406e-02
-1.174295612255047000e-01,1.861306743611301218e-01,-6.359818716177598197e-02
-1.580834222955926072e-01,1.655592905903914280e-01,1.238091046427960799e-02
-1.845102034679542147e-01,4.954391564825789268e-02,1.270017275335264817e-01
-2.116664810812190489e-01,8.765572248189473781e-02,1.471022673159179048e-02
7.248446978988668313e-04,-2.297316870993169891e-01,-2.212229514538554306e-04
6.623787928363674901e-03,1.892570850934861271e-01,-1.303447540334748134e-01
-4.704733256438386156e-03,-7.170387154788748774e-02,2.185474499786795588e-01
-1.305860219499623345e-02,9.942180452093239695e-02,2.072343641636652800e-01
-1.890212840979254849e-01,-1.182889213895093189e-01,5.792037783591277855e-02
1.038742797230138154e-01,1.784312517557557765e-01,-1.025832969292135577e-01
