-0.000000000000000000e+00,-0.000000000000000000e+00,-0.000000000000000000e+00
4.472750642991492678e-03,4.535552076566960744e-02,9.849723996917605223e-03
3.726334402922413386e-02,-4.616736532911615981e-02,3.068661163796673405e-02
-2.112789183540474472e-02,-6.505091464041407034e-02,-4.635614600217075748e-02
-8.232429426030598045e-04,5.843777124344021190e-02,-7.643074096934930617e-02
8.944529287447997024e-02,1.477522895044115596e-02,5.938763576931866545e-02
-8.819945492504330242e-02,-7.956114927999383135e-02,1.334192834017525024e-02
-1.064923657034072269e-01,1.930030765604722962e-02,7.186848008516151520e-02
7.084410659265258370e-02,1.111893522727432498e-01,4.619779796970276825e-02
-1.016329832417972867e-01,-1.022918711006537557e-01,3.749755202734032788e-02
-7.688956786608201754e-02,1.378449826950274293e-01,3.388721612862959521e-03
9.538496485064884567e-02,5.450085987580069284e-03,-1.362499402607998955e-01
-6.751903648929548363e-02,-3.637944055960955214e-02,-1.568992055947329989e-01
1.823223949173564395e-01,3.150978975457158215e-03,9.750717070179803700e-03
-3.282305219693783249e-02,-1.418098675508966677e-01,-1.226546304675252136e-01
-6.291595351129732061e-02,1.420946247947384861e-02,1.870661859262017779e-01
-7.477509850174232642e-02,-1.129978742819339743e-01,1.541216885259737990e-01
9.098049099531850537e-02,-5.705608994517041843e-02,-1.832369631043278269e-01
3.405243066215313946e-02,4.776351094456193769e-02,2.114201500731703043e-01
1.630752338429971582e-01,-1.438510291932036389e-01,6.259756082760850604e-02
7.533209849836883243e-02,8.462873212483514040e-02,2.036377041354926198e-01
1.954928546716205862e-01,7.913226104996638754e-03,-1.384173265031483357e-01
-1.677154707171354606e-02,2.453616609945389049e-01,-1.111678963246816310e-02
-1.903582008852928997e-01,1.162509482811482364e-01,-1.185652070204309821e-01
7.616279882145525482e-02,-1.230445896435410774e-01,2.147124127563483920e-01
-1.658712231790199221e-01,-1.980835112220085126e-01,-5.965183733482087164e-02
6.241631377363120875e-02,5.419214003991269096e-02,2.584084344696611635e-01
1.275184222139314483e-01,-2.316336470975633166e-01,8.380492810582176877e-02
-1.524572812096683383e-01,1.504000632528279258e-01,1.855737156991702219e-01
-2.078781392563928687e-01,1.432886444496160594e-01,1.412453615414683006e-01
2.141495883446979387e-01,-1.548170238423722256e-01,1.315005639736545051e-01
2.426147413597209146e-01,1.746131857192328996e-01,-3.501098932243371792e-02
-2.494040745957923910e-01,3.176820635405482735e-02,-1.756516023709791263e-01
1.181236015535403611e-01,-9.265604327574138155e-02,2.739437981592721671e-01
3.020451980200205555e-01,-8.734082540050087939e-02,4.767462110789244534e-02
2.245879729321635931e-01,8.050123413390129767e-02,-2.186136214981937442e-01
2.912361017675522690e-01,6.014745815344067770e-02,-1.410170186625866462e-01
7.291455520558109971e-02,1.449859659237851539e-01,2.926167805991521931e-01
1.502266517942113244e-01,2.586913629236368695e-01,1.616876895021837346e-01
-1.693901693920201734e-01,-1.526092459844964888e-01,2.595181271212850804e-01
-3.494978929855779848e-01,1.251392815415983302e-02,-2.751066803634002328e-02
2.547995785471518504e-01,-3.934730814880203764e-02,-2.456641361720617589e-01
-1.477275791218435330e-01,9.230769039517443264e-02,-3.166498083229253302e-01
-3.574193216813058571e-01,6.395683220763307471e-04,8.173846901927782349e-02
-5.866978640171104098e-02,1.120523818598214566e-01,-3.496865292635010225e-01
2.307998087784493557e-01,-2.773155844784202517e-01,-1.094708117577764955e-01
4.670064306950560268e-02,-2.769959795406342073e-01,-2.591442595636622159e-01
1.226598093765658148e-01,3.306606076799219474e-01,1.600562202710627269e-01
-1.442783889286307075e-01,2.483674957585230991e-01,-2.673252401787741261e-01
2.145305608521443086e-01,2.428065364674983073e-01,2.301777730575770564e-01
3.946061628170615676e-01,6.911932614553306653e-02,-3.863285607261749549e-02
-2.932562866977697635e-01,-9.634382106990214967e-02,2.659990172980299938e-01
7.717052817914698496e-04,3.964540658464690837e-01,-1.137641537700335714e-01
-1.673482252721368232e-02,-2.244175489835117665e-01,3.515482981337902380e-01
1.720281679771297756e-01,2.655724057420438267e-01,2.797262971573487023e-01
1.700392070111395870e-01,3.271482177142819858e-01,2.158667962701325549e-01
-2.515960274069311414e-02,-4.307526909233044821e-01,2.354312351078736987e-02
6.669283378897523928e-02,4.106139969448126537e-01,-1.338266948383544930e-01
2.948593439658898641e-01,-8.153941599498740200e-02,3.187877795067479703e-01
3.009133694811002013e-01,-3.285435937724276445e-01,-3.178591953904071066e-02
3.078447308940764349e-01,3.267562211601778843e-01,4.769226597865068584e-02
4.096495485059658548e-01,1.733397041005166894e-01,1.014609613072496169e-01
-2.771614341912765900e-01,-2.482230659260751260e-01,2.721956017784578075e-01
3.632850071668897174e-01,1.057419144177585563e-02,-2.912633281944053687e-01
1.335214631880918823e-01,3.828992034395535260e-01,-2.385572397427919711e-01
2.236641159477034402e-01,-4.190502568208084311e-01,-1.328289436575522467e-02
3.258689741167709597e-01,-2.166195652125497695e-01,2.778039935430069440e-01
3.652554934608757686e-01,-1.345002363666766287e-01,-2.886189901894791743e-01
1.472260479061501814e-01,4.244747624647356998e-01,1.936239487780762880e-01
-2.668082351453934797e-01,3.468824064186047385e-01,-2.289124498103210503e-01
-1.289967635311802530e-01,-4.242506597806442459e-01,2.277831536239975085e-01
7.034178384525135996e-02,4.241677663316115732e-01,-2.612954640130712991e-01
3.525466423255193549e-01,-3.141303353142774202e-01,1.866301953870418695e-01
6.778117134719793824e-02,-3.399699528107841262e-01,-3.772384611009283462e-01
2.488131959884965216e-01,1.293821401945252636e-01,4.342216949648909363e-01
2.821116077768673347e-01,3.415942516643615812e-01,2.750723252820148068e-01
-4.907707222344933617e-01,4.520029286371774445e-03,1.892956439863504592e-01
1.217938074140516025e-01,3.763221744779861044e-01,3.536333057635538402e-01
-3.640815756914683732e-01,-2.524411082613177704e-01,3.000913795282002527e-01
4.669800628297917644e-01,-2.589614924853045896e-01,7.785951262344698032e-02
-2.057524043670320435e-01,-1.882401696082126874e-01,4.672372076590541323e-01
3.652419274982796615e-01,-8.204272447760194154e-02,4.010742268401407129e-01
-4.668574671289360545e-01,-2.409017758612631566e-01,-1.730507346293601589e-01
-3.242691089601810739e-01,4.447695986476831731e-01,8.909157679119356077e-02
-3.436003059118271450e-03,5.224552520999321548e-01,2.072121127128758455e-01
-4.396322252535140307e-01,-4.517376015530515099e-02,3.544293475059386855e-01
7.718170398511792207e-02,4.532594835179932224e-01,3.385175174726658964e-01
4.810366197574202363e-01,2.940973499515967537e-01,-1.148589407089155162e-01
-5.439867756301383084e-01,-9.180123621289019986e-02,-1.784617187147521100e-01
4.597630244035530445e-01,-7.934413068125607815e-02,3.516597768847460337e-01
3.826829446898988851e-01,4.875811167239708227e-02,-4.446255549300408560e-01
2.736657543788398872e-01,-4.635583166759973950e-01,2.488743996126006330e-01
4.774119582633103986e-01,-3.127144225236122010e-01,1.767382797872818490e-01
5.207787071008269653e-01,-3.011148003100399539e-01,-1.812355969052067278e-02
-2.495162131745285450e-01,3.897806573708101352e-01,3.915493235766304703e-01
4.276046873579508745e-01,5.420950484884805992e-02,4.324718200529619194e-01
4.719980114248982228e-01,-1.298645859610242370e-02,-3.939704635332247351e-01
-4.761647789259587094e-01,-6.534721903890848560e-02,-3.905593386423192315e-01
-4.424937774897637066e-01,-6.598427516892571565e-02,-4.345002236575397081e-01
-7.798849421839958163e-02,4.068874485714918388e-01,-4.719533933478881615e-01
-4.833452923014550651e-01,-3.206308020779144452e-01,-2.518263005609988059e-01
-1.616506849181076066e-01,-5.244883219995607471e-01,3.226719497032148887e-01
-8.219913862733232643e-03,6.357749267309881214e-01,-8.112276711223057046e-02
-7.906468979442682343e-02,-3.997690400962992663e-01,5.003429652271900174e-01
-2.253245832820248706e-01,2.314094993111864007e-01,-5.636210952056371903e-01
-2.579308905287019393e-01,-3.718487411478628712e-01,4.720174173492090453e-01
1.584703838002913534e-01,1.158081582932168063e-01,-6.282636923017287378e-01
5.140566719403013435e-02,8.728673420275845363e-02,6.547113429960425002e-01
-1.173658353041017316e-01,3.894682480038949568e-01,5.283431229635077164e-01
-5.949063013521062038e-01,-2.810099315839431622e-01,1.321149658200206634e-01
-4.379341066883025713e-01,-1.168687043836835054e-01,5.006467307410170653e-01
4.026186567911870795e-01,-4.020879839802374289e-01,-3.716208230644745258e-01
3.061057051382037320e-01,4.499990825724107246e-01,-4.141197162498039819e-01
-7.950503368969429052e-02,-6.026363160323418011e-01,3.225671061697630293e-01
3.796088487237323505e-01,-4.915281530094710027e-01,3.061276011557773624e-01
6.359763354819604197e-01,5.669033348751208873e-02,-2.786444802185940040e-01
2.947287550900195563e-01,-1.427864507055840171e-01,-6.196811562026199871e-01
-5.936675498187872213e-01,3.788669542501154619e-01,-3.523552340289860113e-02
4.301129181527933998e-01,-5.296199569191105683e-01,1.942252300846940005e-01
5.774958048974438984e-01,-2.259379319469855818e-01,-3.531195356199400281e-01
-4.370102909390640167e-01,-2.198092890358747664e-01,-5.253603478117206960e-01
4.859898990714476841e-01,-4.514408079574094845e-01,2.853024357386799159e-01
-1.132235788216549438e-01,-5.531909195197568518e-01,4.567905316028352813e-01
-7.234591540096575457e-01,3.989854809861164558e-02,-9.304466147055573400e-02
6.477417315367486328e-01,-3.318185066584672938e-01,-1.007204340484438021e-01
3.458029828053027499e-01,-6.220822268816020850e-01,-1.986373363819621818e-01
-8.083097004226590110e-02,6.739977946649421403e-01,3.024097647005469236e-01
4.922018142496909499e-01,2.313094265419464446e-02,-5.618954548144436956e-01
-1.054404576900527385e-01,5.006685073626371274e-02,-7.424257203484817547e-01
-4.220350352267801530e-01,-6.164500912165413737e-01,-1.141165460245863877e-01
-1.426871456396080484e-01,5.538745994622454871e-01,5.003670165996311203e-01
-3.150396575189757797e-01,-1.025996224862200240e-01,6.885598232241825212e-01
-6.478402002718486319e-01,2.824309633151559917e-01,-3.014052253294739470e-01
5.555867629075926795e-01,9.810589684443725422e-02,-5.276897140368322914e-01
-1.094949902705261852e-01,-3.243510325597397104e-02,7.682420625256791702e-01
-7.463108103756389555e-01,-4.261282541418575515e-02,-2.257238724674205665e-01
5.443481273642540863e-01,-5.026990809210749034e-02,-5.634231328971770481e-01
6.436226923621227725e-01,4.544141006753373291e-01,4.600706653776208410e-02
8.762205673304240827e-02,-7.757062734558956008e-01,1.416453821201233698e-01
-6.014583793701124836e-01,-4.772282555261690984e-01,-2.158597639049243400e-01
6.378491339866759757e-01,2.893709330822705206e-01,-3.900916461282740166e-01
-5.399368370209590706e-01,-4.837234943426074185e-01,-3.520418547561214306e-01
6.510348318896069797e-01,4.786483547323523990e-01,-5.682662348127654611e-02
2.061258019234180616e-01,-3.660928578907681752e-01,6.974420026891858804e-01
3.516719276530800853e-01,3.939496277006084290e-01,-6.251849352827018036e-01
3.038943811527533567e-01,-6.872415655175920790e-01,-3.345035225221009156e-01
-5.673138596816739154e-01,-4.762619173410184703e-02,-5.994022872955486747e-01
-7.181409705586948578e-01,4.110391295819988411e-01,7.482711107919351456e-02
2.882177439132642682e-01,6.256339252641305304e-01,4.719165029909444531e-01
-3.883805568987562240e-01,2.531197552635009937e-02,7.434093852015002390e-01
4.116258209427027526e-02,5.822527189386438318e-01,6.086064428157861306e-01
-6.471931663752573671e-01,-2.657568531544920454e-01,4.781600015248433366e-01
2.778326318373400827e-01,-1.902153515883321933e-01,7.821699094528615781e-01
1.167547821236481626e-02,5.990074398571596515e-01,6.109730060770066640e-01
-5.863231084693059092e-01,4.260838616071887519e-01,-4.626179609072638144e-01
-4.862407902076881228e-01,7.078875408273694880e-01,9.454066465393223817e-02
-1.977678025123688343e-01,3.714498867092690393e-01,-7.593107113200923131e-01
-8.551987170396870841e-01,7.573712165605074598e-02,1.540711508114077921e-01
5.091800442795719750e-01,2.734603896144453539e-01,-6.588057131248823417e-01
8.014581749104209285e-01,2.934720742818541089e-02,-3.635057829249990213e-01
2.441837745392301806e-01,-1.915685526975065001e-01,-8.284345837554561998e-01
3.820718621344219579e-01,4.816639797566326098e-01,6.418538266974687101e-01
8.048771867380112299e-01,3.524470309411889546e-01,-1.589617093631431055e-01
4.015494526030016775e-01,5.566070552416706452e-01,5.776275066685468973e-01
4.161798267360260900e-02,8.545528866292704251e-01,-2.830874091531466186e-01
-6.429743619665940768e-01,5.121715859822870698e-01,-3.792783957014101981e-01
6.246846018665909439e-03,3.125803129193344132e-01,-8.540091192765917327e-01
-4.348341521248105801e-01,-5.527129067306775223e-01,-5.831179109801853944e-01
7.067998371083076270e-01,5.447516195366560732e-01,2.140860237791288589e-01
4.219724440007044386e-01,-7.130450723183903161e-01,-4.040373721563091380e-01
5.551267071360153904e-02,-7.737685127516996664e-01,-5.055300738575169150e-01
7.879476201956973069e-01,-3.281341597784233621e-01,-3.694308715287120126e-01
2.653248580326671990e-01,-1.434176797967195716e-01,8.841562328536520798e-01
3.266329311285829373e-01,-3.666305844838849692e-01,7.995683551329769712e-01
7.141110555600117815e-02,4.400625722438809839e-02,9.386863089870552956e-01
3.949015597803163385e-02,-6.014572056205272910e-01,7.298235362652846225e-01
1.568501431863418283e-01,4.128667208563573943e-01,-8.418488236960823823e-01
6.459005468341882938e-01,-7.031177212719622593e-01,-7.694784459689161388e-03
-4.292831660015476447e-01,3.302963752998864244e-01,-7.912810654267147248e-01
-2.877164725992755190e-01,-7.973823445740123583e-01,-4.569722486008146456e-01
-2.962169227682870942e-01,-4.327683475790409795e-01,8.126137275795757287e-01
-4.622814676521878052e-01,7.403384773994255985e-01,4.260906232170597052e-01
4.084046866878073834e-01,7.313963062566755657e-02,8.827415562764259205e-01
-8.019942405945233999e-01,4.824819377642391438e-01,-2.888676246915470869e-01
-8.360140249148869662e-01,3.905990599073526637e-01,3.406263984131150946e-01
-5.598300718986662927e-01,-6.311722597116601330e-01,5.136578465947184702e-01
-8.964009826177880003e-01,4.236471391306466105e-01,2.781767161323281737e-02
-6.026467191435492810e-01,-6.217888666803621511e-01,4.921054890991775621e-01
8.178273889175972922e-02,-5.980741169077173902e-01,-7.973782136653631003e-01
7.807921257674648174e-01,1.775419347377411861e-01,-6.060449238563785368e-01
8.074717472372843208e-01,-3.657707769295650002e-01,-4.805601048268640652e-01
-9.042871344842264014e-02,-4.623982535726058052e-02,1.007345311981020508e+00
-4.242700522738114266e-01,-7.427716724041590890e-01,5.492746381264501654e-01
8.678163264014909783e-01,1.497576284783280753e-01,-5.160200390454569019e-01
-3.612714981136691539e-01,-1.688744496735148093e-01,9.440337246741914434e-01
-5.075089221629431879e-01,8.470460188921874467e-01,-2.892122111937621143e-01
-4.117446538780080156e-01,1.711449348756289568e-01,-9.318620525375140851e-01
3.616912285815376826e-01,8.460688284402043680e-01,-4.786103982233219090e-01
9.502987131467112158e-01,-4.101076481800875473e-01,1.141467210715419039e-01
-2.437953395958759595e-01,1.007380579706980361e+00,-1.365021949746021424e-01
-1.463178127876242351e-01,-8.280145450185819600e-01,-6.280937423954074950e-01
-1.520442075255887815e-01,6.417157909435239338e-01,-8.217488334846985154e-01
7.606718225449830006e-01,-2.604454913637393454e-01,-6.873414443770388127e-01
8.518181510277357260e-01,-6.278268880662899454e-01,8.871319671992496103e-02
-4.566211711027785003e-01,-4.636516810357543816e-01,-8.443513589837791100e-01
-8.193995901590108710e-01,6.801098494754994617e-01,-1.060627595778801252e-01
8.605099253098801304e-01,3.255138058134147694e-01,5.546373025028029646e-01
-7.661547012905730591e-01,5.881756384589011954e-01,4.795785299238615185e-01
9.080552699221047797e-02,1.062185285748778130e+00,-1.880730145406948883e-01
-2.490278485861855406e-01,3.650789500395556497e-01,9.927276575995127583e-01
9.976689346230387390e-01,3.673152623648874848e-01,-2.439846887807149145e-01
-4.322406667560966254e-01,-8.229301741207211141e-01,5.785918782692558437e-01
3.526008914236248293e-01,1.413898766594263168e-01,-1.031287633727180575e+00
-2.524599190951798411e-01,-9.450139813321033477e-01,-5.100775450254474430e-01
4.410917680511663996e-02,9.663403796111694755e-01,-5.388292501334799312e-01
5.384248220334933790e-04,5.258627091997126329e-02,1.110178570007767096e+00
-3.839922303312009316e-02,9.256737566109306536e-01,6.213835147866013653e-01
2.399589590897145686e-02,5.105053606659494536e-02,-1.118266456549580345e+00
2.554413079665394659e-01,-3.303997010806587475e-01,-1.043341637460358573e+00
-1.019494544540393344e+00,4.722701567129502509e-01,-9.938930602467978270e-02
1.033512653528805503e+00,2.004830554590086161e-02,-4.616091006671494412e-01
1.585175663673502044e-02,2.310362712190313084e-01,1.112379233604624096e+00
-7.833059324880132790e-01,8.257424905878871790e-01,-7.083488498369025499e-02
4.653072830018754047e-01,-1.030965445650294576e+00,-1.746203078624365967e-01
5.505301626343011012e-01,-1.299100617050261315e-02,1.008034613770187216e+00
-9.691312694743952072e-01,-6.075431595389874095e-01,-1.434984854532115328e-01
-5.852526105846513893e-01,9.739160728743492257e-01,2.178291980085044210e-01
-8.513028999726559576e-01,5.830117435631181344e-01,-5.324162684109152721e-01
-8.833431241679998713e-01,-7.596633244275267094e-01,-1.853887237674249622e-02
-3.709769948238414994e-01,-1.907475302086468483e-01,-1.092426843648066859e+00
9.265020170578653902e-01,-1.444796866191385698e-01,-7.055774962266513350e-01
1.006243235874699549e+00,3.818089281814423530e-01,4.780886308207786262e-01
-2.707326229408144047e-01,-1.095559642949409662e+00,-3.508771647216032408e-01
-2.374585314117999280e-01,1.005644963872616593e+00,5.820486012838761436e-01
3.350741497781898476e-02,8.833851001035274431e-01,7.967819684604385833e-01
-2.149441620039689027e-01,-1.093677082438779591e+00,4.288648915904047509e-01
-3.397987748617715131e-01,-4.146881445199825378e-01,1.071805031257604623e+00
5.658336592579831237e-01,9.484413976302306093e-01,4.758826316863005723e-01
1.006843893308363574e-01,-9.005644548227713653e-01,-7.968907464098455851e-01
-5.345949470948445637e-01,1.011874356171644646e-01,1.081763039486484557e+00
-2.397615392038030258e-01,5.152308432718025744e-01,1.073957592076691503e+00
1.123825999913807605e+00,-1.469589531042190256e-01,-4.493117123607563990e-01
3.912249198581651544e-01,-8.809351513465374373e-01,7.533437685447608168e-01
-9.040565455498020819e-01,-5.133762525265782584e-01,6.526584519261179329e-01
2.085814363651458114e-01,-1.137928080933901187e+00,4.227224260346741369e-01
-8.712481304608999944e-01,3.694314959763804196e-01,7.948651478434172191e-01
7.377239391265404400e-01,4.976663450933842964e-02,-9.954755117348017546e-01
-2.260278752818638826e-01,-7.532011866965745428e-01,-9.641805297895970073e-01
-9.720493561490910484e-01,4.865528995590939765e-01,-6.138645192874873091e-01
3.227123910430659132e-02,1.249492075858928519e+00,-8.129472037447298127e-02
-2.497403694709450228e-01,-9.540218283798739263e-01,7.789923462543859589e-01
-2.283291564597434153e-01,-1.233962809381241366e+00,1.227753456619594535e-01
1.113899574328199860e+00,-3.585495458907718147e-01,-4.807249145365652399e-01
1.292291318457369498e-01,-5.132311132202586057e-01,1.153652267411852117e+00
2.025023509301981661e-01,1.252646758985703102e+00,-1.073379519325750597e-01
-8.728184305529759213e-01,7.218651309486318057e-01,5.911203078720955739e-01
1.126907201368458011e+00,-5.017070137762148496e-01,3.484337687818740981e-01
-2.000889168835582876e-01,-3.260270347738808416e-01,1.227785612712739116e+00
6.166166940209835134e-01,1.108695947578429042e+00,2.348495185664657148e-01
1.240809347531926177e+00,2.750495124810651837e-01,-2.452492257333130921e-01
7.180463848068080468e-01,2.461291796169138846e-01,1.053616124091200756e+00
1.027784586555159779e-01,1.256984045154469154e+00,-3.265188154271637666e-01
-1.431848184898399934e-01,-1.059625752687817446e+00,-7.515503099849161206e-01
1.154603824773080767e+00,4.232864240693215430e-01,4.548019316717437643e-01
1.098717106816816891e+00,7.226968981621284538e-01,-2.618988796222858351e-02
-6.242556123484936936e-01,1.132935746170758540e+00,-2.607442190572814011e-01
-1.648825001699302517e-01,1.311008538494743192e+00,-8.004201555437721882e-02
7.494930956598152560e-01,-2.487194109313117796e-01,-1.067654358805709025e+00
-1.455345295239488523e-01,-6.666230608037606586e-01,1.144164185442590131e+00
5.447394805190485245e-01,-9.597125664782217846e-01,-7.537378638139646814e-01
-4.939706426687408003e-01,9.205505087784443541e-01,8.400966060224731580e-01
-5.047208789135786411e-01,-7.336360839218640795e-01,-1.007735431912488933e+00
-3.351420262761285306e-03,-5.803040682256200844e-01,1.217820106127807778e+00
5.399329050018599752e-01,4.188311394817277877e-01,1.168031602224699483e+00
1.274246607446599233e+00,2.399160463521637088e-01,-4.017671479516468080e-01
2.584293278103476088e-01,-5.467360491656347854e-01,1.220021375633138172e+00
1.128119301609423752e+00,-9.698060260473662098e-02,7.639491027420828306e-01
-5.510810068519562677e-01,-1.253621301788239162e+00,4.449442108030599724e-02
-2.563692714951629203e-01,6.463744854147224217e-01,-1.185458733429882727e+00
-9.845762553919861215e-01,8.029132377181847913e-01,-5.351824181177992079e-01
-1.176478801173711508e+00,1.533683333440575558e-01,7.103100640764058449e-01
5.546749821199054020e-01,8.424659842073332072e-01,-9.520910395019283046e-01
1.232924291901508207e-01,1.222565789051403895e+00,-6.525260919106347091e-01
1.325999355467104790e+00,-2.435108632870058853e-01,3.604113068757923144e-01
-1.357056376513521012e-01,-1.059674193835884459e+00,9.044304416532191748e-01
-8.395025196248177002e-01,1.027996271897344327e+00,-4.579004386610885935e-01
4.234849569689347337e-01,-3.920084905071112291e-01,-1.284577530211640450e+00
9.350095720991603576e-01,-4.509085823761321277e-01,9.578968608328490841e-01
3.124613998152635935e-02,-1.025146017616179739e+00,9.773677877566374628e-01
1.310859553938897637e+00,2.778564539398262756e-01,4.729213376222733967e-01
-1.520018081334948146e-01,-9.327515790120846084e-01,1.066858558406332369e+00
1.077520042676682888e+00,-9.352022305358640430e-01,-8.839076191577739661e-02
1.282112524561130062e-01,-1.354681930762416053e+00,4.517249483693138723e-01
6.408996277465797142e-01,7.772339052810429694e-01,1.026180190391165814e+00
-1.252134553185736632e+00,6.999682220232690266e-01,1.495698624419950773e-01
1.136577246136184050e+00,-3.680312429328143620e-01,8.156180235756683716e-01
7.797917910833526145e-01,1.009965832548588738e+00,-6.904668937142275364e-01
1.356664781645095630e+00,4.454713631328787726e-01,-2.797733122631946290e-01
-2.641935885824123753e-01,-1.213238030194346617e+00,-7.667869202614048252e-01
-1.304807808605070729e+00,2.547945530712275586e-01,-6.121735941495625166e-01
-5.974527747255806709e-01,1.295982022528626709e+00,3.438281112704539288e-01
9.143130604668268102e-01,4.901111487552382573e-01,1.044576536343733375e+00
3.515167004158582520e-01,1.715332450877750936e-01,1.423711356667838102e+00
2.741150752951552194e-01,8.580303439976516566e-01,-1.175267888156842577e+00
6.859364135482455271e-01,1.081620541166546240e-01,-1.312674371964842379e+00
-1.281119240746165344e+00,-3.815211479219084989e-01,-6.566985721024569678e-01
6.608485756189840243e-01,-1.294597119128763518e+00,3.437668464471531626e-01
1.230361855787175163e+00,-7.931006396996257424e-01,-3.176850765442935098e-01
-7.586065705891092970e-01,-7.274370261671657678e-01,1.073295432707546793e+00
-1.449208359397043955e+00,-2.707535189221218497e-01,-3.098914169680071495e-01
5.145056500131344190e-01,-1.415656884416164107e+00,-1.171431148497120295e-01
1.229737848275565204e+00,-7.128921598407936822e-01,-5.244761376042972323e-01
-1.465889438199021289e+00,9.962574975554985834e-02,3.871122710128743205e-01
-2.724898714258497390e-01,-1.482184066679188117e+00,-2.249555776810934493e-01
1.526402187727142978e+00,-1.670155817602163306e-02,-6.855699211873723942e-02
-6.784466176145046434e-01,-9.938745467303153891e-01,9.486878301845217409e-01
1.287544478581255092e+00,7.140286636835297962e-01,4.401418990642633200e-01
-2.947544610124611109e-01,1.256416003247441404e+00,8.421188309103287972e-01
-1.329333352556141268e+00,5.010566856691007764e-01,6.080944129788663499e-01
1.333345871086145662e+00,2.681105253693010781e-01,7.427335414503799527e-01
-5.012003491200929250e-01,-1.102895373293143022e+00,-9.732404642161339714e-01
1.421975639763528143e+00,7.999695926027704240e-02,-6.323273679698822036e-01
1.194616801766682057e+00,3.237926990132700134e-01,9.538459440977051784e-01
5.675347490993519761e-01,1.016638417351011459e+00,-1.048661354921876177e+00
3.587625489325707573e-01,1.451429193389296657e+00,4.833173607931905424e-01
1.054726777927773584e+00,4.390382986868170412e-01,1.085084708860277969e+00
-9.114129457405598655e-01,-1.215342837182989966e+00,4.342644376363353764e-01
-6.717237715463406644e-01,1.196019546444713200e+00,-7.927127437827229395e-01
4.203775856230328456e-01,-1.242877292007841694e+00,-8.957711592964940905e-01
-4.579953703001869436e-01,4.396620060083247239e-01,-1.461043995789497618e+00
6.699772800245346049e-01,-1.180196697593909771e+00,8.425376130254462748e-01
5.531977007788527884e-02,1.163999000457474509e+00,-1.098902956058483538e+00
9.612515333550341046e-01,9.547027888766663750e-01,8.625919427581149046e-01
-2.536484131755857296e-01,1.505835996198548798e+00,5.115460477483523283e-01
-2.468830525578397661e-01,1.382424611833782957e-01,-1.589835199790755160e+00
1.354035198464865086e+00,-8.658915931500479335e-01,-1.964309030716053783e-01
-9.438993531706715290e-01,8.381571424799683090e-01,-1.021021601581769911e+00
1.222480986227284960e+00,1.071924143972270871e+00,-8.172293191592959472e-02
-8.163478245539582678e-01,-1.009515998615845289e+00,9.893847991501545369e-01
1.367194205802897633e+00,8.949148051029021111e-01,9.301935598180087472e-02
5.826793111444802387e-01,4.256361961974485797e-01,1.473915885215169919e+00
7.418546171442327863e-02,9.364975941511612945e-01,-1.350922031358184006e+00
-1.555692012569097251e-03,1.494586205679464097e+00,6.987069421003060388e-01
-1.516363439459713636e-01,-1.407133448546272980e+00,-8.564297428288776270e-01
7.470032945694419224e-01,-6.628775268960152012e-01,1.324245447493518801e+00
-1.415279013289712839e+00,7.556040615302549446e-01,4.378346873228631253e-01
3.422381206261257969e-01,-1.630742930695388226e+00,6.209076878256054866e-02
9.119869988203064270e-01,-8.307571985399396786e-01,1.128330075394913923e+00
1.385202177472539598e+00,8.262952246141421764e-01,-4.562984117223693459e-01
-4.505163338897795744e-01,8.895675591217084843e-01,-1.352871403517685867e+00
3.754286165426587996e-01,-6.605872493607287677e-01,1.504022113887114376e+00
-8.604187106706210342e-01,-1.452023806113287074e+00,7.488951895538599468e-02
1.360023054308792334e+00,5.572419689149920030e-01,-8.420611580132901786e-01
1.440776334411316917e+00,9.057839332358824658e-02,-8.945406926046047813e-01
-1.405974956172779455e+00,-2.123537865897296151e-01,-9.367119201700265796e-01
-1.576248938655091802e-01,-1.447061579259145470e+00,8.919364161010866487e-01
-1.517901361467098864e+00,3.068137760716536655e-01,-7.289500720037287440e-01
-1.546851606666007850e+00,1.663653413805321057e-01,-7.240814052345517782e-01
-1.707175181860440261e-01,-5.132315619527347827e-01,-1.633221868772468222e+00
-6.137345510015809191e-01,2.839547750625220357e-01,1.586807449627995803e+00
3.256880628925442472e-02,6.377107036651269434e-01,-1.607129800632891126e+00
6.468521792690261618e-01,-2.042197476315267268e-01,1.595578941005316276e+00
-1.732982001535975147e+00,-9.275393265384558605e-02,9.802918335795926530e-02
-1.769929241791174390e-01,-1.306603386753564466e+00,1.139471436891088096e+00
-2.583771307028381869e-01,1.701227756493324250e+00,3.025630380723207669e-01
-9.770230619272568529e-01,1.086031951373624294e+00,-9.664549351945549427e-01
-3.888846388374135876e-01,-1.220992766548385733e+00,-1.200694114005453894e+00
-1.475614298759879039e+00,-6.445065206296111127e-01,7.117527411891210187e-01
5.683605649558101103e-01,1.355944685202580047e+00,9.764971461279556841e-01
4.838115923680891828e-01,-1.701657287732872614e+00,3.541959971152176118e-02
1.115009105896828112e+00,1.364935902572486315e+00,-2.012982122089171655e-01
1.213846215725896460e+00,-1.283634513296715074e+00,2.039068710996214673e-01
-2.324684206442949319e-01,-1.192401065429074203e+00,-1.304917519261514558e+00
-6.127024674786302194e-01,-1.619811808757590121e+00,-4.421334301010401702e-01
-1.777564011279875622e+00,1.885910116702564920e-01,-1.242291734254592911e-01
3.413069783782825967e-02,-1.709063534600063328e+00,5.520676825777942609e-01
-1.197043418349026389e+00,1.260513935945341890e+00,-4.703126045089660034e-01
-1.685002515836277581e+00,5.363730625191698298e-01,-3.637104429931748428e-01
1.640925168701065084e+00,5.645247359303348089e-01,-5.139610775205726290e-01
-1.605661354966987642e-01,1.766447947994972179e+00,-3.816763106955634588e-01
1.600164019418278238e+00,-8.354561457734770435e-01,-2.228324247759580490e-01
-3.642398441739178594e-01,-1.765160567986234996e+00,-2.759089066012598845e-01
-4.194607557633585615e-01,2.846175419547466445e-01,-1.756163005924860077e+00
-2.673809390645935646e-02,1.827118521429094145e+00,1.360643957468498644e-01
1.061157626461905590e+00,1.136710253593295805e+00,9.777552463981066255e-01
-1.009509088148254985e-03,-1.760757379742815765e+00,-5.390148513039846323e-01
-2.943827530946764859e-01,1.266505419065422078e-01,-1.817908067411252215e+00
-8.210011412376747586e-01,-1.475271535291406755e+00,-7.574710291025005260e-01
-8.007163286431521199e-01,-1.240805900398019412e+00,-1.122621428828757040e+00
1.214452258637831905e+00,-4.073083247402327634e-01,-1.347990149462206855e+00
-1.705278597131506091e+00,-6.791409055517007021e-01,3.249077184346552127e-01
1.119628330033461738e+00,-1.302045749510440720e+00,-7.367742163276403966e-01
1.344549501810062608e+00,-2.414068140362084225e-01,-1.281657044747771979e+00
1.718204570057254799e+00,-4.120860517778645038e-01,-6.354179758594904470e-01
1.836563477691825153e+00,7.250593934507906790e-02,4.058226132168902267e-01
-1.114589509955160374e+00,1.494478068099873047e+00,-2.903635590755295204e-01
1.359684178541410882e+00,-5.037548966943140583e-01,1.214413766385880278e+00
-9.769334154223833222e-01,1.544389392109798420e+00,5.050280329897041121e-01
-5.392724386508709333e-01,-1.378141442272529105e+00,1.192408003101886438e+00
1.888971130640811236e+00,-2.392425884777711065e-01,-6.217674670595102482e-02
-4.761409888526961787e-01,2.253919377101883947e-01,1.835551014114369384e+00
-1.187735105248477252e+00,7.261377390424110789e-01,-1.313875208515962179e+00
2.331677022078533779e-01,8.237420241201209858e-01,-1.717234791193927412e+00
-5.882487983084361272e-01,-6.637350971382371956e-01,1.706705158177767467e+00
-6.440066596449292025e-01,-1.582628055393566546e+00,8.931028725503751264e-01
-8.981542435674872982e-01,1.608048937529098721e+00,5.850705026372237105e-01
-1.187087469347244628e+00,1.049958048921947329e+00,-1.114000951791448424e+00
-1.608856879555670139e+00,5.875367470101117151e-01,9.147674054424631551e-01
-1.009735636849557139e+00,-1.349965222921145347e-01,1.658468499567525178e+00
4.885891763913671748e-01,1.641811488157927768e+00,-9.338031012448020363e-01
1.868011955843003280e+00,4.815548922611775917e-02,-5.765985570762631740e-01
1.890657682377629989e+00,-1.215928218624404561e-01,-5.029309455827732922e-01
-1.885173383548833792e+00,-3.878757377536086182e-01,3.950928490244128843e-01
-2.338292821253488973e-01,-4.248373555860210371e-01,-1.908777663208118147e+00
1.109221316086938663e-01,-1.786968187017236476e+00,8.314224390791135066e-01
1.637824944786838266e+00,1.034643078666775740e+00,4.026779808705582275e-01
-1.568884862674047032e+00,8.986561742855587731e-01,-8.151471772463225740e-01
-6.449071578163384499e-01,2.378777369752692050e-01,1.865302872127772016e+00
-1.329331837524568183e+00,-1.434881716778175331e+00,-3.798589226366597682e-01
1.579170432468157914e+00,2.571589572943004942e-01,-1.195367950703311255e+00
1.826745136418549853e+00,-7.686984429450949285e-01,-2.819397892147093021e-01
3.268637195267817819e-01,1.468445121206184423e+00,-1.327720785361631295e+00
-1.247842134923193402e+00,1.446378818733880189e+00,-6.289498544784976053e-01
-5.196496670256917083e-01,1.525901943717779430e+00,-1.210384734440888010e+00
-2.033180152593004608e-01,1.884306736020505024e+00,-7.002112990848838869e-01
1.287732915620213303e+00,5.267599322791102212e-01,-1.471521097120720878e+00
-1.819253385463681927e-01,-1.433838353511076136e+00,1.425144212719789527e+00
7.921263551504326150e-01,-3.430207601288160491e-01,-1.842247334944748571e+00
1.760405924428331659e+00,-3.398209913922029535e-01,-9.713554149732016585e-01
1.996537570872550793e+00,-2.120057771189011731e-01,3.821318545940755596e-01
-1.534463847205661757e+00,4.960039517807579568e-01,1.263205443308234477e+00
7.536294723070201540e-01,1.891460679158947222e-01,-1.900464783341321073e+00
-1.501589087612057671e+00,-8.105260526127586740e-01,1.150238992448875175e+00
3.408746561172799061e-01,9.914353362856050123e-02,2.031767304307364519e+00
1.721868376799717382e+00,-2.925720209354202295e-01,1.105922725605094303e+00
1.001451555108992419e+00,5.587148670468324724e-02,1.812985870298929658e+00
3.616053744976323592e-01,-8.758317405154625312e-02,2.043043205700667997e+00
-8.642498401929655334e-04,4.682054882550935604e-01,-2.028005858759742264e+00
-1.116039424596650509e+00,1.641772018286047130e+00,6.408554110864822517e-01
-1.760722219935145993e+00,8.977776163151517386e-01,-6.820542011308906583e-01
2.479622188093924262e-01,-1.068415666669066955e+00,-1.785524751360600293e+00
-4.945058963732161805e-01,1.652261737066989256e-01,2.034470752597064891e+00
-8.358618715938305466e-02,1.605067211265084559e+00,1.359246587422569430e+00
5.274528934409115077e-01,2.806369133452725206e-01,2.023301132495197052e+00
-5.865615084950420721e-01,1.468190962879880823e+00,-1.403946329464790255e+00
1.302781064101317998e+00,1.060850215742211722e+00,1.291556055257023106e+00
1.258545884075885635e+00,-1.085598514130855730e+00,-1.322275439527620167e+00
9.567610677078901560e-01,7.772339460639802189e-01,1.735386603969898411e+00
1.534611216856531346e+00,1.183060905492057557e+00,8.925382743380773087e-01
-2.125457024169172815e+00,-1.581545472518712803e-01,-1.703193741607451350e-01
-1.772145663673462046e+00,-2.450047354045261916e-01,-1.179585997441995548e+00
2.018289195340057685e+00,-5.071250085108000016e-01,5.307608879167363680e-01
9.113227050317908029e-01,1.676851826636787779e+00,9.952479837386546402e-01
1.386844874339243638e-01,-1.291949777366033114e+00,1.721929072064626753e+00
1.827159294918136334e+00,-8.391575773485547840e-01,-7.945569875355722456e-01
1.876059229150215835e+00,9.342065916849712215e-01,-5.498632586680038958e-01
-1.459035103087120255e+00,-1.515039013228614451e+00,-5.397204941503229714e-01
-1.026615170156476076e+00,9.928569467178475216e-01,1.642108112134482489e+00
1.977650528278790842e+00,3.820985303574718772e-01,8.366495683231769398e-01
-8.647515803763448083e-01,-1.353298213669289707e+00,1.482833712883376176e+00
-1.795817981415189557e+00,8.634432574383665848e-01,9.102184670262056798e-01
1.221952891937257313e+00,8.517337834208303926e-01,1.612893407044315275e+00
1.872464318532581551e+00,-1.046499017864153336e+00,4.897707981433839786e-01
-6.617155950749264992e-02,-1.827837518531512329e+00,1.231652153083820034e+00
3.857498547743534179e-01,2.082509059755761616e+00,-6.308169239401411055e-01
1.783442489107123219e+00,1.132503450583516535e+00,-6.645682173519558145e-01
-2.004157922875003273e+00,-9.209220345381098349e-01,2.480019608458885194e-01
1.220964536017098645e+00,-1.834945775816417379e+00,-2.998406846844513529e-01
1.809597847435278295e+00,9.129111332671751011e-01,9.279717677150177702e-01
1.708260730314229203e+00,5.402708186136940816e-01,-1.334427906415093457e+00
2.193383467337119530e+00,1.326981974158996103e-01,4.287567683972073329e-01
1.630929331008090233e-01,2.210090116042616515e+00,3.506658225126136341e-01
2.051697425039345379e+00,-5.568127087796099772e-01,7.323375919197069317e-01
-5.212250695858727800e-01,-1.935476961379289706e+00,-1.029512740931253889e+00
-5.758318070611474493e-01,-5.809262073564586126e-01,-2.104868867147670741e+00
1.333325645866482834e+00,1.721895269146927143e+00,6.154694758057261961e-01
1.698016734554641749e+00,1.447424855315216918e+00,4.064506371585877020e-01
3.763950998544483562e-01,-1.922672067267206408e+00,-1.152061046361390728e+00
-4.006997644072638476e-01,-1.611926627989631600e+00,-1.558482624975068731e+00
-2.239591317531587578e+00,3.417056057076048869e-01,-2.782444193732443449e-01
-2.034386829461976021e+00,9.605871040520967963e-01,4.132516197821283210e-01
-2.411152185495838152e-01,2.218888330619837923e+00,5.224757985197957533e-01
-6.973934743002466741e-01,-2.089495155282526273e+00,6.516521039790550418e-01
5.938333183288825312e-01,-1.165154873238941402e+00,1.894533215996951681e+00
1.416662633661831538e+00,1.541492544554879496e+00,9.689666717220037917e-01
1.642207363338537229e+00,-1.270611621184078999e+00,-1.016536010787383537e+00
-1.106638081979501864e+00,-1.775361774480037402e+00,-9.953742653346917546e-01
1.827846553097618676e+00,1.411691466658986593e+00,-2.370263863554078476e-01
1.587294347996375476e+00,-3.523519539905697884e-01,-1.664103259566572568e+00
-2.041497809953271236e+00,-7.742811885275006079e-01,-8.176523888302328347e-01
5.902782787317635282e-01,2.142846907964715442e+00,-7.200775923558601077e-01
-1.090202275675727250e+00,1.765110760652000454e+00,1.085171389712133783e+00
-1.592215698470793139e+00,1.117639644786210029e+00,-1.311706412287940937e+00
-1.354161293134749366e-01,-2.324904306948885058e+00,3.232376397382091260e-01
-6.189022252262917079e-02,2.007008801626952277e+00,1.232603354054518485e+00
-8.655219574684976935e-01,2.191568553405800035e+00,1.497296197963145781e-01
1.833849181215294610e+00,-3.022151971110225710e-01,1.464085381421794896e+00
4.827259311763545946e-01,1.419392189839263629e+00,1.836740625366522162e+00
-2.356360151487872034e+00,2.963044213214560130e-01,-6.771998617211262561e-02
-9.218663883527112857e-01,6.090799008300163964e-01,2.108926158567607345e+00
5.103969094721441113e-01,-2.036158001633736059e-01,-2.321650384342871298e+00
-7.679439398142489104e-01,-2.255369989578531076e+00,-1.982476951835266121e-01
-1.812934535411938830e+00,-1.072637125225716082e+00,1.141153108115414483e+00
-5.039842483613646978e-02,-1.600445291038660844e+00,1.788685490209645179e+00
-2.099975664051247470e+00,3.549501828370411061e-01,1.118656323593915980e+00
1.364304106564471653e+00,-1.926676256248422980e+00,-4.877099088047200937e-01
2.301779794088395281e+00,1.181424829236805696e-01,-7.233112565429945517e-01
2.259210942397468447e+00,1.114649550245589427e-01,-8.619733285187959337e-01
7.942136297600794759e-01,-1.998199183094440334e+00,1.122533490185994465e+00
5.635224499126015862e-01,1.797697260944947528e+00,-1.535791230519055972e+00
1.441740837067705949e-01,-2.360900099764194238e+00,5.810630275194533789e-01
-1.516196898387660141e+00,-1.544570664683634797e+00,1.127887968862080648e+00
2.341210176635309725e+00,-6.475441114195171766e-01,-2.838817653886376302e-01
-2.402825286894414436e+00,-4.217299678765368820e-01,2.330188256365666732e-01
1.563268215218564849e+00,-1.394060905895259550e+00,1.281849292916487082e+00
9.005015989991564940e-01,4.659752860841253619e-01,2.242100420250926707e+00
2.481302201449902822e-01,2.180599701347792629e-01,2.443502217670896925e+00
-1.158765623743775786e+00,-7.933508886769317092e-01,-2.032860559598410166e+00
-8.096048357778122817e-01,2.024738210354608103e+00,1.172414853903478438e+00
2.000873907800653217e+00,-6.953449452718105661e-01,1.291343816042246573e+00
-2.287639451910910449e+00,9.042610307928333757e-01,3.586762738512425663e-01
-2.037769655733746799e+00,-1.007089070659324265e-01,1.429026741434307635e+00
-1.131878243162312891e+00,2.219588730749969319e+00,1.491621012212058506e-01
-1.985351252887613605e+00,7.364388579126073253e-01,1.330898249272726819e+00
-1.028512213597146063e+00,1.704275144147609389e+00,-1.522568309431725053e+00
3.116177567121795611e-01,2.484649594678579820e+00,-1.882634730741851170e-01
-1.650611509431128887e+00,1.396293228417358367e+00,-1.287392672214364930e+00
-1.398966638046389876e+00,-8.000365642803917154e-01,1.939056827961980645e+00
-1.560529162137177739e+00,1.311678095015118783e+00,1.492315446154547809e+00
-1.124664024822099595e+00,1.267080034602198646e+00,-1.880988527228707019e+00
-9.494490864453598578e-01,2.100304534729776851e+00,1.059029380545465138e+00
-5.633044322968199236e-01,-2.232962483681951937e+00,1.075506511365155626e+00
1.925828181467273303e+00,-1.650669025538930468e+00,-2.292848717275104697e-01
-1.941466777021830792e+00,1.604038865422928506e+00,4.121666025672308664e-01
2.446737337632756137e+00,-1.353112697099044526e-01,-7.303278924125942151e-01
-3.040034307611809150e-01,1.335920802910013805e+00,-2.165012855651542445e+00
2.250891892608932299e+00,4.203269026843376999e-01,-1.160793312049351433e+00
-1.617289558483069989e+00,1.396699477593069005e+00,1.431976871943509311e+00
2.496373485662643166e+00,-6.278457650207224239e-01,1.314540496566240224e-01
-1.835218942357485172e+00,-8.938804117868611732e-01,-1.582015985826713544e+00
-5.644258503401660132e-01,1.805873218408804881e+00,1.765395456323780365e+00
1.555657652499253585e+00,2.024490799478428471e+00,-4.520715723057023849e-01
-1.745447994318764184e+00,-1.206012296407451556e+00,-1.499550347183951304e+00
-1.293919813918240624e+00,1.018749976532289603e+00,2.016037058550721905e+00
-1.291840251223219438e+00,1.386865587260761867e-01,-2.261693363164566151e+00
1.986999980812031108e+00,-5.827515596011896282e-01,-1.594524195729133176e+00
3.895066739196676453e-01,2.588675221869268128e+00,-6.581561247992748220e-02
-1.877720984139646498e+00,1.744230491754256596e+00,-5.623154293583502161e-01
4.222620232389605044e-01,2.588152886236358086e+00,-1.862791052521869939e-01
-1.487410801537583982e+00,-1.956994762748855532e+00,9.468709265402623920e-01
1.357043450447742661e+00,2.157155970294156955e+00,6.864521129244800512e-01
4.960189809858480681e-01,9.150328459297002448e-01,-2.431087168173038382e+00
2.314687411290776708e+00,-1.048098219705082990e+00,-7.514617624129220630e-01
9.688966243296769365e-01,3.979867375058350198e-01,-2.439545965428524976e+00
1.709327938341186126e+00,3.771695478477507524e-02,-2.037878516193241563e+00
-6.492496166218008069e-01,2.467908630651874713e+00,7.692781939458394058e-01
-5.714623830622961309e-01,2.600689683677092745e+00,2.037732027315223571e-01
1.828007097740672382e+00,-3.829874975637092005e-01,-1.916053756672212449e+00
2.200198270588263227e+00,-2.551854280185085200e-01,1.510466969329459230e+00
1.664278284059867996e+00,-7.115665790577060390e-01,-1.984788141230122482e+00
1.153087348395100270e-01,-2.070370950239035779e-01,2.680948172721061784e+00
-1.627810598784732443e-01,-2.106543473523823984e+00,-1.675652350797143697e+00
-2.671740534899577302e+00,1.555437881971163949e-01,-3.710969342980525165e-01
2.192854542873897028e+00,-1.269687840971594373e+00,9.527521845761842689e-01
1.097928073802791671e+00,-2.094777499747941807e+00,-1.327910885794412188e+00
1.701623146145138099e+00,-1.142871781965147521e-01,-2.115848548342202928e+00
-6.494316344021671128e-01,1.555717627179052265e+00,2.138216979391583727e+00
-1.786337109950071556e+00,1.356431707189919234e+00,1.552983284611500370e+00
-2.117466212503496870e+00,-8.928256251304983460e-01,-1.480073810307701354e+00
2.012910933903801602e+00,7.219109656415459986e-01,-1.710932404050021338e+00
-2.560345071088717450e+00,-9.823703836985148152e-01,-9.356827422415534001e-02
-2.376241911391202277e-01,2.718003164486066936e+00,3.378856547931794463e-01
1.641269157602414319e+00,1.732643918649560966e-01,2.205327605719576312e+00
1.935488060001498756e+00,1.167548208059466575e+00,-1.583393770340312701e+00
-2.117707277864468551e+00,1.077940305576529534e+00,1.413868965475063799e+00
-7.609911061335143945e-01,-2.626187602197569859e+00,-4.461219735032888045e-01
-8.085926499909767973e-01,1.720914480601608787e+00,2.022136579183942295e+00
-1.579497782344088108e+00,3.046011813050216732e-01,2.268546745782846763e+00
-8.459694808027379276e-01,-2.242271728281281629e+00,-1.421277632403764590e+00
1.795792405525369617e-01,-1.286080648343260302e+00,-2.471211374989914056e+00
-7.333441745741482443e-01,2.373731995773285863e+00,-1.284711974873896656e+00
1.520629262475784671e+00,-1.100197722079775842e+00,-2.080856017802541924e+00
2.806473404862728671e+00,-7.024252025231363106e-02,3.735075580816561019e-02
1.241509559510571292e-01,-1.580986625168900428e+00,-2.323292037828239565e+00
-2.346816891042472708e+00,-5.899237663106474683e-01,1.444693313443683236e+00
-6.875092490618288643e-01,1.231521942448261298e+00,-2.446129152363665238e+00
-2.769556897935226747e+00,3.786089449705468124e-01,-4.351119050686175216e-01
2.154589387213293961e+00,6.878106276375858252e-01,-1.708247029574222697e+00
4.857805387730321223e-01,2.588260202084903927e+00,1.062446489946621941e+00
1.157100504481511472e+00,6.881417415116164449e-01,-2.506381878798938700e+00
-4.209345059900444497e-01,2.808265824978497527e+00,2.478265849474749760e-01
2.020998694785457239e+00,-1.180031867859246297e+00,1.636681276149200226e+00
2.451591031912773833e+00,1.349881751066228208e+00,-5.949107238445905388e-01
1.149471058630249232e+00,-2.100553782953833881e+00,-1.575955521055807385e+00
-2.603060367548319931e+00,1.085315533531192367e+00,5.425370889652896267e-01
2.685973972688210587e+00,3.716318714813892088e-01,9.626180230259273607e-01
-2.133095516097605060e+00,-8.242335059646875850e-01,1.755234882577580535e+00
-1.907796386375462561e+00,-2.168305632348084711e+00,-1.625683127303887907e-02
1.229817269506380706e+00,-2.614935344917746374e+00,1.498136538609312618e-01
1.662111250148819774e+00,5.067226661003811916e-01,2.320510275785736543e+00
-9.082384332671634697e-01,2.043582464753424421e+00,-1.853234691011597324e+00
-6.990089483329073872e-01,1.161823073688690755e+00,-2.574626575614544333e+00
-2.282428142564560503e+00,1.813298577783699184e+00,3.534786677129014149e-02
-2.166805770127444575e+00,-1.174710769769885976e+00,1.567005396108044790e+00
-5.805650143144899245e-01,-2.008683070061581422e+00,-2.047057038477149149e+00
2.810664564150055611e+00,7.983043896072351542e-01,-2.389070660444348460e-01
-7.060755057386285394e-01,-2.847540629586062799e+00,1.384053308364162904e-01
1.946600165362244006e+00,-4.790170964478555199e-02,2.206062760850714621e+00
-1.017110896958525856e+00,-2.142818725675772029e+00,1.750495782253455701e+00
2.238734284059482604e+00,-6.392447565695915657e-01,-1.817170562182176541e+00
2.737950588850961875e+00,-8.788425572962471621e-01,-6.973359899692374020e-01
1.086418451092884402e-01,-2.483427867520474841e+00,-1.615001259782281817e+00
2.963530121673346951e+00,-1.891849261743250576e-01,-4.080712198334045249e-02
-9.125331131768172899e-01,4.060685180074243283e-01,-2.802671863459234469e+00
-1.387036658218877561e+00,-5.207523881201614468e-01,2.586547010121584833e+00
-1.189873753882830343e+00,2.681883790468453821e+00,-5.565705411113903711e-01
-2.362881809282859624e+00,1.865616399173387896e-01,1.825633543783585555e+00
9.891644260259808696e-01,6.528491510287792732e-02,2.828642542624904443e+00
-1.543543610071845373e+00,-1.626008989274078997e+00,-1.997638493773895130e+00
-1.614074386654901883e+00,-2.070385673191781351e+00,-1.469154420498156810e+00
1.372000916653567826e+00,-1.526178078262284021e+00,-2.207212998117765501e+00
-1.891223720646238560e+00,2.309193446008857897e+00,4.556677566521940004e-01
3.263494502930510133e-01,1.066381863538914176e+00,-2.811848461441408098e+00
-2.683507861044019727e+00,-9.052141612713699992e-01,1.078453745807166353e+00
-2.423443179941498382e+00,-1.818954232377222091e+00,1.887704036552551035e-01
-5.208841167889697310e-01,2.978276591755478098e+00,-3.310023254330106135e-01
2.140329975962472542e+00,-1.850677402848859732e+00,1.130838849304381055e+00
2.026773167237010398e+00,2.239839487190424805e+00,4.404769258296509227e-01
-2.465738173526379473e+00,1.643545857150359613e+00,-7.560360040886487942e-01
-1.230883727588230947e+00,-2.371686413745275335e+00,1.498935724000405978e+00
8.054133566273783407e-01,-4.903981751877248274e-01,-2.920919975090379150e+00
2.194758429726068716e+00,7.107930501453232353e-01,2.032986028400718848e+00
-1.726781967817801133e+00,-2.478310957867734476e+00,-6.048020009020269594e-01
1.643825110909074239e+00,-2.437756771901379516e+00,-9.376699976245220780e-01
2.108594063505969896e+00,1.305607896855528693e+00,1.846026879329569770e+00
2.151490619235061796e+00,-7.460077018351506384e-01,-2.099476984177762517e+00
-1.146707346525296156e+00,-2.781741690345146178e+00,-7.582613420095337675e-01
-1.232656481466000598e+00,-2.257897691418478403e-02,-2.853571464334996310e+00
2.195426746301988530e+00,-2.197808160192576743e+00,-2.179337880270265371e-01
-1.163804892364175281e+00,-1.001422927451214306e+00,2.715785877991888864e+00
-1.633108339697358691e+00,9.880904185438045551e-02,-2.662912062835041116e+00
1.860274289221377719e+00,-1.953168666754511396e+00,1.589854916785662597e+00
2.341675037443311069e+00,-1.671982257348296474e-01,2.080155337894101120e+00
-1.502036154878125584e+00,1.609031349920359011e+00,2.242490143485771803e+00
-2.325384946292472985e-02,-2.903456962648966577e+00,-1.216044127630460325e+00
-1.172183740698126364e+00,-2.157022810273116209e-01,-2.919662832220117021e+00
3.199267849905024219e-01,-2.331337006948252633e+00,-2.107888027552740517e+00
9.164082213868116611e-01,1.358144706089420284e+00,-2.707788354399370157e+00
1.675691696823626398e+00,-2.246972225971153758e+00,-1.481739242565517811e+00
1.505487208318980752e+00,-2.288405675529733951e+00,-1.607819280759532177e+00
3.890671707131329038e-01,-2.074441686725800427e+00,2.381131817532431416e+00
-7.263213536125570080e-01,-1.701254997597016150e+00,-2.595930001548898414e+00
1.607356789842294464e+00,-2.742398073747009946e+00,3.043237000189581432e-01
2.395983583256474425e+00,3.218501692502330758e-01,-2.094999284773025217e+00
1.545409205948999221e+00,2.253608417451078427e+00,-1.674155393851990858e+00
2.263136175956722784e+00,1.724922535058037942e+00,-1.486365659455034960e+00
2.019079531801827088e+00,-2.501290328171273725e+00,-9.989581792116254688e-02
-1.237339683339549884e-01,-9.631748859220602421e-01,3.071951667438317823e+00
-2.504675417562789885e+00,2.032478151346622131e+00,1.114671395489872929e-01
-3.755542685115582646e-01,5.549976680036479149e-01,3.163023293557808202e+00
1.022777188289139882e+00,-2.919446588196715986e+00,-9.600141056469176926e-01
-2.506816385854155005e+00,-3.424720494396948367e-01,-2.031413950069844709e+00
4.776090552721692917e-01,3.190182707668883122e+00,-3.999654556989404308e-01
8.516436038965086164e-01,-2.614879786422214192e+00,-1.743515643136350990e+00
-2.665880573259229447e-01,-1.914718003994660078e+00,2.627359598043130795e+00
-6.806184325248734179e-01,2.941405482000992944e+00,1.250087732810631014e+00
1.170197921177602574e+00,2.775764681280411317e+00,-1.281128550208609385e+00
2.759887590055760676e+00,1.548535727202929424e+00,8.592897173442556324e-01
1.325277247343213949e+00,-2.639005109487673195e+00,1.438928022947604690e+00
1.579454103260965248e+00,1.106929653349968401e+00,-2.666318801736426547e+00
2.387501176025983884e+00,9.380271567854104875e-01,2.070573170831051080e+00
-1.048939041874234812e+00,2.212453210402391068e+00,2.215923351797413510e+00
-2.794211531005101445e+00,1.523371485004685555e+00,9.030900360485486500e-01
-2.419448646028624417e+00,-1.102313879940928665e+00,-1.978241117597714149e+00
-2.061889606033040945e+00,-2.475858571724421253e+00,-7.996999449430501894e-01
9.177374774648136557e-02,3.259105198768061928e+00,6.551473609768364570e-01
-2.176773640591816328e+00,-2.342716807503546494e+00,9.335248106364348875e-01
2.426868087546296238e+00,8.500074459414037609e-01,2.127149270912843892e+00
3.051944148465296713e+00,-7.914195609717082913e-01,-1.111392509625081626e+00
2.453079864660152598e+00,1.652577575228326712e+00,1.570454915651471328e+00
2.517566713872665396e+00,-1.006712449530938525e+00,1.975468523381005870e+00
2.122408306533097200e+00,1.138838007160246857e+00,2.343452627484327699e+00
5.980610723354802261e-01,2.624427776785981159e+00,2.021731404407348442e+00
-2.660007695363054037e+00,-1.176991642770052637e+00,1.706226382084077731e+00
-2.392289193445904072e+00,2.101176027903320254e+00,-1.128600540916648631e+00
-2.508621011366266806e+00,7.861565316175724849e-01,-2.130770058921420240e+00
-8.006507142626397844e-01,-1.587090613326707533e+00,-2.886396705533496920e+00
2.435212396201641150e-01,2.583045246698730146e+00,-2.190809711911576141e+00
1.392493205590311867e+00,1.150451046216083295e-02,3.103529976150274816e+00
-1.853824377645652666e+00,-2.263181207120679994e-01,2.850137897114140451e+00
2.088811087229462071e+00,2.058098711466725295e+00,1.747134504172732195e+00
-2.990195692728071508e-01,-2.536420580570339922e+00,-2.273512052653177573e+00
2.717648972578837974e+00,-3.279930919047783777e-01,2.058866149539150925e+00
-2.716157088224419258e+00,3.150531408589058446e-01,-2.072653325755190679e+00
2.654674147349695534e+00,-9.529923349413786937e-01,-1.964131695394170540e+00
1.422475273674907781e+00,-2.113846364331691596e+00,2.315657978521533877e+00
-2.346841650835245208e+00,-8.041508105888911517e-01,-2.395952981247465807e+00
-1.028792195724465147e-01,-3.092050719255298841e+00,1.537700607379270501e+00
5.068166283485283641e-01,-2.072407220599163047e+00,-2.724927462851764126e+00
-1.027744595166811603e+00,-2.333427365278610388e+00,-2.348831950661445678e+00
-1.685017185941438678e+00,-1.517961562920292495e+00,2.629821828829497665e+00
1.685447499916510328e+00,-2.863582695018947355e+00,1.029574449689166782e+00
-5.459156692431378355e-01,-2.223174572984965902e+00,-2.627137930004863620e+00
3.347534199311770653e+00,8.220413416929356343e-01,-5.497968108615076677e-01
1.200546308457705935e+00,2.994001547063857238e+00,-1.349221614015896131e+00
-1.761233047049419076e+00,-2.841254205174359893e+00,1.045438473963667736e+00
1.067885826662899607e-01,-3.325815479026491328e+00,-1.112259543364158443e+00
-1.708766416727313331e+00,3.064780523557097958e+00,-1.972002946310466576e-01
4.241349875336670183e-01,-2.793093950837715056e+00,-2.100612914848979607e+00
2.756989290283740068e+00,-1.192531330826641423e+00,1.847435779048652416e+00
-4.922734561408236287e-01,-3.491955379167985818e+00,-2.060773603356028660e-01
-1.855001003387500402e+00,2.300823877993792177e+00,-1.945831574220326265e+00
1.900279031397110963e+00,-2.944348939113509367e+00,-5.324172409687586427e-01
2.885736475661738520e+00,-1.735800244984773699e-01,-2.061277986445984034e+00
3.512792326362976780e+00,-3.302889418065266258e-01,4.478142876802538308e-01
-3.168020098818004726e+00,1.239200391531016354e+00,1.058465698185200976e+00
5.167837187473642846e-01,3.466454642232896788e+00,-6.723390184430427796e-01
2.155331706789449964e+00,1.422864827745268790e-01,2.848319064008615786e+00
-3.174730374309890912e+00,1.332031651559611118e+00,9.842376840382314196e-01
4.099170427112738269e-01,-3.302122130625266383e+00,1.339156763091600144e+00
-1.953001575451430494e+00,-1.372581076568979708e-01,3.012620438138991386e+00
8.889714103564988479e-01,3.046499672802373215e+00,1.697402519957964984e+00
1.470410033617281176e+00,-3.282931410504587699e+00,-2.380042321293576457e-01
-2.855541669235206470e+00,-6.957934465771080657e-01,2.098104889934132355e+00
-7.606261344675711022e-01,-1.141957546431280779e+00,3.346892363075965271e+00
2.354282648107032916e+00,2.623086643870785384e+00,8.397681672513531703e-01
-1.794039804169266450e+00,1.670725821550824941e+00,2.676338417867798913e+00
1.795214696056041559e+00,3.161220427302418479e+00,-3.078240477129247366e-02
-3.030825418106838143e+00,-2.018767239890680631e+00,1.477803715049700803e-02
1.938594081347009057e+00,1.567192807444674818e+00,2.663062869167109881e+00
-1.373206775324715911e+00,4.443287287385576101e-01,3.356745297012297069e+00
3.061218950194625421e+00,-1.667609670329704974e+00,1.115221134235599099e+00
3.110571237522524068e+00,-9.524309747768857637e-01,-1.690526434179341564e+00
2.444323037061112647e+00,-2.303710176612907556e+00,-1.484566237431607538e+00
-3.240774911324601160e+00,-1.661838689585870554e-01,1.732249170889083478e+00
-9.057469292722608589e-01,-2.089603536446097198e+00,-2.896449330213433537e+00
8.454475073284792863e-01,5.180423695304299248e-01,-3.555069913695507733e+00
-1.662874178911774914e+00,-2.179120009736914110e+00,2.480626726399254522e+00
2.354040167738904454e+00,1.591597966822478227e+00,-2.374490751996454208e+00
-2.675719551360401738e+00,2.145258498361068966e+00,-1.413180341049475652e+00
-1.129175086434036857e+00,-3.095995701332474148e+00,-1.715918088707882649e+00
-8.488531098722339185e-02,3.514713645167601985e+00,-1.220744347870324154e+00
1.489150211095399357e+00,-2.676639892020182376e+00,2.124810474726320564e+00
1.434704491460985665e+00,1.080790261663393093e+00,-3.273618875752310586e+00
6.891404720803261108e-02,-3.415415858749082378e+00,-1.523039137283736633e+00
2.201877065720004190e+00,-2.663988819104835759e+00,-1.445988749032747656e+00
2.385275003820497286e+00,-2.890922676725493190e+00,1.888215784901981220e-01
3.367062946169572246e+00,1.232382192441052071e+00,1.128498972264319722e+00
-1.472586617773413264e+00,2.056669582870093382e+00,2.788884121483654166e+00
1.442414326082306353e+00,-1.349400227152433240e+00,3.212762956761944011e+00
-2.874263252129093171e+00,2.005319593437174142e+00,-1.409866444502715366e+00
-3.064585304359894735e+00,1.091784787369187493e+00,-1.932355872727702595e+00
-2.467540787288523330e+00,-2.696714180283124485e+00,1.002014131760428528e+00
-1.615446388521006027e-01,3.701505648886061373e+00,8.278414975954677679e-01
-3.596540341351330827e+00,-1.040002853648496206e+00,6.659455077420074476e-01
-7.876742054205129184e-01,-2.365665844771007720e-01,-3.719079402313503202e+00
3.223708769407148900e+00,8.808126175447240636e-01,1.840569513999956941e+00
-9.078308007193759410e-01,-3.581710094574692249e+00,9.752055120347584705e-01
-3.443373981507037662e+00,1.953739878777693839e-01,-1.660410937966362743e+00
-3.185884328309082747e+00,-1.612714748546717480e+00,-1.396247830403297474e+00
-6.999196861332783737e-01,-8.759512156544931039e-02,-3.775054629762581992e+00
3.570936600730075128e+00,1.312757976963517148e+00,5.676132194246424900e-01
-6.420631013573516732e-01,-3.193401951481183332e+00,2.058076942974916168e+00
3.424193095545648990e+00,1.608600181601504309e+00,-7.627654551237261771e-01
5.150641946552705353e-01,1.896661504220988004e+00,3.328780203164733997e+00
-7.262636926233450030e-01,7.858266232498284376e-01,3.721213293137846101e+00
-2.512187149784267159e+00,2.699461787777871269e+00,1.201406528567090959e+00
8.463018845644973975e-01,7.533095105415540393e-01,-3.715794262287286376e+00
-1.573135960019979851e-01,-2.031583031184275523e+00,-3.314838399299888660e+00
1.402248049705437927e+00,-3.070750901650839637e+00,1.947806600139002642e+00
2.941776838304217545e+00,1.645801266425322096e+00,-1.968935745142764482e+00
-7.209522375224860502e-01,-3.307858236206750124e+00,-1.956402653932509894e+00
-1.723938511483935176e+00,-3.507295663277866016e+00,2.569848221976144820e-01
-2.447895287625079241e+00,1.088112960037512789e+00,2.865832394415112727e+00
2.415562030129928317e+00,3.041055535736218118e+00,-5.969894507486873669e-01
2.586398648923841748e+00,2.790908878638476587e+00,-1.005501819790572515e+00
-3.669020366427793611e+00,1.419628989120418572e+00,2.510922217659266042e-01
-1.586871429082696183e+00,-3.207554065034175839e+00,1.668565639231047948e+00
-1.960417618798466100e+00,3.161216748366739715e+00,-1.343446773279712847e+00
-3.117660383126682255e+00,1.508698204056409864e+00,-1.922559615872747152e+00
-2.973367885220488560e+00,-2.612685581585372230e+00,-2.759269875280372375e-01
1.263945697165462789e+00,-3.161150228732733325e+00,-2.050328575425801603e+00
2.799079495209113144e+00,-2.510690499710025447e-01,2.819153456821724912e+00
-3.898358180370216530e+00,8.313255389941703877e-01,-9.259211179468242181e-02
2.559659652207462610e+00,-2.559563558592057309e+00,-1.686756079930289642e+00
