0.000000000000000000e+00,0.000000000000000000e+00,-0.000000000000000000e+00
-6.463401447528375164e-03,-3.791410654736776780e-03,1.329731383627745338e-02
-4.033227793678902779e-05,-1.801256034936330602e-02,-1.251698934039050665e-02
-7.847580362125908954e-03,-2.180504423612372733e-02,-1.424065436001734075e-02
-1.131871385315929429e-02,-1.100216900651333762e-02,2.753747165571228048e-02
-1.511256144317239640e-02,3.105615902875726378e-02,-9.498588964376442068e-03
-5.204890179071485282e-03,3.160362270929582135e-02,2.324255157685330489e-02
2.871260202840625331e-02,2.937426739681669660e-02,1.299079310052148571e-02
-1.808996302362998743e-02,4.162949193896851863e-02,-9.605893830777164841e-03
-1.728371626133622802e-02,-4.626702496417185034e-02,4.000076284747536293e-03
3.743133688174951623e-02,-2.860118996981226083e-02,-2.334869279512139656e-02
-3.269054828888273007e-02,-4.044959453618249268e-02,1.934682781699922222e-02
-3.481891617770704883e-02,-3.685381985682703587e-02,2.879568957608450580e-02
2.021600259472383296e-02,3.085206789549116077e-02,4.863600392667776634e-02
-5.766793448691345803e-02,-1.599273243838300260e-02,-2.182671571763367471e-02
2.082967412437888854e-02,3.821520872287559323e-02,-5.000674761579335798e-02
4.406238036947400689e-03,3.867471659639080267e-02,-5.676556028595563380e-02
3.089527016436705714e-02,5.790671762092274022e-02,2.788471767215419672e-02
5.057129851830558659e-02,-3.991498177262361308e-02,-3.588286350317197032e-02
-2.422533019457522377e-02,-7.217163172150611872e-02,8.617560996011416593e-04
-5.393889527974245895e-02,-5.193307101017791139e-02,2.351800356614543175e-02
-6.072422200737808556e-02,8.545458903688423272e-03,-5.260523815957517807e-02
-5.346223254566914024e-02,-6.229939244679803811e-02,-1.271033943742138836e-02
-3.489938727807816859e-02,5.918109671549318801e-02,-5.058425777437106780e-02
-8.034734868565446275e-02,-3.377854804756267454e-02,8.094623727034204116e-03
2.971764623840831079e-02,-3.139753931859030900e-02,7.862074143381529712e-02
-8.866610049670278770e-03,6.697920810563590122e-02,-6.227473546972641522e-02
3.394452157363775369e-02,-6.250301338341364421e-02,6.149595951517782683e-02
6.072337097458458538e-02,1.804025369856741487e-02,7.232062328105202942e-02
7.390857653177797248e-02,5.905101376212001929e-02,2.647216019234998122e-02
-6.906153656405962515e-02,-7.240628271176954844e-02,-7.077989446315001258e-03
-9.234631867564095653e-02,-4.025238803687056915e-02,1.819070627053233358e-02
5.332376676501652396e-02,-8.966239159658269398e-02,-4.206896662940903461e-03
6.323768658026872325e-02,8.558166297166500125e-02,1.850973222798412863e-03
1.049061473609698425e-01,1.092496407052121095e-02,2.515728669982627078e-02
4.658249364777789642e-02,7.775239659473523468e-02,6.306953613056870411e-02
8.135484484477642497e-02,3.108194617481797525e-02,7.105423458023880923e-02
8.885380590297226044e-02,6.911012143978385869e-02,2.017780911516355372e-02
5.946938681301563306e-02,9.985558242724099087e-02,-4.497282249736109412e-03
-3.172440275512543317e-02,-7.812308488369869297e-02,-8.290114336117873628e-02
-6.024590206424888100e-02,-1.025339537378734539e-01,-1.727467982694932264e-02
-3.207417249826398451e-03,2.763115517241832714e-02,-1.188739753986276515e-01
5.184972175335194472e-02,-1.113904523757670850e-01,-1.663759939030669266e-02
-7.176729986761146152e-02,-9.457923442060332808e-03,1.029851080890327036e-01
5.441301862463373412e-02,8.894782887321369541e-03,-1.152543982222949820e-01
-6.292144473678237815e-02,9.981239864307200893e-02,-5.370318171852679623e-02
-1.136564871077830746e-01,-6.571663031220224827e-02,-7.484079065604314768e-03
1.561606566253865951e-02,-6.768677454168900258e-03,1.322659485350992925e-01
-3.884602108144159099e-02,2.768377386043773588e-03,-1.294735466250896139e-01
-7.775507175539272953e-02,1.028338434334996193e-01,-4.647786033528936850e-02
-1.373076577595547798e-01,3.055513451486952577e-04,-2.080311973391225228e-02
1.202354964038586660e-01,-5.001816365283765636e-02,5.327222212909541593e-02
7.519859413103902046e-03,-4.064696818521123384e-02,-1.363903053347948202e-01
-1.094033533500124028e-01,-7.568468204634236363e-02,-5.597455573557027358e-02
2.932552981615141330e-02,-8.399902019867760972e-03,-1.429122380979069296e-01
1.054653174500657098e-01,9.057579075019779602e-02,5.055935499086433582e-02
-4.887500715935554074e-02,-1.137712105309811733e-01,8.416575025626735207e-02
-1.235541381578613013e-01,7.993882169228254397e-02,3.603797978026024307e-02
6.816607107047098491e-02,1.599963263180966336e-02,1.363623983382949711e-01
-3.969347826166753218e-02,-4.578849360007643254e-02,1.427324856831324040e-01
7.256257001620683433e-02,9.280120058181388909e-02,-1.035347290042411272e-01
1.179545184247266232e-01,3.148689635700000627e-02,-1.012370720016691483e-01
-6.889072623320654631e-05,1.187613148211089653e-01,-1.077538771163460141e-01
1.400431295762665507e-01,-7.841372343727769090e-02,-2.281646826998946082e-02
1.539987246071475302e-01,-2.056474661765763517e-02,5.209429468820511722e-02
9.910772050713856363e-02,1.200146230201872971e-01,-5.658763963899673261e-02
1.120930565204848323e-01,4.512166838769032101e-02,1.157912328470889762e-01
-8.005522880686793963e-02,1.018175711208077067e-01,1.087103182410185803e-01
-9.412812141919224551e-02,-9.032147066148636660e-02,1.102970396897477723e-01
-1.059071139981719034e-01,1.262642380875703130e-01,5.117826538742314274e-02
6.337593980306917285e-02,-3.365901308717461626e-02,-1.588338901843885098e-01
5.404662301370122268e-02,1.673560961492248644e-01,7.264966951807628678e-03
-8.246663403393868219e-02,-8.056322392318439329e-02,1.352764948691063396e-01
-1.117728061480848800e-01,1.194078804021602436e-01,7.384671709108033000e-02
1.784881510033322349e-01,-1.413490403770675981e-02,2.766888899489210532e-02
2.727270126401425132e-02,1.245171829102145744e-01,-1.311431278366851083e-01
-1.797372043950604958e-01,2.614099671448725550e-03,-4.198633638091081588e-02
-6.374275516435753963e-02,9.784611031796373176e-03,-1.747839095987253066e-01
-1.782766743331029302e-01,-2.267342172725409291e-02,-5.522350196145648510e-02
3.192868686714919746e-02,1.592867536686164431e-01,-9.796656029887367001e-02
-1.251354343980205230e-01,-1.419507152983703890e-01,-2.877532970169918367e-02
1.531577474877623690e-01,1.078134894445288011e-01,4.699459656468812224e-02
1.581388210012321105e-01,6.453582385763954876e-02,-9.367130196918788121e-02
7.937823268573077073e-02,-1.364753014604799530e-01,1.169748263304610236e-01
-9.667640294682919300e-02,9.191364959050968286e-02,-1.465689310030501291e-01
-1.738207438899482538e-01,-8.536114463356796536e-03,9.829900947635124286e-02
-1.916348554368214052e-01,-3.069309967719395169e-02,-5.441040786011315522e-02
-1.874962030787518177e-02,-1.055194969791051762e-01,1.726927708546806828e-01
1.629237013641294043e-02,-2.578237122240009823e-04,2.042802082259601026e-01
1.599780016744421496e-01,4.258626670688348687e-02,-1.236185892728422775e-01
4.602912359071352488e-02,-2.049995320749850580e-02,2.021048663261105216e-01
-2.053694261513548391e-01,-3.287793644060916370e-02,2.880903374885467744e-02
5.733727104576857858e-02,1.607934111590931525e-01,1.251106778074076997e-01
3.521167536666384296e-02,-9.238491668896381404e-02,1.890296786149338604e-01
9.117389780583068370e-02,1.932671020414597762e-01,2.365477742368440189e-02
1.318830973510899673e-01,-9.036968384590633729e-02,-1.462429075175562254e-01
1.490654644517709349e-01,1.523998166447443903e-01,4.720282251206005947e-02
-7.111194157558907436e-02,1.024807514482479337e-01,1.812393857336293823e-01
7.941728084780139184e-04,-7.547301861229176179e-02,-2.084414530398819021e-01
1.433101779173995005e-01,-9.179048457368617353e-02,-1.446519779198217615e-01
1.415961920791058426e-01,3.549893897143721611e-02,-1.712478638856225477e-01
8.146170173842171014e-02,-1.797222977934525845e-01,1.115908831026979631e-01
-2.997773575675655514e-02,-1.768737047695504577e-02,-2.256888472596234319e-01
-4.136258435022550917e-02,8.036325900639121333e-02,2.115215377168803423e-01
-1.651344516832440878e-01,1.183858987308639560e-01,1.113309845655741509e-01
5.251683843162068682e-02,-5.538998962982048802e-02,-2.205154538027089273e-01
1.252348654406483519e-01,1.966847834525170535e-01,2.938762950013194472e-02
-4.948169512942261067e-02,-1.403674937234167600e-03,2.314439987979477475e-01
-8.201076024303097234e-02,-2.062808208553106593e-01,-8.676913452727218201e-02
1.389902039274005830e-05,1.897112768544294836e-01,-1.470069047900683101e-01
2.285947043573680615e-01,3.718972717681083562e-02,6.901490565664626653e-02
-1.839468252887680177e-01,1.541461731516942935e-01,-4.012209697363339905e-02
-2.291138522972198388e-02,1.358129937301837120e-01,2.026032535600720552e-01
-1.434202648824418717e-02,-1.137391817964204105e-01,2.183853268346752641e-01
-6.305804381345482545e-02,-1.521597487088730549e-01,-1.858148846829676126e-01
-1.389673417965986771e-02,1.438658739844698164e-01,2.039425913422692194e-01
1.046514842559750497e-01,8.079223021771726743e-02,-2.140938616947676565e-01
-4.354844845995563263e-02,1.359208682653170741e-01,-2.092423803813135141e-01
-1.129246146202219359e-01,1.896787821445503897e-01,-1.275404658287876136e-01
1.344325115147985139e-01,-4.096789080581469261e-02,-2.146970324116593554e-01
1.259654199863018964e-01,-1.940610120609372602e-01,1.147714728950681579e-01
-2.421840780133402149e-01,3.094305528749885167e-02,-8.915440456101861311e-02
2.496412770919542723e-01,-7.581237551234934480e-02,-1.886740929769108871e-02
7.448563704249268336e-02,2.358438976720531599e-01,-9.013590425010041540e-02
4.712215747971893604e-02,-2.192917419968290205e-01,1.409318217474853085e-01
-2.021890263747055383e-01,-1.575086588035202323e-02,1.729867469866453455e-01
-1.688247652354137873e-01,5.889141776261302280e-02,-1.999255877463938236e-01
-2.512514424678897185e-01,8.537881697965739314e-02,4.915623410468387966e-02
-6.375175504636139412e-02,8.881854606433450816e-02,2.485531664131949703e-01
-1.453356197019445017e-01,-7.834640780324156339e-02,-2.176585695244591390e-01
-1.107231216787756961e-01,2.455165367006345301e-01,5.484229879258711859e-02
-6.291944325776341329e-02,1.856214642856030272e-01,1.950562433689358721e-01
-2.686725298869841461e-01,-4.304594619132651526e-03,-7.196395770932659253e-02
1.186210027722492677e-01,9.104099840688592571e-02,-2.365369106383329034e-01
4.932845146817174675e-02,1.804576951914365901e-01,-2.103411644949402248e-01
1.781416208949855584e-01,2.160238923442144021e-01,-4.218086650097203905e-02
-1.949616938767510799e-01,-7.344088564558889920e-02,1.942174525945046248e-01
6.276363121414572921e-02,1.822140788454036098e-01,2.119731976072567192e-01
1.635270222394220319e-01,1.736539549464743981e-02,-2.366154416323653087e-01
2.279221802480415338e-01,1.736404490404794831e-01,-4.349057818676278775e-02
-7.486049704418140660e-02,1.552483383520530669e-01,-2.350576402751468064e-01
-1.301645202235448551e-01,-1.923643005156189245e-01,1.788422214762493689e-01
-2.214182381465748806e-01,1.713922162629815671e-01,9.224447501154095508e-02
1.780769614042883586e-01,-2.103353487687608381e-01,-1.092835989221147691e-01
5.113326095360545831e-02,1.815487327460245659e-01,2.308928855357214316e-01
-2.243418138109930515e-01,-7.866048010428641768e-02,-1.826638938893220265e-01
-1.156579658261589483e-01,2.647153440049311302e-01,8.622374256242967827e-02
-1.911869787084282957e-01,2.039402721440964628e-01,1.172607458897484134e-01
6.585293060992043973e-04,-2.376262346385382140e-01,-1.908983371797720874e-01
-2.869837108351411814e-01,-9.684967988937098760e-02,-4.679739749362891998e-02
-2.194089991558028918e-01,1.304531674062017754e-01,1.726206059008657812e-01
6.300286020922116030e-03,-3.307456934373475578e-03,3.097391424779474267e-01
-5.929911490025462084e-02,-9.331926044597350922e-02,2.912094298679889226e-01
2.667947120469630895e-01,1.624502008579240264e-01,-2.243306718764333241e-02
1.942212907578023950e-01,-1.134960310491640728e-01,2.202737224676595273e-01
6.983597087291430749e-02,2.698374665193724598e-01,1.499720982161635296e-01
-2.444077253635092706e-01,1.024653722475391132e-01,-1.760965649204054018e-01
-2.080933798487241693e-01,2.219524475126925800e-01,-9.873227210677791577e-02
6.792318564665643377e-02,-2.441643401467670504e-01,-1.978881944613983812e-01
-3.797535623011845992e-03,-2.344863959445104007e-01,2.224256466064277182e-01
1.455203219807998105e-01,2.622127772492774400e-01,1.250117407091768940e-01
1.900263342102212136e-02,-2.881384506781397570e-01,-1.525425120097440024e-01
-1.009760344062490822e-01,-2.936383865391233305e-01,-1.064666799899528921e-01
-6.674070741357919501e-02,-2.309178572620683434e-01,2.260187492206487681e-01
-5.276230465351737509e-02,4.580455842037844949e-02,-3.241809728565486215e-01
-2.975536825555886722e-01,-9.575671397172189070e-02,1.157039249510380258e-01
-2.781385898708996218e-02,-3.239180021688635724e-01,8.077468620883296313e-02
-3.115612690986634958e-01,1.274741807901847990e-01,-5.781810361087764798e-03
-3.189798199035163151e-01,7.613059751787401574e-02,8.335725762945891959e-02
-2.029223358322187754e-01,1.200853030356509865e-01,-2.450302360398636525e-01
-2.293038210835783020e-01,2.839535453960313066e-02,2.517996026575451407e-01
-9.850154778160341573e-02,2.320594024289218404e-01,-2.332246760006672359e-01
1.800190894941236242e-01,-1.330299092178236775e-01,-2.626953386710558780e-01
-1.564352269529132103e-02,-1.457278499571869335e-01,3.143289263212615814e-01
-4.994819134583946413e-02,-3.425329094944140618e-01,4.047550642548193578e-02
3.775685211732617702e-02,-1.782629343617382067e-01,2.990703716100834852e-01
1.662324665152253023e-01,-1.535208199412902985e-01,-2.695097823438125095e-01
-3.079836331538139405e-01,1.663366423772880687e-01,5.013262241764346316e-02
3.403889836563821492e-01,-9.585102968672847001e-02,3.445751734362432345e-02
6.591586372163410479e-02,3.433252512502868448e-01,-7.234129884839443636e-02
3.277629581363970535e-01,-1.171662124455634252e-01,-8.666947869012356365e-02
1.582790521439461362e-01,8.345975365773572463e-02,-3.128493036341433720e-01
1.928787826540480366e-01,1.529366385946866191e-01,2.655781865011751508e-01
2.711623941360334286e-02,1.567589425948616721e-01,-3.271893290230712403e-01
-3.282537542195181901e-01,5.794557090565219393e-02,-1.499932784960443244e-01
-2.997452128064109506e-03,-3.448650740542633653e-01,1.261617707413806300e-01
-1.926880403352597693e-01,-2.773866077112911999e-01,-1.484722732904023568e-01
-2.468218866735229222e-02,3.048690100368213751e-01,2.093487328197274067e-01
1.396418827128696194e-01,3.406125646856412170e-01,-5.600457155908201978e-02
6.231598814109294386e-03,-2.963461292432333916e-01,-2.281937841822239965e-01
3.102258077252123547e-01,1.158004252924391270e-01,-1.776749352047810038e-01
-2.764166005044389474e-01,-1.974616118425277095e-02,-2.563493495452853765e-01
-3.613032793426773637e-01,5.699709203627426751e-02,1.001107029805821252e-01
3.721169607049789052e-01,-7.603899344939948901e-02,-2.940695235404627503e-02
1.348919527927652795e-01,1.456895448212376654e-01,-3.271243276022747781e-01
-1.012302649524164377e-01,-1.835367672662369110e-02,3.703621427408350653e-01
7.327556273053523195e-02,-6.260061130425863263e-02,3.738882294846503362e-01
-1.172475286509513381e-01,-1.859542892204069098e-01,-3.195147704844305547e-01
2.975175894295011281e-01,1.189022531408945316e-01,-2.215929904877788903e-01
3.656308800223224686e-01,1.106545763620512129e-01,8.471682532083041339e-02
2.080974926822715121e-01,3.000013077575113818e-01,-1.454597754501486817e-01
2.474391035155708851e-01,-3.017305485639031892e-01,5.966783440995847981e-02
3.227931270817760989e-01,9.802814456220299358e-03,2.300156616039136237e-01
3.661779689377303026e-01,1.559433485317724966e-01,-1.312802655741476809e-02
3.747441781968527397e-01,1.336029839215950865e-01,4.098267557259603622e-02
-2.217264258398002619e-01,-2.444078629851488271e-01,2.290362231934456316e-01
-1.317500985610751407e-01,2.488964239994479744e-01,2.888738238763269850e-01
1.768902619910224516e-01,3.002756442388489488e-01,2.066580254482743295e-01
-3.017730576800421449e-01,-1.356050430763525716e-01,-2.369016885698982944e-01
-4.846291615723796048e-02,-1.426786363188431161e-01,-3.798613315148779979e-01
9.096759282409913605e-02,-1.292092569622024789e-01,-3.787613310871962846e-01
-3.796238969542401476e-01,-8.958347137426585227e-02,1.331467158203684387e-01
2.368758730494540388e-01,3.392027430588563930e-01,1.198459601334081123e-02
1.775345221514291194e-01,2.576449792215230739e-01,-2.736149658976302912e-01
3.722004587390546626e-01,8.532024687890041315e-02,1.685576830270991422e-01
3.449018776450364920e-01,2.365513278345441339e-01,2.789234553594830204e-02
1.000118721320747556e-01,-4.830829340789997983e-02,-4.059935389220039603e-01
2.128860966316908562e-02,2.169865777461938983e-01,3.620953846299298506e-01
1.062214397570321461e-01,-2.504987108835091125e-01,-3.257408963561814197e-01
-2.379817223020979089e-01,-4.541687796265680976e-02,3.506275824226610105e-01
-1.750357870759253198e-02,-3.772662621044145514e-01,-2.012639079459377922e-01
-1.414158207067553463e-01,1.976161259982772145e-01,3.544096664667980012e-01
4.858697173968150318e-02,-5.998998973426739739e-02,-4.245214506128651699e-01
-2.591602522474846793e-01,2.350837987741210000e-01,-2.554965629970314955e-01
3.445801263179816276e-01,-2.432206194342095840e-01,1.065456582519272444e-01
-4.247074291839399995e-01,-1.020165355314917588e-01,2.138379700822146123e-03
2.728726187401386838e-02,-1.414208603441007295e-01,-4.142419637798768206e-01
-4.255094074101409274e-01,1.089028873312044843e-01,3.135571827424058627e-02
2.650594147947245016e-01,-2.215433919215630820e-01,2.759196573806323438e-01
-1.799176721213199825e-02,4.370911927658685525e-01,-7.532278062720473844e-02
-4.360341723963174765e-01,-9.120104542947572723e-02,-1.366768899571248544e-02
-6.649740129690370760e-02,2.004414556530349778e-01,3.944919171763795473e-01
-3.570756399393737457e-01,-2.715699837012447437e-01,2.386735833393890949e-02
2.379148579701103605e-01,-3.548530000813281404e-01,1.445933232627804599e-01
2.341249925009057098e-01,-3.444570240293615693e-01,1.777153694543728013e-01
1.714775882867530243e-01,-7.679932623813937043e-02,4.139684596267511063e-01
1.082950679463881571e-01,-2.325016735357953446e-01,3.775189764231632883e-01
3.159358316608272266e-01,-1.389201557106324036e-01,-3.013838123307859274e-01
-1.701906334602392989e-01,4.238933133174446755e-01,-5.427084491357791335e-02
2.377329997510402859e-01,2.466898838464866017e-01,3.096455167399503328e-01
5.123440139758252826e-02,4.003068267920474321e-01,2.281413851978962293e-01
2.757077944798201896e-01,-1.316949707041082523e-02,-3.747063981471884797e-01
-1.444943931021873129e-01,5.909066337877042635e-02,4.403466924595476062e-01
1.748745422335095667e-01,2.693290806761066691e-01,-3.418290416008905042e-01
-4.193065734626875152e-01,1.721467867120223261e-01,1.273304414080438096e-01
4.569773783704548231e-01,-4.651409719104096507e-02,1.112713424490339303e-01
3.394573248974772639e-01,2.931996927216097837e-01,-1.545702412987334240e-01
3.497928529710821466e-01,-3.215530427791660206e-01,-3.259576031364717214e-02
-1.589507392455253298e-01,-1.489282590980297027e-01,-4.255608397531733256e-01
-3.820108330318920942e-01,2.882331310629168142e-01,-3.574966859266000968e-02
2.913934199326328467e-01,-2.361911519995613384e-01,3.022292360818203960e-01
4.645237780143209871e-01,-2.601631154364136573e-03,1.341962905217304602e-01
-3.852816503071123111e-01,1.560367856084385330e-01,2.505510435371794964e-01
-3.069258268212459728e-01,-3.603143003527850552e-01,-1.153757843596631694e-01
-4.686554704397524751e-01,-8.897562310358743398e-02,-1.075718388816046117e-01
-5.636223876647107611e-02,-4.862681510307039767e-01,-3.586802278936370575e-02
4.624128005161690091e-02,-2.557030704116510789e-01,-4.185689957136373707e-01
-1.795928030024777911e-01,2.466768388438797532e-01,3.891406837030158550e-01
-5.001520862868204936e-02,4.429311665952486154e-01,2.183208442881701405e-01
3.788359480568434523e-01,-2.681468803809387014e-01,-1.810054979073815185e-01
-4.552195488272912649e-01,8.745748992407341438e-02,1.874741193537928508e-01
-3.688401932150188189e-01,-2.658007204227406661e-01,-2.125412720623626739e-01
6.493465974717550770e-02,-6.143381812357195243e-02,4.957135733290969348e-01
-1.155700121820814243e-03,-5.055547196024782197e-01,-5.655105428185179701e-04
3.061075152411250611e-01,-3.990612183136064695e-01,-6.715092155538085472e-02
-3.202030017069796841e-01,-3.945430974283784531e-01,3.390331377346308961e-02
1.598464968770837991e-01,4.473105112581874376e-01,-1.886740184518879704e-01
3.335618136696663072e-01,3.874784666546630674e-01,-4.163395019744779713e-02
4.881878112628747490e-01,-1.148624468511864616e-01,1.163005385502322714e-01
-2.108702261698058578e-01,3.355094108788954643e-01,3.315614736021231801e-01
4.005065159523495955e-01,2.805818705903793675e-01,-1.725186497317185430e-01
-5.837743359257779874e-02,4.068570468575876120e-01,3.192045176010910312e-01
3.816748651712026374e-01,-3.073138239101394498e-02,-3.551887341841960533e-01
-2.352527415357526797e-01,3.986293971821995297e-01,2.459395877111971440e-01
1.783768376321967775e-01,4.616561107195826796e-01,-1.782037996898189758e-01
-4.291173751871980024e-01,2.187545211007779766e-01,2.160581063874591201e-01
4.599060422987301666e-01,1.086232725303561131e-02,2.627343581011728491e-01
-2.545778056341592710e-01,-4.367164169500284965e-01,-1.646930501313125239e-01
-4.538661158089103698e-02,3.764570666756955064e-01,-3.753378446282682468e-01
1.873104736474505705e-01,4.616859563528982191e-01,1.960413946838014398e-01
-4.029557476748520939e-01,-3.428146981836582285e-01,-9.380121704102765967e-02
3.545101346513017115e-01,5.389114495900260843e-02,-4.026715487995632947e-01
-4.616315431928962876e-01,-9.283039136282907056e-02,-2.665458248855198664e-01
-4.993713458677150885e-01,1.474473093221110032e-01,-1.539702009529850257e-01
-2.014506676233310534e-01,4.591075480438578521e-02,5.041728193280753390e-01
-3.736781293140728488e-02,5.055474882297961159e-01,2.048820191983337646e-01
4.152651645682229886e-01,3.385600176585688570e-01,1.181686832732637277e-01
-3.316071659714416864e-01,4.291423862624280106e-01,-9.484620038007006426e-02
-5.543133056553476573e-02,2.425323683044638134e-01,4.932828564869363164e-01
3.498556733412095388e-01,3.684164822186681842e-01,2.218174675149660324e-01
1.088560471932056017e-01,4.297282313993641689e-01,-3.360605987664987970e-01
5.017387851822199263e-01,-2.012013186747414750e-01,-1.391363087195491843e-01
-7.579652042641200904e-02,4.450878517311105953e-01,-3.314729761240189365e-01
-4.204725824178814908e-01,-5.964347512235961685e-02,-3.681277886223166540e-01
2.367038355506927982e-01,1.518228948361603214e-01,4.888289273488637399e-01
2.825318011349697289e-01,7.120805338984699528e-02,-4.850854651566920417e-01
5.198264333980974206e-01,-2.252089056392964361e-01,3.800473075261445732e-02
-4.749506211588648275e-01,-1.569782959901858121e-01,-2.726775173492813620e-01
-8.670720068792549251e-02,-5.523558875763249221e-01,1.189903767095014941e-01
-1.221609703386391105e-01,5.578788970376366008e-01,-5.322130508536135340e-02
5.307317473041320843e-01,2.745265913734334928e-02,2.208526736650315847e-01
3.906201126424793113e-01,-6.736697735084956618e-02,-4.198984724476327313e-01
8.473862581419994155e-02,2.802909330865744342e-01,-4.999351735831154553e-01
-2.081828116642644652e-02,4.979073453195094201e-01,2.993088416342932212e-01
-4.284294231578799628e-01,2.899447527746693010e-01,-2.693950282879916669e-01
2.255561960735971427e-01,-1.898208603281598961e-01,-5.055282494411369454e-01
4.773276817746797684e-01,2.170868443124151503e-01,2.641616926424483203e-01
1.499532691864390033e-01,2.584552463724516524e-01,5.076994090736068888e-01
-1.556243666714823559e-01,5.632114241484843520e-01,-8.900716013669113247e-02
-3.227760162003761590e-01,-3.493799869558935622e-01,-3.541366074996039615e-01
3.981076969081426276e-01,-3.622719665678557077e-01,-2.534926749243477384e-01
6.408494478639535641e-02,-1.208943304057060741e-01,5.810364843794169065e-01
8.061802209238713712e-02,-5.774094753182021922e-01,-1.370106880709303920e-01
2.332161661713244294e-01,5.019665013199240411e-01,2.338176314108816600e-01
1.878050081715329223e-01,2.793687286518459212e-01,-5.000819508019741511e-01
-5.066581339080045154e-01,-1.639187643473473399e-01,-2.867181620106124540e-01
5.453960607163312879e-01,-2.334307204651109025e-01,-1.273687700324784844e-01
-2.444057233704090559e-01,-5.559477315990762891e-01,4.193898808954512475e-02
-3.597427374132816658e-01,-7.543099531822221315e-02,-4.877279400393129682e-01
-1.030391734091635342e-01,5.373564269428346973e-01,-2.757489863557451293e-01
3.823092934619992112e-01,8.738262548438879493e-03,-4.812526039391181176e-01
-1.966114943411162441e-01,1.389421021709885962e-01,-5.677369289470941549e-01
1.585283971222928578e-01,3.059139567522212722e-01,-5.138366476714484321e-01
-4.849789893794069218e-01,-3.763324779671808895e-01,9.154010095403829206e-02
4.748852982121246624e-01,3.540068781217906024e-01,1.919694191478753809e-01
4.169272074678085915e-01,4.636161842177795034e-01,3.756287153056235562e-02
5.104758581239475790e-01,-1.870142119334952668e-01,-3.116418467350910437e-01
4.899799838452911782e-01,2.014187704246392374e-01,-3.384424420103371300e-01
5.018998631218037909e-01,-6.300485005750081080e-02,-3.766219480931159436e-01
4.117101867018190808e-01,3.989725755487974479e-01,2.675222505297688569e-01
-5.573206212065160425e-01,3.034247167363701148e-01,1.124802568818847326e-02
-3.528186279764961020e-01,-6.021077732357194012e-02,-5.265465830824971327e-01
3.993231664244503154e-01,1.263121696505215830e-01,4.821966999532636411e-01
1.547067191847782512e-02,2.966113806534001474e-01,-5.677068789030541573e-01
-4.813860528195602617e-01,3.518181642656787456e-01,2.399856990403738399e-01
-5.506704213922114510e-01,1.710917344357149950e-04,3.353629637845351730e-01
8.243979700528451457e-03,-6.466543497232227766e-01,9.627976176096793293e-03
1.436373752938481241e-01,5.874968903995020364e-01,-2.348748314500449519e-01
2.963771481674478125e-01,-5.530187231753320720e-01,1.729771281696369234e-01
-2.249505616176185885e-01,2.782021517051861959e-01,5.461158769592945328e-01
6.021495239164646046e-02,-5.532754374329059699e-01,-3.452036698002139414e-01
6.244158692605688010e-01,-1.762936770439779977e-01,-1.029842417677622052e-01
-5.231933438823839211e-01,6.146919089897691368e-02,3.959265781007010876e-01
-3.035882523812505340e-01,3.764743081785725809e-01,-4.506307055814519624e-01
-3.813000694783211936e-02,-6.574015568287362443e-01,-7.776406055750149926e-02
-4.972457820420696506e-01,-3.425637678474507397e-01,2.789227469211301158e-01
-2.604111242556317318e-01,-2.174323401795510979e-01,-5.744961058785024166e-01
4.227170190038572195e-01,-4.676116911184706182e-01,-2.247969657504366447e-01
4.798794891568998744e-01,-3.412381956630118895e-01,-3.223598951058199713e-01
-3.665623537468442050e-01,-5.610172856672865915e-01,-6.562998766976027576e-02
-2.554577265101028449e-01,-5.368689315392380923e-01,3.204885999487737114e-01
5.737623434222096641e-01,-2.140360874100412925e-01,-2.897959315748733222e-01
-8.996066140998511262e-02,-6.561552748200564222e-01,-1.522253824242770504e-01
2.429568768839437398e-01,-3.540168521818513048e-01,-5.294058383273582136e-01
1.608567218765747098e-01,-1.959669164060255930e-01,-6.349664064604472191e-01
5.951420175990627115e-01,-1.498899514676876044e-01,3.060154736104152562e-01
-1.117272571797079395e-01,-6.783706160598783619e-01,-2.226188515318900871e-02
1.395048555619989306e-01,6.600337524896757735e-01,1.446736560960596996e-01
-4.764998147578732024e-02,-5.741446150350704158e-01,-3.834162997604186884e-01
-4.837775087230928861e-01,-2.295741014475845554e-01,-4.416699462924326136e-01
6.882809480631603138e-01,-9.382375327452821545e-02,-4.683073220553440885e-02
-3.679030863420192921e-01,-3.286794548643485747e-01,-4.942327078487870340e-01
3.322184384519473177e-01,5.943391151623750313e-01,-1.642428961821237043e-01
1.667802559991699018e-01,4.762515995813620395e-01,4.887743761084765715e-01
3.818985911740470640e-01,-3.488853642996402327e-01,-4.784608971135075328e-01
-1.432868352493678887e-01,2.758968827997522189e-01,6.346777409817525584e-01
-6.941389987460035993e-01,7.773843354188179899e-02,-1.207497612638486068e-01
5.845603673765736863e-02,5.606951583978401210e-01,4.331931074198595022e-01
-5.239096767599161764e-01,2.320115674781277407e-02,-4.831620862196378541e-01
4.229022246039473298e-01,-1.438867025570665648e-01,5.585172447478011781e-01
-2.564112734793279058e-01,1.848676743467577432e-01,-6.439002362000108004e-01
-5.882149654068664635e-01,-1.409215379619985220e-01,3.895214256103599615e-01
6.441503900391802873e-01,-1.095566910656689888e-02,-3.249592974250317678e-01
-2.047726354609992125e-02,1.314629654515097890e-01,7.113546378581658836e-01
-4.177144847473637096e-02,-5.480818127629306646e-01,4.740053245580447827e-01
5.738901697627268698e-03,-3.330477721279144210e-01,6.472801285507164826e-01
1.169570105125880971e-01,-7.132920490243468414e-01,-1.028593134050938968e-01
4.862835535058966929e-01,-5.460941144895623545e-01,-3.855872593669927573e-02
-5.834086046976261208e-01,3.770399464013097779e-01,-2.383250228511821778e-01
-5.459319602600304355e-01,2.941234864127846849e-01,-3.974079817159618111e-01
-9.433138522487803657e-02,-3.879924462994441825e-01,6.214663639316069244e-01
3.251646282629984119e-01,-5.347622564362898290e-01,3.964108311313470079e-01
2.933604247242469487e-01,-3.949942476030637306e-01,-5.567445362455220037e-01
4.565798077432836610e-01,4.908235295854865288e-01,-3.254031960044777017e-01
-5.907688704773017205e-03,-2.801351668815744711e-01,6.928045646448695027e-01
4.313075630354628043e-01,9.702904020038866095e-02,6.052193913353941523e-01
-6.248504973739273938e-01,-2.124182766572234593e-01,3.597613484871411416e-01
6.995967863801436648e-01,-1.063923199550426274e-01,2.598142520081331841e-01
5.755869085452698375e-01,-4.477953498617125994e-01,1.993039417060127605e-01
-1.034629117231695428e-01,-7.073387302098481655e-01,2.526045641482608239e-01
-3.914797442796597027e-01,4.232041673785225666e-01,4.957785871972685277e-01
7.444671708193726367e-01,-1.134495454818456733e-01,-1.199143265776663470e-01
-8.945089506126047141e-02,7.042523274151515356e-01,-2.843415409528229909e-01
-6.960010547072349452e-01,2.264642879831511163e-02,3.213225665798215003e-01
-1.171625142429051913e-01,-2.309010854526902939e-02,7.597948886898373555e-01
-5.203471166330226882e-01,4.123422113038922865e-02,-5.678657090780491190e-01
6.621825867032076207e-01,3.980950034313766039e-01,-3.696293696750558438e-02
5.598355408763567853e-01,-3.241037014595862242e-01,-4.281190917669691620e-01
6.108600096687991643e-01,4.801047271237340319e-01,-3.901779322570964742e-02
-6.327393668174292607e-01,-4.511518639908109196e-01,6.868972840261459989e-02
-5.526670397014892266e-01,1.534125978000588572e-02,-5.535307961914327501e-01
5.033991965814093028e-01,-5.618584213297455054e-01,2.155198261912140700e-01
5.974706592346240575e-01,3.719335604639085746e-01,-3.517460962463316299e-01
2.892096136204220791e-01,-8.697425202698472191e-02,-7.289209989790057520e-01
1.876006288318196602e-01,-7.177528673870489095e-01,2.751103542499988008e-01
-3.945698443406662759e-01,2.014039894003866737e-01,6.582789797183347114e-01
6.662511303139430074e-01,3.022967378280767003e-01,3.128138393596415767e-01
-5.401256338424483827e-01,-6.228556732753225134e-02,5.840140951490152554e-01
5.827604491146431975e-01,5.423085351981988822e-01,-8.096741553971648075e-02
5.072057729331512776e-01,4.785738803896624760e-01,-3.969443896181782394e-01
7.033746077531068952e-01,-2.263555438211379556e-01,-3.185741929599441025e-01
8.873026420777810341e-02,6.291867215391815371e-01,4.973279863834266235e-01
-7.539172848327975185e-01,2.655087403951000846e-01,-1.258379143636540187e-01
-2.533416009285402448e-01,4.259920574146267708e-02,7.696604876514460125e-01
-4.657312621490399263e-01,3.258935838635752813e-02,6.663889548125122575e-01
-2.307397019699789220e-01,-6.540151500154405273e-01,4.298240780273299144e-01
1.248386667374426912e-01,-7.620431516134686944e-01,-2.704253582364720132e-01
3.146390082746154393e-01,-7.261834342040737189e-01,-2.163302695745777937e-01
-4.273372541704024696e-01,-4.812993147007448846e-01,5.124479271385657952e-01
-2.679809759481782128e-01,7.725143778834691055e-01,1.096476983696139107e-01
-7.985294219962860152e-02,-7.899286263524888385e-01,-2.324064195546812761e-01
3.948539187732187927e-01,7.295491828577946869e-01,1.490817935346345699e-03
-1.849734198203030755e-01,7.856388217305834698e-02,8.071924357716664389e-01
-6.228222807983609111e-02,-3.484380081047465660e-01,7.552933799490738620e-01
-7.767926356182444647e-02,6.064654284434101150e-01,5.707424304964096029e-01
-5.028508484732030492e-01,-5.951623361926925426e-01,-3.103952900353119104e-01
7.067365938993049879e-01,-4.191434580856645553e-01,-1.792254267450100746e-01
6.875829494319773971e-01,3.227130509045149087e-01,-3.663862685411019560e-01
1.598525167114900336e-01,8.138072888257291693e-01,-1.649463527992310885e-01
3.048802005581697019e-02,9.847274496274240063e-03,8.473025984898495677e-01
7.398337099090024349e-01,1.732395555482945104e-01,-3.814503563273453635e-01
6.977125770565630880e-01,4.888111889218417216e-01,3.270218286974505006e-02
7.711518101021896943e-01,6.788464625495080340e-02,3.626017722365605378e-01
6.065597627820589616e-02,8.242719435958153484e-01,2.272254599467474490e-01
5.072611442463759168e-01,-6.830892393192362633e-01,-1.216464572592218102e-01
2.963122613483070156e-01,8.082164834317542290e-01,4.137915029881290147e-02
5.065994135316781444e-01,2.541229569960211099e-01,-6.523240905375594645e-01
-4.405093506566761241e-01,-7.461468150980243852e-01,1.549921520673711505e-03
4.521450075105765999e-03,8.573269318327770838e-01,1.407501871253977466e-01
-5.861649864452918024e-01,4.464942179435277825e-01,-4.647208233682443290e-01
-6.426689240332963959e-02,6.894270210539017452e-01,5.325038528359268275e-01
6.522879607263751822e-01,5.487417588922562928e-01,-2.012668178150795184e-01
-6.701462666158743975e-01,3.815522085291976340e-01,-4.201780140128898444e-01
6.480963018033381040e-01,-1.028104504193617236e-01,5.871696245221670329e-01
-5.152030525542573569e-01,-4.065218279098141152e-01,5.906176608056791233e-01
-2.039686616346711168e-01,-1.816766277169903077e-01,8.420732798410855979e-01
2.473675703706918472e-01,1.678820125160986887e-01,-8.357707825391695877e-01
-2.553247779046533550e-01,-8.328802010626671359e-01,-1.822522658937489326e-01
3.617569501769076767e-01,5.556724783610462737e-01,5.972282724639703666e-01
5.086294142151718267e-01,5.048619728445022936e-01,-5.357005558553590285e-01
1.468006919931176268e-01,1.459946571445091268e-01,-8.729032946880067589e-01
5.141053285118185601e-01,1.156191334529996749e-02,-7.380142945484945427e-01
-7.713870036479957282e-01,3.086777497915009216e-01,-3.508259387408244057e-01
-4.870355714738573427e-01,-2.460854512163478114e-01,-7.210758064977168535e-01
1.239641766425298233e-02,2.555629766019659743e-01,-8.698143270965361662e-01
1.448584632319071253e-01,-7.385431269361779627e-01,5.098646892486071724e-01
-3.227408550422906641e-01,1.648947478051917062e-02,-8.522470797947880872e-01
-2.080079365215199150e-01,7.963392005503625581e-01,-3.971396132833052151e-01
2.389873174828174573e-01,8.814298510694844602e-01,-7.424564770755975873e-02
-3.562044637643161926e-01,-5.874942501892629343e-01,6.098651627465586644e-01
-8.474795729642590203e-01,-2.415991474815828155e-01,2.679807233261488619e-01
-1.441907408156199721e-01,-6.922152568904643699e-01,5.940618692789269017e-01
8.228506926080830786e-01,-2.759524570554354184e-01,3.226525283147427259e-01
-8.483665040982666383e-01,1.791578378816742201e-01,-3.316744895579583075e-01
1.797589416524624784e-01,4.056774417591834658e-01,-8.182027141486315491e-01
6.897549513962929479e-01,-5.047664079112934576e-01,-3.745964312696482557e-01
3.405040291173874051e-02,4.375455492752333142e-01,-8.263273152935111110e-01
3.213651423118243367e-01,3.982941062895317685e-01,7.861781298423369257e-01
-4.421172469595331389e-01,7.460397837560662770e-01,-3.640506120216269736e-01
-2.072098588538771879e-01,5.858601184164775599e-01,-7.092338313626912472e-01
-1.205801907802451917e-01,-8.650665002173952844e-01,3.618349461779194476e-01
9.174776406880751356e-01,-1.968331268946881818e-01,1.339328896224983301e-01
-1.104793581052120229e-02,-6.788695358661922530e-01,6.649224558915557415e-01
-1.626744819782460216e-01,-3.692893980410713040e-01,8.631050621569811288e-01
3.454024464983030396e-01,5.466581611771629268e-01,7.030997426514093984e-01
7.702797514969964565e-01,1.208680632348014816e-01,5.561165379302179801e-01
-8.001454378805527012e-01,3.836390597081841269e-01,3.667852860992456554e-01
3.762045051611492275e-01,1.572979564928344287e-01,8.720248606691101134e-01
-4.252846876632194739e-01,3.690523499270721430e-01,7.838425660235374126e-01
-5.957020449357809389e-01,-2.834013002544812920e-01,-7.078799683430949674e-01
-5.964597368943446165e-01,-5.039436269862137552e-01,-5.756411309063877990e-01
2.890502920334087622e-01,-6.826983741536389871e-01,6.295183114142651748e-01
-1.590453052744890128e-01,7.603827390251024498e-01,5.893191276534626155e-01
3.471283915367480710e-01,7.975324874064436687e-01,-4.461969413745285329e-01
-9.397395717073072641e-01,-2.433943324532009678e-01,1.348698964546024281e-01
-9.779767865641011415e-01,-4.200940042138449210e-02,-8.515161738564680505e-02
6.414049484245721855e-01,-3.372380501814544185e-01,-6.672759910767146474e-01
-6.152925652225662567e-01,-5.787848662104713160e-01,-5.116277823876548281e-01
8.587741784314477655e-01,-4.837632823331082244e-01,9.376898953146584059e-02
1.731944424095092083e-01,3.300453973269455998e-01,9.199886839535618144e-01
1.289801697761618071e-01,4.089980371595482445e-01,8.979995189520100229e-01
-7.909236959173183701e-01,-5.843338015035102195e-01,1.683605742281476525e-01
1.416715617717079559e-02,-7.085736091321188646e-01,-7.057816366276747910e-01
4.405471315441937818e-01,-7.920397351194899960e-01,4.290338284756161635e-01
5.690530167498971670e-01,6.833266254902407022e-01,-4.688457052860393603e-01
6.215794572324190997e-02,-2.935973128468474802e-01,9.620938422506748466e-01
-5.979264917819515635e-01,-6.127214703097003667e-01,5.365436243612755618e-01
8.819398903561322944e-01,-3.116206350463928132e-01,-3.886556068881130699e-01
-4.075214626376040816e-01,9.250855738301584363e-01,9.642627243232144985e-02
7.216449470641016495e-01,-3.275090954897257323e-01,6.389982273491173759e-01
-5.447724488791123587e-01,-8.421031454281353579e-01,-1.888273505175186995e-01
1.859438215087940716e-01,8.764777141410022843e-01,4.939850680229214142e-01
-3.147140005113265859e-01,-8.876971518854196441e-01,-4.062245996385778213e-01
8.826341656555489190e-02,-1.111284091430452953e-01,-1.018435413913824528e+00
8.538820007589420502e-01,-5.538607774424546548e-01,1.636356726516122462e-01
-3.257985393598123447e-01,-3.087105212307830054e-02,9.802441439693356795e-01
-3.240074630633896779e-01,9.423869958326859253e-01,-2.832788625383561021e-01
-6.664569584193265339e-02,5.152097967706640302e-01,8.993354660795170874e-01
-8.231933798023165494e-01,-6.349537401247907775e-01,-5.710486742331862681e-02
7.713280545802744248e-01,6.513999963774922408e-01,2.649804433106441870e-01
1.762678410011453145e-01,-9.507680290763593778e-01,-3.998549009566951251e-01
8.021001240980311087e-01,-1.145360547108061110e-03,-6.760180869295512318e-01
-5.997480369268780587e-01,-8.519344822610687151e-01,-1.426543808435715155e-01
8.653285756145889795e-01,3.483361041993002227e-01,4.911257798621487258e-01
9.845102751896038784e-01,-3.543750802261128596e-01,-1.483630528855667818e-01
1.015817835663724411e+00,2.936106678271860337e-01,-6.557661970596953549e-02
4.582373398332374725e-02,-1.020610295465073980e+00,-2.901893463105605919e-01
-6.024806831819617958e-01,-3.539646547246123598e-01,-8.032837999263827689e-01
-7.587449483426659258e-01,7.411573442169552273e-01,1.188977102002474473e-01
-1.039189751387083804e+00,-2.541314076115896992e-01,1.657963621194061959e-02
-3.939928353701648289e-01,-7.415297801827265278e-01,6.673281031032922694e-01
1.071312450384623860e+00,8.955264079387559306e-02,1.914466370958385621e-02
-8.295321879861089487e-01,-2.448221894481539540e-01,6.432188581998160570e-01
9.357206730847502651e-01,-2.779222086839200356e-01,-4.633532102970297495e-01
5.775988066650513675e-01,-6.240150640980401953e-01,-6.709960365922271741e-01
6.143087377887346268e-01,-1.838827300389861072e-02,-8.951541652210639466e-01
1.046118018782210113e+00,2.646939032170440020e-01,1.427404954963424066e-01
7.171469258682602321e-01,7.989721762072765632e-01,-1.948167149141234733e-01
1.839395955914882586e-01,7.360609695690462084e-01,7.879228626769620991e-01
-3.811332048180025023e-01,-1.961584243494896018e-01,-1.009235617246011740e+00
-2.105567392005385507e-01,8.123434035945800158e-01,-7.098870218797946885e-01
-4.571244681453637826e-01,8.130803289363348618e-01,-5.865276607950381527e-01
-4.153410025192962318e-01,1.018607223611049717e+00,-9.966513248770909883e-02
-7.748547384319008913e-01,5.114123228234928042e-01,-6.033305706045497541e-01
8.756427178507262266e-01,-4.155097406706589336e-01,5.408543215071944799e-01
-6.509650351046474270e-01,8.599584926410349661e-01,-2.731905389490517644e-01
6.814101513867625304e-01,-8.284156109598838080e-01,3.055221869087151876e-01
1.115829137702446294e+00,-4.554917208741562917e-02,-5.319030586929255483e-02
3.367476306640136974e-01,1.275394404141747540e-01,-1.061310363377061083e+00
-1.121679140734659796e+00,-3.108393327534660772e-02,5.481688557955036178e-02
8.343829196225894806e-01,5.712042501448745258e-01,4.957622737495875342e-01
1.002287787449998913e+00,-1.821109995565746431e-01,4.864590254864676888e-01
-3.342926064460086111e-01,-1.021720896471602025e+00,-3.533904591771849235e-01
6.671412083414450800e-01,8.866862482299461279e-01,-2.354710355841579672e-01
-2.138503054046343166e-01,-4.621623101071150597e-01,1.016671720604449325e+00
1.060252009311149601e+00,4.260158769954514035e-02,-4.162130874436959505e-01
-2.362035868647840986e-01,7.294770984865505126e-01,-8.470615384268540549e-01
7.748412982834004259e-01,9.794144500362095274e-02,8.377081048039950462e-01
7.521997633914382364e-01,6.642027038260649441e-01,-5.577325134471250445e-01
5.092598374929008243e-01,-8.977212945503623143e-01,5.090380342659776014e-01
4.308311729289904246e-01,8.793461905081040308e-01,-6.098048496857426670e-01
-5.744314122153156843e-01,-2.675624387581327368e-01,-9.672379791328259424e-01
9.424893786691098674e-01,6.730716699542135251e-01,4.697788151761793374e-02
4.105256697950143141e-01,-2.601220534901461101e-01,1.055346901321508879e+00
6.661228023651358798e-01,-2.246617906344178239e-01,-9.285568345361234766e-01
2.962357292486926252e-01,1.115608806434626565e+00,-1.748008346984058770e-01
6.493443084814343180e-01,-4.920013886019035665e-01,-8.400532816291060856e-01
-5.642369997243580348e-01,8.653618358379480124e-01,5.556282819475869550e-01
6.104340793810770771e-01,-7.595269378782450176e-02,-1.002047193873813580e+00
-9.735581477116560523e-01,4.743011906985727388e-01,4.650865757672596468e-01
1.203490061738908684e-01,-2.057452391540736114e-01,1.157099282527424222e+00
6.317170790482978804e-01,9.678246545114280730e-01,-2.580302223153705943e-01
-4.505785643446091893e-01,1.996198930946686823e-01,1.079872317334130916e+00
8.834163845279120464e-01,1.798779352067055859e-01,-7.764672999189708991e-01
-6.867767239104948240e-01,-7.360853720025838376e-01,-6.394629131346534212e-01
-4.323464067384774068e-01,-7.789799225816731454e-01,-7.971226125654238270e-01
8.110141832623235514e-01,-5.870289845280917129e-01,-6.584509140992409471e-01
9.926641131737115042e-01,6.732811169280763508e-01,6.331259498893802851e-02
9.025635606220892004e-01,-8.790266746715412471e-02,-7.919405726944466206e-01
-5.734028829212659550e-01,-4.457566822385384264e-01,-9.637811326472417450e-01
-5.594021009787211174e-01,4.959503191118875831e-01,9.509675765600508202e-01
3.241112517914587210e-01,2.045551804811132357e-01,-1.150324001480655944e+00
-4.929813216079741989e-01,-9.618167634159460189e-01,-5.558240706897779049e-01
8.566649810582841473e-01,3.826548601820115025e-01,-7.769915848751903775e-01
6.286513042334751500e-01,-4.229276739218079673e-01,9.575621698443366192e-01
-2.287682266599552761e-02,-7.452200632096258603e-01,-9.706319442243581674e-01
9.259228139928015189e-01,-6.618018595740842169e-01,-4.579542678459190275e-01
-2.735641139107142239e-01,2.745329020441585402e-02,1.198543823780173323e+00
8.063603700230643767e-01,-6.897447962069136462e-01,-6.270742629339395302e-01
1.158522931335429051e+00,-2.084954713068876420e-01,-3.750433173998596326e-01
2.451244774490360379e-01,-1.154792786811613903e+00,-3.739178082102059819e-01
-8.651207206227876645e-01,7.934169401103985386e-01,-4.033285316000822518e-01
-1.276653980221500728e-01,7.979413207099883554e-01,9.459431230720372064e-01
-7.152697489450480228e-01,7.962047768245917867e-01,-6.399149355670342709e-01
8.625403895251141373e-01,6.248057142393423913e-01,-6.541716611445872465e-01
-9.634789588045031827e-01,-7.157283688000604105e-01,3.591970702294454143e-01
-3.099779007496532568e-01,-1.113599203474197941e+00,-4.906145223705840053e-01
1.236216885081467126e-01,-9.478080125016854485e-01,8.189070061764666120e-01
6.571388651854584984e-01,-1.067232018899063162e+00,-1.441616675776695444e-01
3.534632494856818630e-01,-5.199137745540527433e-02,-1.212994016730976954e+00
2.406765755604023116e-01,-4.707583290339431570e-02,1.243493701276140229e+00
2.257459920740512993e-01,-8.576977084529822104e-01,-9.095405282265384139e-01
-2.592671476795074814e-01,8.731237753311604788e-01,8.898243244764411086e-01
-3.092731154368908997e-01,-1.237919445927225803e+00,-2.770545315804135572e-02
-8.579712804470683851e-01,5.469168367090262439e-01,7.753503927041934807e-01
7.267168415671743098e-01,-9.223579329824012074e-01,5.148858048889901617e-01
-2.522641574355652394e-01,-5.260259750121225597e-01,-1.145087506255570320e+00
1.961491471515501295e-01,-1.254242483835403821e+00,2.181591532399862754e-01
4.641106207900154157e-01,-8.848774849704499346e-01,-8.175822508088819163e-01
-6.291204373828551688e-01,1.130402052801508628e+00,-3.051348073937031058e-02
-6.661966797242602212e-01,1.037902350316195932e+00,-4.014815035640981744e-01
1.262037803863099716e+00,-9.399063670736675091e-02,-2.973498362709704468e-01
-1.092493207747304851e+00,-4.004561427174585519e-01,-5.863937339118667769e-01
5.674257278315023578e-01,-1.135504773619524510e+00,-3.069599886650417053e-01
-5.474948520910630778e-01,3.214835072673279948e-01,-1.144682683883792906e+00
-1.191008067764446121e+00,5.477593790397913276e-01,-5.218582176635084419e-02
1.282590295249840917e+00,-1.255997607316325371e-01,-2.614269470827950692e-01
-7.650630803205701880e-02,-1.275774094795586899e+00,3.219129549359158182e-01
-1.253388745154625727e+00,-4.975007200684795905e-02,-4.142174315897539372e-01
-4.088565513005236185e-01,3.987096326926932166e-01,1.194523184366343083e+00
-5.494734716772712302e-01,3.079380987097402600e-01,1.168026719961401616e+00
-8.894964399438464175e-01,3.502023770251879720e-01,9.247881248650784425e-01
4.422847158530470169e-01,7.006834979603877578e-01,-1.044309145086303792e+00
-6.329820529101354287e-01,-1.084681002450352150e+00,4.561385956496184502e-01
2.579085167326671257e-01,5.011561871817167280e-01,-1.214794232363394233e+00
-1.055251136757797026e+00,-8.286360644865400360e-01,-3.708745779166319062e-02
-3.798047230720201783e-01,-5.444722791784454285e-01,-1.170071123882009179e+00
7.441810375514806841e-01,4.437753937800674731e-01,1.033081465811962474e+00
-9.468283779402651978e-01,-6.397145200703902024e-01,7.214868333697285196e-01
-5.468685838404898636e-01,-9.266410725490984435e-01,-8.226949606028550743e-01
9.664911742021939922e-01,5.556439416583338620e-01,7.746200006150649742e-01
8.248545517431028762e-02,3.600554422075318284e-01,1.309501827652657546e+00
-1.335716311362567188e+00,1.207151087790530181e-01,-2.468150737046453658e-01
9.138213353090177682e-01,-9.418877725871956930e-01,3.818728162245689783e-01
6.176475346843020020e-01,-8.023114093354677401e-01,-9.226644927637377425e-01
-2.616003222591734012e-01,6.933928775507377518e-01,-1.155750203799277287e+00
9.222630021520455967e-01,-9.374629382840911074e-01,4.050906976355562739e-01
9.183088964775010243e-02,-1.345556223223503434e+00,2.882698255965490675e-01
2.257999631127805273e-01,-2.531474147826418553e-01,-1.339987628755055837e+00
7.149764712600850114e-01,-1.082753429698071868e+00,-4.854940057955866028e-01
-1.245452282900674668e+00,4.716620461164741651e-01,3.927870492960381377e-01
7.300063736174131623e-01,3.361718588305677713e-01,1.136071068106224269e+00
1.042490906897436176e+00,8.929872978791348892e-01,2.471391240025285763e-01
-1.288028458320149117e+00,3.646500041167616279e-01,4.025549480687260484e-01
-1.227569362443364565e+00,-1.589174834801337644e-01,-6.562280940583590239e-01
-3.123907836764984736e-01,-1.270283248618812921e+00,-5.103151196789376121e-01
2.583288872918181878e-01,1.057779209730788761e+00,8.915403392042363651e-01
1.149564837456850119e+00,-7.475612384200490679e-01,-3.301620630582070004e-01
-1.275094030010642365e+00,-6.091264024871738680e-01,-3.697559981843541455e-02
3.352714910513151514e-01,3.418959350352814286e-01,-1.333384302086846107e+00
-7.073438698805518676e-01,3.799371320220428228e-01,-1.171113268009575270e+00
1.966343946701109846e-01,-5.685402423083693035e-01,-1.289691847303118921e+00
1.579635721211301580e-01,-1.171187348372525694e+00,-7.985137432732551943e-01
1.088923102915704044e+00,-9.243565901994988954e-01,-5.612813901756339569e-02
4.495792626196933872e-01,1.314862891100125886e+00,-3.485252480267993502e-01
-1.425223289966971896e+00,1.006122617615323317e-01,1.422065981509913757e-01
2.976899153512174712e-01,1.407090502869987825e+00,4.764141249939862766e-02
-1.154948698339288565e-01,-8.162670096520653340e-01,1.183377419076950376e+00
2.056782494769562319e-01,-1.131010791746829280e+00,-8.762300793478360328e-01
-1.152775738120429772e+00,2.096744849648963238e-01,-8.518819050915442670e-01
-1.114613177698885682e+00,1.338510596944474940e-01,-9.206543272722520488e-01
6.979460617779832676e-02,-4.954940496674272166e-01,-1.366329925519453425e+00
-1.702628175445372039e-01,-1.375308686662729096e+00,-4.540649752733493805e-01
1.102226716627255021e+00,6.062956290386154468e-01,7.440234866762031052e-01
8.507727023797641008e-01,5.512943961379465074e-01,1.057258486523243057e+00
-2.850021074532437249e-01,-1.242280350151973689e+00,-7.283888200686827741e-01
-6.069758672946355960e-01,4.832159816663834651e-01,1.250062800985830558e+00
3.746130673593677241e-01,1.300323405822726049e-02,1.426058783379893447e+00
9.621637420167845622e-01,8.541022228727943588e-01,-7.269850558984556343e-01
-1.135994827036104438e+00,-7.698068506596849048e-01,5.570596510607666030e-01
3.489325501631382886e-01,-1.212710322030602583e+00,-7.814496748143312521e-01
1.034181802829211017e-01,-3.379243403989231065e-01,-1.444961436690529455e+00
-1.246779239674264739e+00,-5.140372805495252440e-01,6.355023866595607140e-01
1.516883488357445575e-01,-1.353909743963666479e+00,6.134053014803184656e-01
-1.338351923219073702e+00,7.392912159176073805e-02,6.674752950905393778e-01
7.659904273601757518e-01,-8.194830442759597489e-01,9.968677625383876029e-01
-1.004930934978517154e+00,2.194873801442930872e-01,1.097214506306691373e+00
-3.635465639776900848e-01,1.384742359743944995e+00,-4.713826294098291680e-01
-5.707239547128942769e-01,-1.350564390163874640e+00,-3.634622720772324178e-01
-4.448833464344252586e-02,-1.229535711996447150e-01,-1.508234435906045112e+00
1.354200102080128865e+00,6.708250739356037551e-01,1.343661320074077958e-01
8.596482016750580865e-03,-1.408272194313228365e+00,5.733254969854020278e-01
-1.146828483238141017e+00,-4.908062627843369774e-01,8.752291762043070689e-01
-4.228012646202927161e-01,-1.326138594456332642e+00,6.284040993775102946e-01
-8.770973839825022544e-01,6.557983543687393446e-01,-1.069170986954069758e+00
5.159150559832279548e-01,-4.553263193285426169e-01,1.370856419334558041e+00
-6.092138723972323477e-01,-1.130769597443808783e+00,8.445320398414011276e-01
-9.586732180980929441e-02,-1.526732507893586943e+00,-1.822897103725302503e-01
5.608955937296005168e-01,-8.559674634052432118e-01,1.156028985101027695e+00
-1.651834419852843683e-01,-1.232300350480770135e+00,-9.209945935367218617e-01
-5.729423561267239506e-01,-5.895779269503911291e-01,-1.314780606575926436e+00
6.673393127009019654e-01,1.288294182870217242e+00,5.567231942103045839e-01
1.287514428735061722e+00,-8.139023772219856623e-01,-3.245984931941678919e-01
7.832836821125963023e-02,1.553006767515523467e+00,1.344573211486135844e-01
4.009029704790125215e-01,-5.655924142714586350e-02,1.510864237926420772e+00
1.118010939880805132e+00,2.449333508665177961e-01,-1.071130371806685577e+00
-4.968038638541248386e-01,-7.576134072567938249e-01,1.283408233779416374e+00
4.822284560447223090e-01,1.440475057960954208e+00,-4.136709378163117568e-01
-7.351446798320154796e-01,1.272178533896375585e+00,-5.748980019756962934e-01
1.241445817099884774e+00,-9.704490403678104338e-01,-1.311940138834492842e-01
-8.589244840247786117e-01,2.370881927430063263e-01,-1.310357298644734270e+00
-1.382640539288088943e+00,-3.520384802661165047e-01,6.973091372590789483e-01
-8.441118403752670973e-01,-1.449199337765166851e-01,-1.341360295249281354e+00
3.041305396711546649e-01,1.279003095045053273e+00,9.029829974435150675e-01
9.445635300716493932e-01,-8.386445480933103491e-01,9.793808693709692426e-01
1.306827664718069215e+00,-8.013999854807244416e-01,-4.644366261894285475e-01
-5.842231659691343726e-01,5.561560862101907476e-01,-1.387871225087916605e+00
-1.391889326020303796e+00,7.922580309518130193e-01,1.513149379925169402e-01
-3.454102968787706174e-02,-1.271876321245210439e+00,-9.900584389161990462e-01
-5.035749726854377162e-01,1.522660215914405590e+00,-1.954249854494421734e-01
-1.416534921101194389e+00,6.961875007100667423e-01,3.609165200049483935e-01
1.371444797856366860e+00,-8.135874473783489824e-01,-3.000022855076541761e-01
-4.444832324116932409e-01,-8.477073434988685596e-01,1.314508739957732431e+00
-1.530250487145234040e+00,-5.038386113689691248e-01,-2.448426276744245234e-01
-4.033576094930945710e-01,4.729157489703610670e-04,-1.582458150778686568e+00
1.013954292968909154e+00,-2.905290626087394523e-01,1.251321991153937274e+00
1.556507651570325335e+00,4.268083086649709368e-01,2.914170770822471224e-01
4.964893987050028601e-02,7.401266064834397529e-01,-1.466657271092724590e+00
-1.097542736752550319e-01,1.572782840782474212e+00,-4.766732542612635570e-01
1.537765172887485488e+00,-3.652453323481498759e-01,4.758145263054280316e-01
-1.161971646084999504e-01,1.616573041484896223e+00,3.307176876627949125e-01
3.653495178858103820e-01,-1.159692317664964945e+00,-1.126729752983588684e+00
1.132587299796272262e+00,-1.048751180846025699e+00,6.140022702662902843e-01
-8.670215442849774634e-01,1.157750641429189375e+00,8.242012083573807546e-01
-1.566726285643255945e-01,-9.437059067874198348e-01,-1.366793924337735389e+00
3.375018883129135561e-01,1.434230511464079427e+00,-7.900658306714412049e-01
1.653402400274651129e-01,-1.280075370987522776e+00,1.068231291607814271e+00
-3.034921425880559784e-02,-2.094455616472630233e-01,1.665600083341532978e+00
-3.070349295627620712e-01,-9.930489408225763592e-02,-1.651329185829456536e+00
-5.192311691479115643e-01,-7.325472753510146040e-01,1.427180989855894255e+00
-1.036393152186834143e+00,1.313287030373204711e+00,-2.373500216607050406e-01
-1.397456498550346815e+00,-7.954720067331388922e-01,-5.307064577738210831e-01
4.522821216508445263e-01,1.415743399624656451e+00,-8.189060122130858987e-01
-7.491483515347391320e-02,-1.109759732339458127e+00,-1.286292094874267100e+00
8.017582932911780647e-02,1.503187747082443293e+00,7.987492806377676224e-01
7.070724504159111579e-01,-1.517103879185781601e+00,3.387731722564600312e-01
9.196243531510661651e-01,1.246574723601584944e+00,7.273456184432076643e-01
-4.542810942361671933e-01,1.324723003751586969e-01,-1.648387289585525828e+00
-1.057265223231669049e+00,1.156310333724079431e+00,7.061833487261741649e-01
-1.174497033796843420e-01,-5.167716291344321977e-01,1.638662288239713938e+00
-4.433694855899648624e-01,-1.195217211533440516e+00,1.163395847621809143e+00
2.529429637737118375e-01,-7.668093045659901685e-01,1.529453882226115446e+00
-1.106534192254811089e+00,5.199410139005132825e-01,1.228450556688693185e+00
1.120665920927294668e+00,-1.252983560584124856e+00,4.366639197619230917e-01
-5.742346247586153085e-01,-1.547858770621148017e-01,-1.635715666105103105e+00
-6.943438968093156305e-01,-1.097117297236006150e+00,-1.164590600328031744e+00
1.491983402489131638e+00,-5.772325503861284179e-01,-7.040364701270775960e-01
-6.942551654705534370e-01,1.087456355111112050e+00,1.184568658205153779e+00
5.735569883967839289e-01,-5.292781302323349424e-01,-1.572124024605194403e+00
-2.795695576877665900e-02,1.487746002876379592e+00,9.378043329681785556e-01
3.247455230652868674e-01,3.178743672471218695e-01,-1.702985707344863098e+00
1.239655525569829386e+00,-1.155138496536902482e+00,4.986365212549524473e-01
-1.524228124605700119e+00,-4.688460821671897594e-01,7.679544568610650046e-01
-2.254077729871213909e-01,1.759092560029442920e+00,2.806639535687035711e-02
7.102501232922492358e-01,2.726603806637548089e-02,-1.629114325041211231e+00
7.263456644305114895e-02,-1.757464755358626007e+00,-2.801990374837888820e-01
-1.381671605012722237e+00,5.616170444589213551e-01,9.804822908469450482e-01
7.709188127880286512e-01,-4.995315111789656870e-02,-1.613170543523058109e+00
1.007892880526697788e+00,-9.643002971964812486e-01,1.125526873698368790e+00
1.743715306288513567e+00,3.219700090486567468e-01,-2.859696651679243806e-01
2.713652530608736679e-01,-1.508266610079443515e+00,9.439178222357617054e-01
-1.292392912534837901e+00,-8.122672610292769324e-01,-9.607193346851186089e-01
1.610824683288163195e+00,7.733123743477318124e-01,-2.717932432105165108e-01
6.449427599592778837e-02,1.718235120073926092e+00,-5.690330103451042287e-01
-4.597539643022493516e-01,-1.544419791185137392e+00,8.350951473221349675e-01
6.635522525648958059e-01,1.358168119391519602e+00,1.011344642361068136e+00
8.339392234087472655e-01,1.473079266924820940e+00,6.753690564924559325e-01
1.815263677554975086e+00,-6.457856998697165951e-02,-1.898382513152198636e-01
-1.122954642433393824e+00,-3.543139218660967815e-01,1.400973543407897148e+00
1.769212507633913800e+00,-4.796508436904861616e-01,5.537511096661298232e-02
1.163719846595303142e+00,-1.283858388930186667e+00,-6.121362063912663132e-01
7.504428878021562888e-01,8.941103469444621199e-01,1.424325429008381327e+00
5.013404563679042525e-01,1.666422774325382550e+00,6.140835895632492658e-01
1.644176505820803769e+00,-3.452538802135713403e-01,-7.726872182643512721e-01
-1.967249337942543752e-01,-1.121245200281578924e+00,-1.462148629444379955e+00
3.921575357135098638e-01,-1.213216389280574958e+00,-1.349943799320913351e+00
-7.103267442028070588e-01,-8.937948296676778703e-01,-1.469322333439671668e+00
-3.361459975195434935e-01,1.807162075829920500e+00,3.128517010238790474e-01
-1.481436602946170966e+00,1.032663131331813755e+00,4.796597594386362573e-01
1.824117276662365894e-01,1.390985057938472824e+00,1.239949981182992600e+00
1.035259715493629606e+00,1.139235078146927815e+00,-1.072609523913673701e+00
-1.444135941582756599e+00,-8.599059112716006537e-01,8.424472927533767086e-01
-1.030022594960374738e+00,-3.959481946421081200e-01,1.526954319136971661e+00
-2.841815722523166610e-01,-1.687177227531528878e+00,-7.979127637481475688e-01
-1.333631934144805742e+00,1.143046345294281396e+00,7.025632508702948087e-01
-7.520082177411001323e-02,-1.759639655347708942e+00,-7.010877983807701774e-01
-1.619016445718959085e+00,-3.189951326492578842e-01,9.409459634753735147e-01
5.237081272379565805e-02,1.738293096962491679e+00,7.738476635790797475e-01
-1.497860992386511381e+00,-1.140827225375021792e+00,3.051555242307740223e-01
-7.340387732830516709e-02,-1.181050713099375260e+00,-1.500975660926053390e+00
1.425659834626702649e+00,-1.267588743744933577e+00,-1.701961631375996375e-01
-1.761565974239125643e+00,-2.282396459258863031e-01,-7.267445097428838485e-01
-1.520590521611882906e+00,8.285324515506111709e-01,-8.365826401884531860e-01
-3.314567509256877709e-01,1.105239197431733711e+00,-1.543481862478190525e+00
-5.692534245572574703e-01,-8.407699617148823856e-01,1.642585323344754933e+00
-1.387996993274691337e-01,-1.256089386201660218e+00,-1.465379198410686312e+00
-1.054320452345997250e+00,1.121084680750973339e+00,-1.179545302532212681e+00
5.197705548721643920e-01,1.863380676568441308e+00,1.812287179027578243e-01
1.396393639788296115e+00,-1.319950019729144941e+00,-3.138609727409421568e-01
-1.105890290671412757e+00,-1.020483203482414281e+00,-1.241719734319491009e+00
-1.683857927166081625e+00,3.267017370585850039e-02,9.926801471328564608e-01
-1.124518914777497658e+00,-8.134763076471918097e-01,-1.382476131324805735e+00
1.753589723342450890e+00,-3.844733756595419827e-01,-7.939488251844653011e-01
1.795834807365520147e+00,-7.729750230986054405e-01,2.156848119419064458e-01
7.261075531912556391e-01,-1.578444900141537044e+00,-9.306723923943646115e-01
-1.546254153043458146e-01,1.458797717336877575e+00,-1.322409783742982903e+00
-1.757115911176239109e+00,-7.604678594002479697e-01,-5.009521312425754269e-01
-5.907435281405787331e-01,1.330804086808921483e+00,1.346370759798439565e+00
-1.682096967819619149e+00,6.159681017001887859e-01,-8.601938749661341976e-01
-1.874834861804112407e+00,3.898392887872738355e-02,-6.696280240541661044e-01
4.096817575361405561e-01,1.453672339287833681e+00,1.303882581647964445e+00
-1.387651330182311460e+00,-1.027143493964205900e+00,-1.008343020797504597e+00
1.918010333666325451e+00,1.042174320261675668e-01,-5.692387368014535376e-01
-1.300823629956073813e+00,1.527544952326402417e+00,-6.695371857095791523e-02
3.036745297376584052e-01,-5.654967557472685424e-01,1.906419039120048842e+00
-7.991014966275473697e-01,-3.107707418584401693e-01,1.824219219846549889e+00
1.802038614581003895e+00,2.822877871971606889e-01,-8.674251137102932940e-01
-1.717242945146893351e+00,8.341648636199482381e-01,6.717883751389563951e-01
1.516523026358230331e+00,-1.023422072307122788e+00,-8.749154461692433271e-01
-2.327372343497171869e-01,1.873166447146003000e+00,-7.526689912122818127e-01
-1.343346228760528893e+00,7.418213072387498386e-01,1.338405747451228311e+00
-1.031804514491992397e-01,-1.744603875746792543e+00,1.052975561325985243e+00
1.763187348521989106e+00,1.033541713380421889e+00,5.392102884513683136e-02
5.282118800708158757e-01,1.817975359694999682e+00,7.828558984674778287e-01
-1.910326885121548690e+00,3.098919576503241236e-01,-6.845032743552829091e-01
-1.078442622368313231e+00,1.408989241337414322e+00,1.040538148755918657e+00
-1.051452212492405058e+00,-9.465872838810948098e-01,-1.498857316891391678e+00
-7.041135094242245707e-01,1.096937008357086185e+00,1.601971035423979117e+00
-1.398350761722767954e+00,1.415828829879067330e+00,-5.680395197692158504e-01
1.567358617634587281e+00,1.079504835817126196e+00,8.234139625411386332e-01
1.831074770620326309e+00,-2.554699374996751565e-02,-9.817628766154143927e-01
-3.158895015381874005e-02,-7.465176505069447410e-01,1.943325335434187062e+00
1.822169904132160845e+00,8.159591067950114907e-01,6.051645289863274435e-01
-1.742009071129485109e+00,-8.852945186936859168e-01,-7.426669197995021676e-01
1.987463688874678835e+00,5.989153714805547368e-01,-2.807620597320872324e-01
9.213204353825650283e-01,-1.828155359984693140e+00,4.628839634966914751e-01
-1.521597733399980834e+00,7.528116918111236178e-01,-1.241382061571994821e+00
1.099856617419141758e+00,-1.405361569076828188e+00,-1.120768560257865198e+00
3.458294390860618961e-01,-1.934986654196408029e+00,-7.713454856292173423e-01
-3.438682500750224746e-01,5.641134757557937363e-01,-2.010034163080581138e+00
1.253442077083275930e+00,1.258597679690971693e+00,1.157388214181478192e+00
-1.486221639059729371e+00,-1.485465941070686968e+00,3.120245967070364168e-01
-8.941005280908800312e-01,1.085282433307150241e+00,-1.598037805015329438e+00
2.023671481113331172e+00,-5.270395432544789927e-01,-4.197404201468009077e-01
-9.752593130217253048e-01,1.354136386263205649e+00,-1.335166124466819815e+00
-5.928077974801826411e-01,-1.920511592463922668e+00,7.389519519619511811e-01
1.107668549794040835e+00,-1.835996517862665156e+00,8.024911491168040811e-02
-1.293010704131926980e+00,-1.688794695745674090e+00,3.143745854224136993e-01
-1.416128055613584902e+00,-1.551716667001132421e+00,-4.775366910122662012e-01
-1.943909043014554916e+00,1.857677330090646284e-01,9.201129962934258000e-01
9.373801720774742607e-01,-8.051354684862511712e-01,1.775290737797631690e+00
-1.059470749909944554e-01,-1.925904676931369019e+00,-9.884316365296000884e-01
1.764462480207852124e+00,-7.628811769111841778e-01,-1.010361824702822986e+00
1.561397396941247795e+00,-4.486621860268338313e-01,1.447677478230456449e+00
-1.129711403588491203e+00,1.263580666317976497e+00,-1.371530653278647760e+00
1.927439033169336069e+00,1.074966771022886625e-01,-1.022947639614275595e+00
-2.075479183037795217e+00,6.756271761478827020e-01,-1.673290694293223524e-01
1.328752484430307135e+00,-1.064756516637157091e+00,-1.382732735982587391e+00
-1.194507546232911332e+00,1.814178921114279142e+00,-3.352146872192614535e-01
3.850832694771711973e-01,-1.521084351872202811e+00,1.545240153986048970e+00
-1.007989400039948635e-01,-2.172428477102104072e+00,3.735081835224954849e-01
1.015144275782462191e-01,-6.013294148545040851e-01,-2.125239175232700006e+00
-1.554964415365782893e+00,-1.577569397379277261e+00,-3.745817027242419328e-02
-1.488658409073939648e+00,1.620567511624776413e+00,-2.920071176760217768e-01
-1.528210255468743783e+00,8.676934531543782914e-01,-1.363426121594683682e+00
-3.190388836936441375e-01,-4.349410777371769954e-01,-2.162405608729156992e+00
-1.626507857488929787e+00,1.489447475683606914e+00,3.503633979705639279e-01
3.436081348438390082e-01,2.210997818754272704e+00,2.691509002175228229e-03
1.065274165408483631e+00,2.446020295100218844e-01,1.957515195058165514e+00
-1.649212583466142190e+00,-9.643447331254620947e-01,-1.181792199150816902e+00
4.704441141728809006e-01,-1.048230245744467215e+00,-1.935575726305958533e+00
4.840380456669669540e-01,2.153502607867322283e+00,-4.634920128727624267e-01
1.905960460268197598e-01,2.008349789016133258e+00,-1.018381354001361094e+00
1.654040337928228688e+00,-5.106978791950675944e-01,-1.459627226011233070e+00
-1.523404076954875674e-01,2.111945504998397283e+00,8.148627245802727570e-01
2.194366016751059245e+00,-3.921832569634379206e-01,4.459758405846747653e-01
4.496854838648316893e-02,-1.139473116934478725e+00,-1.971805665338407954e+00
-1.383716298075307716e+00,-1.807235284567160205e+00,1.680352426353832196e-01
1.143840863763578408e+00,-1.322309990713877066e-02,-1.980176675580251899e+00
1.934371943738073085e+00,1.095084883593222536e+00,5.561965011810433568e-01
4.164464849966073023e-01,-2.148483005949583191e+00,-6.940755288709647974e-01
-1.918599290870518947e+00,-1.106397845903532184e+00,6.219884860832248785e-01
1.157289241698616467e+00,-4.209823011178317476e-01,-1.948435303229714366e+00
5.669992568823479795e-01,1.128609822309629918e+00,-1.933573434671626678e+00
2.205690392713395842e-01,-1.961700434382991798e+00,-1.207526296568520729e+00
2.273611081266546208e+00,-3.765504093573528444e-01,2.551488158116773097e-01
-1.696052374251170836e+00,-4.624633556171128257e-01,1.518870314385629916e+00
-1.337251988942385950e+00,-3.761318699120356768e-01,1.867893180896208483e+00
-1.242937018437084928e+00,-1.036173079404346442e+00,1.679756387152397501e+00
-5.168176693838099078e-01,-1.383208535718616128e+00,-1.811414846299243875e+00
1.343031574523629867e+00,1.914537254442573833e+00,-1.180722026557157883e-01
-6.682050964415714445e-01,8.489336329223383382e-02,-2.247451196114060412e+00
-1.569954287964000272e+00,-2.962008609848211238e-01,-1.724511849474383407e+00
1.948923867302923441e+00,2.776967969342052922e-01,1.293360130123945462e+00
-2.264869145974715448e+00,-5.864622652310768069e-01,3.106038650701971604e-01
1.971735920467348135e+00,7.540384901074492774e-01,-1.065669118278419036e+00
2.143052515754244602e+00,-8.886140113214344716e-01,4.813089026402629367e-01
-7.032349314866717660e-02,-6.018828829314062379e-01,-2.295394675274844420e+00
1.688019569289818111e+00,-1.960437867438133419e-01,-1.664439246537288586e+00
-1.877925602280788420e+00,7.029118269655781903e-01,-1.288311389666433993e+00
-1.294327874984709137e+00,-1.954550220637193636e+00,-4.551900396756681233e-01
1.469549973223792660e+00,-1.175651109471693490e+00,1.477636247302018369e+00
-9.935651337672928296e-01,1.508175861567083054e+00,-1.576656921601047312e+00
1.991690561536646475e+00,-1.334837183900854596e+00,-1.467743359498913658e-01
-2.228014499055095410e+00,7.404887551831953463e-01,5.295498613972116075e-01
8.673332598241554336e-01,-3.131978037307443785e-02,-2.249946303823034732e+00
1.072437455332454048e+00,-2.027750485615539500e+00,7.592124292585021861e-01
7.902083719945538487e-01,-8.838029925827958211e-01,2.110836943485067785e+00
9.710042852814759762e-01,-7.379988634164186267e-01,-2.096814439894326476e+00
2.105254853423631278e+00,1.172604008211845850e+00,3.163198755915269111e-01
-8.424776370529100111e-01,1.969930552849251004e+00,1.157530504070046540e+00
4.562842310650829791e-01,-1.688538947841283999e+00,1.701208343740901574e+00
-1.049342023233462484e+00,-1.882738090172063616e+00,1.153657903187160549e+00
1.023941718966158376e+00,1.049891660756959721e+00,-1.961983714797483902e+00
-1.159125290788262763e+00,1.082811922868678334e+00,-1.872832062965221755e+00
-1.422590790491108814e+00,1.288498528127747234e+00,-1.537233425574221046e+00
2.107170022657308905e+00,9.944034677828051949e-01,-8.010527474858274433e-01
6.826409854797360621e-01,2.120648014552265259e+00,-1.063595570056848683e+00
-5.296041021415175409e-01,-1.187716999171292587e+00,2.104045314677442047e+00
2.418758022134968044e+00,-5.227518000860691405e-01,-1.354974347252885236e-01
1.132429668984072713e+00,-5.667527671176674220e-01,-2.135967790576595249e+00
3.154615869998974587e-01,-2.088644810601097745e+00,1.314549370671385775e+00
1.540092832551295920e+00,-1.948979145306471539e+00,2.090489336449205815e-01
-5.810155388339289795e-01,-2.380442237949387696e+00,-4.839645786420643803e-01
1.348236462514624145e+00,-8.432180184292076275e-01,1.932312620432610428e+00
7.108837272031809373e-01,1.911787001732537350e+00,1.458312333335344713e+00
-1.156929686126548784e+00,-1.769105748888330845e-02,-2.229936436678246370e+00
1.873518139141749028e+00,1.614982874842324279e+00,4.666023549187016672e-01
8.115848292231340189e-01,2.004060609078062161e+00,1.298328593152255905e+00
1.240745852277378436e+00,-2.559577662168590062e-01,-2.186398048745263445e+00
-1.602345129763777853e+00,8.936789462944115803e-01,-1.744686566944548822e+00
-4.875467192472910383e-01,-2.411143233907024008e+00,-6.194183837506139767e-01
2.131666420950074414e+00,-4.245964539390083975e-02,1.383533569918267148e+00
-1.431662029275501791e+00,-2.051488273163536213e+00,4.762083144574351112e-01
-6.953457524423621861e-01,-4.466753102376794238e-01,2.413951798239916791e+00
1.763960013233838220e+00,-4.523816358685295302e-01,-1.794220006180580862e+00
9.272253831714835082e-01,-2.699613080144702693e-01,-2.372368847559632066e+00
-2.514079415288006825e+00,-5.061076751537493257e-01,9.715573730852546108e-02
-2.211160931788385131e+00,-1.159441295900751845e+00,6.149403870973009223e-01
1.742001428048438605e+00,1.535602449008205195e+00,-1.115635798888181318e+00
-1.778325181381821052e+00,1.685843605149927038e+00,-8.114595453551475268e-01
-2.098088842952991140e+00,-3.289907328485083132e-02,1.511851666673464489e+00
2.019130180733530011e+00,-6.690856750802220976e-01,-1.479885725929962037e+00
1.926927373290012291e+00,1.475008880336089900e+00,9.229757116661979621e-01
-1.837171009006230094e+00,1.010921159306315403e-02,-1.841558176450120321e+00
-2.184450014322728784e+00,-4.114696928843827872e-01,1.360753438133365023e+00
-2.259210101720308117e+00,1.157330526758399758e+00,6.128374379515953985e-01
1.654476775125778010e-02,-3.715285551674720743e-01,-2.589794148797778028e+00
-3.651287895631429858e-01,-1.749878754779411238e+00,1.917385101673983128e+00
1.829722305650126390e+00,-1.880049747266512528e+00,1.257046564353391516e-01
3.909281170987508047e-01,2.586156188672755540e+00,2.895668272808068489e-01
-2.626862247219283741e+00,2.239279465499401101e-01,-3.204790081773982446e-02
-2.132829784350747548e+00,-1.474681406998351818e+00,-5.046979875993343745e-01
-4.486657589282360137e-01,-2.605887837862681966e+00,-1.153339511422728086e-01
1.767935006567607825e+00,1.770204438186936846e+00,8.792137132239291608e-01
6.502199973553719481e-01,1.667391972526776289e+00,1.963753456990121382e+00
1.433237157707896101e-02,2.261282215030905540e+00,-1.404591361291235962e+00
7.690078813638615562e-01,6.956837495870422661e-01,-2.457314729542044773e+00
-3.418315035435243177e-01,-2.507784109986552767e+00,-8.574820237304633386e-01
-9.111538408042261228e-01,-4.863323854528317502e-01,-2.470190549328249663e+00
-5.001357346900677792e-01,5.020498310059220426e-01,2.587262023149335288e+00
-1.369619773827930542e+00,-7.865173671820292478e-01,-2.174694431810266781e+00
1.086196108299521290e+00,2.308401718570301409e+00,-8.619566762382843139e-01
2.626522436909206171e+00,3.747221215231893443e-01,4.902205459004325139e-01
-1.993438203115284191e+00,-1.699005446021806698e+00,6.684895134028954189e-01
1.518245659945278270e+00,2.183574289266489998e+00,5.121186184342512160e-01
1.280910411185171016e+00,1.549382627975495863e+00,-1.822676763921285081e+00
-2.446687619817285442e-01,2.581552567841230772e+00,-8.169621369298907254e-01
2.440885743210934877e-01,2.358052019742980843e+00,-1.341658977949199416e+00
-2.551829822411714854e+00,9.548248126436033045e-01,-1.579379225730518921e-01
-1.750468251406978037e-01,1.837427332811674363e+00,2.017479113077532915e+00
1.730416138577962171e+00,2.045645224363310088e+00,-5.715157455261097308e-01
1.827900407340082578e-01,1.929865744599150945e+00,-1.943340636017989675e+00
-8.171291118294090605e-01,2.169714057454456668e+00,1.479134999633434200e+00
1.190075273766564440e-01,-1.688468972946244095e+00,2.174176287437651567e+00
1.872354360939400830e-01,2.038538242009166002e+00,1.852153338594749732e+00
-2.296073647661450057e+00,-1.542184407648244937e+00,-4.028079215689748561e-03
1.196220488637918855e+00,1.500384712361908957e+00,1.999360674178432884e+00
-2.747375466065792526e+00,-9.405136354720455838e-02,3.898243581252089918e-01
5.371645225949287505e-01,2.000796845965166604e+00,1.856499163204237357e+00
-1.715595803325493385e-01,3.909439707218854698e-01,-2.754196443130557004e+00
-4.751439626362435886e-01,8.887546020387823154e-01,2.604202290934164665e+00
-2.372278751697639854e-01,-1.155300568359322266e+00,-2.536980742068266181e+00
1.125450578979697802e+00,-5.488238216903791322e-01,2.507843024891185379e+00
-1.186557571145883561e+00,2.514351247265368627e+00,3.964868366415111312e-01
-2.152960905533496394e+00,1.672521556541108234e+00,6.961163829436836092e-01
4.696087425935680515e-01,-2.724106119874948551e+00,5.531993640287481417e-01
4.210327160690879866e-01,-2.776176893540365231e+00,-3.052271327331453898e-01
2.670261849553255740e+00,9.329242025138840821e-01,-8.558141434638119605e-02
-1.061241983245383880e+00,-2.152597478818348176e+00,-1.509485126658199450e+00
1.914566866021789326e-01,7.743172704991835298e-01,2.726320758120949872e+00
-1.229493956915650887e+00,2.517805891775919402e+00,-4.987428874936198353e-01
-2.672114746810299035e+00,5.237842140581586703e-01,-8.461706733755823828e-01
1.308536473016468138e+00,1.394216930308997071e+00,-2.122582454190273360e+00
-2.045965530688659939e+00,6.421812509547155656e-01,-1.895814783022882422e+00
-4.257123635208893697e-01,-2.753783704953150391e+00,-6.775384232931529471e-01
-1.168329969227365428e+00,-2.268808990340742682e+00,1.319985567227984768e+00
-2.537280768811847942e+00,1.356543980708732056e+00,9.050726413016095540e-02
9.605173470166593619e-01,-3.917195804256245334e-02,2.719103479302134474e+00
9.757029232694334198e-01,-2.234203443146832502e+00,1.550985146788108837e+00
-8.027882507316171090e-02,8.947172634524522827e-01,2.752076801785005244e+00
1.072436054226765467e+00,-3.495585836610559660e-01,-2.672146059816477237e+00
-3.800871360683589217e-01,-2.867553225523654437e+00,2.779247618373257289e-01
-4.132144807879224446e-01,-2.067885940418476842e+00,-2.007405647064416154e+00
2.441179255911803736e+00,1.587330782019223063e+00,-1.723892246166703057e-01
-1.717129789579968868e+00,2.363317398755451659e+00,8.437047124007579502e-02
2.008204677755792034e+00,2.094589549829961150e+00,-3.912440018779680950e-01
8.977444247471989547e-01,2.671995993895344590e+00,-8.125325394851997673e-01
1.378891147646492232e+00,2.376951345202723775e+00,1.042614297640033882e+00
1.978287561504376679e+00,1.316416454167957495e+00,1.739076935479669794e+00
-1.421164307250322167e-01,2.551729570850084894e+00,-1.473850295323957837e+00
1.653622450058567006e+00,1.308945995017705144e+00,-2.070955266066774492e+00
-2.114440978283617323e+00,1.755696665924616706e+00,-1.102883665707183214e+00
2.079618510470067960e+00,-1.567116274330243364e+00,-1.422024335754794588e+00
3.811506143015285786e-01,-2.530231987571993635e+00,-1.512851979359447707e+00
7.778858973548417044e-01,1.742852041401874441e+00,-2.286219060802524794e+00
-1.795274714776732283e+00,-1.928009784879456623e+00,1.400959169286214889e+00
6.217153614198132061e-01,-1.824814906216364774e+00,2.284740409537298511e+00
-1.283254158625324326e+00,-2.694777786423844912e+00,2.483239209667117142e-01
2.395398672626547931e+00,-8.245691261193108801e-01,-1.608171764653113511e+00
1.359261166743684079e-01,2.966969486307920345e+00,-4.654365207749331934e-01
-2.516833938267598381e+00,-1.272018337844860403e+00,-1.058110850122403468e+00
2.500120831182210401e-01,-2.703697516379064414e+00,1.316731352753973239e+00
9.509904411843646266e-02,3.015830948877041617e+00,1.905036283796863461e-01
2.518734959985612143e+00,-4.745832995167300616e-01,1.614230352049335515e+00
3.011615708356250476e+00,-3.466830447367484913e-01,-1.397094624594095447e-01
2.358790691485803670e+00,1.087736384144764257e+00,1.580232615427450638e+00
-2.716421252627248428e+00,-1.289048474551758305e+00,4.882528800307383010e-01
-1.867344061860717774e+00,2.252832961850737004e+00,8.669796888620641129e-01
5.528337661199795861e-01,2.013510906792881361e+00,-2.233619547590959264e+00
-7.775310994670924236e-01,2.529008189696288156e+00,-1.543896232519089251e+00
4.242791928062933371e-01,-3.554256057245358535e-01,-3.018771130215545107e+00
-2.375082798449398069e+00,-7.593178603054423492e-01,1.799201567437374027e+00
1.082780721937748991e+00,-2.744571467422314281e+00,8.860772927987319303e-01
-1.224572249944752222e+00,-1.787377956437127935e+00,2.198080254705301328e+00
-2.091612358055891185e+00,1.829897962673999956e+00,1.355818155546801629e+00
-1.056764246355145209e+00,-9.266601118922467295e-01,2.760804870945931189e+00
-3.042139865961084766e+00,-5.960193488453438548e-02,6.126430325610678906e-01
1.685931570032446647e+00,-9.392604936931342463e-01,2.438248052749734551e+00
2.923903195463415927e-01,-1.240625337025098140e+00,-2.842752370418873298e+00
-2.418171652182532494e+00,1.514510768583790634e+00,-1.265293658069237992e+00
5.474330541130923988e-01,-1.703773101949996427e+00,2.564419200275580568e+00
-2.370592541445808887e+00,-3.623157672342816049e-01,-2.016041324646479005e+00
2.062399517628791923e+00,-7.571947008506173526e-01,2.241724378439595711e+00
-1.698820711207102763e+00,1.319356950656322303e+00,2.293982504386847143e+00
-2.444337796686942010e-01,3.136767649442083528e+00,1.643325354940730065e-01
2.118660820246682785e+00,1.001069490882681379e+00,-2.114791364822967701e+00
-2.943634915581972322e+00,-5.078649787941985627e-01,-1.038057459756478229e+00
-2.374852124938534370e+00,2.075642273928753667e+00,2.994366200590798943e-01
2.304672576921781513e+00,-1.633739494562610695e+00,1.447336744326255253e+00
-2.050448001249058905e+00,-1.323980907115562378e+00,2.038577833540097473e+00
-1.831631756035288383e+00,1.451739697735931367e+00,-2.165277583939916539e+00
2.309465571044971632e+00,5.537195254772174779e-01,-2.132728777694061328e+00
-1.187835239273012489e+00,-2.917077386417596063e+00,5.536469922562435864e-01
2.088993218753366410e+00,1.050771499808552667e+00,2.190202142793447493e+00
-1.971439961212421155e+00,1.929542025350628354e+00,-1.641220125973955613e+00
2.206723017867470826e+00,-1.365959680642707230e+00,-1.899021845298043631e+00
-1.312281889265433099e+00,-2.535232630372594720e+00,1.493601542053075937e+00
-5.436405678140127096e-01,-2.155929053683728558e+00,2.339972070615472077e+00
8.443718034049298993e-01,3.121228614578201555e+00,-5.344920501055746426e-02
2.491697214540330441e-01,3.229579760740396210e+00,-6.779247230956456094e-02
2.789229108622458611e-02,1.244596336766002009e+00,-2.997696014104672013e+00
-7.450697863612013583e-01,9.898805909245887713e-02,3.163905701654776692e+00
2.436056230900844444e+00,-6.188471115549714074e-01,-2.072985294260957456e+00
-1.047633610574552065e+00,1.748632779972004947e+00,-2.549289226517699181e+00
-1.804558029646305128e-01,-3.140462560438221917e-01,-3.250014434498238458e+00
-2.939238105431624781e+00,-4.900533907627798169e-01,1.361727474247595104e+00
2.044244453965767150e+00,-2.547059233239826970e+00,-3.271959552519515535e-01
-1.081369817633845765e+00,1.382569934600161865e+00,2.780774933970939777e+00
1.401823967358694079e-01,-1.831615498148350951e-01,-3.286422757764845937e+00
1.751420179749940909e+00,-2.333916385495987456e+00,-1.542555741613139908e+00
-3.107767650384394731e+00,-3.484621153425752627e-01,-1.074687234378895129e+00
-2.494833925452316414e+00,1.372588399294290662e+00,-1.693228915470001539e+00
2.250290982638861514e+00,-2.042887464738996073e+00,1.333709746339734270e+00
-6.669114757377396785e-01,1.645553520719326368e+00,2.811452367882883330e+00
2.532585599688167655e+00,-1.030678194055359320e+00,-1.903059773166777102e+00
-1.267332621953991323e+00,2.841406656382906348e+00,-1.208049461769267419e+00
2.738752797804913985e+00,-8.689554093261045997e-01,1.710140933143242448e+00
2.017500683118648830e+00,2.038116227465298635e+00,-1.731378924608544700e+00
-1.115590295830158674e+00,3.094386499156792425e+00,6.661383071093037733e-01
-2.547845754889047423e-02,-7.470315336093046321e-01,3.278194267358483405e+00
-3.264241846901141386e+00,-8.085749350911484168e-01,-1.951702751659704915e-01
1.157072240061923107e+00,1.595532748489258301e+00,2.739463386973395753e+00
-2.831590090014292738e+00,-2.898159430166122319e-01,-1.824689094482651486e+00
-5.976856293793178510e-02,-2.520232661997061197e+00,2.262426031391766124e+00
-3.100744648564035089e+00,-7.148197905437038147e-01,-1.179240351571707590e+00
2.656723013012824541e+00,-1.939256609122961272e+00,-8.601867097507625015e-01
1.173034033421498368e+00,-8.548238659988353083e-01,3.081371507785417574e+00
2.055128467204723197e+00,2.392752331429318424e+00,-1.302183477072112350e+00
1.849528066667052162e+00,2.445845842602342390e+00,-1.511504396121560845e+00
-1.587121671257993860e+00,-2.598134159273374877e+00,-1.568921949636975288e+00
-7.330430293991246904e-01,1.556039716194930644e+00,-2.969094145841154830e+00
3.215915559915554223e+00,-1.167807040443625821e+00,-3.342960042974894019e-01
-8.321518075218066191e-01,2.004270547962286653e+00,2.674270108354050102e+00
5.341500798734023503e-01,5.028296785571920724e-01,3.371490957150101941e+00
-2.714385953437999710e+00,1.426419307790020685e+00,-1.595775712654251777e+00
-2.466991160834953511e+00,-2.213506858670896360e+00,-1.003750057796143125e+00
4.381087169422069882e-01,2.871325304595391703e+00,-1.897625948180145627e+00
-3.123693181131991459e+00,1.489740361402075219e+00,3.241284835348499094e-01
-4.629069405720743768e-01,-2.435119362466380277e+00,-2.445878203178349253e+00
-1.192221954852668464e+00,2.943368121866851261e+00,-1.444409142242642830e+00
1.066784400006477590e-01,1.564161802483102548e+00,3.123782222161782585e+00
1.808700242486917631e+00,-2.895554703678405728e-01,2.984255976483866757e+00
2.282067866600647310e+00,2.066288197104200197e+00,-1.681910016559425847e+00
9.310251435358709582e-01,1.824115808452607457e+00,2.856103971787499418e+00
-1.983807031903734863e-01,1.209274642284183243e-01,3.513267357713401040e+00
2.027198075009257749e+00,2.410416293841849189e+00,-1.588405736616429476e+00
1.067785515314743083e+00,1.381716649080861226e+00,3.072322712521637023e+00
5.811061941721421542e-01,-2.284035954997998719e+00,-2.641955359844176510e+00
-9.440289907282447546e-01,-6.613156323718821783e-01,3.354403122710853058e+00
1.476949467874344224e+00,-2.633152360455651486e+00,1.874020542730994610e+00
3.427244456407311901e+00,5.694012018677077069e-01,-7.765532879239415154e-01
-9.178706645270147124e-01,-3.335928845633844286e+00,8.654142263380985023e-01
-2.857439153510594743e+00,1.635434361420025295e+00,-1.388163333835588098e+00
1.634939718671018616e+00,-1.628150894489232003e+00,2.736715243500170480e+00
-2.068705125255399846e+00,2.355521058182096894e+00,1.741426393991735155e+00
1.985726725677324556e+00,7.633184309331079997e-02,2.993139311737907704e+00
-9.795771769120014127e-01,-2.305461712535838537e+00,2.584664498196357130e+00
2.391205056533346252e+00,-1.974438014696500598e+00,-1.840246310308243149e+00
-2.178635918862906085e+00,1.776652847522339096e+00,-2.268820049712543696e+00
-1.275889172561425200e-01,4.555747370933629914e-02,3.616631552096733593e+00
-3.075378320768522022e-01,-2.234325571066245963e+00,2.838949763887537170e+00
2.810675691931757481e+00,-1.525672356119436524e+00,-1.722516850081334150e+00
-3.125103336776419383e+00,5.988741061408748845e-01,-1.765812678261673430e+00
2.570279103595275672e+00,-1.231993812533152266e-01,2.582643104006729029e+00
-1.552051051760848122e+00,-1.205954356029440122e+00,3.078486398873475416e+00
1.806105084097354041e+00,1.348329724390855688e-01,3.179456980090900942e+00
2.021236195021322235e+00,1.386301836987437586e+00,-2.725978007755703203e+00
1.612733837750301102e+00,3.051483710909542957e+00,-1.254962748293252162e+00
1.525139616715398327e+00,2.928684907232662393e+00,-1.622814531261335347e+00
4.203349343686839379e-02,-2.193105285729849196e+00,2.962236097038868365e+00
1.354254151020682473e+00,-1.628322335932718135e-01,-3.431547490052701210e+00
-1.816356449761752145e+00,3.200082743862838086e+00,3.824172093517383964e-01
2.318343080338985285e+00,1.960001008256771371e+00,-2.125949563038786572e+00
8.806147541439099391e-02,-3.665798909389111238e+00,5.834137396565295397e-01
-1.106133022094365481e+00,3.474639180682578488e+00,7.348196238310451545e-01
-1.573316517548826399e+00,-3.305858692534484611e+00,-6.950918630822270350e-01
3.630603212373831878e-01,8.113662581300986609e-01,-3.625988922110365387e+00
-2.157408584003063901e+00,2.829081137876658492e+00,1.153572488688918707e+00
2.353457084670912969e-01,-3.246041812496107237e+00,-1.856813908789650025e+00
-2.816908818881191934e+00,2.350846130934358236e+00,-7.935654555301845381e-01
-3.587686088410609209e+00,-1.099170811973832151e+00,-2.509423150094655663e-01
-7.777780165790384448e-01,-2.019177278014460342e+00,3.084192129088625833e+00
-3.253348927986133621e+00,-1.619614025987417882e+00,1.019127355829572812e+00
3.383381118455865838e-02,-3.721746759547944983e+00,-6.674393503850565290e-01
2.139940159468826320e+00,2.485310560378999334e+00,1.895798873788717476e+00
-3.033277703336144882e+00,2.095865644322556065e+00,8.994799684460076383e-01
2.068686905819788091e+00,-4.275266277208611965e-01,-3.161131033677501811e+00
-2.568677096776569968e+00,-2.508037489812617871e+00,1.272525938591048122e+00
-8.584139243715632750e-02,-3.463427029123737899e+00,1.599325761900018739e+00
-1.891275273120121669e+00,-4.392304618218679790e-01,-3.292982724204231104e+00
-8.223874461815958714e-01,-3.706217490716022134e+00,5.044153083881990352e-01
2.677781189773462245e+00,9.166101129460201280e-01,-2.590274597864694606e+00
-6.245990551188784767e-01,-3.733443780022447811e+00,-6.671349216232900226e-01
-1.760387957214434085e+00,8.959610253706378202e-01,3.305427798996598998e+00
-1.375213912305415009e+00,2.693212436582273384e+00,-2.395184960352022774e+00
-2.397064412796586552e+00,2.765387077931062088e+00,1.241922130415757719e+00
4.613478492516736029e-01,3.746940850578905469e+00,-8.588175034832818966e-01
-3.612943392919811814e+00,9.734451451247474463e-01,1.021531086261997290e+00
-1.474331669446763859e+00,-3.377622676997025231e+00,1.231740285567606508e+00
4.952700765975572295e-01,-3.491250997511633702e+00,1.649219528649246369e+00
-3.462207945617784333e+00,-9.837543238244206290e-01,1.501485795488437747e+00
-1.007770314340510787e+00,-2.877089595010559719e+00,-2.443588140177856527e+00
-8.759895013307268663e-02,-3.770430609918359988e+00,-1.046894764976497250e+00
2.111412600625591995e+00,-1.674368498863496146e+00,2.848484790237117981e+00
-3.017721321182733618e+00,-2.793498877494243748e-01,2.499315731436943189e+00
-3.192957019048397349e+00,1.498183176068452305e+00,1.745777457083814266e+00
-3.320492031505888342e+00,-1.898582746745560712e+00,9.556055504952701840e-01
7.490961959141676507e-01,-2.817400525510526776e+00,2.664763711363843157e+00
-4.797142019758112164e-01,-9.830041903547308557e-01,3.802632789341172437e+00
2.433649463995197215e-01,-1.513651522403162808e+00,-3.655522779855265636e+00
-3.386041177144393455e+00,7.612613767329071690e-01,1.930126622758615795e+00
4.162434584153379413e-01,2.819440119046673132e+00,-2.775759968315246073e+00
3.457352885339593840e+00,-9.856870752505866307e-01,1.720416558584716649e+00
2.265956513450466225e+00,-2.730790145469189412e+00,1.830431360280666553e+00
