0.000000000000000000e+00,-0.000000000000000000e+00,-0.000000000000000000e+00
-3.245529890142372391e-04,-1.790923735290251195e-04,-2.288427517463858651e-03
2.460494814765426703e-03,1.334799910187037296e-03,-1.862605805614822065e-03
2.450682314763511296e-03,2.080382989516803543e-03,2.702347179538368456e-03
-3.230320603218235411e-03,1.262429306468995660e-04,-3.723525268673045716e-03
3.178637631739582303e-03,4.352859811170590489e-03,-1.503830429475579503e-03
4.487385819608813095e-03,4.293315763875161714e-03,-1.989621458029458719e-04
4.762356943698370891e-03,1.074580867700027607e-03,-4.728211596219858599e-03
4.775163350656020517e-03,-3.674836723166079438e-03,-4.212157320193717254e-03
-2.701150308073392136e-03,4.257625349888927851e-03,-6.062365385716175260e-03
3.056383865856975718e-03,-2.047179519891100755e-03,7.552063180932810753e-03
2.718386192259584274e-04,4.444435045818670958e-03,-7.706379444281343666e-03
8.320928592401069177e-03,-3.018074594461612678e-03,-3.126197685104140783e-03
-9.129974686501229897e-03,-2.309159359858074193e-03,-2.930601343965836408e-03
3.094020815455264355e-03,-9.307610530221917602e-03,3.237367762058986336e-03
7.287724038968706498e-03,7.831759438805550909e-04,7.913154558448171755e-03
-3.138901779304401323e-03,-9.685045013286170540e-03,-4.753379300605305689e-03
1.159930804015597144e-02,8.011284044009407039e-04,1.101762062005888975e-03
5.622108844330428066e-04,-3.107596272285439217e-03,-1.169722912729121052e-02
-9.390709631122687653e-03,-7.899522677883033528e-03,-2.618310025833962135e-03
-8.022251266919430343e-03,-8.476928656832873575e-04,1.016167019100109974e-02
9.213345104919379996e-03,6.869223178288793273e-03,6.884779001738014839e-03
-5.272723639053080846e-04,1.202923686826036682e-02,-6.773156750409184239e-03
1.081196414167002497e-02,2.995253826059396472e-03,-8.753123646867823002e-03
3.347631224082431214e-04,2.439363545813896632e-03,1.443271926114242376e-02
1.473415927226254252e-02,-3.015003193120994063e-03,5.542414676710554411e-04
-8.734402301669082561e-03,-9.089640769063480827e-03,-8.941897681935786352e-03
1.154250422016918484e-03,-3.339738349893664037e-03,-1.545990740475019706e-02
6.444398212611946765e-03,1.474754741053932450e-02,2.313319127055304091e-03
1.341665672025900598e-02,5.949719727262985959e-03,-7.880043718367178013e-03
1.520869648955656267e-02,-7.563059784130394744e-03,-1.542374829240297307e-03
4.777507573912110825e-03,-9.711635113834783326e-03,1.368866724890700423e-02
1.764269125023565886e-04,2.473347438733904113e-03,-1.767099558218081581e-02
1.267618727048094515e-02,-5.725674756764461033e-03,1.179378593681917019e-02
1.647199774919661311e-02,6.199774577530038459e-03,-6.099752836816802436e-03
1.209981126235717443e-02,1.893671726703956542e-03,-1.454812872243615128e-02
7.996564893252764566e-03,-1.613045090392965786e-02,-7.241080749570730571e-03
7.715512277120163513e-03,1.816778007508263598e-02,-1.471722299921429233e-03
-7.464831136138628913e-03,-1.547697694316531140e-02,-1.058117979696606738e-02
8.100180392537329258e-03,1.849091219241047815e-02,-3.926878091477501755e-03
1.928681924815362977e-02,7.106982334424749364e-04,8.151952395347066352e-03
1.534729400782371828e-02,-8.953614325021059042e-03,1.181093197944712604e-02
-1.261991075000676137e-02,-1.690451033818110571e-02,5.168769753245568491e-03
1.629810127747877493e-02,-1.349279524069580544e-02,-6.392746008604803867e-03
-8.939853687220788298e-03,-8.144691470966575544e-03,-1.895731529840154542e-02
-9.106135844089156871e-04,-1.560672975598054006e-02,-1.669135727814793219e-02
-9.951480023513481488e-03,9.961416750540302498e-03,-1.850358396196416164e-02
1.317253834951160468e-02,-1.351458933439875047e-02,1.422709462707168714e-02
-1.806102994862658368e-03,2.250284197120931695e-02,-8.193898059235477441e-03
7.866540526749937062e-03,1.911071004514294791e-02,-1.296819546308365309e-02
1.802843740524945121e-03,-2.236646504589246895e-02,-1.051432506258384407e-02
2.273608487756871230e-02,9.869865442059875052e-03,-4.334858175150766747e-03
-2.338049037872577327e-02,-6.537813142930671596e-03,7.944303949312855537e-03
-1.167305695361344625e-02,1.746499458499634061e-02,-1.519468679849492188e-02
-1.577062266297511034e-02,-1.412181624093201103e-02,1.562006310260081153e-02
-2.490182504774992103e-02,5.427840392854055458e-03,-7.926013555566088775e-03
-8.230416675410332644e-03,-1.893473156017542666e-02,-1.751232791046861831e-02
1.878367415170205737e-02,-5.185680127768966217e-03,-1.934149800873652403e-02
7.820447661925676933e-03,-2.164999869880457686e-02,1.565573333172423295e-02
-1.700885604564174314e-02,-2.037622526518746355e-02,9.590304579953601652e-03
-7.592115558905446204e-03,1.942721366391868612e-02,-1.957555688979196323e-02
2.867081681368386162e-02,4.197840350800657178e-03,8.541277625218029589e-04
1.136194193713797353e-02,2.659159831109464411e-02,-5.156062333837759838e-03
4.370684007030993523e-03,-1.036778733645532524e-02,2.754890147283007434e-02
-2.705336698444776172e-02,1.282850309176737126e-02,-3.485221963968236983e-03
-8.457489784437345268e-03,-2.175719405865821771e-02,-1.967455232143469276e-02
2.932156410229710963e-02,9.793656100505011841e-03,-2.020799686965982515e-04
5.196773510749142649e-03,2.760907727609421616e-02,1.380185106984382730e-02
-1.407173041788659443e-02,-2.292011081688196533e-02,-1.675692113726193200e-02
-3.159484488491919735e-02,-4.888259893750341797e-03,-2.593544354335531980e-03
-1.308546422454960959e-02,1.540916739482931994e-02,-2.540154655161004638e-02
1.364987857078237389e-03,-2.345316310163481337e-03,-3.274053155420130617e-02
-2.024369727770613733e-02,2.633630185074037691e-02,-1.279740563392963706e-03
4.933479686209425383e-03,1.271730037524732362e-02,-3.074188387148411514e-02
1.517186667835837902e-02,3.012837890589058557e-02,4.434406124504760779e-03
3.103334345737776556e-02,-1.440110708124479194e-02,-3.727931470581772634e-03
2.537948387338492123e-02,7.747514112268468443e-03,2.252466046676636358e-02
-2.897625020537951401e-02,1.187773057334461958e-02,1.607178829701574538e-02
2.934117234166675955e-02,9.896560604500687780e-03,-1.755063504285755624e-02
-2.966112057339255221e-03,-2.678579283505014633e-02,2.385004244170748841e-02
2.836388953999601295e-02,-1.979381396323133535e-02,-1.128687604869503362e-02
1.162420159458934545e-02,2.864451708315106024e-02,1.992579449567401587e-02
-1.110830987948967924e-02,-1.815012762829346094e-02,3.048260199499778708e-02
1.628163448023042456e-03,1.229590451340897492e-02,-3.546675720842795004e-02
-2.030490839535502127e-03,-3.790208936120515598e-02,-1.068030372608966879e-03
-1.331807183227129605e-03,-2.935174253253713256e-02,-2.467829368978188137e-02
9.246039549518260056e-03,-1.050401897328577354e-02,-3.615750027701920138e-02
2.279387673458142111e-02,-1.469684005913057291e-02,2.826469123123860269e-02
-3.682912210086063121e-03,3.292139567816648738e-02,2.165004627755964806e-02
2.576228757982134548e-02,1.100430184245133024e-02,2.851963488400556176e-02
-2.754956036136273906e-02,9.217007326795027822e-03,-2.804784772413931523e-02
2.351837800944242551e-02,-1.293197657154820414e-02,-3.071026954212706384e-02
1.383954612775237583e-02,-1.043614191142383518e-02,3.736695882812789832e-02
1.400468072803677001e-02,1.275692706936682429e-02,-3.703432567809359505e-02
3.228425608582370654e-02,-1.511409397233078392e-02,-2.222144923339819736e-02
2.224611033793794795e-02,3.165336322958855336e-02,1.738347764352333666e-02
-3.776345446641969639e-02,1.209156252656075001e-02,-1.617577314796920726e-02
-4.167748442450538299e-02,-2.085833485772282253e-03,1.131069069513996120e-02
-2.670045253429046209e-02,-1.591067144299680713e-02,3.064335995087310791e-02
3.065304308113002418e-02,-5.340176205780145825e-03,3.119565990657065246e-02
-6.972700553007279804e-03,2.248743633753351109e-03,4.386653878434170623e-02
3.061790622667146661e-02,-2.980105055290135571e-02,1.376527495653085201e-02
-3.764251342592373623e-02,-2.409399886666455104e-02,7.422857759009049775e-03
6.343274950326588564e-03,-8.927155602253336597e-03,4.439179749152459553e-02
-2.610826027821770701e-02,2.387003231849747081e-02,2.962396483795799035e-02
-3.896578733714899795e-02,-2.398190624531738868e-02,8.627055429715500823e-03
2.408352041098168594e-03,-4.071372410482817367e-02,-2.332024620306437021e-02
-2.496749089846483222e-02,1.759740462964434760e-02,-3.624929427513589458e-02
2.620522586864317254e-03,9.246725512896182900e-03,-4.685048627649156250e-02
2.422219077996664097e-02,3.845557298283874825e-02,-1.620322291436755019e-02
4.800201805433054747e-02,-5.803232328539763285e-03,-5.607777055348855261e-03
1.601827659291177666e-02,4.031351595444078451e-02,-2.300568510932090791e-02
3.875251322517245939e-02,2.561511522882353384e-02,-1.718506522325673191e-02
3.682901765225052304e-02,-1.230631360730922606e-03,-3.373434915163849024e-02
1.756036848600438932e-02,-4.948979382031746567e-03,4.697030837259521391e-02
2.801908930135107653e-02,-4.162492723854675086e-02,8.064284791858620030e-03
1.649059619942681854e-02,4.293492474057390706e-02,-2.261763719947321172e-02
1.048649284571093535e-02,3.509236724723649578e-04,5.061115189569598966e-02
-3.126318317940520591e-02,3.865314261088150655e-02,1.566234141107207892e-02
-1.937050925066351875e-02,4.841814847953534312e-02,6.551607407263551099e-03
-1.968709944841694204e-02,-4.160500447923305700e-02,2.627000978274712448e-02
-5.775835641578712029e-03,-1.682803345310537185e-02,-5.038715805916517410e-02
2.457826179034436689e-02,2.202811234185691330e-02,-4.258337795598307607e-02
2.112506825311895667e-02,-2.796500014215973565e-02,-4.149890048845848028e-02
-2.475856202645786153e-02,4.046426717488164210e-02,-2.735794431957273842e-02
5.203514162878199872e-02,-4.548397529320224834e-03,1.786978854225133514e-02
-2.151492823705225196e-02,-4.231799124156925690e-02,-2.904112639076860888e-02
9.511932767833165825e-03,2.373158110355196027e-02,4.993390903455375424e-02
-4.781121621215499856e-02,-2.618033811283499226e-02,-1.504197729249338346e-02
4.976690020647291102e-02,2.587883834880809128e-02,1.010980721631052869e-02
1.019875769735421878e-02,5.124409811610144971e-02,2.388184266624809871e-02
-1.860542584098044336e-02,-4.065938339419811198e-02,3.678565749675109797e-02
5.292688669961887610e-02,-2.442950064459557466e-02,2.695867590606556077e-03
5.045938437872441590e-02,-7.492699104430611962e-03,-2.926438851289702575e-02
-3.003005953927131294e-02,-4.959749861689619066e-02,1.228549112239827289e-02
3.024676477682941914e-02,-4.160332479607695838e-02,-3.035606574886586667e-02
-5.631125121171200176e-02,1.494806501079503323e-02,-1.509739619265525711e-02
-6.001097564477780172e-02,2.583417106015038073e-03,-8.371390838638945869e-03
5.146592701179275586e-02,3.278599614089414138e-02,-3.278916743061308873e-03
-5.219803860462119555e-02,2.887459654785927768e-02,1.526400466354042515e-02
-4.142446117307566067e-02,4.056668591272802327e-02,2.207472385867059739e-02
4.284485555229176901e-02,3.131174497379476257e-02,-3.303054378770790139e-02
2.124037757195606016e-02,-5.656447409377933500e-02,1.775512950687101188e-02
-1.339952916247492617e-02,-3.938503365994049099e-02,4.790255723169389163e-02
-1.683296045178997793e-02,-3.624524199359237947e-02,4.988385415155672381e-02
4.690979852689469015e-03,-8.755198436319467162e-03,-6.362020131136003620e-02
4.845904423872586519e-02,-2.853594936848345698e-02,3.232616146274772811e-02
3.177932479012433951e-03,5.498965564295717201e-02,3.515142892151285753e-02
4.644137718920975794e-02,-8.567532365304116049e-03,-4.584826417824391931e-02
5.560573801497550872e-02,3.136935330522955950e-02,1.787681075914681478e-02
-8.120281442405065733e-03,6.619904050910625781e-02,-3.373456199688639693e-03
-4.201218634658147183e-02,-6.886337575327666771e-03,-5.207571226280060389e-02
7.025765355696462523e-03,-3.891763418597488783e-02,-5.500687493918075127e-02
-1.252556911238077164e-02,4.560088699923747074e-02,-4.918771392139179716e-02
-5.164164043798005060e-02,3.827634090791906529e-02,-2.430185209063047760e-02
6.763499747638547499e-02,-1.036092679167752335e-02,1.039856636408196741e-02
-2.535916297449034018e-02,6.405249814447318280e-02,1.059820557906994941e-02
-3.736158846441121201e-02,-5.809631279828561534e-02,1.248730422588182655e-02
-6.288692949351704087e-02,2.179952410976919788e-02,2.380348256776938787e-02
-5.915641361455982461e-02,3.959064022142903122e-02,5.138291404661315541e-05
2.603126667238680678e-02,5.098492760154021280e-02,-4.313762196625691575e-02
5.728101877418594751e-02,-2.039115071042677321e-02,3.889482309922119574e-02
4.575012735051580195e-03,5.447648977042215263e-02,4.789177564260144876e-02
5.353067649321865268e-02,4.881759178252032677e-02,1.033528965114122351e-02
4.540222174549968931e-02,-5.319523031977302363e-02,-2.320425352242198522e-02
-4.405660798326510585e-02,9.346279513563976807e-03,5.895742685639650954e-02
6.984201128335609798e-02,2.643479828027271369e-02,-1.778409277365657244e-03
-2.918811564958719018e-02,-3.707066389910550208e-02,5.856632149144754690e-02
5.558198252644686033e-02,-2.892414354776503757e-02,4.251280679155886033e-02
2.114119952893153340e-02,7.322224087103879064e-02,-1.658233687209638863e-03
-1.104552087406076438e-02,-6.242311124577677034e-02,4.325780423677801773e-02
5.849320786211908291e-02,-3.451340900046255544e-02,3.683402892776008880e-02
1.168330315061153965e-02,-2.656491324231153792e-02,-7.216287605298735142e-02
7.163178891578987628e-02,-2.023310967963546508e-02,-2.429601173025778063e-02
6.145407868729350215e-02,-4.921341234304962842e-02,-3.762888474592379542e-03
-7.201751951403723324e-03,-7.588072721219882300e-02,-2.203943713457951620e-02
-3.637405201995589504e-02,6.969284176770568218e-02,-1.410398603956756688e-02
5.811205113559288898e-02,-4.336940794100863084e-02,-3.472193290170514507e-02
-6.236542301314301935e-03,5.692619276210896667e-02,5.717810073402514182e-02
-7.326331002101893475e-02,-2.798579150917038932e-02,2.200576428918427779e-02
8.163524060447455155e-02,-6.429591559285129619e-03,4.041394886145446320e-03
-1.009319436296301879e-02,3.186854017924151822e-02,-7.544796043647920836e-02
-3.931417941035417196e-02,-1.164299713726346490e-02,-7.223207382479211736e-02
-1.428525957142995351e-02,-8.055327610542330208e-02,-1.718690774090041520e-02
6.733374700524523415e-02,-3.799445438922906954e-02,-3.318769495104936101e-02
6.842515557198569631e-02,3.509265027337836462e-02,3.545119721005665636e-02
2.107088211744883102e-02,2.077357060074744993e-02,-7.991944588257268722e-02
-4.812191429066100395e-02,-2.637824718744856065e-02,-6.591195263449579900e-02
7.405307725171364486e-02,3.626130256885443798e-02,-2.552206137028838195e-02
-3.343114537409240267e-03,5.847735951741707405e-02,-6.414413916958727757e-02
7.871863356055491812e-02,3.707395080005353866e-02,-8.379785436642053081e-03
-4.288785103215204952e-02,-7.563695193221096902e-02,-1.334269784915122908e-02
1.748890127298174599e-02,5.583142021570565439e-02,-6.643277274359175866e-02
-6.901409594807030035e-02,-2.421156155738751412e-02,5.085391451816317215e-02
-6.374857959321882095e-02,-5.585573712205706837e-02,2.917939715990276045e-02
-8.939066434323429677e-02,-3.335597447337711619e-03,1.158715762838907759e-02
-3.751665659736569403e-02,4.183854426615058256e-03,-8.254066782114538592e-02
-6.750814782455584473e-02,3.017838221964572187e-02,-5.359818714288779734e-02
-4.891712207706604837e-02,7.314518998525239291e-02,2.648843863421840999e-02
-8.888694055745076372e-02,2.337455576519488834e-02,1.011870560387761152e-02
-9.274460784905659561e-02,4.226034707142275332e-03,-6.012739196670476363e-03
-6.450975343353577973e-02,-5.950774141938730555e-02,-3.255541973303028441e-02
2.577333969769339539e-02,6.808782972725591076e-02,5.975213879733488886e-02
-5.206580470242261338e-02,-6.643772669810643627e-02,-4.306699630174140592e-02
3.780280600880380620e-02,8.524313352672216459e-02,1.985572725990067053e-02
2.125736316356923936e-02,9.079980324778311185e-02,2.245861215240034167e-02
-9.645648331416500909e-02,-2.957222529778233237e-03,-7.223786429021741796e-04
-7.100784718465960599e-02,-3.403852408871753388e-02,5.679543009742805265e-02
-5.620050887880124330e-02,-7.249345851199856527e-02,-3.357213128981993006e-02
9.651944203790535637e-02,1.809083583151118932e-02,3.624833138304375379e-03
-4.202642016643862860e-02,-1.601699066472350372e-02,8.803580420346279745e-02
7.665084967341624644e-02,5.820455345681178894e-02,2.505418806407013615e-02
5.730708469952863759e-02,6.353797027962690414e-02,-5.185131866293298669e-02
-5.067217699586541030e-02,-4.214085634078642249e-03,-8.685820318135067941e-02
-8.430513660545244092e-02,-4.026049643488675139e-02,-3.902182675461018241e-02
4.943245414413353911e-02,8.885475110855116376e-02,-5.880772899498141158e-03
9.818001317620700386e-02,-7.168759470034717987e-04,-2.927473255520361695e-02
-8.827837550090837648e-02,-1.272486046325169368e-03,5.316811798252191190e-02
1.096836109823204342e-02,8.720852804731273056e-02,-5.497087869347681149e-02
-6.471633871701679142e-02,-2.535689731838214334e-02,7.773894014585380763e-02
9.889816372280696433e-02,2.355957765425581094e-02,-2.582476232209580946e-02
4.630041830957146165e-02,-4.883686595553724669e-02,8.126235027965743318e-02
2.241381840234632147e-02,-1.029693719904295895e-01,1.257043290655378287e-02
-9.850695963505785857e-02,-2.881871458613945863e-02,-2.934171402680643692e-02
-9.873784001021339296e-02,-1.250544401533985710e-02,-4.028359371077595147e-02
-7.141032433604489749e-02,5.100050832476635265e-02,6.294703590036412888e-02
-6.066955654578139873e-02,3.026067859445026945e-02,-8.486509211174995959e-02
-1.892742401819783602e-03,5.099158092307254364e-02,-9.660185290641358502e-02
-2.628624998320237827e-02,1.044127699697850603e-01,2.193160568859918100e-02
6.845592319413261462e-02,-7.077491664234145108e-02,-5.018303710241574928e-02
1.064274117377715101e-01,2.624828800074410773e-02,-1.840755417998747590e-02
-5.423695283364208392e-02,-9.774705377682413321e-02,8.727790851092221466e-04
4.857830603775994960e-02,-9.697654632440393108e-02,2.960101661138602250e-02
9.374993968114812837e-02,-5.551010406380158663e-02,3.025020007767569366e-02
5.842202789359628168e-02,1.857930856939475628e-02,9.577842778462263007e-02
6.615568238015706592e-03,-9.803454565411737209e-02,-5.852347793245631091e-02
-9.016597845412599455e-02,4.810741947536705670e-02,-5.276735360242691686e-02
7.189601914096847846e-02,-6.110268538228562363e-02,6.690683260197036186e-02
-1.140988391186226886e-01,2.139628428927987935e-02,-7.391722359088179206e-03
1.408026254316113030e-03,-8.539985517971435125e-02,-7.993225834270484276e-02
5.898633552717150869e-02,-5.061860505906905228e-02,8.830278079994884066e-02
-2.557178386991884600e-02,4.850277061474524837e-02,1.048272178433975327e-01
7.633901453034437623e-02,-8.684646545667580597e-02,2.797940848922788465e-02
6.998452792162745961e-02,4.827798651997942253e-02,-8.416226903967785611e-02
3.578063355461814227e-02,1.145469497637715411e-01,-8.437368818289662370e-03
1.125744958865144696e-01,-2.385383085299201678e-02,-3.731586527878089088e-02
-6.325666515930852829e-02,3.246597433479710137e-02,9.870461725739819447e-02
-5.842348521779719417e-02,3.236433177611069273e-02,-1.024810075564312473e-01
-3.760730880024100442e-02,1.101585351071924512e-01,3.975534909638597791e-02
-8.956524529859274941e-03,-1.207084686195716017e-01,-2.543766886756766016e-02
-5.798224451092893333e-02,-5.000151265155169944e-02,-9.800722705172257299e-02
-3.029364951577677781e-02,-1.213301229698794254e-01,2.203579701267412193e-04
-4.589297731872961535e-03,1.230396249211731102e-01,2.552964411749833462e-02
-3.391653777375520928e-02,-8.978406750427968264e-02,-8.230719779557871263e-02
4.737254918448829955e-02,6.856970590202929317e-02,9.600019270471821242e-02
9.714815401298759756e-02,6.125043885690498180e-02,-5.612710091415457070e-02
1.255629235800889698e-01,-2.696225882044181801e-02,5.087436491315945261e-03
-1.681076037847674051e-02,-3.750639408198538222e-02,-1.225172116118842247e-01
8.527105307942545176e-02,5.686834243571958769e-02,-7.985737234274854768e-02
1.345458245233237260e-02,1.191083718146638826e-01,-5.194962951632101783e-02
-1.278190068644391442e-01,4.981217350040064232e-03,-2.983288327217983524e-02
6.510804867127795159e-02,6.899784648089514472e-02,-9.187147373670954964e-02
7.029337039305691426e-02,-6.045859433036553099e-02,9.504240180436322738e-02
6.090743836737298397e-03,2.918938666307150168e-02,-1.301206986096684892e-01
7.808723705373644963e-02,-1.065843786611448407e-01,2.356829041961410603e-02
3.666626640105848101e-02,-7.860325484828716014e-02,1.033681592677256622e-01
-6.119313442566610972e-02,-9.456640891892446887e-02,7.560939135299669933e-02
-1.259291053129855389e-04,-3.664924787609540741e-02,-1.313739284623722248e-01
7.438329018452397023e-02,5.652713010671597121e-02,-1.003693583044704685e-01
8.474281769877760329e-02,-8.930166584575051358e-02,6.203052350433115730e-02
8.785384752390561214e-02,-4.211773096099967473e-02,-9.856604834472990073e-02
2.518468296703296749e-02,-2.848790104040138313e-02,1.340411584138313517e-01
1.941170771165154005e-02,-1.060972075144687166e-01,-8.936823590779838233e-02
4.232752237324760580e-02,-1.243597145229160539e-01,-5.071767729586320467e-02
1.370075936066223743e-01,-5.810085164134081749e-03,3.514854017452117424e-02
-6.532265135168434378e-02,1.257838538723137500e-01,-1.282784923041206844e-02
2.351536750119993802e-02,-1.836161513424889799e-02,-1.399210597212684482e-01
8.646429093656060605e-02,1.136666212339535464e-01,-1.698914461812441393e-02
9.806196836178619758e-02,7.238126291870963791e-02,7.777109113642234617e-02
-2.103756888267759376e-02,-9.207544720025685747e-02,1.104706988589493621e-01
3.455909626480011595e-03,3.670406069930604032e-03,1.460188883313519037e-01
8.517522380605917209e-02,7.605800053505702707e-02,-9.236873202740797373e-02
-6.600777841628073517e-02,6.836213867601954874e-02,-1.129952208986923917e-01
1.382829312038496017e-01,-5.051651345467185472e-02,-1.878786978558755552e-02
-1.349018933410690568e-01,5.915661106273641806e-02,-2.366092869982461266e-02
1.187186270329478738e-01,8.828403059182167445e-02,-2.454678025648400833e-02
-7.212218873095731231e-02,1.270217651485618382e-01,3.727646601557996209e-02
-1.527311866045721715e-02,1.501893496813792583e-01,1.313826828243563720e-02
1.043156585712838036e-01,-1.106211954441999601e-01,9.115157257530620560e-03
5.034449588538633669e-02,2.593693084968295200e-03,1.445748992438402880e-01
1.264820919621039430e-01,-7.047595169297077300e-02,-5.217353141119834142e-02
1.349145533904725358e-01,-3.925818396503812785e-02,-6.472361799434489527e-02
-6.767515856575306334e-03,-1.302356600974575174e-01,8.469346795832258246e-02
-5.413555165249496828e-03,-6.078464032486027152e-02,-1.438960043850044668e-01
-1.204271260888025719e-01,6.685608077697334506e-02,7.556431647745882885e-02
1.011692007180505642e-01,1.205901247863746112e-01,1.263755538333968809e-02
-1.572167556168799218e-01,-1.810658585059978301e-02,-1.219417378075095086e-02
-1.496461770116874496e-03,1.301104815067826992e-01,-9.231316299927441738e-02
1.547317384097983417e-01,-2.872796267494294453e-02,-3.077063507108205101e-02
-1.035660967482674930e-02,-1.112595130881522190e-02,1.604576352990293164e-01
-1.172872860300285952e-01,-1.115346876795106495e-01,6.884937119247582990e-03
7.102267038721690740e-02,1.089044441917132039e-01,9.801863402077826137e-02
-3.668487900171191196e-02,1.177066428012629312e-01,-1.076203779969134022e-01
-2.403154746025946108e-03,4.913640185286470563e-02,1.569577757923801276e-01
-5.760211294907095075e-02,1.526611318334348821e-01,-2.660863064338807316e-02
-1.485423932093134225e-01,6.760529729491898676e-02,3.121055362977938341e-02
3.235359878223664082e-02,1.468024341108962183e-01,7.274706398730437784e-02
-1.368919808577870045e-01,-1.659069511326253729e-02,9.569786766839735725e-02
8.513608979078178540e-02,-7.264052617938250578e-02,1.262273512762067118e-01
-1.288822577166471861e-01,-1.093922094926668559e-01,1.299090273368211541e-02
4.119232389448475307e-02,1.527025036503698030e-01,6.341640090901295990e-02
6.091318991389274573e-03,1.395835207145700030e-01,9.903959456029830244e-02
5.928402132638777022e-02,1.602707265196226805e-01,-2.058599508351699817e-02
-2.841154990759170787e-02,1.159753935803207875e-01,-1.251629071358351941e-01
-5.386831803080362538e-03,1.201387857148775440e-01,-1.255456563810524173e-01
2.855121487650253212e-02,6.616725315593999235e-02,-1.591672607184904109e-01
1.383729570538712039e-01,-9.446126421379383298e-02,-5.256982772910976515e-02
1.580107431521565187e-01,2.935489181612162615e-02,-7.289217816087154023e-02
-1.248841512551175648e-01,-1.179803734567411860e-01,4.402773687939430525e-02
-6.132927932463830278e-02,2.063800540740285891e-02,-1.660748868338731143e-01
2.671621132163707387e-03,-1.625195970537637313e-01,7.526807273094526796e-02
-9.294594109141797456e-02,1.477745896280131810e-01,-4.391467050009952716e-02
-9.889726080769599414e-02,3.910399078210146512e-02,1.463472430559741855e-01
2.112240483645996120e-02,4.614843281916822249e-02,-1.745761134555655902e-01
1.043815060645129078e-01,1.096691881103037947e-01,-1.022644171641345356e-01
-3.939080444991221314e-02,1.460558984542366934e-01,-1.040573410691105621e-01
3.725340220756030024e-02,1.621599280885115402e-01,7.976321098917492358e-02
1.760704754651367943e-01,4.674594681291894399e-02,3.459304734444545310e-02
4.323343889813469065e-02,-1.348897992118925082e-01,-1.210705033747441345e-01
-1.007176557698523239e-01,1.543834571999619654e-01,3.296808052947700074e-02
-2.132679715442502635e-02,6.984465570358953934e-02,1.734295327911730411e-01
-1.299294230412117446e-01,-8.471746242565568463e-02,1.081708452794047787e-01
-5.399368566880920206e-02,-8.122729661912063762e-03,1.820167363577168684e-01
3.657567056163566616e-02,1.144898264586486497e-01,1.483930506317073517e-01
-1.627445664833923056e-01,-5.319082162091876009e-02,-8.665464581246135056e-02
1.911878314002205537e-01,-1.027471204574549081e-02,-2.295038504607716662e-02
1.254180402120623761e-01,-1.472596091688408715e-01,-1.158103829890842242e-02
-5.961518408947811404e-02,-1.438572107893034135e-01,-1.169085374837328523e-01
6.884667686137922737e-02,-9.820841098642847655e-02,-1.546032741526206788e-01
-8.276719467275439612e-02,1.775257018461584291e-01,1.716996819602438148e-02
-1.367063389590435218e-01,1.411493904200279426e-01,-2.063277512303093517e-02
-1.052288125554005360e-01,-1.550734312290610317e-01,-6.554971229030476243e-02
5.580936945079600225e-02,-2.737576269572250184e-03,-1.915173443811204190e-01
-1.057195240783992268e-01,1.045467880316955922e-01,1.344662487131968454e-01
6.157974471367334141e-02,1.371009245696022671e-01,1.341237396700319107e-01
-1.111828063452756227e-01,-1.564351397371396002e-01,-6.432563117349929249e-02
-7.027779511306468663e-02,-2.582223968647221618e-02,1.891096028719765620e-01
-1.652612427855295330e-01,2.068490270168417411e-02,-1.184454162575713093e-01
1.897891847281341915e-01,5.633062721635447023e-02,-5.458108550875766934e-02
1.554858928019613451e-01,-7.522287747892754395e-02,1.128937945487275829e-01
-1.244201071754385962e-01,-1.456474045006386124e-03,1.658540189890178040e-01
1.456154103999000166e-02,-1.542530985032294633e-01,-1.392774264391151706e-01
1.202100829903998691e-01,8.504901816540011428e-02,1.487892373593228401e-01
-8.291177573782872179e-02,-1.792156423999346770e-01,7.246236701968818139e-02
1.128154500652234632e-01,-1.566658051561771806e-02,1.780326396157997926e-01
9.820324459286733365e-02,1.792680641572265143e-01,-5.758562037215970292e-02
-1.992771847597361035e-01,7.167856011167786368e-02,2.607901734045934075e-02
1.062167959906710341e-01,-3.022064680019432778e-03,-1.862100978764460735e-01
3.726434880373394321e-02,1.803345169469618703e-01,-1.117851555889816523e-01
-1.191264896286069463e-01,6.821374428495191600e-02,-1.673450649625821129e-01
5.616032504296191580e-02,-1.967307284321737904e-01,-7.374928093248779570e-02
5.668104555926130328e-02,1.144363820801017895e-01,-1.773094199116660719e-01
-7.656787551548953179e-03,-1.241783511507651844e-01,1.808954509496064900e-01
1.112433283467634537e-01,-1.849752039911363721e-01,4.549763479470380484e-02
7.486030413490832314e-02,2.066042298995492688e-01,2.888549376690738302e-02
-6.671081079459519059e-02,1.112821420848883469e-01,1.809874438176007627e-01
-5.918707007872384129e-02,8.033818418979300768e-02,2.002596073353093975e-01
1.853759031994176298e-01,1.052955033182422645e-01,7.130660448046444166e-02
6.442556536579750748e-02,1.396064971656714171e-01,1.654514363697452972e-01
-6.078607014371442685e-02,6.533757959719224684e-02,2.086474186387550778e-01
-4.280837445361596744e-02,3.358004159417680989e-02,-2.214148005931356744e-01
-2.048136858039135699e-01,-5.276503817301331917e-02,8.799454858866992413e-02
1.924486912654593540e-01,1.104937837129521538e-01,6.103921980972727701e-02
-2.151715662562078690e-01,8.353084681028193070e-02,1.394615630816029711e-02
-4.513888371556670082e-02,1.268747326166112244e-01,-1.893139472721180327e-01
8.635348343618057254e-02,1.230797146568427675e-02,2.165043769469948143e-01
2.332791020266708204e-01,-2.381701944152428418e-02,2.924028227132884506e-03
-3.147207321949799935e-02,2.131619985001741435e-01,9.530553928400109509e-02
-1.419706590138416213e-01,1.426049395001685038e-01,-1.246633816473602108e-01
-8.316097954038070492e-03,-2.359845431025378582e-01,-2.829266801318659069e-02
1.483024896294383443e-01,5.464453022044601233e-02,1.791889563234321803e-01
9.342950895525582722e-02,2.145910202212932549e-01,5.333335122576234044e-02
-1.680713481870782233e-01,-1.714342672401243384e-01,2.289449634834223382e-02
-2.204539242175896363e-01,7.665039563375716791e-02,6.504007534985939420e-02
-5.840816552143632961e-02,6.843986534032375779e-02,-2.261815262346170696e-01
2.138439002152976998e-01,-9.387421121147682124e-02,-7.255930906783816803e-02
7.433602908392480946e-02,1.951883784023764612e-01,1.293815459270820367e-01
1.023329117379569303e-01,-1.205313128205031670e-01,1.895424006764696301e-01
-2.219921485614691770e-01,1.014680110146842368e-01,-4.378166810057921438e-02
6.351418968163102807e-02,-2.198344947708033570e-01,-9.850684806118389925e-02
2.290709230966211929e-01,-1.008138517399805451e-01,-2.124616110584581167e-03
1.155301021820367563e-01,-2.115234468709905336e-01,7.164848486351031720e-02
2.457279057150956458e-01,-1.070696885199769709e-02,5.755331932108852244e-02
1.957513314769688817e-01,1.211407323558207627e-01,-1.068029015368784362e-01
-1.749903469065482997e-01,4.614051766580149622e-02,1.795723497299899496e-01
1.730915762787458290e-01,-8.359975547062778456e-02,-1.692586354372186963e-01
-4.002440359157016792e-02,-1.846203182138136389e-01,1.746935852652083676e-01
-1.748849158734659404e-01,1.893944570561051366e-01,-1.899839230181601599e-02
-1.793043493768938790e-01,-1.875932186272014912e-01,-9.554200060368252603e-03
-5.084772443212678267e-02,-1.276534470707388069e-01,-2.217508877427919745e-01
-1.559024122369694343e-01,1.140678184879350548e-01,-1.770998317542838152e-01
1.878401670666548229e-01,1.669285850144412164e-01,7.851495947094108696e-02
-8.144219180584952311e-02,5.116798275587704226e-02,-2.463743063225999619e-01
1.537154638265454676e-01,-1.736939417453029211e-01,1.296002682480966728e-01
2.642436343473194005e-01,2.037525611808830781e-02,-3.166660385050797805e-02
-9.575984510328264254e-02,3.370656363441271869e-02,-2.481740274484739162e-01
2.554877572005150310e-01,-5.126532298280466610e-02,6.821722780399432084e-02
-1.806061154303259531e-01,1.114504314187279577e-01,-1.678712821648729592e-01
-2.059956039901146008e-01,1.294170308024376326e-01,1.212764110316059130e-01
-8.710398690661970422e-02,6.612860416187332779e-02,2.502135771390724961e-01
3.353875807003484089e-02,2.127356591066482672e-01,-1.699037672801134990e-01
-9.343109594583588751e-02,3.880271716184065939e-02,-2.563219723578580855e-01
-7.881466361190175851e-02,2.367513214331982974e-01,1.198589259510716848e-01
-2.138054439126670370e-01,1.511340608171050370e-01,-9.366832575885084000e-02
-2.161976559624301797e-01,4.417311895027774271e-02,1.712895420065806418e-01
5.145682427313220259e-02,2.675362157909383365e-01,-6.723115806541854478e-02
-1.897679298863368391e-01,-4.520499648872058213e-02,-2.034814529993225485e-01
7.294542858242201999e-02,2.697461979257181897e-01,-4.581048056384262601e-02
-1.406359682907014630e-01,2.291172901451624666e-01,-9.294115723819580677e-02
2.247733711939899071e-01,1.251770154996509898e-01,1.243125698905096083e-01
2.064623188913606022e-01,1.790853416974070578e-01,8.768438799827400765e-02
-2.698374057291225148e-01,-9.695914836509257617e-02,-3.033990475826907687e-02
2.386362361132077503e-01,4.414518462359530437e-02,1.580854228755427804e-01
-1.635035627442828765e-01,-2.844824529784006906e-02,2.389641218111657750e-01
9.722739680527629769e-02,2.311996964775008337e-03,2.755973569169208881e-01
-2.313455600584239658e-02,1.429342120655421600e-01,2.553805847942431928e-01
-1.844802828552450646e-01,-1.120210467317025171e-01,2.009517458166229231e-01
-6.783413500008227126e-02,-1.293301718048188997e-01,-2.577220700647111506e-01
-8.837801660448690866e-02,-1.174708802368541471e-01,2.587083574870523428e-01
2.649660314312257126e-01,1.371694196061442883e-01,1.777357077227749091e-02
-2.078748131349358874e-02,1.994258022281549247e-01,-2.234736354345164822e-01
-2.193764862363867252e-01,-2.038782896286210622e-01,3.553046760272670496e-02
2.480131966646259845e-01,1.627163553415588437e-01,-6.153029262194677912e-02
3.362579680395962750e-02,-5.936550240120291172e-02,-2.965523488639526528e-01
9.611043464366696154e-02,-1.818012374299609463e-02,-2.895902082563457380e-01
1.083381763966271560e-01,-1.836758489759061086e-01,-2.208961683242291751e-01
-2.857014281854318716e-01,9.094830774292277098e-02,7.223592281459248476e-02
-1.464455763205232686e-01,2.385611299189545342e-01,1.327028996416580453e-01
2.761675884920720692e-01,1.025491900878893053e-01,-1.002139065900426035e-01
-3.116903443709884147e-01,-3.451446030213636221e-03,2.306439174951185889e-02
1.781174690166336394e-01,-2.074427679736878527e-01,1.543069931056494926e-01
2.222612123107875134e-03,5.416422109422667358e-02,-3.106634111759402073e-01
2.062313535646181639e-01,1.950926882611993610e-02,2.396398324575760297e-01
1.018129547446897099e-01,-3.005112965758579557e-01,2.371595014215521074e-02
1.670925161047049357e-01,-9.433849418190688035e-03,-2.722682573866630484e-01
2.712241538562736309e-01,1.508022904133648479e-01,-8.213439981176494376e-02
3.128693807007190686e-02,3.047862020209917144e-01,1.004738088470001067e-01
-4.986528507184023740e-02,1.606703246299185928e-01,-2.767546518978232784e-01
2.539614619172967935e-01,-5.508999494849883827e-02,-1.956964722868970996e-01
3.472690798369039433e-02,2.815781775004648768e-01,-1.621040761655045126e-01
1.981195187019757220e-01,2.421803707951772910e-01,-9.907865077677238674e-02
2.943481875484715293e-01,-1.482478742753114698e-01,-7.622340670228195010e-03
-3.958738345300697598e-02,2.295192868882769965e-01,2.353617581748807808e-01
1.504047581481157136e-01,-2.751166941338586969e-01,-1.109217332936596051e-01
-2.774047033660735351e-01,-1.098344478597732682e-01,-1.502613217328976902e-01
2.132517459938344795e-01,-2.141084469728968265e-01,1.458280443042437313e-01
2.293821624281202343e-01,3.476131039533897783e-03,2.468877467465778741e-01
-2.514225066801583086e-01,-1.110534977388234062e-02,-2.263861729040095028e-01
-1.120868235398500036e-02,5.536025408562490237e-03,-3.397716768223700834e-01
-2.034976953799155219e-01,1.935031567527198959e-01,1.943409636254847528e-01
1.715877628970733926e-01,2.887742207506226455e-01,-6.943211231899332203e-02
5.392090473327781214e-02,3.395262025180950660e-01,-2.252201302761583021e-02
-1.540603625621068951e-01,7.411519765028740103e-02,-3.008532158266423728e-01
-1.325599212844406072e-01,3.058830332975992494e-01,-9.828498557318243734e-02
-3.430742366187250481e-01,-1.398327305342873458e-02,-6.297546674823654989e-02
3.566162775067936025e-02,4.741543872581042984e-02,-3.455647907447106371e-01
1.181067586161334004e-01,2.528191087622199129e-01,-2.148272404854243978e-01
-1.561739450397149898e-01,-7.288752102636507357e-02,3.088784634972496224e-01
-1.635062377760383157e-01,3.149417186707220151e-01,-1.692724003503794095e-02
2.547915188581176826e-01,-1.863628538788232036e-01,-1.663388774974116358e-01
2.069680097031057486e-01,1.643124436810523281e-01,2.420796787785803594e-01
7.877587589353096664e-02,3.432110765002380215e-01,-7.459931916126240348e-02
-1.302351716862704956e-01,-3.267267845043552166e-01,8.360522484004784260e-02
3.599695851350619979e-01,4.670996062774801505e-02,-9.365537551607011971e-03
-3.346693060528342367e-01,7.094752339587956369e-02,1.263572332725398650e-01
-1.811802358019488912e-01,3.702223031566610756e-02,-3.161825519548314145e-01
1.890749224243988003e-01,-3.012667437836820672e-01,9.397863953382466773e-02
5.404902151969447760e-02,-3.613718668542570400e-01,-5.492081222710202409e-02
1.224844370632614289e-02,2.680790213705757652e-01,2.563294549189345517e-01
-1.477903396686645054e-01,2.472566971792222179e-01,2.365312895722372077e-01
-3.579520299544440287e-01,-1.074102545726262625e-01,-2.172279811303411134e-02
-2.459872236612820895e-01,1.524740892051573427e-01,-2.400082449585996813e-01
-2.653373879387211365e-01,-2.419443379756846813e-01,1.168527274084842221e-01
-2.195317820933118114e-02,-7.508499572628389573e-02,-3.711057476195940841e-01
2.299577468445708761e-01,1.810932785214030005e-01,-2.437573100495934175e-01
2.400453461992361759e-01,2.565771259764639267e-01,-1.513387597782532012e-01
1.286634249848440104e-01,3.031573934089100697e-01,1.979209497059495060e-01
-8.581649354697508392e-02,-3.193113021312877775e-01,1.989773699752969138e-01
-3.179720719465826129e-01,9.548912324938914342e-02,1.999676068581367760e-01
2.640732169658399076e-01,2.579094400817937283e-01,1.235531187955199867e-01
2.217220706994664225e-01,3.100581107485709809e-01,-8.681665186598090667e-02
3.271181779314967786e-01,-2.156092184659943733e-01,-2.583547681297782700e-02
2.460921837816006097e-01,5.350209987090050190e-02,-3.034392399673009333e-01
-2.366379274716401693e-01,1.085018118837735718e-01,2.984595038018723612e-01
1.692300431373843783e-01,1.208246281572533665e-01,3.390735160421791683e-01
2.058448267903147944e-01,-1.591446450590267292e-01,-3.031175461957484329e-01
-1.890476091507410916e-01,3.031160558315132980e-01,-1.826014872206982997e-01
-3.859181497415509199e-01,9.251864123092753966e-02,-6.973292395899963192e-02
1.336324720543770606e-01,-3.460632440277331967e-01,-1.616870404444577525e-01
1.317501973088301137e-01,-3.365664894002864255e-02,-3.829955257106956723e-01
-1.217786139864872330e-01,-3.136468338672643852e-01,2.310843487357426840e-01
7.378306065450711271e-02,3.522009731818870337e-01,-1.963527174819275911e-01
-4.086816768796037169e-01,-3.999388122754402725e-02,2.957804415215853355e-02
-6.001372324696126886e-02,-4.086683468097915273e-01,-1.861876332274529575e-02
-2.865904181843932294e-02,-3.694432546430641007e-01,1.874123944367110661e-01
2.962303008362004442e-01,7.149945547974896620e-02,2.847023706421032418e-01
-3.045011135320112028e-01,-2.837784596442624596e-01,-4.656061299027231676e-02
-1.199792690279958413e-01,-3.831789688160986973e-01,-1.253359584776586599e-01
2.257025953646232264e-01,-3.564118473899586803e-01,-2.197003957265205795e-02
1.468915322859227490e-01,-1.464487668082851690e-01,-3.700881852389120708e-01
1.052998679297470902e-01,3.813382383852002566e-01,-1.582121068762910032e-01
-2.009235304658447963e-02,3.268800262228741538e-01,2.753990978480122531e-01
-1.425279670839560593e-02,3.018382755934793660e-01,-3.055536574392612170e-01
-3.746742865518904592e-02,-2.647560079422781043e-01,-3.387615005879480723e-01
2.047921330397874662e-01,-7.613426856704290369e-02,3.743286241421999172e-01
-2.485801560393940610e-02,4.310727125523288183e-01,-5.503447178129736855e-02
1.729074891236664635e-01,-1.240924080554878378e-01,3.818373805291517820e-01
-2.223036368487135983e-01,1.832869073123796211e-01,-3.312419186278802719e-01
4.026305703943621750e-01,-9.478090206375081039e-02,1.526145198559360761e-01
3.340008402023371126e-01,2.431456929091985741e-01,1.592946011207755919e-01
3.027596064640324380e-01,-2.681661971583634285e-01,-1.848062189381695919e-01
-1.506070281841885850e-01,2.616519212507145142e-01,-3.290560631161144056e-01
-5.912098576182855947e-02,-3.047436497374085285e-01,-3.236728198415126379e-01
-2.062173740734431562e-02,-2.938481080941282020e-01,3.406991456538708274e-01
2.637317806498688522e-01,1.198417636837164763e-01,3.473688205398657858e-01
3.020152219126420179e-01,1.979747464087138267e-02,-3.387096438898415940e-01
3.348306429904204240e-01,1.561723267277076443e-01,2.675629037981595015e-01
5.649312185642095530e-02,-2.469018357560217591e-01,3.817269133540011627e-01
-4.472665113392687575e-02,-4.345256061284742399e-01,1.443779168812943381e-01
-5.822273647952396630e-02,3.491787695463935970e-01,-2.968960663275337919e-01
-2.192613972281371726e-01,4.086064906513933170e-01,1.574047035659304622e-02
3.466938911566618819e-01,3.102262045765985521e-01,2.607602304138509700e-02
4.171443090956798438e-01,2.118114861035777508e-01,-9.621979455257629460e-03
4.202613126350021600e-01,1.973017503358492630e-01,7.268154338497499756e-02
3.505676470978544845e-01,-1.184210394324653470e-01,2.928960526652388818e-01
-3.978224933418195858e-02,4.556892881965159403e-01,-1.239689387067525184e-01
-2.502982690025745693e-01,-1.253988036874251477e-01,3.848885623797775879e-01
4.017952235897701563e-01,-3.094318410983231196e-02,-2.569853352313247741e-01
-2.288534700113543929e-01,-3.680774108368778941e-01,-2.062136042269191449e-01
-3.018908963911873244e-01,3.247720674499776083e-01,1.889978633287295595e-01
2.645865031387514277e-01,-3.087913713545981098e-01,2.625816419276399416e-01
2.155841117845266608e-01,3.881912959351273007e-01,-1.978034678419663961e-01
2.955024416466479620e-01,5.770555816925834747e-02,-3.842493593296030241e-01
4.630749444366957235e-01,-1.453849509378804805e-01,-6.887785488667008682e-02
-8.881108288989716937e-02,4.765741536776416654e-01,-8.570563101925461613e-02
-3.114018370894782728e-01,-3.399639878631543488e-01,1.784993756048960656e-01
2.909762320177594064e-01,-9.584414117357420437e-02,3.906722143281369242e-01
4.010008977156294674e-01,-2.274141173908580116e-01,-1.898557928760044311e-01
-1.392050867432366446e-01,-4.758846767368715147e-01,-6.944583440943087604e-02
4.223894627024785686e-01,2.574333816536881342e-02,2.714981560902069990e-01
-4.345074337546205312e-01,2.571307543459318556e-01,3.283802975986775934e-03
-1.170384686307424232e-01,2.146143284750366698e-01,-4.442077237438825654e-01
3.157265608417235137e-01,-2.124031183291426872e-01,3.383059354151150000e-01
1.423383653642825743e-02,-1.056465807074113972e-01,5.000743572843853180e-01
2.028676055363001773e-01,2.456915477316352070e-01,4.026475995542249109e-01
4.899049408348235546e-02,3.359794461891441597e-01,3.880550383673559978e-01
2.756045733242118434e-02,-1.024816260543078839e-01,-5.068027981354915612e-01
-5.068360089970619375e-01,-5.185431758241230982e-02,1.039217440662273673e-01
4.550273335461929580e-03,-3.956212217631411288e-01,-3.407533659172436447e-01
-4.983707200728792475e-01,1.287288681028786463e-01,1.000095251928692641e-01
3.985533855451318108e-01,-1.944780345236594432e-01,2.838926594319437502e-01
-3.281946345920255248e-01,-4.145166972644324099e-01,7.713005205258340047e-03
-4.356116990261279520e-01,7.357742837205752395e-02,-2.945787030923852634e-01
-2.086169154828696193e-01,6.153329899945005066e-02,4.868386148328870955e-01
4.372467937678506944e-01,2.792865359169759976e-01,-1.323779328655455556e-01
-5.234730316039173381e-01,4.090795519696911742e-02,1.158525247085999410e-01
-5.223936261188167895e-01,-1.032332726313369003e-01,-8.942067471757396413e-02
-3.828457236313838052e-01,-3.597303492307601935e-02,-3.822719434120672166e-01
4.718345544158057403e-01,-2.081050694355722208e-01,-1.747263824069631710e-01
1.497834219915540888e-01,-9.934520614988091858e-02,5.163799615941436771e-01
3.175122597326780483e-01,-3.447392057600309201e-01,-2.860096934931041779e-01
-2.706226932131688412e-01,-4.575407534771222529e-01,1.463165181555184102e-01
-8.374586171909140231e-02,-3.795351421991284835e-01,3.943053294172298440e-01
-1.362595366072537860e-02,1.114833121552507023e-01,5.445103325063078703e-01
-2.042762244343669376e-01,-3.816478030651724307e-01,3.525779055067448375e-01
5.157376327431928420e-01,-9.072477709639807653e-02,2.002217926532548486e-01
4.937028750475573879e-01,-3.212210372472163421e-03,2.705239032602528293e-01
5.414093215835297235e-01,5.008424349259885111e-02,1.547759545832238237e-01
4.136843038275332396e-01,2.355227711200188756e-01,-3.092825545234448859e-01
4.205245972076533945e-01,3.624536777509975716e-01,1.293927341515000162e-01
3.145420373077549292e-01,1.075332248769585997e-01,4.660174714460381673e-01
-4.653857619561038161e-01,-2.734912345686945634e-01,1.975576946544955470e-01
-7.106720245769576963e-03,4.014538246879955086e-01,4.146741841073605661e-01
-4.229839319242627571e-01,1.071544067175557620e-02,3.961340334275562092e-01
-3.174517010061440603e-01,-2.062815154426671516e-01,4.420735892824785296e-01
-4.797248880446391417e-01,2.094419558398631087e-01,2.599645071147376196e-01
-4.604414487284384100e-02,-5.456403420656024128e-01,-2.111619143662303577e-01
-5.344254515094327973e-02,-5.865835265203483972e-01,1.919908426505953503e-02
4.302024707091894884e-01,-4.063080892470286587e-01,-6.294969536976819866e-03
-2.811448866869205032e-01,4.144694083954241770e-01,-3.198296070300892247e-01
1.836524723341657062e-01,-4.944754212762581536e-01,-2.789726346307684346e-01
-2.978701778395132990e-02,5.884688186575621760e-01,1.088218109878619638e-01
-3.804139702717286298e-01,3.414825312253026712e-02,-4.649009644165859045e-01
4.645123074196580437e-02,-3.655788673036941550e-01,-4.787701427370962270e-01
1.862039918159790197e-01,3.451650893956981769e-01,4.628740138217686262e-01
3.047403603148899909e-01,4.552619483893897145e-01,-2.664471593575754027e-01
5.148757020493290870e-01,2.648897047749899647e-01,1.973477092241088526e-01
5.953353066419309059e-01,9.584416379537301356e-02,-1.170876309567362716e-01
2.990110341126235305e-01,4.702406045420133851e-01,2.644254733958271708e-01
-2.797503524150297127e-01,5.200314344096214070e-01,-1.868733210736585604e-01
2.407703276742449994e-01,-2.948536263225352561e-01,-4.918238843047727515e-01
6.849694974659877034e-02,5.326479728199552399e-01,-3.187547968106649310e-01
1.848213097763235224e-01,-5.442216791743318405e-01,2.508193551269543575e-01
-2.510268928647874098e-01,3.573479213904663943e-01,-4.536479528565007802e-01
-3.219095839880753984e-01,4.188049251552443675e-01,-3.475243533056315282e-01
6.075396767742087256e-01,-1.599883711877125025e-01,9.170617958350013588e-02
-3.084477634610197777e-02,-1.075711921350887973e-01,-6.276372077427634366e-01
4.651152132010050178e-01,-1.403617506579692142e-01,-4.168754498487759474e-01
2.093989178750487942e-02,5.155902273034294048e-01,3.833289698467127748e-01
-4.812160005441580291e-01,-2.658694245710405690e-01,3.381991395281704338e-01
2.207196202408421848e-01,-3.790770800925707396e-01,4.771434935387506293e-01
-4.755440535006785763e-01,2.590515047046310082e-01,3.609828126822188232e-01
-4.498835063862482442e-01,3.486827292523418942e-01,-3.210719811776146515e-01
8.807228826756494100e-02,-5.302237528008584277e-01,-3.764300646259567951e-01
-1.848386829126317243e-01,6.201904037099262856e-01,1.239020369276930683e-01
-3.756023385748948895e-01,3.216455547388761271e-01,-4.395545408923706709e-01
-6.030492912778108172e-01,-2.777785317376517682e-01,2.298612023720391501e-02
-1.851175022476352627e-01,-5.133851669549889252e-01,3.836277340779253864e-01
5.483350517880890562e-01,-3.459975934333793246e-01,-1.682014914251640791e-01
1.097456224930168089e-01,4.371264901864561070e-01,4.992567694764973307e-01
2.651351696382711620e-01,4.664268696728828267e-01,-4.101991743795964651e-01
-4.478886526920419220e-01,3.811321431403210114e-01,3.376549135696312876e-01
5.165426192254574111e-01,-4.333436077310462986e-01,-9.521825662221473918e-02
6.295901534329519933e-01,2.588134532676274469e-01,6.421957512918106958e-02
-2.527451934362240915e-01,6.369848086518049568e-01,4.142197561799441236e-02
-4.840905692995963183e-01,-3.824375614059507544e-01,3.076154541814124510e-01
4.264100357124563263e-03,-4.228286051321598071e-01,-5.480346466484963264e-01
1.175227484763443908e-01,5.246449223992524086e-02,6.830270363464449046e-01
-3.360827870413892748e-01,-4.898177723493037372e-01,3.663252463331740372e-01
6.883441756492325592e-01,-1.274893332532606727e-01,-3.169966737186242361e-02
6.570497165059346889e-01,-1.668108648190943233e-01,1.886175637380068937e-01
-1.666388281575683847e-02,7.061423275738599736e-01,-1.657959600136382078e-02
-2.854849542956947039e-01,-6.452741384693663207e-01,-7.358196270558622909e-02
-1.383628888100717561e-02,4.688861019891694126e-01,-5.360846787899838928e-01
3.517747793075051144e-01,-1.257106164601082959e-02,-6.226551652487020139e-01
1.113263142201101619e-01,6.884696249782613631e-01,-1.715304633572284632e-01
1.426483779185758194e-01,-2.261440628343530657e-01,6.697417683790315435e-01
2.867756690303511699e-02,2.854485462075484481e-01,6.648391898572100223e-01
-3.126979894612807453e-01,1.679788356300373348e-02,-6.561682749498946032e-01
-3.228807628795453133e-01,6.279627370466497327e-01,-1.853875933319769631e-01
-2.776183814588957244e-01,5.941255778060604981e-02,-6.758173499047978039e-01
7.276167268368993746e-01,8.142415963297186532e-02,-7.538412829647553326e-02
5.962226492780323683e-01,2.680560743933609325e-01,-3.447405844394964003e-01
-1.890805309128889278e-01,7.168622116045929582e-01,-3.188650491464167097e-02
2.106278139095010549e-01,7.144680376437818614e-01,-1.856159256361155502e-02
1.279423076460102782e-01,4.148377606325984734e-01,-6.093134893988625400e-01
-2.728104966705012513e-02,-1.283008601576458019e-01,-7.396638243534787716e-01
3.382962659047680232e-01,6.292191606637115298e-01,-2.420094605678863586e-01
5.757180843839356799e-01,-4.829222087391850105e-01,9.446113843630773999e-02
-2.588400548588016270e-01,2.217091138499093783e-01,6.798016423079906723e-01
3.979967830066816203e-01,-6.495051753513699788e-01,-5.251159140030592365e-02
7.172374129170848711e-01,-1.748659184280720036e-01,-2.068291006184713177e-01
-5.987533784483599630e-01,-2.246180371632823247e-01,4.285262882490728509e-01
5.582682420883473551e-01,-2.462491863510966328e-01,4.744864751588377394e-01
-5.165584939936277570e-02,-6.704559602710684629e-01,3.874844737722337173e-01
2.129864596870902627e-01,-6.958960960850150146e-01,-2.785893689201324741e-01
-3.074216407571124243e-01,-4.123004327673495673e-01,5.896683938834019756e-01
4.358328517324855378e-01,-5.784597249895427895e-01,-3.043743742764760674e-01
5.944447580997503922e-01,4.032273045217002472e-01,3.260269994921402015e-01
7.390913711332051106e-01,-7.553825532703045686e-02,2.745341338460735026e-01
6.837180623144293312e-01,3.683681189885629759e-01,1.711328650320791123e-01
6.747809159312710692e-02,-7.210891541083945810e-01,-3.362891870400969152e-01
-4.843954120600791474e-02,5.977894320533720940e-01,5.320872841044482771e-01
-2.101892258402221492e-01,-4.557544085444847348e-01,6.294181639294786912e-01
-2.919808603729743823e-01,-1.700131947890677966e-02,-7.535262202590921055e-01
-4.055751069417456445e-01,-5.977913092102496995e-01,3.698981281962476775e-01
3.377874941694423705e-01,8.884882115981231065e-02,7.362366921165989231e-01
3.990014383311932811e-01,6.709992938228011017e-01,2.449651961718600501e-01
-2.152419937834983699e-01,7.307800983446969267e-01,3.074661501954240039e-01
8.174955584392994412e-01,-8.783917925039692876e-02,-6.623033198964092816e-02
3.422695056332634156e-01,6.969578476251995225e-01,2.881718611894943938e-01
1.162504168111232611e-01,-7.995483988590850188e-01,-1.968099880542514835e-01
5.833716881318464637e-02,-8.293218357221658898e-01,7.730757475776715848e-02
9.841400713856295057e-02,-2.960354164905846241e-01,-7.781420167269937904e-01
-3.858812755995718047e-01,-7.386296841618442688e-01,-1.186036149015941565e-01
-1.446232722796037262e-01,6.831560734652499800e-01,-4.761194621294835838e-01
-5.006559482052427290e-01,6.215653573778012753e-01,-2.882990873314267288e-01
7.344684422976767157e-01,2.288715450703269205e-01,3.662572997503336092e-01
-6.732352675575773437e-01,-4.288776991710101516e-01,3.077160325127825113e-01
-6.790413883917963966e-01,5.258104175851696649e-01,1.562761842088460779e-02
-5.263678716176688477e-01,-4.278032676590834971e-01,5.326661828493047812e-01
-5.290745087338386554e-01,5.986031114972436562e-01,-3.340775899292280915e-01
-8.493402219510610696e-01,3.763889992585100347e-02,-1.820627942890983286e-01
-4.417881467627161607e-01,3.544233333286230803e-01,6.642941742619095091e-01
7.758719923230275040e-01,-3.204656765278312003e-01,2.521691859269535319e-01
8.390631274720107280e-01,-2.619358993344177433e-01,-4.314895583609091451e-02
3.556507132134177351e-01,7.870356439646372104e-01,-1.867354000146962678e-01
7.664248528151984541e-01,-2.820676470620810394e-01,3.466214946393253449e-01
-1.714729312550241080e-01,3.118590114651025313e-01,-8.166024994984768526e-01
2.478814664300175719e-01,8.297698700813858075e-01,2.235368177044159410e-01
-5.907526223481759375e-01,-6.661561001085006817e-01,-1.168905578159316894e-01
4.165083359364414317e-01,7.464118931167461612e-01,-2.869516929260045313e-01
1.513372503303966610e-01,-2.426105357175729060e-01,8.589383196949945676e-01
-7.665332299516122161e-01,3.931813065099901139e-01,2.898478081577903764e-01
7.136941200765923865e-01,3.683857134146390488e-01,4.333590780687233690e-01
-1.624075277478034540e-01,9.014617128436939186e-01,-2.452887510214636635e-02
8.708985584016860626e-01,2.274930323381718286e-02,-2.956790009171115785e-01
-7.821245266975550559e-01,3.544832593433883683e-01,3.404131471385609120e-01
8.856301076788497539e-01,1.063860652762781689e-01,-2.539762222472816688e-01
-3.950214240602920590e-01,-7.764588704343586834e-01,-3.289240464781511553e-01
3.779579519210596317e-01,-7.411827052531410054e-01,-4.265335341841181016e-01
8.353855967958786488e-01,3.979313048957443533e-01,1.580671774611737412e-01
-6.027835406990198486e-01,-1.159586925411242725e-01,-7.152158302955166080e-01
-4.139762294889480498e-02,-3.158284405030039044e-01,-8.910933065210540072e-01
-8.927535965388037065e-01,-6.267159578206897563e-02,-3.190752580946853989e-01
4.418516278420384635e-01,4.003986167150286324e-01,7.446394305083813281e-01
3.778849416215127044e-02,4.235628221312763841e-01,8.582294798790515156e-01
-2.323024786649435791e-01,1.588555912609352361e-01,9.195657011982989459e-01
-7.864821250955079668e-01,9.751361052652592065e-02,-5.515480401829625512e-01
-8.512804791622302636e-01,-4.451115134144768004e-01,-1.303533279697770275e-01
4.690946121891295673e-01,1.900402269006233325e-01,8.313935950530646490e-01
3.454055789699021495e-01,-4.560176111585506620e-01,-7.923185028508268335e-01
-4.131525276991779849e-01,8.752785440370566272e-01,1.610081505517151346e-01
-6.955618791758908515e-01,3.968839501285239546e-01,-5.737369271012270344e-01
-7.119187505702033736e-01,6.865925987351746418e-01,9.313093726338365907e-03
7.021298464824649033e-01,2.317408331638133034e-01,6.629653387986987889e-01
6.364608449867633633e-01,5.128571198212820148e-01,5.710158648184942010e-01
-9.704327930124990731e-01,-2.203429547120945020e-01,1.090248628117362895e-01
-1.915062994435035304e-01,9.378367680641273019e-01,-3.066611743566406978e-01
-2.899673358819223612e-01,9.656853205102757798e-01,4.200165867436227163e-02
7.534843438909683000e-01,-2.622802490323174890e-02,6.768829627988014463e-01
6.551276194248142337e-01,4.169396768804720654e-01,-6.571411415351359198e-01
4.497923402602276716e-02,-3.754260712112962306e-01,-9.488049059875526270e-01
2.710991153958873801e-01,8.059785576324076661e-01,5.731502269227719548e-01
-1.020461649093035827e+00,-3.032706602959785863e-02,1.334180226578006445e-01
9.305187062313681201e-01,4.152902505034278269e-01,-1.739605109036889141e-01
8.272032023335933182e-02,-1.905506429996478013e-01,1.016877267509265215e+00
5.236058832822599873e-01,7.840827604469629009e-01,-4.437437174005580687e-01
-8.314993223915287945e-01,1.096321775905196028e-01,-6.254445790379468129e-01
-7.118341838214637951e-01,3.338576517231782725e-01,-6.965808606270117442e-01
-4.706863638938769447e-03,-1.026050263687777964e+00,2.438524903255240572e-01
2.036597616403746647e-01,3.180892729068738323e-01,9.892161139860045083e-01
6.237519750071669755e-02,1.059836550147959855e+00,-5.544277706999240635e-02
-6.519864845561685884e-01,2.768937774072610103e-01,7.984633784519671318e-01
1.502233445708321680e-01,1.000860213394895837e+00,3.523714146705205219e-01
2.269583838090413839e-03,1.047439762869909613e-02,1.075901645322587807e+00
1.071711644572912459e+00,-1.285817021305162844e-01,4.333477274474609869e-02
8.667835658417613054e-01,4.618897533336168704e-01,4.600998537152557466e-01
-3.888947201795228681e-01,-4.408789248552412721e-01,9.166126457354822898e-01
-1.000158174220614260e+00,3.482159486915011315e-01,-2.715506640578485009e-01
-1.030824761860779315e+00,-5.007426124444186444e-02,-3.738936446253006696e-01
2.280032804588937589e-01,-5.627486467517099911e-01,9.197284391633203660e-01
1.039641733951186531e+00,1.151279114946757304e-01,-3.608417537757145910e-01
3.920144121911989243e-01,7.468831866012378695e-01,7.229294492398701255e-01
1.539469938853953723e-01,6.954814992622436742e-01,-8.582774944742168621e-01
-2.654394639368225506e-01,-5.051578827930222060e-01,-9.635181096806689771e-01
-9.759067374028690400e-02,-2.727188686740001367e-01,1.086353415022585311e+00
-1.634966368376609414e-01,-8.684793181224970127e-01,7.022877904525531845e-01
-3.513823531445631754e-01,8.147397985263261644e-01,7.050793699762469835e-01
-6.821980484202123662e-01,4.082728505217660953e-01,8.140137449358616495e-01
-9.228615270289902695e-01,-3.465608760477913858e-02,-6.724562239067727321e-01
-1.082564453294982521e+00,-1.177190423191765423e-01,-3.601695364845659553e-01
-7.473935863074759878e-02,-5.713018610513772577e-01,9.970404508385556364e-01
-6.455299449938238510e-02,-2.680011297026206885e-01,1.122803683658941898e+00
1.126887663686235275e+00,1.496874116048936831e-01,2.347322931270673929e-01
-3.130207665162772906e-02,-4.927445656861534351e-01,1.055646616250997871e+00
7.684775222749625767e-01,8.543685336800541652e-01,-2.203030815321070368e-01
-9.303937202672108997e-01,-7.167482001267493352e-01,-2.512733174054934682e-02
-6.430779628287150995e-01,-8.689209358150309370e-01,-4.716565511532688215e-01
-4.610315237117698084e-01,2.056357889629918667e-01,-1.071132123910295331e+00
4.416697967080990828e-01,-1.103398306116299743e+00,2.854306469330478505e-02
9.333721318913554832e-01,4.028106568321480063e-01,6.254895498216870298e-01
4.151866792438290155e-01,9.853906535861589600e-01,5.410114002643227060e-01
-2.703620088454428486e-02,2.461711050482396912e-01,-1.177377169930330592e+00
-2.207737104587197477e-02,5.426044058481330895e-02,-1.206518367195854147e+00
-2.718961597401408081e-01,-4.684829703298886705e-01,1.085069101713678874e+00
3.873544665700089928e-01,1.127850957358825568e+00,2.458442396490567172e-01
2.006452642992564428e-01,1.025290203863010063e+00,6.347409015004534805e-01
1.083474589096103058e+00,-3.099921123861997807e-01,4.861057831118491546e-01
-2.243699237190645290e-01,-5.775582992184628006e-01,-1.065094218717953956e+00
-2.211773566532753421e-01,-1.031704636133798259e+00,6.458571343177323953e-01
6.904706906509407160e-02,8.356587260937003991e-01,9.162921832084870433e-01
-1.167294690828765580e+00,4.000498017909832615e-01,1.799508216174086905e-01
-7.845363855974711864e-01,3.950208066639633864e-01,8.921161831121727781e-01
-8.400997337038278445e-01,-7.105680922339389083e-01,-6.076541893813305339e-01
-9.330526548354242111e-01,8.394274592715859074e-01,-1.315235994559876276e-01
-1.032340715644386897e+00,1.391101164589365613e-01,-7.212141095784198042e-01
1.707596206624602264e-01,1.212009743790675387e+00,3.462748554699418557e-01
9.847022791442563427e-01,-7.065492311719088203e-01,4.025996368071451670e-01
-4.103432282424974153e-01,4.723399109527477990e-01,-1.119131514751794620e+00
3.172345966907806902e-01,-8.569636842721322090e-01,9.066554491053823162e-01
2.303156163559475500e-01,-1.199743604211481074e+00,4.216964384048175751e-01
-3.724298263220690575e-01,-7.249608594461949274e-01,-1.009602982803387450e+00
-1.216697362808721872e+00,3.621764109154373967e-01,2.923401894108389465e-01
-4.799550774840097983e-02,1.142505516515252673e+00,-6.347330805047330937e-01
-2.505333402169905299e-01,-9.625921934852949002e-01,8.571960221525121160e-01
-1.085878876079071853e+00,-1.635544082646641639e-01,7.293740105134132179e-01
2.590194175591722242e-02,-7.920883075129901973e-01,1.060016835976717253e+00
5.075662860821511524e-01,-1.133685248129424172e+00,4.720105453201902668e-01
3.846734949548795135e-01,-1.185341774726364594e+00,-4.761398600707286155e-01
-1.230907959996844658e+00,2.280593523405789053e-02,5.274766191441968566e-01
8.398861493085532093e-01,-1.259862974401667612e-01,-1.042537112637565100e+00
-9.202098655300380292e-01,-1.770817773281346541e-01,-9.718081892644003794e-01
-7.066805257032989784e-01,-4.771960011587292327e-01,1.053539147889868799e+00
-1.290237634789120680e+00,1.245637295751736212e-03,4.323881752843288795e-01
-1.160401605552821458e+00,3.393753729129921348e-01,6.361579999393021101e-01
8.058652502165635223e-01,-1.094646553181704896e+00,1.832484743050901976e-01
4.049922065362781542e-01,-5.813673020678166159e-01,1.180764394145060958e+00
-5.285369920369790142e-01,4.289690279154607655e-01,-1.203296950388081266e+00
9.237056154205396385e-01,3.360759944336592642e-01,9.799520862087233164e-01
1.257393321754400217e+00,-5.912663642560598287e-01,1.056688819635307058e-01
-1.146814123921668926e+00,-6.988682844652682746e-01,-3.919622703833172128e-01
-1.761104273532101416e-01,1.367166135669972693e+00,2.695003897653502900e-01
1.355356829195789370e+00,-2.701101299281951085e-01,2.802018153013195456e-01
-1.406445841192144677e-02,-8.949394473976459707e-01,1.096881359951874746e+00
6.905511837051647728e-01,1.069689327633883247e+00,-6.317347061328616453e-01
-5.642071736362815892e-01,-8.841084041398834803e-02,-1.307702104639816065e+00
1.012662076304109648e+00,1.011216815055479668e+00,6.601811237942152577e-02
-5.979052908377681559e-03,-8.488020900463777441e-01,1.161119763319912401e+00
-6.313158217483237633e-02,8.624353428878182015e-01,-1.156436005034937597e+00
7.232764967243567877e-01,-6.550049651231131254e-01,1.072155322387257970e+00
1.109360865611248803e+00,2.256537115259857340e-01,-9.147449609632131162e-01
1.296112331981464028e+00,-6.747257292029088527e-01,-3.112258092725076874e-03
8.363402292425237139e-01,1.087479192800056449e+00,5.196528343357804669e-01
4.011305072189569332e-01,1.258171126538498052e+00,-6.521428722341335860e-01
1.237878552747982974e+00,-6.045644751104856107e-02,-8.064744605700229219e-01
-4.478192925302355576e-01,1.188554765992050566e+00,7.684645657356803383e-01
4.966355798421456802e-01,1.362095549615593759e+00,3.453540460240173693e-01
7.336007332980383211e-01,5.966117386029957670e-01,-1.159620447519150277e+00
-8.084076615225084250e-01,-1.048304012496758419e+00,7.100161199484615882e-01
-7.119573335457641816e-01,1.118252818672321458e-01,-1.324797868796891320e+00
-9.663024404453643967e-01,2.438546608138730809e-01,-1.139869258729078183e+00
1.144454485691622114e+00,-9.986291015146153693e-01,6.034698942994838611e-02
-1.286317655055089881e+00,-4.193990641579389278e-01,-7.060321387846589802e-01
-4.204188968738130083e-01,-4.703900878533377738e-02,-1.472576066081713764e+00
3.554297240288060156e-01,-1.617402271302945949e-01,-1.487801596674692250e+00
-8.523731227409138134e-01,3.946843583847147174e-01,-1.225753594648462119e+00
6.298650398257771288e-01,1.397214969430498721e+00,2.339611090311218833e-01
7.797293027971289314e-01,-8.994701999229847145e-01,-1.002841029128509920e+00
8.170470292090148412e-01,7.729891496646722482e-01,-1.084814256569860857e+00
1.499666070841605192e+00,-3.056314528847436929e-01,-3.447116826696619563e-01
1.199152387870295211e+00,4.646755783335629331e-01,-9.093024221064859303e-01
-4.947020979195351220e-01,1.402794136324010621e+00,5.364668742483968966e-01
-1.197675174857163682e+00,9.176541838849365806e-01,4.935927214894854087e-01
2.482611738057505790e-01,-1.481622621463300149e+00,-5.322164344367794619e-01
-3.138005506292441682e-01,1.416592999632648509e+00,-6.745273516733898411e-01
4.864960829269075471e-01,-1.528516025710639603e+00,8.608539434333292717e-02
-8.185307781222699031e-02,-8.627027615092121016e-01,1.360113564453358626e+00
1.164405728631699555e+00,-3.600163534014521050e-01,1.065826415602222133e+00
-1.579081612177352323e+00,3.130824004045655307e-01,-2.250619467741231394e-01
-7.481999353547694742e-01,-4.328619724261839607e-02,1.449617411604400719e+00
3.677330647474738590e-01,1.474751459165208445e+00,-6.115603088476545546e-01
-9.672134672863125227e-01,-1.314953978042018079e+00,-2.018455559721194226e-01
1.024763232070685232e-01,1.400461065451491294e+00,8.688740711375532166e-01
1.167630747548413339e+00,-8.643002875764417281e-01,7.986939288727828989e-01
3.216431080058665959e-01,2.112761283312658903e-02,1.632822555840306444e+00
-1.381818835176783500e+00,2.465100342122094612e-01,9.064824416186693101e-01
5.067995147320747407e-01,-1.028401959627147422e+00,1.224543073951789962e+00
8.052679625277675557e-01,-1.381850911415018146e+00,5.274718592227671810e-01
-2.580331986506485542e-01,-1.472008620203906215e+00,-7.907025192977796824e-01
-8.300081683457540827e-01,1.103859715095833138e+00,9.867935706761219450e-01
6.595241899629002980e-01,-5.419459760274671911e-01,-1.474876244839213424e+00
1.020830940251697960e+00,1.093643229074221734e+00,-8.298912480683268145e-01
1.633532863895911014e+00,4.936597225762939245e-01,1.945585196597552635e-01
7.011735474195516238e-01,-8.726392524594543953e-01,1.311537480212489282e+00
-1.426442278078794423e+00,-3.634866506646842743e-01,-9.109812938852807074e-01
4.330812791125311922e-01,1.669460754568057537e+00,2.138783463834208198e-01
2.611987924390325455e-01,1.604937584955214325e+00,6.326078333547029420e-01
9.869702065946514002e-01,1.237410322808579100e+00,-7.503150667460948275e-01
4.065897941662274251e-01,-1.186043303909109392e+00,1.233071448125402148e+00
-2.393918670987221498e-01,-1.705171218294160074e+00,3.898232514454784137e-01
1.425648011988963626e+00,-9.627405215964772722e-01,4.267646990002941232e-01
4.867538299553878511e-01,-1.421165505778770877e+00,-9.537349881694912046e-01
-1.336570706341161596e+00,1.176562363377099407e+00,1.431958934386456384e-01
-1.540395672689765849e+00,8.515854817569018520e-01,-3.440597290341666503e-01
-9.145804028223039062e-01,1.334363905938930728e+00,-7.904262181598055159e-01
-1.112355276046907010e-01,5.331531440483996409e-01,1.723570071165176909e+00
2.633981907065387484e-01,-6.100521314620067637e-01,-1.688649589485963443e+00
1.441628025183576023e+00,1.107309608486890973e+00,-1.208894982622274322e-01
-1.208201531954945063e+00,-4.990119799687802726e-01,-1.279233648388711453e+00
-8.160318255660206077e-01,-6.692079759845278586e-01,-1.502604810436906080e+00
-1.774284788621127984e-01,-1.129730197135551339e+00,1.445810544385059737e+00
3.059827679504634190e-01,9.066860253884797549e-01,1.584049156683922988e+00
8.060795415213420911e-01,1.640854295413547659e+00,-3.312631596686450020e-01
9.064840535316304182e-01,-9.355520904387102515e-03,1.630121724240679359e+00
1.606125122279674633e+00,-9.441910974000817802e-01,-1.880684408401546992e-01
-1.373982884948534489e+00,-7.979008564175335549e-02,-1.280597070260536929e+00
1.941195984855324796e-01,-1.724517768564459486e+00,7.418320659413786267e-01
-2.116977779648155089e-01,1.633732097674954753e+00,9.360091184324866864e-01
1.751985449906842796e+00,2.319014573475265406e-01,-7.035958411661592526e-01
1.234713698590869102e+00,-3.884264460959684362e-01,1.404056231521686016e+00
-1.505932106537291926e+00,9.543008090150236766e-01,-7.049505484801933397e-01
-9.881252267676655654e-01,5.912004138100570572e-01,1.542238767540465405e+00
-1.402623934551412710e-01,1.926613854104578749e+00,-4.531150488695945971e-02
3.383616570602714368e-01,5.880536148613723091e-01,-1.817321189387200775e+00
-9.659009546612584707e-01,-1.088505487464460630e+00,1.294123554959375477e+00
-1.563323357100737943e-01,-9.044065473812394895e-01,-1.726272383308358638e+00
7.402784027341159367e-01,1.470094107354833923e+00,-1.069248848843808997e+00
1.133464632049185683e+00,9.002270097090752099e-01,1.337026304971238977e+00
-1.037991124436801194e+00,-1.230102941546711737e+00,-1.150110809048598970e+00
-7.715564091718444262e-01,-1.575031345712567976e+00,9.317142922604710886e-01
-1.480485965445474061e+00,1.309223707964217498e+00,-2.631142012047923973e-01
2.816933046971172305e-01,-1.899506081471133978e+00,5.647308085059046245e-01
2.889244917640427235e-01,-1.734904059118774988e+00,-9.718691001610277880e-01
-1.900262831353403126e+00,-6.738953960369359342e-01,6.718239917418200591e-02
-9.971056162283838953e-01,1.350202843597106073e+00,-1.133302619697080349e+00
1.889048000030268293e+00,6.148325723472610610e-02,7.494017052672793389e-01
-8.163216489400372256e-01,-1.869157354098393231e+00,-7.904976904149674244e-02
-1.224859579740169346e+00,-1.406174592478710572e+00,-8.494216262288150077e-01
-1.881724214372708717e-02,9.943312709402127858e-01,-1.800854383785487567e+00
-8.864615285374087827e-01,1.791946843609298234e+00,5.181642147391872788e-01
1.698887982688403797e+00,-9.899776825208878028e-01,-6.577386162869034436e-01
5.578230700630828487e-01,-2.993479251802896868e-01,-1.982900725164195244e+00
1.504539475701842433e+00,-8.518450785531159197e-02,-1.447692149107676185e+00
-1.830306986872195063e+00,-7.457390768853461305e-01,-7.034619468675722409e-01
9.839465956934690949e-01,1.032728368998294455e+00,-1.549483061913400350e+00
1.501372117469920164e+00,-1.123813872955532034e+00,-9.763894649729051300e-01
-1.307306859054961912e+00,-1.022213787829543558e-01,1.669136865174189577e+00
-1.480073021992711180e+00,-1.258159212553915385e+00,8.759657946980753396e-01
1.184010810514609213e+00,1.126627977208090492e+00,-1.380354195505358428e+00
-4.612108068645855430e-01,3.420620689180163820e-01,2.069482492271420782e+00
-9.063742497653022312e-01,6.254579034251525060e-01,-1.853638676206343927e+00
1.603501897364752571e+00,1.417062112158339549e+00,-3.254141435229631618e-01
1.023938286399650628e-02,2.002164636626814431e+00,-8.445012119567799624e-01
1.749014207117352449e+00,-9.766110833679907399e-01,8.638219868522155620e-01
9.401802435236473743e-01,-9.408299436368706692e-01,-1.739900550090063280e+00
-1.400866087247293779e+00,1.287657439629935396e+00,-1.101590449427271023e+00
2.176013719411546088e+00,3.306076799570868419e-01,1.660692957642107004e-01
1.001925854816951400e+00,6.860063141284133970e-01,-1.853558052139897550e+00
1.091231694656709772e+00,9.849011849064733815e-01,1.669682138239251046e+00
2.090474342211211756e+00,-2.253681239906745182e-01,7.527272202644096355e-01
-1.653467357775805002e+00,1.492778600658913435e+00,2.534708954095332145e-01
1.175408966990722837e+00,-7.746979340697492944e-01,1.756208339826975440e+00
-4.229669634662973632e-01,-2.084982342367631691e+00,7.613706677006105705e-01
-9.720635006218583118e-01,-1.255137156496117123e+00,1.620338215415641159e+00
-2.265091957023917413e+00,2.353966301519450632e-01,-8.058451486020724863e-03
2.197556883517503667e+00,3.155210971238987527e-01,-5.458631305654456645e-01
7.451130705150864619e-01,-1.813436954953990154e+00,-1.193315913686977536e+00
2.104365671442671282e+00,7.476773506270372772e-03,-9.384191221846472919e-01
1.376020136291613849e-01,-6.167556504287812214e-01,-2.225158607499520880e+00
-2.099971655799339310e+00,9.263838484477290303e-01,3.528721594738910561e-01
9.173759801599681296e-01,-1.922137272893978510e+00,9.479744513762545788e-01
-1.950152129290649627e+00,4.412280096873016921e-01,1.216411641559830947e+00
-1.431395551468956695e+00,-1.062062796758626915e+00,1.530842620615419536e+00
4.556686296306343698e-01,6.874072117015965488e-02,2.313274783008244739e+00
-5.306975854241114954e-01,-1.621330597711873489e+00,-1.642203248017378714e+00
-1.951745791642248484e+00,-9.157997846298671085e-01,1.001551917349743581e+00
2.163755066742079625e-01,-1.848478233141414462e+00,1.493880925835597617e+00
-1.263213274816487264e+00,-1.150200141993328540e+00,1.679675125634778610e+00
1.177194079848839170e+00,-2.484417061586804698e-01,-2.082647239794742866e+00
2.148683596140754659e+00,-1.035243246861078825e+00,3.763766160520842230e-01
-5.252860935257060992e-01,4.744972789361373011e-01,2.318363104819102904e+00
1.270675890034223265e-01,5.890541624737652970e-01,-2.357701197437568119e+00
-2.130824017978093732e+00,2.929339850277439261e-01,-1.158458626766830646e+00
1.598462680231336752e-01,2.070686414360970229e+00,-1.304482923066898614e+00
9.459872122877375222e-01,-1.881182382758170402e+00,-1.276053628929021633e+00
1.061169248089728789e+00,-1.046664795961126160e+00,1.971778981208328396e+00
-1.195290144293320589e-01,-2.446955376084327671e+00,3.942555556103373160e-01
2.453546512125546197e+00,-3.709389602716873235e-01,2.191233158649158741e-01
1.474824561861113104e+00,1.800753403051350787e+00,9.144617136827275505e-01
-1.081058136170556683e+00,-1.351994502601322479e+00,1.818356457597660514e+00
2.022009797242622753e+00,-1.445922642306353367e+00,4.160465458858491616e-01
5.664070433736416721e-01,-2.319543103493612701e+00,-8.372037433471490875e-01
-2.362455586526773121e+00,8.668731626743586549e-01,-3.455768520388777798e-01
6.454842340765249986e-01,7.706774640437648038e-01,2.343494122834110183e+00
-2.076913996585712852e+00,-1.496066623789801708e+00,4.039427657886839051e-02
-1.785197644810351036e+00,-1.991194072660817660e-01,-1.837959191670799797e+00
-1.867689778062183725e+00,-5.699020342011292817e-01,-1.686200185150403374e+00
1.637758941814792535e-01,-2.527580614581236951e+00,-5.411927232613238381e-01
-1.378583540070240643e+00,3.498016277778574490e-01,2.176689366460413222e+00
-3.939991041753384549e-01,-1.210934407627535903e+00,2.278616602963381421e+00
-1.757960017164857502e+00,1.739160697851793502e+00,8.670973161320736367e-01
-6.108139748526154600e-01,1.241402002919214542e+00,-2.237514474715822210e+00
3.233074401525962704e-01,-2.575535921753584478e+00,-4.866507238979402850e-01
1.734502914260384498e+00,-1.048389889844669964e+00,-1.709279767003692552e+00
3.597049173385210019e-01,-1.901362515054162428e+00,1.827465799249583078e+00
-2.428816102108265707e+00,-5.682086687166233441e-01,-9.578904708159364789e-01
6.495063319734339924e-01,-1.552371281101391443e+00,-2.088933003791905829e+00
-6.845389983410881118e-01,2.604180134135978708e+00,3.512211541039160501e-02
-1.803267499354249459e+00,-1.948507746004026098e+00,5.096918205745656349e-01
-9.500760803499695983e-01,2.175172967693851156e+00,1.315795951012406650e+00
2.834507537563573099e-01,-1.238269902352104213e+00,2.410233481128856603e+00
-2.059530327365709235e-02,2.725337404652917961e+00,-2.301749947865478485e-01
2.079539197845862164e-01,2.736991466383206895e+00,-7.026338494613165730e-02
1.803298595345298905e+00,1.271292565740912650e+00,-1.652307828020608493e+00
-2.803838085758771914e-01,2.228360897711180399e+00,1.616579073169295278e+00
1.657688292087792670e+00,-4.635773166244953059e-01,-2.180482440437800040e+00
-3.903028143576411230e-02,2.641239648380206528e+00,-8.943900047831547795e-01
-2.756046405239536146e+00,-4.138121844653658843e-01,2.670270956178047994e-01
1.144591926411567595e+00,2.312225959768596351e+00,-1.114925233105464875e+00
-2.325584534030848971e+00,2.325009474340872517e-01,1.580763553370658103e+00
-1.944494573948716942e+00,1.499052281450423907e+00,1.412497643864459640e+00
2.723740439944139169e+00,-8.149952562622981844e-01,-5.496489499499809112e-02
-2.017670592753307623e+00,1.319068605441935105e-01,-2.015124043992301051e+00
7.678850302835800168e-01,-1.908179308497840732e-01,-2.754390495394740235e+00
-2.794885874318931762e+00,-4.314282982403297440e-01,5.284955794809748086e-01
4.642891539326443051e-01,-1.637461176497149173e+00,-2.333361636017539986e+00
-1.683586645449777652e+00,-1.269730266207712344e+00,-1.989933644893673081e+00
1.300809029390247229e+00,2.173199383872752133e+00,1.434298984581777292e+00
-4.824133673464290895e-01,2.548083782087852800e+00,-1.346389825272336527e+00
2.128399707644142769e+00,2.017295329489570133e+00,7.259977188714752949e-02
-2.565528809152393119e+00,1.430841640988548935e+00,-2.066960717792576951e-01
-9.384524742224436000e-01,-1.686786359097659060e+00,-2.239124790978537227e+00
-2.230705935734651923e+00,1.915542480340601594e+00,4.030439179388884408e-01
-1.608893705697742371e+00,1.821844206483081707e-01,-2.500953589055344040e+00
2.680397717693878246e+00,7.288742466474998905e-01,-1.109028129444215027e+00
7.820876070005132741e-01,2.879460233651586876e+00,-3.354850627940103025e-01
9.045614391458025594e-01,-2.807297375089595981e+00,-6.218212481789606727e-01
-9.997748974268605426e-01,-1.264430908204982718e+00,2.560923494910680720e+00
-1.105359045967339027e+00,1.385626861467059490e+00,2.467039715432905123e+00
4.170933118178619115e-01,2.968698123975011871e+00,-5.593594928072742611e-01
5.757550419261711072e-01,-2.858979181327542030e+00,-9.312744386439421040e-01
1.545158106049655533e+00,6.613605269149975818e-01,2.573069527531731460e+00
-7.305675186217175376e-01,-2.156006299345011090e+00,2.082580441630342616e+00
-2.042877459983064359e+00,2.966965755767607127e-01,2.309125553147997501e+00
4.861676572729992096e-01,-3.048139863209875955e+00,-3.751010413350215345e-01
1.180345815904439710e-01,-1.910551462750665452e+00,-2.465650819144557193e+00
1.431857929930024920e+00,-2.431042015525205713e+00,1.363572462146978692e+00
2.565145325280983712e+00,1.424355848183352480e+00,1.134582981020314296e+00
-2.771731580412146290e+00,-7.196727357149890203e-01,-1.331439787962606758e+00
-1.177965874776757821e-01,1.324655228392598749e+00,2.877895664818338695e+00
-1.985616419937844546e+00,2.331361050868097529e+00,-8.667578164648735983e-01
-2.139489864869604574e+00,7.484601731887340348e-01,-2.251776411399395883e+00
-3.978372727128436370e-01,-1.173859882707229962e+00,2.958279158856501834e+00
2.347207784426989630e+00,2.080530774555851448e+00,-7.278665984676320200e-01
-2.793924451662467057e+00,-7.567204939270760766e-01,1.438717351797495381e+00
1.890846556514055532e+00,-2.548230331768528867e+00,6.790861715825596834e-01
-1.515843171557358815e+00,-6.086957488455768672e-01,2.818450603337696592e+00
-6.449444765359067799e-02,3.831502659448510761e-01,3.247097690077536125e+00
8.657583349339810219e-01,9.756579580948202546e-01,3.012715084117397968e+00
-2.110181012583423943e+00,-3.224852340253444583e-01,2.510970388076097848e+00
-3.220732518390013066e+00,-6.366790972508696855e-01,-4.098026251394746855e-01
1.402077945348494170e+00,-2.993944439333704466e+00,3.195743113510688405e-01
9.189835714523911792e-01,1.076818649652271587e+00,3.018854140361808103e+00
-2.774998525359580359e+00,9.479044783615644398e-01,1.613991800032544388e+00
9.320887609620184255e-01,-9.092186341298678087e-01,-3.097720111474642213e+00
2.047013661132572326e-01,-1.843766732879216663e+00,-2.817421186387665255e+00
-1.442166188466331267e+00,1.850778307512425114e+00,-2.441843326101876155e+00
1.633042576951801328e+00,2.931025410186565150e+00,-5.471296770411085975e-01
1.086885987625039462e-01,1.833865096715433296e+00,2.876138148196860644e+00
-9.388703941840722544e-01,3.007271012759091811e+00,-1.346305946682525789e+00
8.894253997140096901e-01,3.066939552162937233e+00,1.277439674992690177e+00
1.484191209234037856e-01,2.950008110639683157e+00,-1.787884003515387565e+00
5.611673259756413401e-01,1.265680291676763991e+00,3.177580617140513652e+00
2.053144735157928391e+00,-2.742458774163916591e+00,-6.089957887730326203e-01
1.648647516585946216e+00,2.242370140015064184e+00,-2.110759200512731137e+00
2.559524977956131764e+00,9.940261421598968195e-01,-2.181111221259424138e+00
-2.468937921339092956e+00,-2.509285465550882499e+00,1.727444625740342859e-03
1.117291045641743974e-01,6.910394406062332351e-01,3.463893743726706997e+00
-2.355977325002502898e+00,1.535458479083242178e+00,2.162745793939756300e+00
-9.600199533432904886e-01,2.116454353888554962e+00,-2.698632407621362805e+00
-3.513788798692389470e+00,-2.739163346920626685e-01,6.004594157593092785e-01
-3.006683069001780062e+00,3.855029681396476282e-01,1.921707313405527806e+00
3.503486269683478760e+00,-8.125943397082970865e-01,2.172053157596162132e-01
-1.465153358209486001e+00,-4.093892124849535241e-02,-3.306738023410528360e+00
2.088333551154446077e+00,5.776865161362652046e-01,-2.913717680875623106e+00
5.589611575062021220e-01,1.008619011678553612e+00,-3.457945646308319798e+00
2.823076767205661586e+00,-2.294929368996965202e+00,-3.924220812297748440e-01
-2.205784231513609139e+00,-1.305176902687775531e+00,2.631654571804692200e+00
-2.288258102755246437e+00,2.147120389081876635e+00,1.937330080242369856e+00
3.271801839749915786e+00,6.740342359004912742e-01,-1.595688601906158466e+00
-1.106088487573300805e+00,1.885719579324466988e+00,3.005396904351066212e+00
-1.217062047304563910e+00,2.142912259474961889e+00,2.801042574350699699e+00
1.004303120958741413e+00,1.017660002715470968e+00,3.461660988864610822e+00
1.126828195770164909e+00,2.374262470883056864e+00,-2.688777756317963341e+00
2.942189403526414004e+00,9.698153134817928400e-01,-2.156211496346207568e+00
-1.527972473114896489e-03,2.422029614964919197e+00,2.913891763227077547e+00
3.601301851251120567e+00,1.190738764656561477e+00,2.852066690191990550e-01
-2.333208862231815228e+00,-2.128838450874327659e+00,2.145973696364601668e+00
-4.452033687413673446e-01,-2.444059950370257805e+00,2.919365697763853351e+00
2.068632568810552019e+00,2.181305019607992168e+00,-2.402329074774660178e+00
-1.774914016313685339e-01,-1.904111003515716050e+00,-3.356552253070723690e+00
-2.367886986487724332e+00,7.119717617798139164e-01,2.987599095829785334e+00
-2.997384099983170458e+00,2.070953778340922646e+00,1.372308669335136067e+00
-1.749153799721033353e+00,-1.255070053697873167e+00,-3.261810145522919147e+00
-1.514733817379088965e+00,-3.593141588380551532e+00,-4.332695019713744267e-01
1.638843593792070008e+00,-3.166655600758291111e+00,1.672982257180059884e+00
1.934339807628959296e+00,2.678241931973746492e+00,-2.172150208072712640e+00
2.453743588417880983e-01,-2.413062252909899286e+00,3.141852988303174943e+00
3.957180380544070175e+00,3.382391266449117362e-01,-3.209432706282838166e-01
